8 239
8 400
8 599
8 782
8 1011
8 1244
8 1437
8 1623
8 1811
8 2016
8 2208
185 2304
180 2055
219 1860
250 1644
215 1406
218 1222
202 969
206 745
163 568
180 397
167 204
200 8
370 8
384 230
389 386
399 558
417 648
410 873
413 1123
405 1328
421 1541
404 1740
373 1925
375 2173
572 2270
618 2021
595 1821
641 1606
593 1416
606 1212
619 959
559 747
613 557
584 409
595 244
589 8
759 8
758 230
761 391
763 587
769 772
792 954
801 1211
798 1411
810 1618
812 1843
816 2051
803 2281
790 2500
825 2705
1035 2187
1243 2193
1432 2476
1442 2254
1488 2040
1680 2038
1669 2258
1677 2486
1867 2486
1867 2261
1883 2045
2043 2048
2047 2261
2049 2478
2243 2459
2249 2271
2247 2039
2442 2040
2429 2246
2427 2457
2683 2457
2895 2457
2662 2236
2904 2225
2682 2620
2500 2686
2310 2752
2129 2823
1932 2877
1883 2639
2112 2628
2334 2562
3572 1889
3579 2104
3366 1880
3164 1874
2952 1873
2948 2068
3175 2114
3377 2100
3491 2308
3317 2368
3150 2344
2946 2304
2934 2487
2758 1946
2759 1726
2758 1479
2759 1243
2788 1001
3560 1001
3561 1204
3556 1417
3561 1634
3356 1633
3311 1423
3399 1202
3376 989
3174 989
3165 1208
3156 1426
3165 1632
2971 1642
2986 1422
2974 1199
2978 983
991 108
985 296
1016 461
1011 603
1020 810
1040 1014
1216 1088
1196 880
1203 628
1204 455
1200 255
1196 41
1388 13
1398 243
1400 413
1392 661
1391 880
1396 1047
1568 1051
1778 1052
1572 883
1600 690
1598 502
1597 296
1597 110
1780 143
1778 369
1781 537
1789 697
1799 897
1995 949
1991 750
1992 554
1980 339
1980 198
1955 8
2167 8
2154 208
2154 349
2152 537
2171 748
2169 978
2367 981
2353 748
2349 547
2344 352
2335 185
2354 8
2553 8
2524 186
2522 356
2531 550
2519 748
2534 985
2567 1183
2737 748
2718 555
2719 359
2730 189
2748 8
2948 8
2943 189
2944 363
2944 552
2956 747
3172 745
3173 558
3171 366
3169 188
3151 8
3370 8
3380 746
3386 546
3396 374
3602 378
3602 565
3591 746
3801 746
3790 934
3787 1124
3957 1124
3972 938
4014 745
4200 743
4197 945
4188 1126
4386 1130
4386 945
4391 741
4611 894
4605 688
4600 505
4604 308
4603 103
4784 16
4825 224
4825 406
4823 570
4829 738
5025 736
5032 541
5039 358
5041 186
5012 8
5210 8
5214 244
5218 390
5216 570
5224 731
5401 886
5393 660
5392 465
5391 289
5396 97
5620 100
5636 320
5635 491
5637 683
5631 887
5812 887
5810 689
5808 504
5813 328
5824 120
5998 118
6015 327
6018 509
6021 695
6029 887
6180 889
6181 694
6178 514
6172 322
6181 120
6399 309
6398 520
6405 718