2.859617
3.236171
-437.953979
-2533.595947
636.287659
-1408.428955
305.630554
117.938148
-1963.285645
-1286.860596
-1152.441895
3736.669434
-1091.416992
-41.121101
-3488.158936
-857.117493
-1.100364
-0.767768
-9.469131
19.929218
-13.631322
-9.638139
1.834115
-1.587555
11.832253
-11.375934
-17.729118
-43.174046
3.369101
-8.614092
-20.194679
-7.502372
0.385284
-1.074456
6.192855
-15.603889
10.219150
6.413640
-3.011046
1.111367
-7.504123
7.962845
11.991398
31.678041
-2.422652
5.942965
15.950890
6.119262
-0.639028
-3.758747
323.552460
1880.854980
-471.317688
1047.579346
-226.354065
-91.725777
1460.808472
954.833984
853.200806
-2778.557617
811.730469
27.638632
2589.021484
634.010620
-1.654984
-0.004396
9.903289
89.980438
-28.883377
46.870220
-15.343470
-6.027233
62.747578
52.485443
53.984684
-122.977402
40.343311
9.023396
119.946579
40.640442
-0.717985
1.286806
37.036987
153.778229
-35.510223
84.739922
-18.697515
-2.183021
120.762970
74.352318
60.209129
-231.048935
63.188259
1.833211
216.024963
41.864693
-0.551014
0.240105
0.399976
0.733724
-0.900349
0.060768
-0.508505
-0.332793
0.456172
0.072941
0.822841
-0.411067
0.917480
0.478179
0.723397
0.581389
-0.551014
0.240105
0.399976
0.733724
-0.900349
0.060768
-0.508505
-0.332793
0.456172
0.072941
0.822841
-0.411067
0.917480
0.478179
0.723397
0.581389
-0.551014
0.240105
0.399976
0.733724
-0.900349
0.060768
-0.508505
-0.332793
0.456172
0.072941
0.822841
-0.411067
0.917480
0.478179
0.723397
0.581389
-0.551014
0.240105
0.399976
0.733724
-0.900349
0.060768
-0.508505
-0.332793
0.456172
0.072941
0.822841
-0.411067
0.917480
0.478179
0.723397
0.581389
-0.551014
0.240105
0.399976
0.733724
-0.900349
0.060768
-0.508505
-0.332793
0.456172
0.072941
0.822841
-0.411067
0.917480
0.478179
0.723397
0.581389
-0.551014
0.240105
0.399976
0.733724
-0.900349
0.060768
-0.508505
-0.332793
0.456172
0.072941
0.822841
-0.411067
0.917480
0.478179
0.723397
0.581389
-0.551014
0.240105
0.399976
0.733724
-0.900349
0.060768
-0.508505
-0.332793
0.456172
0.072941
0.822841
-0.411067
0.917480
0.478179
0.723397
0.581389
-0.551014
0.240105
0.399976
0.733724
-0.900349
0.060768
-0.508505
-0.332793
0.456172
0.072941
0.822841
-0.411067
0.917480
0.478179
0.723397
0.581389
-0.551014
0.240105
0.399976
0.733724
-0.900349
0.060768
-0.508505
-0.332793
0.456172
0.072941
0.822841
-0.411067
0.917480
0.478179
0.723397
0.581389
-0.551014
0.240105
0.399976
0.733724
-0.900349
0.060768
-0.508505
-0.332793
0.456172
0.072941
0.822841
-0.411067
0.917480
0.478179
0.723397
0.581389
-0.551014
0.240105
0.399976
0.733724
-0.900349
0.060768
-0.508505
-0.332793
0.456172
0.072941
0.822841
-0.411067
0.917480
0.478179
0.723397
0.581389
-0.551014
0.240105
0.399976
0.733724
-0.900349
0.060768
-0.508505
-0.332793
0.456172
0.072941
0.822841
-0.411067
0.917480
0.478179
0.723397
0.581389
-0.551014
0.240105
0.399976
0.733724
-0.900349
0.060768
-0.508505
-0.332793
0.456172
0.072941
0.822841
-0.411067
0.917480
0.478179
0.723397
0.581389
-0.551014
0.240105
0.399976
0.733724
-0.900349
0.060768
-0.508505
-0.332793
0.456172
0.072941
0.822841
-0.411067
0.917480
0.478179
0.723397
0.581389
