-2.889058
3.668814
20.266163
-26.764650
-25.816687
21.347815
-24.696383
5.138469
10.304435
4.697959
2.304376
-19.351496
-1.458341
-15.443567
9.873707
4.556404
-5.063400
-19.276192
-5.153300
42.697601
-8.708264
-29.340996
-9.610579
-6.223011
12.408963
-16.133085
3.105032
9.994335
-23.511166
7.263986
18.916927
-2.924572
-1.772803
0.063225
-5.989397
-8.081890
10.770724
5.499538
-2.945412
-5.947665
-0.676134
5.314538
1.936942
-2.721931
7.867307
0.055200
-0.541675
-6.597961
3.871096
5.563812
-549.364319
-550.765625
282.860260
406.069855
-774.727966
860.569336
-196.954758
472.070831
-278.968903
-192.972977
1481.145752
284.758881
-53.762630
653.565796
-2.599001
-0.526238
28.980566
29.433552
-16.703226
-25.043480
42.839233
-44.614746
12.200272
-23.047966
13.532559
10.390145
-77.276169
-17.464800
5.759565
-35.746658
-2.634276
-3.020797
389.358887
388.201233
-199.407898
-286.596039
551.311584
-612.484802
140.625061
-335.666138
200.440796
136.290436
-1055.090820
-200.641968
34.225643
-463.522583
0.105957
-0.978638
48.640972
46.886692
-24.918198
-35.352722
62.571621
-77.800613
13.284842
-38.924633
25.359461
17.811857
-128.626511
-19.098509
3.934020
-54.819721
-0.338170
0.101028
-0.578838
0.317726
0.610929
0.211693
0.881258
-0.842024
0.090443
-0.368903
-0.277505
-0.013196
-0.401712
-0.125951
0.345941
0.455748
-0.338170
0.101028
-0.578838
0.317726
0.610929
0.211693
0.881258
-0.842024
0.090443
-0.368903
-0.277505
-0.013196
-0.401712
-0.125951
0.345941
0.455748
-0.338170
0.101028
-0.578838
0.317726
0.610929
0.211693
0.881258
-0.842024
0.090443
-0.368903
-0.277505
-0.013196
-0.401712
-0.125951
0.345941
0.455748
-0.338170
0.101028
-0.578838
0.317726
0.610929
0.211693
0.881258
-0.842024
0.090443
-0.368903
-0.277505
-0.013196
-0.401712
-0.125951
0.345941
0.455748
-0.338170
0.101028
-0.578838
0.317726
0.610929
0.211693
0.881258
-0.842024
0.090443
-0.368903
-0.277505
-0.013196
-0.401712
-0.125951
0.345941
0.455748
-0.338170
0.101028
-0.578838
0.317726
0.610929
0.211693
0.881258
-0.842024
0.090443
-0.368903
-0.277505
-0.013196
-0.401712
-0.125951
0.345941
0.455748
-0.338170
0.101028
-0.578838
0.317726
0.610929
0.211693
0.881258
-0.842024
0.090443
-0.368903
-0.277505
-0.013196
-0.401712
-0.125951
0.345941
0.455748
-0.338170
0.101028
-0.578838
0.317726
0.610929
0.211693
0.881258
-0.842024
0.090443
-0.368903
-0.277505
-0.013196
-0.401712
-0.125951
0.345941
0.455748
-0.338170
0.101028
-0.578838
0.317726
0.610929
0.211693
0.881258
-0.842024
0.090443
-0.368903
-0.277505
-0.013196
-0.401712
-0.125951
0.345941
0.455748
-0.338170
0.101028
-0.578838
0.317726
0.610929
0.211693
0.881258
-0.842024
0.090443
-0.368903
-0.277505
-0.013196
-0.401712
-0.125951
0.345941
0.455748
-0.338170
0.101028
-0.578838
0.317726
0.610929
0.211693
0.881258
-0.842024
0.090443
-0.368903
-0.277505
-0.013196
-0.401712
-0.125951
0.345941
0.455748
-0.338170
0.101028
-0.578838
0.317726
0.610929
0.211693
0.881258
-0.842024
0.090443
-0.368903
-0.277505
-0.013196
-0.401712
-0.125951
0.345941
0.455748
-0.338170
0.101028
-0.578838
0.317726
0.610929
0.211693
0.881258
-0.842024
0.090443
-0.368903
-0.277505
-0.013196
-0.401712
-0.125951
0.345941
0.455748
