1.323515
9.503796
-6.519092
37.295826
11.257223
-32.616787
-9.201861
-21.791548
11.495487
-0.587806
-0.461261
19.735647
-29.030586
8.722260
28.378317
-5.275725
5.279340
-2.457204
-33.232422
76.070442
26.408859
-115.363907
-192.126740
-32.625065
51.358242
44.190979
-44.256516
-4.897183
8.827561
-109.545471
-29.304375
49.373341
0.808364
0.995524
23.487402
-40.665714
-15.604145
64.377106
111.250832
18.932634
-28.520809
-26.321325
24.853556
5.204152
-6.434896
63.154953
16.497213
-30.150969
-5.041628
-0.445167
3.570045
-14.604807
-0.377599
17.422262
30.063070
0.550759
-9.735003
-3.678555
5.761610
1.287397
0.284669
17.102383
5.342881
-5.737994
-0.000439
0.353284
-0.159420
0.418019
-0.097698
-0.279239
0.594776
0.747888
-0.063513
0.200622
0.047068
-0.054156
-0.370514
0.255498
0.648571
-0.157402
-0.000439
0.353284
-0.159420
0.418019
-0.097698
-0.279239
0.594776
0.747888
-0.063513
0.200622
0.047068
-0.054156
-0.370514
0.255498
0.648571
-0.157402
-0.000439
0.353284
-0.159420
0.418019
-0.097698
-0.279239
0.594776
0.747888
-0.063513
0.200622
0.047068
-0.054156
-0.370514
0.255498
0.648571
-0.157402
-0.000439
0.353284
-0.159420
0.418019
-0.097698
-0.279239
0.594776
0.747888
-0.063513
0.200622
0.047068
-0.054156
-0.370514
0.255498
0.648571
-0.157402
-0.000439
0.353284
-0.159420
0.418019
-0.097698
-0.279239
0.594776
0.747888
-0.063513
0.200622
0.047068
-0.054156
-0.370514
0.255498
0.648571
-0.157402
-0.000439
0.353284
-0.159420
0.418019
-0.097698
-0.279239
0.594776
0.747888
-0.063513
0.200622
0.047068
-0.054156
-0.370514
0.255498
0.648571
-0.157402
-0.000439
0.353284
-0.159420
0.418019
-0.097698
-0.279239
0.594776
0.747888
-0.063513
0.200622
0.047068
-0.054156
-0.370514
0.255498
0.648571
-0.157402
-0.000439
0.353284
-0.159420
0.418019
-0.097698
-0.279239
0.594776
0.747888
-0.063513
0.200622
0.047068
-0.054156
-0.370514
0.255498
0.648571
-0.157402
-0.000439
0.353284
-0.159420
0.418019
-0.097698
-0.279239
0.594776
0.747888
-0.063513
0.200622
0.047068
-0.054156
-0.370514
0.255498
0.648571
-0.157402
-0.000439
0.353284
-0.159420
0.418019
-0.097698
-0.279239
0.594776
0.747888
-0.063513
0.200622
0.047068
-0.054156
-0.370514
0.255498
0.648571
-0.157402
-0.000439
0.353284
-0.159420
0.418019
-0.097698
-0.279239
0.594776
0.747888
-0.063513
0.200622
0.047068
-0.054156
-0.370514
0.255498
0.648571
-0.157402
-0.000439
0.353284
-0.159420
0.418019
-0.097698
-0.279239
0.594776
0.747888
-0.063513
0.200622
0.047068
-0.054156
-0.370514
0.255498
0.648571
-0.157402
-0.000439
0.353284
-0.159420
0.418019
-0.097698
-0.279239
0.594776
0.747888
-0.063513
0.200622
0.047068
-0.054156
-0.370514
0.255498
0.648571
-0.157402
-0.000439
0.353284
-0.159420
0.418019
-0.097698
-0.279239
0.594776
0.747888
-0.063513
0.200622
0.047068
-0.054156
-0.370514
0.255498
0.648571
-0.157402
-0.000439
0.353284
-0.159420
0.418019
-0.097698
-0.279239
0.594776
0.747888
-0.063513
0.200622
0.047068
-0.054156
-0.370514
0.255498
0.648571
-0.157402
-0.000439
0.353284
-0.159420
0.418019
-0.097698
-0.279239
0.594776
0.747888
-0.063513
0.200622
0.047068
-0.054156
-0.370514
0.255498
0.648571
-0.157402
