0.561789
-0.388942
7.546315
0.843944
-5.362526
-3.055305
-1.795994
-5.230471
1.433850
6.310209
11.301517
-2.744028
5.354132
-3.337750
1.907967
3.464295
-2.683656
2.377158
91.095612
-90.855263
22.053835
166.478378
30.223764
-59.293449
-2.165517
106.180054
54.169884
-45.774467
-151.045990
222.096451
-0.195260
-57.057419
5.087299
1.887745
-33.766014
32.742302
-4.491385
-66.232513
-8.484808
20.996603
0.026475
-41.624458
-21.473349
16.701368
60.442162
-78.314476
-0.233533
20.782858
-1.290124
-2.731160
-23.927208
23.127121
-7.208121
-46.566025
-12.344046
15.643624
2.964938
-32.240074
-14.593352
9.810572
41.599827
-59.678108
1.232090
15.035638
-0.247579
0.204797
0.530532
-0.483827
-0.271293
-0.468430
-0.021006
-0.432008
0.143980
-0.420743
-0.228483
-0.259967
-0.035224
0.433453
0.204303
-0.290775
-0.247579
0.204797
0.530532
-0.483827
-0.271293
-0.468430
-0.021006
-0.432008
0.143980
-0.420743
-0.228483
-0.259967
-0.035224
0.433453
0.204303
-0.290775
-0.247579
0.204797
0.530532
-0.483827
-0.271293
-0.468430
-0.021006
-0.432008
0.143980
-0.420743
-0.228483
-0.259967
-0.035224
0.433453
0.204303
-0.290775
-0.247579
0.204797
0.530532
-0.483827
-0.271293
-0.468430
-0.021006
-0.432008
0.143980
-0.420743
-0.228483
-0.259967
-0.035224
0.433453
0.204303
-0.290775
-0.247579
0.204797
0.530532
-0.483827
-0.271293
-0.468430
-0.021006
-0.432008
0.143980
-0.420743
-0.228483
-0.259967
-0.035224
0.433453
0.204303
-0.290775
-0.247579
0.204797
0.530532
-0.483827
-0.271293
-0.468430
-0.021006
-0.432008
0.143980
-0.420743
-0.228483
-0.259967
-0.035224
0.433453
0.204303
-0.290775
-0.247579
0.204797
0.530532
-0.483827
-0.271293
-0.468430
-0.021006
-0.432008
0.143980
-0.420743
-0.228483
-0.259967
-0.035224
0.433453
0.204303
-0.290775
-0.247579
0.204797
0.530532
-0.483827
-0.271293
-0.468430
-0.021006
-0.432008
0.143980
-0.420743
-0.228483
-0.259967
-0.035224
0.433453
0.204303
-0.290775
-0.247579
0.204797
0.530532
-0.483827
-0.271293
-0.468430
-0.021006
-0.432008
0.143980
-0.420743
-0.228483
-0.259967
-0.035224
0.433453
0.204303
-0.290775
-0.247579
0.204797
0.530532
-0.483827
-0.271293
-0.468430
-0.021006
-0.432008
0.143980
-0.420743
-0.228483
-0.259967
-0.035224
0.433453
0.204303
-0.290775
-0.247579
0.204797
0.530532
-0.483827
-0.271293
-0.468430
-0.021006
-0.432008
0.143980
-0.420743
-0.228483
-0.259967
-0.035224
0.433453
0.204303
-0.290775
-0.247579
0.204797
0.530532
-0.483827
-0.271293
-0.468430
-0.021006
-0.432008
0.143980
-0.420743
-0.228483
-0.259967
-0.035224
0.433453
0.204303
-0.290775
-0.247579
0.204797
0.530532
-0.483827
-0.271293
-0.468430
-0.021006
-0.432008
0.143980
-0.420743
-0.228483
-0.259967
-0.035224
0.433453
0.204303
-0.290775
-0.247579
0.204797
0.530532
-0.483827
-0.271293
-0.468430
-0.021006
-0.432008
0.143980
-0.420743
-0.228483
-0.259967
-0.035224
0.433453
0.204303
-0.290775
-0.247579
0.204797
0.530532
-0.483827
-0.271293
-0.468430
-0.021006
-0.432008
0.143980
-0.420743
-0.228483
-0.259967
-0.035224
0.433453
0.204303
-0.290775
-0.247579
0.204797
0.530532
-0.483827
-0.271293
-0.468430
-0.021006
-0.432008
0.143980
-0.420743
-0.228483
-0.259967
-0.035224
0.433453
0.204303
-0.290775
