-0.047163
-0.695947
3.878716
-2.256359
-6.491635
3.700696
-0.458822
-1.959447
-0.229217
3.173270
4.351782
-7.035856
4.873932
-3.075622
1.960212
1.491531
-0.362157
1.737135
-80.878616
138.248230
-102.680000
-116.445694
-119.522934
96.678642
91.879311
-81.245682
69.028122
15.044147
-44.047409
-288.366730
91.817055
94.248329
-0.576201
-0.188663
27.592478
-47.261246
34.025269
37.751461
42.205490
-32.961884
-29.805140
27.049150
-28.007893
-7.225445
14.184677
106.216797
-30.759684
-34.197315
1.110720
-0.432357
30.076084
-40.832554
26.492043
37.032333
34.954639
-24.919992
-31.955540
22.549711
-21.230326
-4.597934
10.727932
81.532188
-27.041704
-29.765219
0.652056
0.464789
-0.729128
0.479432
0.297438
-0.019944
0.150926
0.638984
-0.032666
-0.309663
0.568751
-0.114161
-0.644438
-0.353178
-0.083050
0.103140
0.652056
0.464789
-0.729128
0.479432
0.297438
-0.019944
0.150926
0.638984
-0.032666
-0.309663
0.568751
-0.114161
-0.644438
-0.353178
-0.083050
0.103140
0.652056
0.464789
-0.729128
0.479432
0.297438
-0.019944
0.150926
0.638984
-0.032666
-0.309663
0.568751
-0.114161
-0.644438
-0.353178
-0.083050
0.103140
0.652056
0.464789
-0.729128
0.479432
0.297438
-0.019944
0.150926
0.638984
-0.032666
-0.309663
0.568751
-0.114161
-0.644438
-0.353178
-0.083050
0.103140
0.652056
0.464789
-0.729128
0.479432
0.297438
-0.019944
0.150926
0.638984
-0.032666
-0.309663
0.568751
-0.114161
-0.644438
-0.353178
-0.083050
0.103140
0.652056
0.464789
-0.729128
0.479432
0.297438
-0.019944
0.150926
0.638984
-0.032666
-0.309663
0.568751
-0.114161
-0.644438
-0.353178
-0.083050
0.103140
0.652056
0.464789
-0.729128
0.479432
0.297438
-0.019944
0.150926
0.638984
-0.032666
-0.309663
0.568751
-0.114161
-0.644438
-0.353178
-0.083050
0.103140
0.652056
0.464789
-0.729128
0.479432
0.297438
-0.019944
0.150926
0.638984
-0.032666
-0.309663
0.568751
-0.114161
-0.644438
-0.353178
-0.083050
0.103140
0.652056
0.464789
-0.729128
0.479432
0.297438
-0.019944
0.150926
0.638984
-0.032666
-0.309663
0.568751
-0.114161
-0.644438
-0.353178
-0.083050
0.103140
0.652056
0.464789
-0.729128
0.479432
0.297438
-0.019944
0.150926
0.638984
-0.032666
-0.309663
0.568751
-0.114161
-0.644438
-0.353178
-0.083050
0.103140
0.652056
0.464789
-0.729128
0.479432
0.297438
-0.019944
0.150926
0.638984
-0.032666
-0.309663
0.568751
-0.114161
-0.644438
-0.353178
-0.083050
0.103140
0.652056
0.464789
-0.729128
0.479432
0.297438
-0.019944
0.150926
0.638984
-0.032666
-0.309663
0.568751
-0.114161
-0.644438
-0.353178
-0.083050
0.103140
0.652056
0.464789
-0.729128
0.479432
0.297438
-0.019944
0.150926
0.638984
-0.032666
-0.309663
0.568751
-0.114161
-0.644438
-0.353178
-0.083050
0.103140
0.652056
0.464789
-0.729128
0.479432
0.297438
-0.019944
0.150926
0.638984
-0.032666
-0.309663
0.568751
-0.114161
-0.644438
-0.353178
-0.083050
0.103140
0.652056
0.464789
-0.729128
0.479432
0.297438
-0.019944
0.150926
0.638984
-0.032666
-0.309663
0.568751
-0.114161
-0.644438
-0.353178
-0.083050
0.103140
0.652056
0.464789
-0.729128
0.479432
0.297438
-0.019944
0.150926
0.638984
-0.032666
-0.309663
0.568751
-0.114161
-0.644438
-0.353178
-0.083050
0.103140
