0.264142
-0.704260
-8.800382
2.006289
9.579556
2.010936
4.328099
-0.811521
-4.358022
-2.079912
-9.066558
3.645570
2.154550
3.975073
-2.257909
-2.368931
1.941466
16.909353
-38.369617
11.505940
29.449457
-17.597769
-6.600408
-25.562271
19.380589
5.940503
-23.539721
18.650625
-19.178709
-3.223954
17.271379
12.411953
-0.668131
1.720595
0.617145
-9.136308
3.362523
8.490522
1.544261
-9.331352
-1.035480
5.332602
7.777922
-0.864876
4.653438
3.758598
6.108110
-6.357530
3.439786
-0.071446
141.016479
28.066671
-72.492905
126.665337
147.873703
73.322136
-103.078125
-56.415802
-11.176774
-45.023476
-258.611755
112.723862
49.646179
-104.241707
-1.251661
0.141187
-77.340767
-17.460520
43.189499
-67.488876
-81.779465
-43.828262
55.962868
37.363102
8.444401
24.886885
146.416504
-62.820820
-30.614019
59.200985
-0.431982
-0.050966
-22.509460
-8.425399
12.955690
-17.344173
-19.883989
-14.170566
14.785677
11.115073
-2.843379
7.386629
44.447071
-11.406541
-12.783870
14.355637
-0.106215
-0.827993
-0.007509
0.518279
0.132365
-0.055070
0.317938
-0.268513
-0.008162
-0.379338
0.099533
0.259364
-0.163420
0.388868
0.250911
-0.438837
-0.106215
-0.827993
-0.007509
0.518279
0.132365
-0.055070
0.317938
-0.268513
-0.008162
-0.379338
0.099533
0.259364
-0.163420
0.388868
0.250911
-0.438837
-0.106215
-0.827993
-0.007509
0.518279
0.132365
-0.055070
0.317938
-0.268513
-0.008162
-0.379338
0.099533
0.259364
-0.163420
0.388868
0.250911
-0.438837
-0.106215
-0.827993
-0.007509
0.518279
0.132365
-0.055070
0.317938
-0.268513
-0.008162
-0.379338
0.099533
0.259364
-0.163420
0.388868
0.250911
-0.438837
-0.106215
-0.827993
-0.007509
0.518279
0.132365
-0.055070
0.317938
-0.268513
-0.008162
-0.379338
0.099533
0.259364
-0.163420
0.388868
0.250911
-0.438837
-0.106215
-0.827993
-0.007509
0.518279
0.132365
-0.055070
0.317938
-0.268513
-0.008162
-0.379338
0.099533
0.259364
-0.163420
0.388868
0.250911
-0.438837
-0.106215
-0.827993
-0.007509
0.518279
0.132365
-0.055070
0.317938
-0.268513
-0.008162
-0.379338
0.099533
0.259364
-0.163420
0.388868
0.250911
-0.438837
-0.106215
-0.827993
-0.007509
0.518279
0.132365
-0.055070
0.317938
-0.268513
-0.008162
-0.379338
0.099533
0.259364
-0.163420
0.388868
0.250911
-0.438837
-0.106215
-0.827993
-0.007509
0.518279
0.132365
-0.055070
0.317938
-0.268513
-0.008162
-0.379338
0.099533
0.259364
-0.163420
0.388868
0.250911
-0.438837
-0.106215
-0.827993
-0.007509
0.518279
0.132365
-0.055070
0.317938
-0.268513
-0.008162
-0.379338
0.099533
0.259364
-0.163420
0.388868
0.250911
-0.438837
-0.106215
-0.827993
-0.007509
0.518279
0.132365
-0.055070
0.317938
-0.268513
-0.008162
-0.379338
0.099533
0.259364
-0.163420
0.388868
0.250911
-0.438837
-0.106215
-0.827993
-0.007509
0.518279
0.132365
-0.055070
0.317938
-0.268513
-0.008162
-0.379338
0.099533
0.259364
-0.163420
0.388868
0.250911
-0.438837
-0.106215
-0.827993
-0.007509
0.518279
0.132365
-0.055070
0.317938
-0.268513
-0.008162
-0.379338
0.099533
0.259364
-0.163420
0.388868
0.250911
-0.438837
-0.106215
-0.827993
-0.007509
0.518279
0.132365
-0.055070
0.317938
-0.268513
-0.008162
-0.379338
0.099533
0.259364
-0.163420
0.388868
0.250911
-0.438837
