-1.263998
-0.038374
-399.688812
603.977295
-885.768005
693.403564
1063.864136
-1110.716797
-615.810608
455.077454
1030.074707
-342.802979
-565.143433
1025.677124
142.759613
286.526459
1.259282
0.343144
-4.027549
-6.523707
9.549018
3.708471
-3.020588
-6.579658
0.818291
3.914129
5.123412
-3.120773
4.452317
1.644856
3.704321
-9.916397
0.864534
-3.069167
158.528107
-248.546509
355.954712
-276.232361
-426.272034
450.801086
264.316498
-178.178070
-414.731476
134.398102
235.758377
-417.688293
-64.255852
-113.209816
1.042094
-1.415304
16.442169
-27.591349
37.437267
-23.551270
-41.984829
41.000496
27.825848
-20.963337
-40.467499
13.672276
26.571362
-45.351856
-7.713603
-13.689084
1.472084
5.308663
28.414576
-38.776695
67.098747
-47.048061
-76.164375
73.061485
37.956825
-38.230900
-73.775055
24.178577
37.626842
-74.605957
-7.533085
-20.579903
-0.346458
0.741736
105.699364
-141.488464
227.682343
-175.071335
-282.312683
271.908722
147.904022
-108.603378
-262.149536
81.387611
140.817581
-242.584274
-24.892361
-75.589523
-0.221693
0.769901
0.200854
0.849997
0.609138
-0.224708
-0.006843
-0.431370
0.323671
-0.361752
-0.232500
0.022789
0.020678
0.390012
0.516791
-0.228125
-0.221693
0.769901
0.200854
0.849997
0.609138
-0.224708
-0.006843
-0.431370
0.323671
-0.361752
-0.232500
0.022789
0.020678
0.390012
0.516791
-0.228125
-0.221693
0.769901
0.200854
0.849997
0.609138
-0.224708
-0.006843
-0.431370
0.323671
-0.361752
-0.232500
0.022789
0.020678
0.390012
0.516791
-0.228125
-0.221693
0.769901
0.200854
0.849997
0.609138
-0.224708
-0.006843
-0.431370
0.323671
-0.361752
-0.232500
0.022789
0.020678
0.390012
0.516791
-0.228125
-0.221693
0.769901
0.200854
0.849997
0.609138
-0.224708
-0.006843
-0.431370
0.323671
-0.361752
-0.232500
0.022789
0.020678
0.390012
0.516791
-0.228125
-0.221693
0.769901
0.200854
0.849997
0.609138
-0.224708
-0.006843
-0.431370
0.323671
-0.361752
-0.232500
0.022789
0.020678
0.390012
0.516791
-0.228125
-0.221693
0.769901
0.200854
0.849997
0.609138
-0.224708
-0.006843
-0.431370
0.323671
-0.361752
-0.232500
0.022789
0.020678
0.390012
0.516791
-0.228125
-0.221693
0.769901
0.200854
0.849997
0.609138
-0.224708
-0.006843
-0.431370
0.323671
-0.361752
-0.232500
0.022789
0.020678
0.390012
0.516791
-0.228125
-0.221693
0.769901
0.200854
0.849997
0.609138
-0.224708
-0.006843
-0.431370
0.323671
-0.361752
-0.232500
0.022789
0.020678
0.390012
0.516791
-0.228125
-0.221693
0.769901
0.200854
0.849997
0.609138
-0.224708
-0.006843
-0.431370
0.323671
-0.361752
-0.232500
0.022789
0.020678
0.390012
0.516791
-0.228125
-0.221693
0.769901
0.200854
0.849997
0.609138
-0.224708
-0.006843
-0.431370
0.323671
-0.361752
-0.232500
0.022789
0.020678
0.390012
0.516791
-0.228125
-0.221693
0.769901
0.200854
0.849997
0.609138
-0.224708
-0.006843
-0.431370
0.323671
-0.361752
-0.232500
0.022789
0.020678
0.390012
0.516791
-0.228125
-0.221693
0.769901
0.200854
0.849997
0.609138
-0.224708
-0.006843
-0.431370
0.323671
-0.361752
-0.232500
0.022789
0.020678
0.390012
0.516791
-0.228125
-0.221693
0.769901
0.200854
0.849997
0.609138
-0.224708
-0.006843
-0.431370
0.323671
-0.361752
-0.232500
0.022789
0.020678
0.390012
0.516791
-0.228125
