0.033365
-1.872463
8.647332
0.330320
-8.682228
-3.818921
-1.854907
-5.797987
2.834994
4.991443
8.947013
-5.940686
4.569303
-3.676916
2.626240
2.858803
1.155092
2.115764
-28.620872
0.795411
24.556458
25.176495
21.901932
1.511265
-4.866025
-19.103266
-34.185986
-2.199394
-5.483528
13.143744
8.281406
-7.574930
-20.938396
8.471008
37.692429
23.575085
-25.159609
-17.747688
-15.384316
11.236708
-6.803468
-15.332991
30.209320
-1.267340
-5.017143
22.308662
-6.130728
-16.431229
-0.418941
0.459673
-28.807848
133.273895
-120.441963
-70.201820
-82.000008
126.985199
60.018887
-97.348358
52.300465
-4.394956
-115.596680
-238.040787
100.923935
45.655807
1.411026
-0.875319
23.836952
-96.284073
90.967094
50.436146
60.575958
-97.446152
-48.604618
73.485268
-37.456158
5.616508
85.826340
180.841812
-74.442955
-34.863308
0.469514
-0.221078
0.215599
-0.226917
-0.100417
-0.426270
0.321659
-0.971196
0.421410
0.182565
-0.151828
-0.113858
0.049914
0.040221
-0.395168
-0.060132
0.469514
-0.221078
0.215599
-0.226917
-0.100417
-0.426270
0.321659
-0.971196
0.421410
0.182565
-0.151828
-0.113858
0.049914
0.040221
-0.395168
-0.060132
0.469514
-0.221078
0.215599
-0.226917
-0.100417
-0.426270
0.321659
-0.971196
0.421410
0.182565
-0.151828
-0.113858
0.049914
0.040221
-0.395168
-0.060132
0.469514
-0.221078
0.215599
-0.226917
-0.100417
-0.426270
0.321659
-0.971196
0.421410
0.182565
-0.151828
-0.113858
0.049914
0.040221
-0.395168
-0.060132
0.469514
-0.221078
0.215599
-0.226917
-0.100417
-0.426270
0.321659
-0.971196
0.421410
0.182565
-0.151828
-0.113858
0.049914
0.040221
-0.395168
-0.060132
0.469514
-0.221078
0.215599
-0.226917
-0.100417
-0.426270
0.321659
-0.971196
0.421410
0.182565
-0.151828
-0.113858
0.049914
0.040221
-0.395168
-0.060132
0.469514
-0.221078
0.215599
-0.226917
-0.100417
-0.426270
0.321659
-0.971196
0.421410
0.182565
-0.151828
-0.113858
0.049914
0.040221
-0.395168
-0.060132
0.469514
-0.221078
0.215599
-0.226917
-0.100417
-0.426270
0.321659
-0.971196
0.421410
0.182565
-0.151828
-0.113858
0.049914
0.040221
-0.395168
-0.060132
0.469514
-0.221078
0.215599
-0.226917
-0.100417
-0.426270
0.321659
-0.971196
0.421410
0.182565
-0.151828
-0.113858
0.049914
0.040221
-0.395168
-0.060132
0.469514
-0.221078
0.215599
-0.226917
-0.100417
-0.426270
0.321659
-0.971196
0.421410
0.182565
-0.151828
-0.113858
0.049914
0.040221
-0.395168
-0.060132
0.469514
-0.221078
0.215599
-0.226917
-0.100417
-0.426270
0.321659
-0.971196
0.421410
0.182565
-0.151828
-0.113858
0.049914
0.040221
-0.395168
-0.060132
0.469514
-0.221078
0.215599
-0.226917
-0.100417
-0.426270
0.321659
-0.971196
0.421410
0.182565
-0.151828
-0.113858
0.049914
0.040221
-0.395168
-0.060132
0.469514
-0.221078
0.215599
-0.226917
-0.100417
-0.426270
0.321659
-0.971196
0.421410
0.182565
-0.151828
-0.113858
0.049914
0.040221
-0.395168
-0.060132
0.469514
-0.221078
0.215599
-0.226917
-0.100417
-0.426270
0.321659
-0.971196
0.421410
0.182565
-0.151828
-0.113858
0.049914
0.040221
-0.395168
-0.060132
0.469514
-0.221078
0.215599
-0.226917
-0.100417
-0.426270
0.321659
-0.971196
0.421410
0.182565
-0.151828
-0.113858
0.049914
0.040221
-0.395168
-0.060132
