3.575552
0.426639
-28.241888
11.819789
-5.689713
-3.543211
-245.185074
-149.933380
116.581757
445.296722
334.143433
202.394241
-172.749283
-260.964996
9.919816
124.711082
-7.000075
-22.131582
-42.517212
5.939635
37.602570
-9.845905
2.594591
-25.910677
8.046548
13.350161
-31.522085
11.735435
-21.680199
-16.983042
5.339631
26.921703
-1.551852
0.707454
17.413496
-3.077908
-2.179112
3.307244
106.737900
71.395546
-45.617386
-200.531876
-143.335358
-96.514427
70.721039
123.524437
1.341398
-56.540081
0.478424
0.035639
-0.570316
-3.841411
1.905410
-2.098946
17.758059
8.982564
-15.097620
-28.380157
-27.994762
-8.502234
13.586109
13.971720
-2.899906
-6.831775
1.148113
2.935793
7.520150
-3.651732
4.605158
0.788392
48.264965
36.972008
-15.538925
-97.288086
-67.981339
-53.611694
32.402744
60.527519
-1.925174
-29.630054
-0.095807
-1.636849
-0.205424
-0.077236
0.174007
-0.343736
0.152411
-0.323225
1.036034
0.616846
0.341531
-0.063739
0.093626
0.398762
-0.043305
0.664663
-0.095807
-1.636849
-0.205424
-0.077236
0.174007
-0.343736
0.152411
-0.323225
1.036034
0.616846
0.341531
-0.063739
0.093626
0.398762
-0.043305
0.664663
-0.095807
-1.636849
-0.205424
-0.077236
0.174007
-0.343736
0.152411
-0.323225
1.036034
0.616846
0.341531
-0.063739
0.093626
0.398762
-0.043305
0.664663
-0.095807
-1.636849
-0.205424
-0.077236
0.174007
-0.343736
0.152411
-0.323225
1.036034
0.616846
0.341531
-0.063739
0.093626
0.398762
-0.043305
0.664663
-0.095807
-1.636849
-0.205424
-0.077236
0.174007
-0.343736
0.152411
-0.323225
1.036034
0.616846
0.341531
-0.063739
0.093626
0.398762
-0.043305
0.664663
-0.095807
-1.636849
-0.205424
-0.077236
0.174007
-0.343736
0.152411
-0.323225
1.036034
0.616846
0.341531
-0.063739
0.093626
0.398762
-0.043305
0.664663
-0.095807
-1.636849
-0.205424
-0.077236
0.174007
-0.343736
0.152411
-0.323225
1.036034
0.616846
0.341531
-0.063739
0.093626
0.398762
-0.043305
0.664663
-0.095807
-1.636849
-0.205424
-0.077236
0.174007
-0.343736
0.152411
-0.323225
1.036034
0.616846
0.341531
-0.063739
0.093626
0.398762
-0.043305
0.664663
-0.095807
-1.636849
-0.205424
-0.077236
0.174007
-0.343736
0.152411
-0.323225
1.036034
0.616846
0.341531
-0.063739
0.093626
0.398762
-0.043305
0.664663
-0.095807
-1.636849
-0.205424
-0.077236
0.174007
-0.343736
0.152411
-0.323225
1.036034
0.616846
0.341531
-0.063739
0.093626
0.398762
-0.043305
0.664663
-0.095807
-1.636849
-0.205424
-0.077236
0.174007
-0.343736
0.152411
-0.323225
1.036034
0.616846
0.341531
-0.063739
0.093626
0.398762
-0.043305
0.664663
-0.095807
-1.636849
-0.205424
-0.077236
0.174007
-0.343736
0.152411
-0.323225
1.036034
0.616846
0.341531
-0.063739
0.093626
0.398762
-0.043305
0.664663
-0.095807
-1.636849
-0.205424
-0.077236
0.174007
-0.343736
0.152411
-0.323225
1.036034
0.616846
0.341531
-0.063739
0.093626
0.398762
-0.043305
0.664663
-0.095807
-1.636849
-0.205424
-0.077236
0.174007
-0.343736
0.152411
-0.323225
1.036034
0.616846
0.341531
-0.063739
0.093626
0.398762
-0.043305
0.664663
-0.095807
-1.636849
-0.205424
-0.077236
0.174007
-0.343736
0.152411
-0.323225
1.036034
0.616846
0.341531
-0.063739
0.093626
0.398762
-0.043305
0.664663
