-5.390220
-4.165000
26.667301
10.514738
-24.018850
-12.416026
-7.866275
-13.254838
-0.438428
24.733463
35.595329
0.672888
16.505093
-21.649334
-6.407520
21.853861
-1.555831
-4.297846
30.767189
-39.928707
-11.519328
26.597963
13.028542
16.385834
-7.999374
2.207323
10.664122
-33.533810
19.302547
-5.052275
-24.657286
-5.783616
0.043492
0.387908
7.390231
5.824406
-9.542364
1.623414
6.240024
8.236116
-2.802147
-4.520587
-3.491247
6.103835
-4.213196
-0.193230
2.520560
10.249070
-0.368667
0.091864
-22.382921
-23.975670
4.313329
-3.967288
181.425903
-172.245483
-447.104431
13.156280
-270.621124
258.592194
294.913544
-102.117897
-134.857346
-2.301424
0.269789
-0.066256
18.366802
16.481974
-7.019243
6.156114
-142.409317
143.278992
361.371002
-15.156355
215.988205
-213.438873
-237.720367
84.199272
112.471252
3.077906
-0.773642
-0.587473
-0.230607
-0.144228
0.278021
-0.113100
-0.365327
0.081408
-0.056364
-0.487823
-0.381156
0.124774
-0.269200
-0.354274
0.029044
-0.116771
-0.773642
-0.587473
-0.230607
-0.144228
0.278021
-0.113100
-0.365327
0.081408
-0.056364
-0.487823
-0.381156
0.124774
-0.269200
-0.354274
0.029044
-0.116771
-0.773642
-0.587473
-0.230607
-0.144228
0.278021
-0.113100
-0.365327
0.081408
-0.056364
-0.487823
-0.381156
0.124774
-0.269200
-0.354274
0.029044
-0.116771
-0.773642
-0.587473
-0.230607
-0.144228
0.278021
-0.113100
-0.365327
0.081408
-0.056364
-0.487823
-0.381156
0.124774
-0.269200
-0.354274
0.029044
-0.116771
-0.773642
-0.587473
-0.230607
-0.144228
0.278021
-0.113100
-0.365327
0.081408
-0.056364
-0.487823
-0.381156
0.124774
-0.269200
-0.354274
0.029044
-0.116771
-0.773642
-0.587473
-0.230607
-0.144228
0.278021
-0.113100
-0.365327
0.081408
-0.056364
-0.487823
-0.381156
0.124774
-0.269200
-0.354274
0.029044
-0.116771
-0.773642
-0.587473
-0.230607
-0.144228
0.278021
-0.113100
-0.365327
0.081408
-0.056364
-0.487823
-0.381156
0.124774
-0.269200
-0.354274
0.029044
-0.116771
-0.773642
-0.587473
-0.230607
-0.144228
0.278021
-0.113100
-0.365327
0.081408
-0.056364
-0.487823
-0.381156
0.124774
-0.269200
-0.354274
0.029044
-0.116771
-0.773642
-0.587473
-0.230607
-0.144228
0.278021
-0.113100
-0.365327
0.081408
-0.056364
-0.487823
-0.381156
0.124774
-0.269200
-0.354274
0.029044
-0.116771
-0.773642
-0.587473
-0.230607
-0.144228
0.278021
-0.113100
-0.365327
0.081408
-0.056364
-0.487823
-0.381156
0.124774
-0.269200
-0.354274
0.029044
-0.116771
-0.773642
-0.587473
-0.230607
-0.144228
0.278021
-0.113100
-0.365327
0.081408
-0.056364
-0.487823
-0.381156
0.124774
-0.269200
-0.354274
0.029044
-0.116771
-0.773642
-0.587473
-0.230607
-0.144228
0.278021
-0.113100
-0.365327
0.081408
-0.056364
-0.487823
-0.381156
0.124774
-0.269200
-0.354274
0.029044
-0.116771
-0.773642
-0.587473
-0.230607
-0.144228
0.278021
-0.113100
-0.365327
0.081408
-0.056364
-0.487823
-0.381156
0.124774
-0.269200
-0.354274
0.029044
-0.116771
-0.773642
-0.587473
-0.230607
-0.144228
0.278021
-0.113100
-0.365327
0.081408
-0.056364
-0.487823
-0.381156
0.124774
-0.269200
-0.354274
0.029044
-0.116771
-0.773642
-0.587473
-0.230607
-0.144228
0.278021
-0.113100
-0.365327
0.081408
-0.056364
-0.487823
-0.381156
0.124774
-0.269200
-0.354274
0.029044
-0.116771
