10.727730
-14.808110
-18.137993
34.135452
11.940967
-22.662012
-12.853682
-23.075859
16.161226
-6.373959
-3.632125
26.199892
-25.458164
-4.159009
20.417107
3.060753
-3.784218
-1.458447
17.696552
-21.824810
-26.366846
9.050121
-18.272545
-4.184916
14.441283
8.864378
8.951900
-35.865826
-10.704373
-19.185974
5.803144
4.080399
0.872587
-0.096071
3.873467
0.867902
-5.025118
-2.205400
2.639645
-3.347835
-2.732616
2.868778
7.729823
-2.428222
3.499494
2.757909
2.078002
1.696030
1.407032
1.019199
-35.014622
-5.856736
-2.833876
-15.002352
117.699036
-228.125275
-440.173279
156.279633
-189.396072
344.149384
264.055603
-193.090485
-129.728302
42.986450
-0.716366
1.229446
-1.430006
0.281695
3.139809
0.777898
-3.233705
11.613328
25.516026
-10.575086
7.232765
-23.717566
-11.347198
8.518379
6.686080
0.067026
1.177999
-1.297697
21.757776
4.681758
-4.510026
8.596666
-70.760651
131.506851
253.615067
-86.747467
113.290665
-195.403931
-151.636063
111.238144
75.379189
-24.391285
-3.331175
-0.259200
3.295768
2.063033
1.180065
3.060589
-15.533118
30.760994
62.512680
-17.240858
26.495604
-45.188362
-37.049507
23.234615
15.888326
-7.330109
-0.300546
-0.185096
0.043082
0.696724
-0.065819
0.049222
0.245850
-0.454489
0.003729
-0.460074
-0.753767
0.376731
0.509799
0.023202
0.870916
-0.135813
-0.300546
-0.185096
0.043082
0.696724
-0.065819
0.049222
0.245850
-0.454489
0.003729
-0.460074
-0.753767
0.376731
0.509799
0.023202
0.870916
-0.135813
-0.300546
-0.185096
0.043082
0.696724
-0.065819
0.049222
0.245850
-0.454489
0.003729
-0.460074
-0.753767
0.376731
0.509799
0.023202
0.870916
-0.135813
-0.300546
-0.185096
0.043082
0.696724
-0.065819
0.049222
0.245850
-0.454489
0.003729
-0.460074
-0.753767
0.376731
0.509799
0.023202
0.870916
-0.135813
-0.300546
-0.185096
0.043082
0.696724
-0.065819
0.049222
0.245850
-0.454489
0.003729
-0.460074
-0.753767
0.376731
0.509799
0.023202
0.870916
-0.135813
-0.300546
-0.185096
0.043082
0.696724
-0.065819
0.049222
0.245850
-0.454489
0.003729
-0.460074
-0.753767
0.376731
0.509799
0.023202
0.870916
-0.135813
-0.300546
-0.185096
0.043082
0.696724
-0.065819
0.049222
0.245850
-0.454489
0.003729
-0.460074
-0.753767
0.376731
0.509799
0.023202
0.870916
-0.135813
-0.300546
-0.185096
0.043082
0.696724
-0.065819
0.049222
0.245850
-0.454489
0.003729
-0.460074
-0.753767
0.376731
0.509799
0.023202
0.870916
-0.135813
-0.300546
-0.185096
0.043082
0.696724
-0.065819
0.049222
0.245850
-0.454489
0.003729
-0.460074
-0.753767
0.376731
0.509799
0.023202
0.870916
-0.135813
-0.300546
-0.185096
0.043082
0.696724
-0.065819
0.049222
0.245850
-0.454489
0.003729
-0.460074
-0.753767
0.376731
0.509799
0.023202
0.870916
-0.135813
-0.300546
-0.185096
0.043082
0.696724
-0.065819
0.049222
0.245850
-0.454489
0.003729
-0.460074
-0.753767
0.376731
0.509799
0.023202
0.870916
-0.135813
-0.300546
-0.185096
0.043082
0.696724
-0.065819
0.049222
0.245850
-0.454489
0.003729
-0.460074
-0.753767
0.376731
0.509799
0.023202
0.870916
-0.135813
-0.300546
-0.185096
0.043082
0.696724
-0.065819
0.049222
0.245850
-0.454489
0.003729
-0.460074
-0.753767
0.376731
0.509799
0.023202
0.870916
-0.135813
