0.911565
-6.184791
-417.895874
436.225098
-944.531982
395.174408
1267.566406
-810.236389
-692.786865
218.649261
963.235291
-60.299725
-831.874451
848.042053
72.947105
314.746704
-2.852302
2.913916
140.136780
-140.294159
319.117859
-123.763832
-427.757355
256.210175
231.286713
-61.616550
-323.782959
14.714695
280.261902
-274.913147
-21.479752
-102.731224
0.621589
0.437720
22.624590
-28.870031
51.457073
-26.961851
-70.922241
60.058014
44.974751
-13.024906
-55.081024
6.970295
48.125919
-54.882488
-6.373175
-18.852348
0.134366
1.167936
23.044474
-26.682278
47.258209
-24.481417
-67.587357
49.166153
39.285534
-12.813625
-53.063328
2.762426
46.352337
-46.331432
-2.992186
-18.144135
-0.904944
1.242576
133.449432
-131.510727
300.086456
-115.087448
-402.668610
241.949753
212.325150
-61.509468
-298.602173
10.170160
265.391846
-256.002686
-20.735167
-100.839951
-0.227858
0.871936
0.081856
-0.058002
0.408395
0.046144
-0.356248
0.427284
0.365101
0.009928
0.048638
-0.294983
0.048666
-0.288972
0.303290
-0.076997
-0.227858
0.871936
0.081856
-0.058002
0.408395
0.046144
-0.356248
0.427284
0.365101
0.009928
0.048638
-0.294983
0.048666
-0.288972
0.303290
-0.076997
-0.227858
0.871936
0.081856
-0.058002
0.408395
0.046144
-0.356248
0.427284
0.365101
0.009928
0.048638
-0.294983
0.048666
-0.288972
0.303290
-0.076997
-0.227858
0.871936
0.081856
-0.058002
0.408395
0.046144
-0.356248
0.427284
0.365101
0.009928
0.048638
-0.294983
0.048666
-0.288972
0.303290
-0.076997
-0.227858
0.871936
0.081856
-0.058002
0.408395
0.046144
-0.356248
0.427284
0.365101
0.009928
0.048638
-0.294983
0.048666
-0.288972
0.303290
-0.076997
-0.227858
0.871936
0.081856
-0.058002
0.408395
0.046144
-0.356248
0.427284
0.365101
0.009928
0.048638
-0.294983
0.048666
-0.288972
0.303290
-0.076997
-0.227858
0.871936
0.081856
-0.058002
0.408395
0.046144
-0.356248
0.427284
0.365101
0.009928
0.048638
-0.294983
0.048666
-0.288972
0.303290
-0.076997
-0.227858
0.871936
0.081856
-0.058002
0.408395
0.046144
-0.356248
0.427284
0.365101
0.009928
0.048638
-0.294983
0.048666
-0.288972
0.303290
-0.076997
-0.227858
0.871936
0.081856
-0.058002
0.408395
0.046144
-0.356248
0.427284
0.365101
0.009928
0.048638
-0.294983
0.048666
-0.288972
0.303290
-0.076997
-0.227858
0.871936
0.081856
-0.058002
0.408395
0.046144
-0.356248
0.427284
0.365101
0.009928
0.048638
-0.294983
0.048666
-0.288972
0.303290
-0.076997
-0.227858
0.871936
0.081856
-0.058002
0.408395
0.046144
-0.356248
0.427284
0.365101
0.009928
0.048638
-0.294983
0.048666
-0.288972
0.303290
-0.076997
-0.227858
0.871936
0.081856
-0.058002
0.408395
0.046144
-0.356248
0.427284
0.365101
0.009928
0.048638
-0.294983
0.048666
-0.288972
0.303290
-0.076997
-0.227858
0.871936
0.081856
-0.058002
0.408395
0.046144
-0.356248
0.427284
0.365101
0.009928
0.048638
-0.294983
0.048666
-0.288972
0.303290
-0.076997
-0.227858
0.871936
0.081856
-0.058002
0.408395
0.046144
-0.356248
0.427284
0.365101
0.009928
0.048638
-0.294983
0.048666
-0.288972
0.303290
-0.076997
-0.227858
0.871936
0.081856
-0.058002
0.408395
0.046144
-0.356248
0.427284
0.365101
0.009928
0.048638
-0.294983
0.048666
-0.288972
0.303290
-0.076997
