-0.527412
2.012609
23.840172
12.530664
-16.865273
-15.075809
-4.071383
-21.355175
-3.920671
13.099826
40.000961
7.546250
21.031836
-12.582112
3.316799
5.580731
-0.725664
1.114021
0.038340
3.893623
-1.485591
-6.347609
3.123054
1.380156
-2.035257
-1.466558
6.777886
6.185032
-0.282821
5.832598
-2.439768
2.950005
1.967631
2.066794
-4.053764
-44.703400
-0.425604
-3.000811
269.302002
10.366619
-390.403412
-370.425476
-447.207581
-8.946563
318.801788
166.823090
-98.433380
-104.711876
-0.965324
0.692837
3.875715
27.729692
1.018322
1.033319
-152.606689
-9.030399
225.755936
213.108231
255.619003
5.815415
-184.976318
-92.480392
56.102859
58.960533
1.501022
0.305881
-1.884330
4.774924
3.570494
-2.077711
-36.032707
-3.584747
51.160076
54.808792
63.380440
6.374571
-43.776798
-24.825695
12.067831
16.496090
0.493411
0.087613
-0.522950
0.070715
-0.200895
0.444970
0.511740
0.714538
-0.123136
0.218765
0.454268
0.336544
-0.165010
-0.217113
-0.041483
0.122030
0.493411
0.087613
-0.522950
0.070715
-0.200895
0.444970
0.511740
0.714538
-0.123136
0.218765
0.454268
0.336544
-0.165010
-0.217113
-0.041483
0.122030
0.493411
0.087613
-0.522950
0.070715
-0.200895
0.444970
0.511740
0.714538
-0.123136
0.218765
0.454268
0.336544
-0.165010
-0.217113
-0.041483
0.122030
0.493411
0.087613
-0.522950
0.070715
-0.200895
0.444970
0.511740
0.714538
-0.123136
0.218765
0.454268
0.336544
-0.165010
-0.217113
-0.041483
0.122030
0.493411
0.087613
-0.522950
0.070715
-0.200895
0.444970
0.511740
0.714538
-0.123136
0.218765
0.454268
0.336544
-0.165010
-0.217113
-0.041483
0.122030
0.493411
0.087613
-0.522950
0.070715
-0.200895
0.444970
0.511740
0.714538
-0.123136
0.218765
0.454268
0.336544
-0.165010
-0.217113
-0.041483
0.122030
0.493411
0.087613
-0.522950
0.070715
-0.200895
0.444970
0.511740
0.714538
-0.123136
0.218765
0.454268
0.336544
-0.165010
-0.217113
-0.041483
0.122030
0.493411
0.087613
-0.522950
0.070715
-0.200895
0.444970
0.511740
0.714538
-0.123136
0.218765
0.454268
0.336544
-0.165010
-0.217113
-0.041483
0.122030
0.493411
0.087613
-0.522950
0.070715
-0.200895
0.444970
0.511740
0.714538
-0.123136
0.218765
0.454268
0.336544
-0.165010
-0.217113
-0.041483
0.122030
0.493411
0.087613
-0.522950
0.070715
-0.200895
0.444970
0.511740
0.714538
-0.123136
0.218765
0.454268
0.336544
-0.165010
-0.217113
-0.041483
0.122030
0.493411
0.087613
-0.522950
0.070715
-0.200895
0.444970
0.511740
0.714538
-0.123136
0.218765
0.454268
0.336544
-0.165010
-0.217113
-0.041483
0.122030
0.493411
0.087613
-0.522950
0.070715
-0.200895
0.444970
0.511740
0.714538
-0.123136
0.218765
0.454268
0.336544
-0.165010
-0.217113
-0.041483
0.122030
0.493411
0.087613
-0.522950
0.070715
-0.200895
0.444970
0.511740
0.714538
-0.123136
0.218765
0.454268
0.336544
-0.165010
-0.217113
-0.041483
0.122030
0.493411
0.087613
-0.522950
0.070715
-0.200895
0.444970
0.511740
0.714538
-0.123136
0.218765
0.454268
0.336544
-0.165010
-0.217113
-0.041483
0.122030
0.493411
0.087613
-0.522950
0.070715
-0.200895
0.444970
0.511740
0.714538
-0.123136
0.218765
0.454268
0.336544
-0.165010
-0.217113
-0.041483
0.122030
