-0.161404
-0.697679
0.945503
7.241118
4.451548
-5.547208
1.943133
-5.483357
-3.331578
3.574001
1.137870
7.812279
3.268204
-0.165480
-2.318766
1.016811
-3.395978
8.910786
2.918102
43.640884
-1.527900
-37.648941
-20.146509
-4.026620
14.126578
-13.733294
0.131333
25.452074
-21.282936
14.274898
22.960331
-6.688875
2.844352
-1.177888
-39.894062
115.897690
-79.586006
-96.341095
124.956947
-7.842755
-42.541645
-149.852493
-205.094193
79.219467
278.525940
-379.741364
-101.309250
227.768250
-0.473881
0.666820
-0.611034
-6.116957
-4.466014
6.267668
-1.359834
3.198205
3.467731
-2.809178
-1.772557
-6.864583
-2.616861
1.039465
3.693026
-2.153320
-0.052850
3.672461
33.212364
-98.878830
65.560783
81.688873
-98.403885
6.358890
34.539398
124.746208
165.873245
-64.960388
-225.607544
309.916870
80.859505
-187.668350
0.248680
-0.083660
-0.193276
0.388437
0.236532
-0.306396
0.603549
-1.206369
0.412007
-0.041000
0.579266
0.131818
-0.345877
-0.003033
0.539763
0.292451
0.248680
-0.083660
-0.193276
0.388437
0.236532
-0.306396
0.603549
-1.206369
0.412007
-0.041000
0.579266
0.131818
-0.345877
-0.003033
0.539763
0.292451
0.248680
-0.083660
-0.193276
0.388437
0.236532
-0.306396
0.603549
-1.206369
0.412007
-0.041000
0.579266
0.131818
-0.345877
-0.003033
0.539763
0.292451
0.248680
-0.083660
-0.193276
0.388437
0.236532
-0.306396
0.603549
-1.206369
0.412007
-0.041000
0.579266
0.131818
-0.345877
-0.003033
0.539763
0.292451
0.248680
-0.083660
-0.193276
0.388437
0.236532
-0.306396
0.603549
-1.206369
0.412007
-0.041000
0.579266
0.131818
-0.345877
-0.003033
0.539763
0.292451
0.248680
-0.083660
-0.193276
0.388437
0.236532
-0.306396
0.603549
-1.206369
0.412007
-0.041000
0.579266
0.131818
-0.345877
-0.003033
0.539763
0.292451
0.248680
-0.083660
-0.193276
0.388437
0.236532
-0.306396
0.603549
-1.206369
0.412007
-0.041000
0.579266
0.131818
-0.345877
-0.003033
0.539763
0.292451
0.248680
-0.083660
-0.193276
0.388437
0.236532
-0.306396
0.603549
-1.206369
0.412007
-0.041000
0.579266
0.131818
-0.345877
-0.003033
0.539763
0.292451
0.248680
-0.083660
-0.193276
0.388437
0.236532
-0.306396
0.603549
-1.206369
0.412007
-0.041000
0.579266
0.131818
-0.345877
-0.003033
0.539763
0.292451
0.248680
-0.083660
-0.193276
0.388437
0.236532
-0.306396
0.603549
-1.206369
0.412007
-0.041000
0.579266
0.131818
-0.345877
-0.003033
0.539763
0.292451
0.248680
-0.083660
-0.193276
0.388437
0.236532
-0.306396
0.603549
-1.206369
0.412007
-0.041000
0.579266
0.131818
-0.345877
-0.003033
0.539763
0.292451
0.248680
-0.083660
-0.193276
0.388437
0.236532
-0.306396
0.603549
-1.206369
0.412007
-0.041000
0.579266
0.131818
-0.345877
-0.003033
0.539763
0.292451
0.248680
-0.083660
-0.193276
0.388437
0.236532
-0.306396
0.603549
-1.206369
0.412007
-0.041000
0.579266
0.131818
-0.345877
-0.003033
0.539763
0.292451
0.248680
-0.083660
-0.193276
0.388437
0.236532
-0.306396
0.603549
-1.206369
0.412007
-0.041000
0.579266
0.131818
-0.345877
-0.003033
0.539763
0.292451
0.248680
-0.083660
-0.193276
0.388437
0.236532
-0.306396
0.603549
-1.206369
0.412007
-0.041000
0.579266
0.131818
-0.345877
-0.003033
0.539763
0.292451
