1.260870
-1.787660
15.915325
11.090335
-9.938601
-20.545925
-6.325805
2.515423
-2.556184
11.334953
18.143145
9.864780
2.111730
-1.112543
3.501605
4.691086
-1.399269
0.851797
-142.768723
57.933296
109.988670
-154.790070
85.981491
37.664841
111.060677
-45.637875
-186.292267
-119.214378
610.491577
-14.535630
-318.946960
25.875444
0.142658
-1.982636
61.733128
-24.289570
-47.036724
74.699516
-37.232113
-17.849903
-53.809189
16.042019
79.579407
56.646091
-282.008514
-2.324391
146.484848
-10.467275
-2.220093
0.535334
12.986771
-5.167030
-9.131688
8.780549
-5.829086
0.109604
-4.910594
7.059505
14.965083
4.407547
-39.853405
8.812006
20.289032
-2.722656
-1.069359
-0.088055
32.012959
-10.992723
-24.467833
30.278366
-19.081879
-9.504892
-21.958467
11.093324
39.484196
24.465527
-127.254051
1.984670
67.640625
0.034072
-0.267203
0.452984
0.099133
-0.088562
0.054861
0.191903
0.810317
0.104439
0.173607
0.103886
-0.195207
0.053474
0.293035
-0.244327
-0.365919
0.406399
-0.267203
0.452984
0.099133
-0.088562
0.054861
0.191903
0.810317
0.104439
0.173607
0.103886
-0.195207
0.053474
0.293035
-0.244327
-0.365919
0.406399
-0.267203
0.452984
0.099133
-0.088562
0.054861
0.191903
0.810317
0.104439
0.173607
0.103886
-0.195207
0.053474
0.293035
-0.244327
-0.365919
0.406399
-0.267203
0.452984
0.099133
-0.088562
0.054861
0.191903
0.810317
0.104439
0.173607
0.103886
-0.195207
0.053474
0.293035
-0.244327
-0.365919
0.406399
-0.267203
0.452984
0.099133
-0.088562
0.054861
0.191903
0.810317
0.104439
0.173607
0.103886
-0.195207
0.053474
0.293035
-0.244327
-0.365919
0.406399
-0.267203
0.452984
0.099133
-0.088562
0.054861
0.191903
0.810317
0.104439
0.173607
0.103886
-0.195207
0.053474
0.293035
-0.244327
-0.365919
0.406399
-0.267203
0.452984
0.099133
-0.088562
0.054861
0.191903
0.810317
0.104439
0.173607
0.103886
-0.195207
0.053474
0.293035
-0.244327
-0.365919
0.406399
-0.267203
0.452984
0.099133
-0.088562
0.054861
0.191903
0.810317
0.104439
0.173607
0.103886
-0.195207
0.053474
0.293035
-0.244327
-0.365919
0.406399
-0.267203
0.452984
0.099133
-0.088562
0.054861
0.191903
0.810317
0.104439
0.173607
0.103886
-0.195207
0.053474
0.293035
-0.244327
-0.365919
0.406399
-0.267203
0.452984
0.099133
-0.088562
0.054861
0.191903
0.810317
0.104439
0.173607
0.103886
-0.195207
0.053474
0.293035
-0.244327
-0.365919
0.406399
-0.267203
0.452984
0.099133
-0.088562
0.054861
0.191903
0.810317
0.104439
0.173607
0.103886
-0.195207
0.053474
0.293035
-0.244327
-0.365919
0.406399
-0.267203
0.452984
0.099133
-0.088562
0.054861
0.191903
0.810317
0.104439
0.173607
0.103886
-0.195207
0.053474
0.293035
-0.244327
-0.365919
0.406399
-0.267203
0.452984
0.099133
-0.088562
0.054861
0.191903
0.810317
0.104439
0.173607
0.103886
-0.195207
0.053474
0.293035
-0.244327
-0.365919
0.406399
-0.267203
0.452984
0.099133
-0.088562
0.054861
0.191903
0.810317
0.104439
0.173607
0.103886
-0.195207
0.053474
0.293035
-0.244327
-0.365919
0.406399
-0.267203
0.452984
0.099133
-0.088562
0.054861
0.191903
0.810317
0.104439
0.173607
0.103886
-0.195207
0.053474
0.293035
-0.244327
-0.365919
0.406399
