13.039303
-19.499493
36.348618
-20.297232
-29.798538
17.893143
5.293674
20.563610
-10.749916
-9.369916
19.738956
-18.826420
22.539558
8.172737
-16.475809
-14.343289
-0.454927
0.978493
2.815898
7.381018
-1.626713
-7.974546
3.955168
-4.037239
-5.110887
2.798016
5.836100
7.885144
6.258737
1.988187
-1.663355
1.776258
-0.301726
0.720799
-14.443905
143.858963
-64.598991
-156.348053
67.713921
-78.101608
40.818184
-66.583290
-163.162704
93.729691
300.957397
-502.192627
-132.732086
267.362518
-0.802094
0.843850
-3.590049
-8.292822
4.226152
11.542911
-3.394999
7.429502
-1.348174
3.877371
10.959509
-2.775783
-23.510227
31.724028
8.873736
-18.099888
-0.062276
-0.274241
11.639808
-113.905426
48.817066
121.619972
-54.484695
63.101307
-32.080708
55.617409
129.356720
-72.952812
-235.572723
397.332062
106.359787
-210.464554
-0.704694
0.090003
0.649449
-0.685999
-0.521460
0.028793
-0.545247
0.212957
-0.075938
-0.032900
0.034818
-0.537828
0.553217
-0.124053
-0.378548
-0.553527
-0.704694
0.090003
0.649449
-0.685999
-0.521460
0.028793
-0.545247
0.212957
-0.075938
-0.032900
0.034818
-0.537828
0.553217
-0.124053
-0.378548
-0.553527
-0.704694
0.090003
0.649449
-0.685999
-0.521460
0.028793
-0.545247
0.212957
-0.075938
-0.032900
0.034818
-0.537828
0.553217
-0.124053
-0.378548
-0.553527
-0.704694
0.090003
0.649449
-0.685999
-0.521460
0.028793
-0.545247
0.212957
-0.075938
-0.032900
0.034818
-0.537828
0.553217
-0.124053
-0.378548
-0.553527
-0.704694
0.090003
0.649449
-0.685999
-0.521460
0.028793
-0.545247
0.212957
-0.075938
-0.032900
0.034818
-0.537828
0.553217
-0.124053
-0.378548
-0.553527
-0.704694
0.090003
0.649449
-0.685999
-0.521460
0.028793
-0.545247
0.212957
-0.075938
-0.032900
0.034818
-0.537828
0.553217
-0.124053
-0.378548
-0.553527
-0.704694
0.090003
0.649449
-0.685999
-0.521460
0.028793
-0.545247
0.212957
-0.075938
-0.032900
0.034818
-0.537828
0.553217
-0.124053
-0.378548
-0.553527
-0.704694
0.090003
0.649449
-0.685999
-0.521460
0.028793
-0.545247
0.212957
-0.075938
-0.032900
0.034818
-0.537828
0.553217
-0.124053
-0.378548
-0.553527
-0.704694
0.090003
0.649449
-0.685999
-0.521460
0.028793
-0.545247
0.212957
-0.075938
-0.032900
0.034818
-0.537828
0.553217
-0.124053
-0.378548
-0.553527
-0.704694
0.090003
0.649449
-0.685999
-0.521460
0.028793
-0.545247
0.212957
-0.075938
-0.032900
0.034818
-0.537828
0.553217
-0.124053
-0.378548
-0.553527
-0.704694
0.090003
0.649449
-0.685999
-0.521460
0.028793
-0.545247
0.212957
-0.075938
-0.032900
0.034818
-0.537828
0.553217
-0.124053
-0.378548
-0.553527
-0.704694
0.090003
0.649449
-0.685999
-0.521460
0.028793
-0.545247
0.212957
-0.075938
-0.032900
0.034818
-0.537828
0.553217
-0.124053
-0.378548
-0.553527
-0.704694
0.090003
0.649449
-0.685999
-0.521460
0.028793
-0.545247
0.212957
-0.075938
-0.032900
0.034818
-0.537828
0.553217
-0.124053
-0.378548
-0.553527
-0.704694
0.090003
0.649449
-0.685999
-0.521460
0.028793
-0.545247
0.212957
-0.075938
-0.032900
0.034818
-0.537828
0.553217
-0.124053
-0.378548
-0.553527
-0.704694
0.090003
0.649449
-0.685999
-0.521460
0.028793
-0.545247
0.212957
-0.075938
-0.032900
0.034818
-0.537828
0.553217
-0.124053
-0.378548
-0.553527
