-2.916867
-1.189922
-9.475519
-4.364086
10.380569
-3.216384
-6.620431
-4.376085
4.291997
2.672543
2.238014
-5.844079
5.434502
-1.421917
-5.192057
-7.918766
-0.104555
-1.804740
0.722358
-7.333674
-2.448050
5.527112
-2.950399
0.436300
3.907444
-0.838248
-4.237638
-7.192641
-3.725723
-2.820308
2.960322
-1.359717
0.560362
-3.124210
-17.293982
-22.427412
25.861401
82.052612
-125.985680
-2.956981
103.218826
-27.892612
39.112217
-72.726051
-83.646935
244.897186
-89.350075
-113.492401
0.271932
-0.115291
-1.717120
6.845374
1.889744
-4.493632
2.702086
-1.542165
-4.130954
0.619730
3.812824
7.335769
4.699333
1.909679
-3.209300
0.913052
-0.755390
2.758986
-1.216893
0.402101
-0.014865
-10.642272
17.443516
-2.163414
-15.205522
8.130947
-2.869502
11.835108
12.333805
-38.336182
11.937015
17.551651
0.680814
2.840303
9.412750
9.493085
-15.240996
-44.269180
70.178215
3.080735
-60.246353
15.680754
-23.094847
41.722458
46.138924
-135.151566
48.575291
60.012703
0.440721
1.042663
0.374180
0.139421
-0.153266
-1.025406
-0.052781
-0.646028
-0.349371
-0.818973
0.061164
0.184128
-0.344351
0.357653
0.190928
0.195950
0.440721
1.042663
0.374180
0.139421
-0.153266
-1.025406
-0.052781
-0.646028
-0.349371
-0.818973
0.061164
0.184128
-0.344351
0.357653
0.190928
0.195950
0.440721
1.042663
0.374180
0.139421
-0.153266
-1.025406
-0.052781
-0.646028
-0.349371
-0.818973
0.061164
0.184128
-0.344351
0.357653
0.190928
0.195950
0.440721
1.042663
0.374180
0.139421
-0.153266
-1.025406
-0.052781
-0.646028
-0.349371
-0.818973
0.061164
0.184128
-0.344351
0.357653
0.190928
0.195950
0.440721
1.042663
0.374180
0.139421
-0.153266
-1.025406
-0.052781
-0.646028
-0.349371
-0.818973
0.061164
0.184128
-0.344351
0.357653
0.190928
0.195950
0.440721
1.042663
0.374180
0.139421
-0.153266
-1.025406
-0.052781
-0.646028
-0.349371
-0.818973
0.061164
0.184128
-0.344351
0.357653
0.190928
0.195950
0.440721
1.042663
0.374180
0.139421
-0.153266
-1.025406
-0.052781
-0.646028
-0.349371
-0.818973
0.061164
0.184128
-0.344351
0.357653
0.190928
0.195950
0.440721
1.042663
0.374180
0.139421
-0.153266
-1.025406
-0.052781
-0.646028
-0.349371
-0.818973
0.061164
0.184128
-0.344351
0.357653
0.190928
0.195950
0.440721
1.042663
0.374180
0.139421
-0.153266
-1.025406
-0.052781
-0.646028
-0.349371
-0.818973
0.061164
0.184128
-0.344351
0.357653
0.190928
0.195950
0.440721
1.042663
0.374180
0.139421
-0.153266
-1.025406
-0.052781
-0.646028
-0.349371
-0.818973
0.061164
0.184128
-0.344351
0.357653
0.190928
0.195950
0.440721
1.042663
0.374180
0.139421
-0.153266
-1.025406
-0.052781
-0.646028
-0.349371
-0.818973
0.061164
0.184128
-0.344351
0.357653
0.190928
0.195950
0.440721
1.042663
0.374180
0.139421
-0.153266
-1.025406
-0.052781
-0.646028
-0.349371
-0.818973
0.061164
0.184128
-0.344351
0.357653
0.190928
0.195950
0.440721
1.042663
0.374180
0.139421
-0.153266
-1.025406
-0.052781
-0.646028
-0.349371
-0.818973
0.061164
0.184128
-0.344351
0.357653
0.190928
0.195950
0.440721
1.042663
0.374180
0.139421
-0.153266
-1.025406
-0.052781
-0.646028
-0.349371
-0.818973
0.061164
0.184128
-0.344351
0.357653
0.190928
0.195950
