0.050396
-0.290928
-3.345138
5.814728
5.949631
-3.530904
3.119035
-3.653875
-5.279176
0.808635
-5.648237
7.294546
5.651279
1.493538
-4.814034
-1.731958
1.134768
-2.371069
-10.007491
23.721085
36.238247
-63.215157
51.887798
100.129105
-59.924934
-58.597023
-69.618752
8.448278
201.215088
-61.941818
-32.148151
120.449883
-2.680823
1.040932
11.531827
-21.907343
-35.040501
61.628750
-50.756504
-95.867592
61.169567
49.656235
66.956139
-12.172687
-191.287720
57.765202
31.534365
-118.014053
0.338381
0.454990
-0.232295
-0.207159
-0.156507
-0.413876
0.149145
0.232670
-0.175944
-0.309516
-0.465688
-0.374809
-0.389645
-0.006257
0.193317
0.203276
0.338381
0.454990
-0.232295
-0.207159
-0.156507
-0.413876
0.149145
0.232670
-0.175944
-0.309516
-0.465688
-0.374809
-0.389645
-0.006257
0.193317
0.203276
0.338381
0.454990
-0.232295
-0.207159
-0.156507
-0.413876
0.149145
0.232670
-0.175944
-0.309516
-0.465688
-0.374809
-0.389645
-0.006257
0.193317
0.203276
0.338381
0.454990
-0.232295
-0.207159
-0.156507
-0.413876
0.149145
0.232670
-0.175944
-0.309516
-0.465688
-0.374809
-0.389645
-0.006257
0.193317
0.203276
0.338381
0.454990
-0.232295
-0.207159
-0.156507
-0.413876
0.149145
0.232670
-0.175944
-0.309516
-0.465688
-0.374809
-0.389645
-0.006257
0.193317
0.203276
0.338381
0.454990
-0.232295
-0.207159
-0.156507
-0.413876
0.149145
0.232670
-0.175944
-0.309516
-0.465688
-0.374809
-0.389645
-0.006257
0.193317
0.203276
0.338381
0.454990
-0.232295
-0.207159
-0.156507
-0.413876
0.149145
0.232670
-0.175944
-0.309516
-0.465688
-0.374809
-0.389645
-0.006257
0.193317
0.203276
0.338381
0.454990
-0.232295
-0.207159
-0.156507
-0.413876
0.149145
0.232670
-0.175944
-0.309516
-0.465688
-0.374809
-0.389645
-0.006257
0.193317
0.203276
0.338381
0.454990
-0.232295
-0.207159
-0.156507
-0.413876
0.149145
0.232670
-0.175944
-0.309516
-0.465688
-0.374809
-0.389645
-0.006257
0.193317
0.203276
0.338381
0.454990
-0.232295
-0.207159
-0.156507
-0.413876
0.149145
0.232670
-0.175944
-0.309516
-0.465688
-0.374809
-0.389645
-0.006257
0.193317
0.203276
0.338381
0.454990
-0.232295
-0.207159
-0.156507
-0.413876
0.149145
0.232670
-0.175944
-0.309516
-0.465688
-0.374809
-0.389645
-0.006257
0.193317
0.203276
0.338381
0.454990
-0.232295
-0.207159
-0.156507
-0.413876
0.149145
0.232670
-0.175944
-0.309516
-0.465688
-0.374809
-0.389645
-0.006257
0.193317
0.203276
0.338381
0.454990
-0.232295
-0.207159
-0.156507
-0.413876
0.149145
0.232670
-0.175944
-0.309516
-0.465688
-0.374809
-0.389645
-0.006257
0.193317
0.203276
0.338381
0.454990
-0.232295
-0.207159
-0.156507
-0.413876
0.149145
0.232670
-0.175944
-0.309516
-0.465688
-0.374809
-0.389645
-0.006257
0.193317
0.203276
0.338381
0.454990
-0.232295
-0.207159
-0.156507
-0.413876
0.149145
0.232670
-0.175944
-0.309516
-0.465688
-0.374809
-0.389645
-0.006257
0.193317
0.203276
0.338381
0.454990
-0.232295
-0.207159
-0.156507
-0.413876
0.149145
0.232670
-0.175944
-0.309516
-0.465688
-0.374809
-0.389645
-0.006257
0.193317
0.203276
0.338381
0.454990
-0.232295
-0.207159
-0.156507
-0.413876
0.149145
0.232670
-0.175944
-0.309516
-0.465688
-0.374809
-0.389645
-0.006257
0.193317
0.203276
