-1.839110
0.050857
29.907007
-47.754929
-9.528643
-30.717222
-147.953171
-67.558350
40.629459
65.091148
175.337021
52.504608
-222.262024
8.699387
2.672894
170.552109
-2.699706
3.061440
-2.983388
4.415103
-1.411252
2.781342
12.131810
6.806797
-2.611317
-9.392223
-16.910221
-6.946163
18.208595
-2.204694
1.528368
-14.450219
3.932390
-0.169901
-21.926661
33.820919
11.022243
21.341064
101.805443
44.444447
-28.341017
-41.011105
-119.933449
-35.748730
148.955490
-7.366434
-0.973253
-115.348587
0.125676
0.163591
-0.231482
0.051922
-0.188099
-0.464074
-0.058284
0.126065
0.429134
0.367247
0.299006
-0.012062
0.974848
0.075241
0.348853
0.080674
0.125676
0.163591
-0.231482
0.051922
-0.188099
-0.464074
-0.058284
0.126065
0.429134
0.367247
0.299006
-0.012062
0.974848
0.075241
0.348853
0.080674
0.125676
0.163591
-0.231482
0.051922
-0.188099
-0.464074
-0.058284
0.126065
0.429134
0.367247
0.299006
-0.012062
0.974848
0.075241
0.348853
0.080674
0.125676
0.163591
-0.231482
0.051922
-0.188099
-0.464074
-0.058284
0.126065
0.429134
0.367247
0.299006
-0.012062
0.974848
0.075241
0.348853
0.080674
0.125676
0.163591
-0.231482
0.051922
-0.188099
-0.464074
-0.058284
0.126065
0.429134
0.367247
0.299006
-0.012062
0.974848
0.075241
0.348853
0.080674
0.125676
0.163591
-0.231482
0.051922
-0.188099
-0.464074
-0.058284
0.126065
0.429134
0.367247
0.299006
-0.012062
0.974848
0.075241
0.348853
0.080674
0.125676
0.163591
-0.231482
0.051922
-0.188099
-0.464074
-0.058284
0.126065
0.429134
0.367247
0.299006
-0.012062
0.974848
0.075241
0.348853
0.080674
0.125676
0.163591
-0.231482
0.051922
-0.188099
-0.464074
-0.058284
0.126065
0.429134
0.367247
0.299006
-0.012062
0.974848
0.075241
0.348853
0.080674
0.125676
0.163591
-0.231482
0.051922
-0.188099
-0.464074
-0.058284
0.126065
0.429134
0.367247
0.299006
-0.012062
0.974848
0.075241
0.348853
0.080674
0.125676
0.163591
-0.231482
0.051922
-0.188099
-0.464074
-0.058284
0.126065
0.429134
0.367247
0.299006
-0.012062
0.974848
0.075241
0.348853
0.080674
0.125676
0.163591
-0.231482
0.051922
-0.188099
-0.464074
-0.058284
0.126065
0.429134
0.367247
0.299006
-0.012062
0.974848
0.075241
0.348853
0.080674
0.125676
0.163591
-0.231482
0.051922
-0.188099
-0.464074
-0.058284
0.126065
0.429134
0.367247
0.299006
-0.012062
0.974848
0.075241
0.348853
0.080674
0.125676
0.163591
-0.231482
0.051922
-0.188099
-0.464074
-0.058284
0.126065
0.429134
0.367247
0.299006
-0.012062
0.974848
0.075241
0.348853
0.080674
0.125676
0.163591
-0.231482
0.051922
-0.188099
-0.464074
-0.058284
0.126065
0.429134
0.367247
0.299006
-0.012062
0.974848
0.075241
0.348853
0.080674
0.125676
0.163591
-0.231482
0.051922
-0.188099
-0.464074
-0.058284
0.126065
0.429134
0.367247
0.299006
-0.012062
0.974848
0.075241
0.348853
0.080674
0.125676
0.163591
-0.231482
0.051922
-0.188099
-0.464074
-0.058284
0.126065
0.429134
0.367247
0.299006
-0.012062
0.974848
0.075241
0.348853
0.080674
0.125676
0.163591
-0.231482
0.051922
-0.188099
-0.464074
-0.058284
0.126065
0.429134
0.367247
0.299006
-0.012062
0.974848
0.075241
0.348853
0.080674
