0.721215
-0.307055
-4.386673
4.846425
6.769063
-2.632634
2.979083
-2.859356
-3.744563
0.655841
-2.484952
5.769117
4.236233
0.987584
-2.543053
-1.034951
-5.177127
-12.464266
-20.803366
-38.106556
15.547356
37.001076
28.277664
-9.802484
-5.656616
0.860300
-24.340509
-24.384310
12.663316
-22.126379
-14.788574
18.799767
2.024768
-0.753826
2.744385
-8.591626
3.024942
7.687496
1.443625
-6.590154
-4.458683
5.035569
8.877267
0.970589
3.790457
5.691854
8.268428
-7.441947
1.283151
-2.423407
-9.950012
52.385250
31.594925
33.657795
154.203491
53.949646
-30.210052
-61.345852
-177.057068
2.996966
190.701538
-58.847958
-84.835503
-155.066467
-0.762623
-0.837927
3.242978
-26.890921
-19.329412
-12.114749
-69.304176
-26.031151
12.830815
29.825197
77.454323
4.380651
-83.691727
21.394596
38.018093
69.996796
-2.150075
3.474180
2.206135
-9.832182
-5.378308
-9.898639
-33.602154
-12.711433
3.787551
14.802675
39.800755
0.319058
-41.742157
9.358055
15.113279
32.330620
-0.209445
0.381516
-0.493114
0.546036
-0.201707
-0.177623
0.423089
-0.152380
0.406862
-0.490550
-0.266838
0.450772
-0.003107
-0.106904
0.658076
-0.020545
-0.209445
0.381516
-0.493114
0.546036
-0.201707
-0.177623
0.423089
-0.152380
0.406862
-0.490550
-0.266838
0.450772
-0.003107
-0.106904
0.658076
-0.020545
-0.209445
0.381516
-0.493114
0.546036
-0.201707
-0.177623
0.423089
-0.152380
0.406862
-0.490550
-0.266838
0.450772
-0.003107
-0.106904
0.658076
-0.020545
-0.209445
0.381516
-0.493114
0.546036
-0.201707
-0.177623
0.423089
-0.152380
0.406862
-0.490550
-0.266838
0.450772
-0.003107
-0.106904
0.658076
-0.020545
-0.209445
0.381516
-0.493114
0.546036
-0.201707
-0.177623
0.423089
-0.152380
0.406862
-0.490550
-0.266838
0.450772
-0.003107
-0.106904
0.658076
-0.020545
-0.209445
0.381516
-0.493114
0.546036
-0.201707
-0.177623
0.423089
-0.152380
0.406862
-0.490550
-0.266838
0.450772
-0.003107
-0.106904
0.658076
-0.020545
-0.209445
0.381516
-0.493114
0.546036
-0.201707
-0.177623
0.423089
-0.152380
0.406862
-0.490550
-0.266838
0.450772
-0.003107
-0.106904
0.658076
-0.020545
-0.209445
0.381516
-0.493114
0.546036
-0.201707
-0.177623
0.423089
-0.152380
0.406862
-0.490550
-0.266838
0.450772
-0.003107
-0.106904
0.658076
-0.020545
-0.209445
0.381516
-0.493114
0.546036
-0.201707
-0.177623
0.423089
-0.152380
0.406862
-0.490550
-0.266838
0.450772
-0.003107
-0.106904
0.658076
-0.020545
-0.209445
0.381516
-0.493114
0.546036
-0.201707
-0.177623
0.423089
-0.152380
0.406862
-0.490550
-0.266838
0.450772
-0.003107
-0.106904
0.658076
-0.020545
-0.209445
0.381516
-0.493114
0.546036
-0.201707
-0.177623
0.423089
-0.152380
0.406862
-0.490550
-0.266838
0.450772
-0.003107
-0.106904
0.658076
-0.020545
-0.209445
0.381516
-0.493114
0.546036
-0.201707
-0.177623
0.423089
-0.152380
0.406862
-0.490550
-0.266838
0.450772
-0.003107
-0.106904
0.658076
-0.020545
-0.209445
0.381516
-0.493114
0.546036
-0.201707
-0.177623
0.423089
-0.152380
0.406862
-0.490550
-0.266838
0.450772
-0.003107
-0.106904
0.658076
-0.020545
-0.209445
0.381516
-0.493114
0.546036
-0.201707
-0.177623
0.423089
-0.152380
0.406862
-0.490550
-0.266838
0.450772
-0.003107
-0.106904
0.658076
-0.020545
