-0.293909
2.424201
-92.264404
-49.777264
68.570198
74.087227
-17.108620
78.155014
174.378464
-156.532013
-141.553940
-113.196426
-48.464649
119.440300
-210.294022
-86.779594
0.410645
-3.254787
0.907090
4.463472
2.821652
-3.451956
1.965357
-3.443790
-5.200886
0.268796
0.061703
7.238018
5.930712
-1.199373
-3.581358
-0.321722
-1.824780
-0.870182
21.422062
5.081968
-19.992403
-14.076080
-6.781525
7.832037
-7.507620
9.102538
19.490206
-5.276685
11.541017
-1.210274
0.789051
2.508174
-8.418785
-4.680020
-41.126392
19.579273
33.615124
-4.100761
1.213538
-27.118179
9.618173
3.304332
-21.654980
12.349965
-16.592812
-18.883860
17.790440
16.741306
1.718494
-1.174957
58.130333
32.520607
-44.786869
-46.086853
11.897143
-51.084423
-106.132011
98.848328
95.668045
71.932968
29.715839
-73.280449
136.359177
55.920147
-1.639457
-2.249888
9.798774
3.819527
-10.752260
-8.224317
-3.146004
-5.533948
-19.573675
15.457004
15.765512
12.095006
6.685487
-14.745482
21.649900
8.547564
0.060523
-0.274990
-0.175222
-0.463589
0.377697
-0.041564
0.201343
0.161307
0.153129
0.009598
-0.149847
-0.379340
-0.630133
0.155729
0.276830
0.650486
0.060523
-0.274990
-0.175222
-0.463589
0.377697
-0.041564
0.201343
0.161307
0.153129
0.009598
-0.149847
-0.379340
-0.630133
0.155729
0.276830
0.650486
0.060523
-0.274990
-0.175222
-0.463589
0.377697
-0.041564
0.201343
0.161307
0.153129
0.009598
-0.149847
-0.379340
-0.630133
0.155729
0.276830
0.650486
0.060523
-0.274990
-0.175222
-0.463589
0.377697
-0.041564
0.201343
0.161307
0.153129
0.009598
-0.149847
-0.379340
-0.630133
0.155729
0.276830
0.650486
0.060523
-0.274990
-0.175222
-0.463589
0.377697
-0.041564
0.201343
0.161307
0.153129
0.009598
-0.149847
-0.379340
-0.630133
0.155729
0.276830
0.650486
0.060523
-0.274990
-0.175222
-0.463589
0.377697
-0.041564
0.201343
0.161307
0.153129
0.009598
-0.149847
-0.379340
-0.630133
0.155729
0.276830
0.650486
0.060523
-0.274990
-0.175222
-0.463589
0.377697
-0.041564
0.201343
0.161307
0.153129
0.009598
-0.149847
-0.379340
-0.630133
0.155729
0.276830
0.650486
0.060523
-0.274990
-0.175222
-0.463589
0.377697
-0.041564
0.201343
0.161307
0.153129
0.009598
-0.149847
-0.379340
-0.630133
0.155729
0.276830
0.650486
0.060523
-0.274990
-0.175222
-0.463589
0.377697
-0.041564
0.201343
0.161307
0.153129
0.009598
-0.149847
-0.379340
-0.630133
0.155729
0.276830
0.650486
0.060523
-0.274990
-0.175222
-0.463589
0.377697
-0.041564
0.201343
0.161307
0.153129
0.009598
-0.149847
-0.379340
-0.630133
0.155729
0.276830
0.650486
0.060523
-0.274990
-0.175222
-0.463589
0.377697
-0.041564
0.201343
0.161307
0.153129
0.009598
-0.149847
-0.379340
-0.630133
0.155729
0.276830
0.650486
0.060523
-0.274990
-0.175222
-0.463589
0.377697
-0.041564
0.201343
0.161307
0.153129
0.009598
-0.149847
-0.379340
-0.630133
0.155729
0.276830
0.650486
0.060523
-0.274990
-0.175222
-0.463589
0.377697
-0.041564
0.201343
0.161307
0.153129
0.009598
-0.149847
-0.379340
-0.630133
0.155729
0.276830
0.650486
0.060523
-0.274990
-0.175222
-0.463589
0.377697
-0.041564
0.201343
0.161307
0.153129
0.009598
-0.149847
-0.379340
-0.630133
0.155729
0.276830
0.650486
