2.110798
4.010571
-11.689407
2.660251
-15.118259
-3.565244
-9.238744
0.569466
-52.726727
-12.233089
-69.280701
-18.369055
-200.743896
-36.725754
3.416432
5.140045
-12.384383
-17.130642
51.354286
12.543917
-21.060152
-22.092381
-18.957888
12.339213
4.920387
-61.583382
36.996155
-60.891541
11.051432
-189.079727
0.642157
-28.664289
12.607612
10.090849
-8.452995
-0.131097
10.556630
-7.843832
5.884878
-2.836265
28.607983
2.318938
23.052366
-9.097768
98.291763
-24.881741
5.258928
7.648774
2.105625
0.136621
4.066877
-5.201375
-3.928945
2.502836
-3.673819
1.151707
3.855307
-1.241034
1.862477
-6.248732
-4.177924
-2.260755
2.603572
2.337138
1.024891
3.621381
-14.496049
-6.034149
13.052737
8.227294
8.547299
-6.508652
14.926726
25.177935
10.561898
25.490076
59.706345
71.253433
-1.325788
9.296401
-2.632923
0.879610
-3.730540
-111.344566
20.629850
103.629883
-29.038374
57.577374
232.064331
-21.266029
-70.771965
-210.543350
-80.233307
86.297325
-141.890152
-263.093719
-5.811430
1.494059
-0.871901
2.477130
-10.023000
-1.954478
4.321602
-1.722551
-9.397960
17.761200
-15.935019
33.238171
-48.735237
94.202530
-2.237468
-0.519354
2.387897
0.820504
0.459020
37.877163
-9.419079
-38.773159
8.936331
-19.262360
-90.453011
11.296302
29.165150
81.920059
30.207138
-35.066296
48.013889
97.863800
2.360910
1.851302
2.455076
37.992363
-3.927227
-35.191669
9.343784
-13.437192
-67.385742
-1.914366
15.018612
62.543724
19.547327
-20.846626
41.892052
76.695206
-0.307123
0.031334
0.851793
-0.315339
-0.201297
0.026849
-0.101003
0.326489
-0.526140
-0.048078
-0.065857
0.004712
-0.515002
0.005645
-0.752433
-0.643038
-0.307123
0.031334
0.851793
-0.315339
-0.201297
0.026849
-0.101003
0.326489
-0.526140
-0.048078
-0.065857
0.004712
-0.515002
0.005645
-0.752433
-0.643038
-0.307123
0.031334
0.851793
-0.315339
-0.201297
0.026849
-0.101003
0.326489
-0.526140
-0.048078
-0.065857
0.004712
-0.515002
0.005645
-0.752433
-0.643038
-0.307123
0.031334
0.851793
-0.315339
-0.201297
0.026849
-0.101003
0.326489
-0.526140
-0.048078
-0.065857
0.004712
-0.515002
0.005645
-0.752433
-0.643038
-0.307123
0.031334
0.851793
-0.315339
-0.201297
0.026849
-0.101003
0.326489
-0.526140
-0.048078
-0.065857
0.004712
-0.515002
0.005645
-0.752433
-0.643038
-0.307123
0.031334
0.851793
-0.315339
-0.201297
0.026849
-0.101003
0.326489
-0.526140
-0.048078
-0.065857
0.004712
-0.515002
0.005645
-0.752433
-0.643038
-0.307123
0.031334
0.851793
-0.315339
-0.201297
0.026849
-0.101003
0.326489
-0.526140
-0.048078
-0.065857
0.004712
-0.515002
0.005645
-0.752433
-0.643038
-0.307123
0.031334
0.851793
-0.315339
-0.201297
0.026849
-0.101003
0.326489
-0.526140
-0.048078
-0.065857
0.004712
-0.515002
0.005645
-0.752433
-0.643038
-0.307123
0.031334
0.851793
-0.315339
-0.201297
0.026849
-0.101003
0.326489
-0.526140
-0.048078
-0.065857
0.004712
-0.515002
0.005645
-0.752433
-0.643038
-0.307123
0.031334
0.851793
-0.315339
-0.201297
0.026849
-0.101003
0.326489
-0.526140
-0.048078
-0.065857
0.004712
-0.515002
0.005645
-0.752433
-0.643038
-0.307123
0.031334
0.851793
-0.315339
-0.201297
0.026849
-0.101003
0.326489
-0.526140
-0.048078
-0.065857
0.004712
-0.515002
0.005645
-0.752433
-0.643038
