1.185940
0.323350
1.250966
6.975435
5.535869
-5.591898
1.675421
-6.362363
-4.541852
2.971942
0.725415
7.343603
4.460351
-0.459681
-1.864298
0.693770
0.473600
-3.614129
5.847741
-141.958862
-33.034866
140.404877
-47.034054
-0.711261
236.879395
85.534203
47.926285
-254.372803
-166.968979
58.569313
-9.869264
-339.182556
-0.693197
0.470845
-1.199250
86.752022
19.018106
-88.449089
33.264427
0.784763
-149.907364
-53.132980
-29.624680
162.043579
105.166191
-31.397276
0.941308
215.506470
-2.433192
2.977781
-0.272653
9.770097
-0.201914
-10.913459
0.568026
0.017771
-12.448877
-1.347890
-1.408886
18.562807
9.921370
-8.730611
11.139647
21.195723
0.435063
0.669078
-2.383045
17.738712
8.035046
-15.010815
3.486140
1.598215
-24.222076
-21.460434
-14.392231
25.337358
24.194847
0.964379
-9.519957
34.790009
-0.676557
0.618886
-0.311828
0.092845
-0.058031
0.090404
-0.317645
-0.200369
0.220780
-0.371427
-0.446819
-0.122475
-0.300936
0.046393
0.043082
-0.269548
-0.676557
0.618886
-0.311828
0.092845
-0.058031
0.090404
-0.317645
-0.200369
0.220780
-0.371427
-0.446819
-0.122475
-0.300936
0.046393
0.043082
-0.269548
-0.676557
0.618886
-0.311828
0.092845
-0.058031
0.090404
-0.317645
-0.200369
0.220780
-0.371427
-0.446819
-0.122475
-0.300936
0.046393
0.043082
-0.269548
-0.676557
0.618886
-0.311828
0.092845
-0.058031
0.090404
-0.317645
-0.200369
0.220780
-0.371427
-0.446819
-0.122475
-0.300936
0.046393
0.043082
-0.269548
-0.676557
0.618886
-0.311828
0.092845
-0.058031
0.090404
-0.317645
-0.200369
0.220780
-0.371427
-0.446819
-0.122475
-0.300936
0.046393
0.043082
-0.269548
-0.676557
0.618886
-0.311828
0.092845
-0.058031
0.090404
-0.317645
-0.200369
0.220780
-0.371427
-0.446819
-0.122475
-0.300936
0.046393
0.043082
-0.269548
-0.676557
0.618886
-0.311828
0.092845
-0.058031
0.090404
-0.317645
-0.200369
0.220780
-0.371427
-0.446819
-0.122475
-0.300936
0.046393
0.043082
-0.269548
-0.676557
0.618886
-0.311828
0.092845
-0.058031
0.090404
-0.317645
-0.200369
0.220780
-0.371427
-0.446819
-0.122475
-0.300936
0.046393
0.043082
-0.269548
-0.676557
0.618886
-0.311828
0.092845
-0.058031
0.090404
-0.317645
-0.200369
0.220780
-0.371427
-0.446819
-0.122475
-0.300936
0.046393
0.043082
-0.269548
-0.676557
0.618886
-0.311828
0.092845
-0.058031
0.090404
-0.317645
-0.200369
0.220780
-0.371427
-0.446819
-0.122475
-0.300936
0.046393
0.043082
-0.269548
-0.676557
0.618886
-0.311828
0.092845
-0.058031
0.090404
-0.317645
-0.200369
0.220780
-0.371427
-0.446819
-0.122475
-0.300936
0.046393
0.043082
-0.269548
-0.676557
0.618886
-0.311828
0.092845
-0.058031
0.090404
-0.317645
-0.200369
0.220780
-0.371427
-0.446819
-0.122475
-0.300936
0.046393
0.043082
-0.269548
-0.676557
0.618886
-0.311828
0.092845
-0.058031
0.090404
-0.317645
-0.200369
0.220780
-0.371427
-0.446819
-0.122475
-0.300936
0.046393
0.043082
-0.269548
-0.676557
0.618886
-0.311828
0.092845
-0.058031
0.090404
-0.317645
-0.200369
0.220780
-0.371427
-0.446819
-0.122475
-0.300936
0.046393
0.043082
-0.269548
-0.676557
0.618886
-0.311828
0.092845
-0.058031
0.090404
-0.317645
-0.200369
0.220780
-0.371427
-0.446819
-0.122475
-0.300936
0.046393
0.043082
-0.269548
