2.953815
-23.359306
39.200222
28.702324
-24.362110
-24.875715
-28.526535
10.803136
-1.759329
-12.016507
30.167828
11.488519
-8.666266
25.522743
12.202598
-17.231037
0.482727
0.185796
-3.321755
5.822121
5.981111
-4.160686
3.642983
-3.909756
-4.999038
1.030624
-3.373524
5.786684
4.992908
3.437186
-2.070729
0.418543
3.048762
0.942327
69.149712
61.709801
-68.527641
-92.705925
68.976204
-64.897125
-287.132690
33.818897
91.788567
210.405640
96.515076
-124.044662
220.040756
200.254028
-0.583618
1.051743
-6.983563
-4.498893
6.983919
7.075139
-4.774230
7.623586
21.137474
-1.923109
-6.412425
-11.571830
-8.385715
4.122671
-16.887611
-13.523991
-1.619464
0.017517
-28.645565
-28.452568
24.623343
43.341957
-28.094694
25.423462
119.183228
-17.399870
-40.578312
-90.746727
-40.018669
53.905216
-94.587112
-85.516121
-1.798365
1.136362
-14.771244
-11.337072
18.765783
14.190345
-14.948174
17.692581
69.859901
-13.591924
-26.337725
-51.776505
-19.022326
30.952433
-55.587811
-43.445866
0.685677
0.424643
0.012868
0.480181
-0.293364
0.394255
0.399277
-0.618757
-0.309824
-0.505963
0.168905
0.109812
0.383043
0.299211
0.294568
-0.265802
0.685677
0.424643
0.012868
0.480181
-0.293364
0.394255
0.399277
-0.618757
-0.309824
-0.505963
0.168905
0.109812
0.383043
0.299211
0.294568
-0.265802
0.685677
0.424643
0.012868
0.480181
-0.293364
0.394255
0.399277
-0.618757
-0.309824
-0.505963
0.168905
0.109812
0.383043
0.299211
0.294568
-0.265802
0.685677
0.424643
0.012868
0.480181
-0.293364
0.394255
0.399277
-0.618757
-0.309824
-0.505963
0.168905
0.109812
0.383043
0.299211
0.294568
-0.265802
0.685677
0.424643
0.012868
0.480181
-0.293364
0.394255
0.399277
-0.618757
-0.309824
-0.505963
0.168905
0.109812
0.383043
0.299211
0.294568
-0.265802
0.685677
0.424643
0.012868
0.480181
-0.293364
0.394255
0.399277
-0.618757
-0.309824
-0.505963
0.168905
0.109812
0.383043
0.299211
0.294568
-0.265802
0.685677
0.424643
0.012868
0.480181
-0.293364
0.394255
0.399277
-0.618757
-0.309824
-0.505963
0.168905
0.109812
0.383043
0.299211
0.294568
-0.265802
0.685677
0.424643
0.012868
0.480181
-0.293364
0.394255
0.399277
-0.618757
-0.309824
-0.505963
0.168905
0.109812
0.383043
0.299211
0.294568
-0.265802
0.685677
0.424643
0.012868
0.480181
-0.293364
0.394255
0.399277
-0.618757
-0.309824
-0.505963
0.168905
0.109812
0.383043
0.299211
0.294568
-0.265802
0.685677
0.424643
0.012868
0.480181
-0.293364
0.394255
0.399277
-0.618757
-0.309824
-0.505963
0.168905
0.109812
0.383043
0.299211
0.294568
-0.265802
0.685677
0.424643
0.012868
0.480181
-0.293364
0.394255
0.399277
-0.618757
-0.309824
-0.505963
0.168905
0.109812
0.383043
0.299211
0.294568
-0.265802
0.685677
0.424643
0.012868
0.480181
-0.293364
0.394255
0.399277
-0.618757
-0.309824
-0.505963
0.168905
0.109812
0.383043
0.299211
0.294568
-0.265802
0.685677
0.424643
0.012868
0.480181
-0.293364
0.394255
0.399277
-0.618757
-0.309824
-0.505963
0.168905
0.109812
0.383043
0.299211
0.294568
-0.265802
0.685677
0.424643
0.012868
0.480181
-0.293364
0.394255
0.399277
-0.618757
-0.309824
-0.505963
0.168905
0.109812
0.383043
0.299211
0.294568
-0.265802
