-13.034659
-10.583461
-49.414589
-0.928792
33.689873
8.108057
7.937982
-13.492361
18.004471
13.997386
-26.949081
7.452571
-7.947032
-23.337925
-1.822694
20.226137
-0.667922
-1.968605
92.461479
-97.037361
-115.562973
78.211052
-62.621544
-72.700775
38.870403
309.906067
244.069031
-86.603210
-111.702744
-93.817490
265.008453
-207.281509
-0.428892
0.686528
-31.594128
39.545158
43.438618
-30.639132
20.991257
26.254107
-8.065619
-117.171288
-86.123489
32.006874
35.387833
34.928944
-99.230072
75.383003
0.946352
0.754008
-26.838923
24.477688
34.397781
-20.462606
17.809553
22.714392
-12.581625
-84.749908
-69.205109
21.146044
30.556316
27.773952
-77.894501
54.538700
-0.481096
0.502915
-1.063386
0.556402
0.328563
0.108321
-0.228910
-0.269762
-0.181741
0.387559
0.086079
0.311609
0.079265
0.235061
0.106252
0.665232
-0.481096
0.502915
-1.063386
0.556402
0.328563
0.108321
-0.228910
-0.269762
-0.181741
0.387559
0.086079
0.311609
0.079265
0.235061
0.106252
0.665232
-0.481096
0.502915
-1.063386
0.556402
0.328563
0.108321
-0.228910
-0.269762
-0.181741
0.387559
0.086079
0.311609
0.079265
0.235061
0.106252
0.665232
-0.481096
0.502915
-1.063386
0.556402
0.328563
0.108321
-0.228910
-0.269762
-0.181741
0.387559
0.086079
0.311609
0.079265
0.235061
0.106252
0.665232
-0.481096
0.502915
-1.063386
0.556402
0.328563
0.108321
-0.228910
-0.269762
-0.181741
0.387559
0.086079
0.311609
0.079265
0.235061
0.106252
0.665232
-0.481096
0.502915
-1.063386
0.556402
0.328563
0.108321
-0.228910
-0.269762
-0.181741
0.387559
0.086079
0.311609
0.079265
0.235061
0.106252
0.665232
-0.481096
0.502915
-1.063386
0.556402
0.328563
0.108321
-0.228910
-0.269762
-0.181741
0.387559
0.086079
0.311609
0.079265
0.235061
0.106252
0.665232
-0.481096
0.502915
-1.063386
0.556402
0.328563
0.108321
-0.228910
-0.269762
-0.181741
0.387559
0.086079
0.311609
0.079265
0.235061
0.106252
0.665232
-0.481096
0.502915
-1.063386
0.556402
0.328563
0.108321
-0.228910
-0.269762
-0.181741
0.387559
0.086079
0.311609
0.079265
0.235061
0.106252
0.665232
-0.481096
0.502915
-1.063386
0.556402
0.328563
0.108321
-0.228910
-0.269762
-0.181741
0.387559
0.086079
0.311609
0.079265
0.235061
0.106252
0.665232
-0.481096
0.502915
-1.063386
0.556402
0.328563
0.108321
-0.228910
-0.269762
-0.181741
0.387559
0.086079
0.311609
0.079265
0.235061
0.106252
0.665232
-0.481096
0.502915
-1.063386
0.556402
0.328563
0.108321
-0.228910
-0.269762
-0.181741
0.387559
0.086079
0.311609
0.079265
0.235061
0.106252
0.665232
-0.481096
0.502915
-1.063386
0.556402
0.328563
0.108321
-0.228910
-0.269762
-0.181741
0.387559
0.086079
0.311609
0.079265
0.235061
0.106252
0.665232
-0.481096
0.502915
-1.063386
0.556402
0.328563
0.108321
-0.228910
-0.269762
-0.181741
0.387559
0.086079
0.311609
0.079265
0.235061
0.106252
0.665232
-0.481096
0.502915
-1.063386
0.556402
0.328563
0.108321
-0.228910
-0.269762
-0.181741
0.387559
0.086079
0.311609
0.079265
0.235061
0.106252
0.665232
-0.481096
0.502915
-1.063386
0.556402
0.328563
0.108321
-0.228910
-0.269762
-0.181741
0.387559
0.086079
0.311609
0.079265
0.235061
0.106252
0.665232
