0.949725
-0.630582
1.554514
-7.882393
-2.257259
8.138675
-5.159794
3.993079
5.064986
-1.508295
-2.235643
-9.325772
-6.382913
-3.638421
1.666767
-3.322373
8.714779
9.388976
4.242587
-41.584396
0.546567
33.890141
27.335032
5.858437
-14.468643
12.583311
-7.721257
-26.095417
19.960781
-11.495640
-21.218861
9.197507
-1.528785
1.378825
16.757864
-8.950191
-28.170588
-13.069208
-19.113388
12.604722
16.328001
-7.113367
30.360563
-12.924654
-15.336178
-7.079177
2.985876
13.406653
-1.669423
1.801938
-8.076618
16.471073
-7.843240
-34.481800
-112.255692
-80.747261
-155.124313
183.190079
11.718054
61.564590
57.898697
-150.407867
-9.134009
-89.924500
4.017872
0.897142
8.700562
-14.583871
2.171305
33.216366
106.706123
81.719208
146.943527
-172.267731
-10.512269
-57.637600
-49.751503
141.176743
8.552702
84.356964
1.128999
0.107555
-0.274129
-0.163426
-0.096080
-0.346927
-0.532510
-0.246683
0.603386
0.329419
0.154981
0.192374
0.092674
-0.035027
-0.256820
0.204862
1.128999
0.107555
-0.274129
-0.163426
-0.096080
-0.346927
-0.532510
-0.246683
0.603386
0.329419
0.154981
0.192374
0.092674
-0.035027
-0.256820
0.204862
1.128999
0.107555
-0.274129
-0.163426
-0.096080
-0.346927
-0.532510
-0.246683
0.603386
0.329419
0.154981
0.192374
0.092674
-0.035027
-0.256820
0.204862
1.128999
0.107555
-0.274129
-0.163426
-0.096080
-0.346927
-0.532510
-0.246683
0.603386
0.329419
0.154981
0.192374
0.092674
-0.035027
-0.256820
0.204862
1.128999
0.107555
-0.274129
-0.163426
-0.096080
-0.346927
-0.532510
-0.246683
0.603386
0.329419
0.154981
0.192374
0.092674
-0.035027
-0.256820
0.204862
1.128999
0.107555
-0.274129
-0.163426
-0.096080
-0.346927
-0.532510
-0.246683
0.603386
0.329419
0.154981
0.192374
0.092674
-0.035027
-0.256820
0.204862
1.128999
0.107555
-0.274129
-0.163426
-0.096080
-0.346927
-0.532510
-0.246683
0.603386
0.329419
0.154981
0.192374
0.092674
-0.035027
-0.256820
0.204862
1.128999
0.107555
-0.274129
-0.163426
-0.096080
-0.346927
-0.532510
-0.246683
0.603386
0.329419
0.154981
0.192374
0.092674
-0.035027
-0.256820
0.204862
1.128999
0.107555
-0.274129
-0.163426
-0.096080
-0.346927
-0.532510
-0.246683
0.603386
0.329419
0.154981
0.192374
0.092674
-0.035027
-0.256820
0.204862
1.128999
0.107555
-0.274129
-0.163426
-0.096080
-0.346927
-0.532510
-0.246683
0.603386
0.329419
0.154981
0.192374
0.092674
-0.035027
-0.256820
0.204862
1.128999
0.107555
-0.274129
-0.163426
-0.096080
-0.346927
-0.532510
-0.246683
0.603386
0.329419
0.154981
0.192374
0.092674
-0.035027
-0.256820
0.204862
1.128999
0.107555
-0.274129
-0.163426
-0.096080
-0.346927
-0.532510
-0.246683
0.603386
0.329419
0.154981
0.192374
0.092674
-0.035027
-0.256820
0.204862
1.128999
0.107555
-0.274129
-0.163426
-0.096080
-0.346927
-0.532510
-0.246683
0.603386
0.329419
0.154981
0.192374
0.092674
-0.035027
-0.256820
0.204862
1.128999
0.107555
-0.274129
-0.163426
-0.096080
-0.346927
-0.532510
-0.246683
0.603386
0.329419
0.154981
0.192374
0.092674
-0.035027
-0.256820
0.204862
1.128999
0.107555
-0.274129
-0.163426
-0.096080
-0.346927
-0.532510
-0.246683
0.603386
0.329419
0.154981
0.192374
0.092674
-0.035027
-0.256820
0.204862
