-6.078979
-0.755400
9.206820
-10.612641
-17.025154
7.630700
3.798077
-0.249733
12.377789
8.495492
11.012465
-12.675238
-3.408156
0.960065
10.771569
-0.097899
-1.064370
-0.528065
-4.275726
-0.280693
-2.677323
-1.982359
0.006406
3.697621
2.527429
-2.735990
0.748834
0.225302
0.641479
2.000157
-0.969347
1.151956
-1.990914
0.223802
-2.430342
-9.461975
8.360521
5.949632
-3.343326
-9.215273
0.090137
3.590886
5.615035
-4.059914
4.762242
3.118995
2.637262
-9.265009
1.131516
1.454923
19.068861
1.447064
-81.464935
33.660206
-88.092926
169.613907
213.033936
168.238190
78.629280
2.405477
-207.264557
-104.937325
-73.004333
7.414192
-2.553935
-0.552065
-8.057904
-1.893284
35.192249
-17.971451
37.628750
-74.590836
-101.142052
-74.572014
-33.227745
-2.144076
96.728477
50.883411
30.442917
-0.462555
0.827409
-1.353369
-4.177803
-0.274047
14.966455
-7.344831
17.098593
-38.084579
-46.967289
-33.117718
-16.546551
4.741943
43.163940
18.568457
14.557615
-4.061823
-0.389333
0.451750
-0.149763
-0.284745
0.086875
0.169222
0.057218
0.125954
0.015436
0.804036
0.432870
0.062559
-0.273697
-0.344828
-0.351204
0.264847
-0.389333
0.451750
-0.149763
-0.284745
0.086875
0.169222
0.057218
0.125954
0.015436
0.804036
0.432870
0.062559
-0.273697
-0.344828
-0.351204
0.264847
-0.389333
0.451750
-0.149763
-0.284745
0.086875
0.169222
0.057218
0.125954
0.015436
0.804036
0.432870
0.062559
-0.273697
-0.344828
-0.351204
0.264847
-0.389333
0.451750
-0.149763
-0.284745
0.086875
0.169222
0.057218
0.125954
0.015436
0.804036
0.432870
0.062559
-0.273697
-0.344828
-0.351204
0.264847
-0.389333
0.451750
-0.149763
-0.284745
0.086875
0.169222
0.057218
0.125954
0.015436
0.804036
0.432870
0.062559
-0.273697
-0.344828
-0.351204
0.264847
-0.389333
0.451750
-0.149763
-0.284745
0.086875
0.169222
0.057218
0.125954
0.015436
0.804036
0.432870
0.062559
-0.273697
-0.344828
-0.351204
0.264847
-0.389333
0.451750
-0.149763
-0.284745
0.086875
0.169222
0.057218
0.125954
0.015436
0.804036
0.432870
0.062559
-0.273697
-0.344828
-0.351204
0.264847
-0.389333
0.451750
-0.149763
-0.284745
0.086875
0.169222
0.057218
0.125954
0.015436
0.804036
0.432870
0.062559
-0.273697
-0.344828
-0.351204
0.264847
-0.389333
0.451750
-0.149763
-0.284745
0.086875
0.169222
0.057218
0.125954
0.015436
0.804036
0.432870
0.062559
-0.273697
-0.344828
-0.351204
0.264847
-0.389333
0.451750
-0.149763
-0.284745
0.086875
0.169222
0.057218
0.125954
0.015436
0.804036
0.432870
0.062559
-0.273697
-0.344828
-0.351204
0.264847
-0.389333
0.451750
-0.149763
-0.284745
0.086875
0.169222
0.057218
0.125954
0.015436
0.804036
0.432870
0.062559
-0.273697
-0.344828
-0.351204
0.264847
-0.389333
0.451750
-0.149763
-0.284745
0.086875
0.169222
0.057218
0.125954
0.015436
0.804036
0.432870
0.062559
-0.273697
-0.344828
-0.351204
0.264847
-0.389333
0.451750
-0.149763
-0.284745
0.086875
0.169222
0.057218
0.125954
0.015436
0.804036
0.432870
0.062559
-0.273697
-0.344828
-0.351204
0.264847
-0.389333
0.451750
-0.149763
-0.284745
0.086875
0.169222
0.057218
0.125954
0.015436
0.804036
0.432870
0.062559
-0.273697
-0.344828
-0.351204
0.264847
