-0.799106
0.606062
-19.071981
7.604078
21.847980
5.523997
2.776395
-7.603594
-0.088178
-10.352468
-11.898011
3.369787
-3.971255
5.220341
-8.189191
-0.007968
10.804997
0.928082
34.190460
-34.787018
-20.876263
29.241001
17.693924
18.256155
-16.271042
4.830168
17.543676
-28.705782
18.727676
5.609019
-19.816490
-7.108809
1.231941
0.442826
2.491245
-25.490986
46.168827
45.295559
175.599075
30.042856
155.121780
-258.417633
-14.837499
-110.610733
-30.639303
208.195923
16.368336
96.655823
0.988935
0.997538
-2.702046
11.530088
-18.832304
-18.582066
-73.731819
-14.437290
-73.828903
105.892479
3.740977
51.807732
13.572270
-91.324280
-9.851895
-39.526833
-1.276559
-1.674251
-1.178978
6.846520
-11.148300
-12.787631
-39.732090
-11.083606
-40.049057
57.953949
1.995369
25.273722
13.325289
-46.665985
0.082539
-23.375341
-0.231562
-0.249179
-0.090331
-0.470772
-0.286032
0.206886
-0.518444
0.181647
-0.317655
0.095088
-0.299795
-0.279329
0.313350
-0.655994
-0.420615
-0.363161
-0.231562
-0.249179
-0.090331
-0.470772
-0.286032
0.206886
-0.518444
0.181647
-0.317655
0.095088
-0.299795
-0.279329
0.313350
-0.655994
-0.420615
-0.363161
-0.231562
-0.249179
-0.090331
-0.470772
-0.286032
0.206886
-0.518444
0.181647
-0.317655
0.095088
-0.299795
-0.279329
0.313350
-0.655994
-0.420615
-0.363161
-0.231562
-0.249179
-0.090331
-0.470772
-0.286032
0.206886
-0.518444
0.181647
-0.317655
0.095088
-0.299795
-0.279329
0.313350
-0.655994
-0.420615
-0.363161
-0.231562
-0.249179
-0.090331
-0.470772
-0.286032
0.206886
-0.518444
0.181647
-0.317655
0.095088
-0.299795
-0.279329
0.313350
-0.655994
-0.420615
-0.363161
-0.231562
-0.249179
-0.090331
-0.470772
-0.286032
0.206886
-0.518444
0.181647
-0.317655
0.095088
-0.299795
-0.279329
0.313350
-0.655994
-0.420615
-0.363161
-0.231562
-0.249179
-0.090331
-0.470772
-0.286032
0.206886
-0.518444
0.181647
-0.317655
0.095088
-0.299795
-0.279329
0.313350
-0.655994
-0.420615
-0.363161
-0.231562
-0.249179
-0.090331
-0.470772
-0.286032
0.206886
-0.518444
0.181647
-0.317655
0.095088
-0.299795
-0.279329
0.313350
-0.655994
-0.420615
-0.363161
-0.231562
-0.249179
-0.090331
-0.470772
-0.286032
0.206886
-0.518444
0.181647
-0.317655
0.095088
-0.299795
-0.279329
0.313350
-0.655994
-0.420615
-0.363161
-0.231562
-0.249179
-0.090331
-0.470772
-0.286032
0.206886
-0.518444
0.181647
-0.317655
0.095088
-0.299795
-0.279329
0.313350
-0.655994
-0.420615
-0.363161
-0.231562
-0.249179
-0.090331
-0.470772
-0.286032
0.206886
-0.518444
0.181647
-0.317655
0.095088
-0.299795
-0.279329
0.313350
-0.655994
-0.420615
-0.363161
-0.231562
-0.249179
-0.090331
-0.470772
-0.286032
0.206886
-0.518444
0.181647
-0.317655
0.095088
-0.299795
-0.279329
0.313350
-0.655994
-0.420615
-0.363161
-0.231562
-0.249179
-0.090331
-0.470772
-0.286032
0.206886
-0.518444
0.181647
-0.317655
0.095088
-0.299795
-0.279329
0.313350
-0.655994
-0.420615
-0.363161
-0.231562
-0.249179
-0.090331
-0.470772
-0.286032
0.206886
-0.518444
0.181647
-0.317655
0.095088
-0.299795
-0.279329
0.313350
-0.655994
-0.420615
-0.363161
-0.231562
-0.249179
-0.090331
-0.470772
-0.286032
0.206886
-0.518444
0.181647
-0.317655
0.095088
-0.299795
-0.279329
0.313350
-0.655994
-0.420615
-0.363161
