-2.694454
5.775214
739.091797
62.037899
1040.548706
488.958984
-1505.159790
-583.747742
670.789001
352.767548
-669.799011
-793.851563
1075.229980
116.073761
261.819855
-327.552063
0.052631
-1.518499
-20.363199
0.779570
-27.213926
-5.955755
43.058594
11.850368
-9.927962
-9.505063
15.422306
13.608564
-27.496965
-3.979639
-5.675399
13.285420
0.929937
-1.691552
-276.700195
-17.311630
-393.878510
-190.164902
566.201050
220.801529
-254.029617
-134.284058
253.634964
303.029572
-411.099274
-39.593929
-92.230026
123.961960
-0.445738
0.368556
-34.802452
-7.759946
-47.663792
-27.847258
72.580856
28.474762
-30.481550
-20.621132
29.646202
38.917423
-52.426579
-5.035052
-11.882002
15.381963
-0.915607
0.800722
-46.609238
-7.825436
-65.917236
-32.848297
92.403503
40.181622
-42.767780
-25.823292
40.670284
53.241837
-64.555115
-11.410910
-19.093561
18.168392
1.582092
-3.259196
-202.880295
-20.989614
-281.201874
-128.466263
406.286621
159.993240
-179.568695
-93.289001
181.673462
213.673859
-288.746979
-35.257710
-77.442207
86.140648
-0.594698
0.161251
-0.216330
-0.017180
0.081584
-0.207102
-0.166204
0.756493
-0.222979
0.296991
0.408157
0.382971
-0.209029
-0.027891
0.169543
0.105951
-0.594698
0.161251
-0.216330
-0.017180
0.081584
-0.207102
-0.166204
0.756493
-0.222979
0.296991
0.408157
0.382971
-0.209029
-0.027891
0.169543
0.105951
-0.594698
0.161251
-0.216330
-0.017180
0.081584
-0.207102
-0.166204
0.756493
-0.222979
0.296991
0.408157
0.382971
-0.209029
-0.027891
0.169543
0.105951
-0.594698
0.161251
-0.216330
-0.017180
0.081584
-0.207102
-0.166204
0.756493
-0.222979
0.296991
0.408157
0.382971
-0.209029
-0.027891
0.169543
0.105951
-0.594698
0.161251
-0.216330
-0.017180
0.081584
-0.207102
-0.166204
0.756493
-0.222979
0.296991
0.408157
0.382971
-0.209029
-0.027891
0.169543
0.105951
-0.594698
0.161251
-0.216330
-0.017180
0.081584
-0.207102
-0.166204
0.756493
-0.222979
0.296991
0.408157
0.382971
-0.209029
-0.027891
0.169543
0.105951
-0.594698
0.161251
-0.216330
-0.017180
0.081584
-0.207102
-0.166204
0.756493
-0.222979
0.296991
0.408157
0.382971
-0.209029
-0.027891
0.169543
0.105951
-0.594698
0.161251
-0.216330
-0.017180
0.081584
-0.207102
-0.166204
0.756493
-0.222979
0.296991
0.408157
0.382971
-0.209029
-0.027891
0.169543
0.105951
-0.594698
0.161251
-0.216330
-0.017180
0.081584
-0.207102
-0.166204
0.756493
-0.222979
0.296991
0.408157
0.382971
-0.209029
-0.027891
0.169543
0.105951
-0.594698
0.161251
-0.216330
-0.017180
0.081584
-0.207102
-0.166204
0.756493
-0.222979
0.296991
0.408157
0.382971
-0.209029
-0.027891
0.169543
0.105951
-0.594698
0.161251
-0.216330
-0.017180
0.081584
-0.207102
-0.166204
0.756493
-0.222979
0.296991
0.408157
0.382971
-0.209029
-0.027891
0.169543
0.105951
-0.594698
0.161251
-0.216330
-0.017180
0.081584
-0.207102
-0.166204
0.756493
-0.222979
0.296991
0.408157
0.382971
-0.209029
-0.027891
0.169543
0.105951
-0.594698
0.161251
-0.216330
-0.017180
0.081584
-0.207102
-0.166204
0.756493
-0.222979
0.296991
0.408157
0.382971
-0.209029
-0.027891
0.169543
0.105951
-0.594698
0.161251
-0.216330
-0.017180
0.081584
-0.207102
-0.166204
0.756493
-0.222979
0.296991
0.408157
0.382971
-0.209029
-0.027891
0.169543
0.105951
