12.477400
0.958350
-48.085037
2.160671
29.401083
-9.232495
8.275250
-28.631046
16.216482
12.768753
-24.045637
18.498175
-17.575930
-14.656010
1.956403
18.254215
0.160345
1.265913
2.782444
-4.534365
1.673934
-1.378829
-4.609243
-2.039307
1.038945
4.764133
-0.547761
1.722729
-1.441919
-0.420900
-0.001416
-2.048479
2.216962
0.424365
-5.494636
-7.197215
33.876484
-9.175455
90.959122
-119.289467
-36.800865
-165.751556
-39.650776
-46.158325
55.607265
71.625740
81.102707
45.482063
-1.429133
-0.792923
1.419484
4.241585
-18.337986
3.937966
-48.998821
66.530060
21.868084
87.934898
19.494795
26.175035
-30.148954
-39.502991
-44.542427
-22.509102
-2.006343
-1.988046
1.105319
0.459605
-2.885412
-0.705645
-16.635202
17.729666
8.311313
26.157568
7.222926
5.473993
-7.992388
-11.558237
-11.809174
-7.922413
-0.178577
0.284059
-0.608866
0.837968
0.372144
-0.418303
0.719801
0.506126
0.223680
0.055127
-0.303213
0.500978
0.057755
0.112515
0.531698
0.347364
-0.178577
0.284059
-0.608866
0.837968
0.372144
-0.418303
0.719801
0.506126
0.223680
0.055127
-0.303213
0.500978
0.057755
0.112515
0.531698
0.347364
-0.178577
0.284059
-0.608866
0.837968
0.372144
-0.418303
0.719801
0.506126
0.223680
0.055127
-0.303213
0.500978
0.057755
0.112515
0.531698
0.347364
-0.178577
0.284059
-0.608866
0.837968
0.372144
-0.418303
0.719801
0.506126
0.223680
0.055127
-0.303213
0.500978
0.057755
0.112515
0.531698
0.347364
-0.178577
0.284059
-0.608866
0.837968
0.372144
-0.418303
0.719801
0.506126
0.223680
0.055127
-0.303213
0.500978
0.057755
0.112515
0.531698
0.347364
-0.178577
0.284059
-0.608866
0.837968
0.372144
-0.418303
0.719801
0.506126
0.223680
0.055127
-0.303213
0.500978
0.057755
0.112515
0.531698
0.347364
-0.178577
0.284059
-0.608866
0.837968
0.372144
-0.418303
0.719801
0.506126
0.223680
0.055127
-0.303213
0.500978
0.057755
0.112515
0.531698
0.347364
-0.178577
0.284059
-0.608866
0.837968
0.372144
-0.418303
0.719801
0.506126
0.223680
0.055127
-0.303213
0.500978
0.057755
0.112515
0.531698
0.347364
-0.178577
0.284059
-0.608866
0.837968
0.372144
-0.418303
0.719801
0.506126
0.223680
0.055127
-0.303213
0.500978
0.057755
0.112515
0.531698
0.347364
-0.178577
0.284059
-0.608866
0.837968
0.372144
-0.418303
0.719801
0.506126
0.223680
0.055127
-0.303213
0.500978
0.057755
0.112515
0.531698
0.347364
-0.178577
0.284059
-0.608866
0.837968
0.372144
-0.418303
0.719801
0.506126
0.223680
0.055127
-0.303213
0.500978
0.057755
0.112515
0.531698
0.347364
-0.178577
0.284059
-0.608866
0.837968
0.372144
-0.418303
0.719801
0.506126
0.223680
0.055127
-0.303213
0.500978
0.057755
0.112515
0.531698
0.347364
-0.178577
0.284059
-0.608866
0.837968
0.372144
-0.418303
0.719801
0.506126
0.223680
0.055127
-0.303213
0.500978
0.057755
0.112515
0.531698
0.347364
-0.178577
0.284059
-0.608866
0.837968
0.372144
-0.418303
0.719801
0.506126
0.223680
0.055127
-0.303213
0.500978
0.057755
0.112515
0.531698
0.347364
-0.178577
0.284059
-0.608866
0.837968
0.372144
-0.418303
0.719801
0.506126
0.223680
0.055127
-0.303213
0.500978
0.057755
0.112515
0.531698
0.347364
