-0.440082
1.274072
-6.791039
-3.745846
4.044148
6.260357
4.009521
3.548641
-0.854788
-5.506598
-6.930605
-3.211402
-2.076466
3.556342
0.492473
-4.163905
0.325174
-0.168555
72.941093
-49.532085
-147.390503
-60.737457
138.231995
29.229715
53.111504
13.382548
-19.183815
50.189743
56.791435
-74.045395
109.652351
130.600021
-5.514744
-6.952944
16.705196
46.116955
-15.856494
-34.410927
-22.115873
3.101908
5.837398
-12.521437
12.380013
23.092003
-18.230165
23.048080
24.606773
-7.398633
-0.062793
1.084772
-30.565760
22.832462
69.202675
30.131884
-67.192085
-13.596119
-27.482592
0.596517
11.522205
-23.752888
-27.007423
37.170929
-55.608337
-67.749535
0.982984
-0.855954
-19.035469
7.407537
27.419720
7.879972
-27.490112
-7.139907
-7.505862
-6.656250
5.715904
-10.077947
-11.256768
11.474429
-19.359741
-22.284460
0.553262
0.157798
0.936333
0.495985
-0.360560
0.094608
0.114553
-0.190546
0.161250
0.073585
0.078276
-0.060083
-0.128983
0.367545
0.796212
-0.306120
0.553262
0.157798
0.936333
0.495985
-0.360560
0.094608
0.114553
-0.190546
0.161250
0.073585
0.078276
-0.060083
-0.128983
0.367545
0.796212
-0.306120
0.553262
0.157798
0.936333
0.495985
-0.360560
0.094608
0.114553
-0.190546
0.161250
0.073585
0.078276
-0.060083
-0.128983
0.367545
0.796212
-0.306120
0.553262
0.157798
0.936333
0.495985
-0.360560
0.094608
0.114553
-0.190546
0.161250
0.073585
0.078276
-0.060083
-0.128983
0.367545
0.796212
-0.306120
0.553262
0.157798
0.936333
0.495985
-0.360560
0.094608
0.114553
-0.190546
0.161250
0.073585
0.078276
-0.060083
-0.128983
0.367545
0.796212
-0.306120
0.553262
0.157798
0.936333
0.495985
-0.360560
0.094608
0.114553
-0.190546
0.161250
0.073585
0.078276
-0.060083
-0.128983
0.367545
0.796212
-0.306120
0.553262
0.157798
0.936333
0.495985
-0.360560
0.094608
0.114553
-0.190546
0.161250
0.073585
0.078276
-0.060083
-0.128983
0.367545
0.796212
-0.306120
0.553262
0.157798
0.936333
0.495985
-0.360560
0.094608
0.114553
-0.190546
0.161250
0.073585
0.078276
-0.060083
-0.128983
0.367545
0.796212
-0.306120
0.553262
0.157798
0.936333
0.495985
-0.360560
0.094608
0.114553
-0.190546
0.161250
0.073585
0.078276
-0.060083
-0.128983
0.367545
0.796212
-0.306120
0.553262
0.157798
0.936333
0.495985
-0.360560
0.094608
0.114553
-0.190546
0.161250
0.073585
0.078276
-0.060083
-0.128983
0.367545
0.796212
-0.306120
0.553262
0.157798
0.936333
0.495985
-0.360560
0.094608
0.114553
-0.190546
0.161250
0.073585
0.078276
-0.060083
-0.128983
0.367545
0.796212
-0.306120
0.553262
0.157798
0.936333
0.495985
-0.360560
0.094608
0.114553
-0.190546
0.161250
0.073585
0.078276
-0.060083
-0.128983
0.367545
0.796212
-0.306120
0.553262
0.157798
0.936333
0.495985
-0.360560
0.094608
0.114553
-0.190546
0.161250
0.073585
0.078276
-0.060083
-0.128983
0.367545
0.796212
-0.306120
0.553262
0.157798
0.936333
0.495985
-0.360560
0.094608
0.114553
-0.190546
0.161250
0.073585
0.078276
-0.060083
-0.128983
0.367545
0.796212
-0.306120
0.553262
0.157798
0.936333
0.495985
-0.360560
0.094608
0.114553
-0.190546
0.161250
0.073585
0.078276
-0.060083
-0.128983
0.367545
0.796212
-0.306120
