-1.537543
-4.091970
-10.134475
34.753181
7.431423
-16.817720
25.260542
-4.319288
-27.270279
-18.591063
-2.345755
22.885973
26.202349
12.895226
-7.244471
4.260052
-2.499267
-1.756825
-13.029285
10.568007
-19.313658
71.727287
5.578300
-21.931917
-25.960239
-177.261948
53.033718
-128.926239
-123.621613
66.830528
65.993492
-185.115631
0.414526
-0.052590
-0.215312
3.723471
0.884681
-5.137806
3.500545
0.419937
-3.888296
-2.565172
4.085368
9.190759
-1.368566
4.369456
-2.232799
0.801329
7.565394
15.483324
-24.516870
36.595402
9.948499
-50.421452
-26.210236
-23.547461
10.037288
-5.081749
-10.788453
28.514006
-32.923328
-12.391575
15.299761
-0.318916
2.606275
-1.462778
0.998746
-9.494748
5.637751
11.049174
5.596005
-6.971065
-1.047058
1.273329
5.250879
-1.147992
0.161970
4.775336
9.264119
-5.750547
3.321373
0.741025
-16.639891
13.699333
20.406933
-16.787996
-4.757710
-10.135346
-8.175189
-7.474394
1.486932
24.224621
2.783963
8.643834
-8.055714
0.671881
0.291555
-0.420435
7.404452
-5.224539
11.028274
-40.733578
-3.410200
13.664335
17.288082
100.987457
-28.995640
74.893524
71.399307
-40.341862
-33.844711
108.141678
0.077784
1.210961
4.289286
-3.812943
-0.699383
-10.896576
-2.078093
2.439737
10.325034
26.912563
-1.311889
19.200445
14.654760
-13.484740
-7.122850
27.277521
-1.243986
0.235619
0.581504
0.474925
-0.350609
0.285990
0.051525
0.001125
0.591850
-0.000661
0.375672
-0.298351
0.027284
-0.077304
0.300934
-0.274974
-1.243986
0.235619
0.581504
0.474925
-0.350609
0.285990
0.051525
0.001125
0.591850
-0.000661
0.375672
-0.298351
0.027284
-0.077304
0.300934
-0.274974
-1.243986
0.235619
0.581504
0.474925
-0.350609
0.285990
0.051525
0.001125
0.591850
-0.000661
0.375672
-0.298351
0.027284
-0.077304
0.300934
-0.274974
-1.243986
0.235619
0.581504
0.474925
-0.350609
0.285990
0.051525
0.001125
0.591850
-0.000661
0.375672
-0.298351
0.027284
-0.077304
0.300934
-0.274974
-1.243986
0.235619
0.581504
0.474925
-0.350609
0.285990
0.051525
0.001125
0.591850
-0.000661
0.375672
-0.298351
0.027284
-0.077304
0.300934
-0.274974
-1.243986
0.235619
0.581504
0.474925
-0.350609
0.285990
0.051525
0.001125
0.591850
-0.000661
0.375672
-0.298351
0.027284
-0.077304
0.300934
-0.274974
-1.243986
0.235619
0.581504
0.474925
-0.350609
0.285990
0.051525
0.001125
0.591850
-0.000661
0.375672
-0.298351
0.027284
-0.077304
0.300934
-0.274974
-1.243986
0.235619
0.581504
0.474925
-0.350609
0.285990
0.051525
0.001125
0.591850
-0.000661
0.375672
-0.298351
0.027284
-0.077304
0.300934
-0.274974
-1.243986
0.235619
0.581504
0.474925
-0.350609
0.285990
0.051525
0.001125
0.591850
-0.000661
0.375672
-0.298351
0.027284
-0.077304
0.300934
-0.274974
-1.243986
0.235619
0.581504
0.474925
-0.350609
0.285990
0.051525
0.001125
0.591850
-0.000661
0.375672
-0.298351
0.027284
-0.077304
0.300934
-0.274974
-1.243986
0.235619
0.581504
0.474925
-0.350609
0.285990
0.051525
0.001125
0.591850
-0.000661
0.375672
-0.298351
0.027284
-0.077304
0.300934
-0.274974
-1.243986
0.235619
0.581504
0.474925
-0.350609
0.285990
0.051525
0.001125
0.591850
-0.000661
0.375672
-0.298351
0.027284
-0.077304
0.300934
-0.274974
