-0.233278
0.386571
-1.283679
-7.876482
0.866331
8.128838
-3.347594
7.041554
4.413373
-2.190251
-8.002677
-6.814004
-6.176826
-3.798641
2.933153
-2.187337
-1.624608
3.041816
10.433201
-227.681854
-245.180817
212.255371
-273.551270
54.428593
217.126343
29.414249
317.969971
94.596733
-783.296143
-244.769974
472.332031
81.669090
2.272570
-2.050602
-5.478736
129.889511
143.104889
-129.624268
164.688889
-34.853283
-125.327927
-9.816957
-193.362869
-53.381981
470.542633
130.785629
-287.503723
-37.517471
-1.985765
0.463869
-2.072166
15.569079
16.459055
-7.422718
12.692857
1.082356
-13.871075
-5.244028
-14.157063
-9.598171
43.040565
32.015205
-21.512945
-16.421938
-0.068837
0.522724
3.528569
31.348572
29.043297
-34.992851
35.909706
-17.297985
-29.353540
2.079687
-47.308262
-6.604606
109.715820
12.556872
-62.431042
4.149855
0.178605
-0.101123
-0.404789
0.446880
-0.158184
-0.638752
-0.429009
0.079854
-0.050306
0.148274
0.133460
0.385623
0.021653
0.009540
0.360690
0.094152
0.178605
-0.101123
-0.404789
0.446880
-0.158184
-0.638752
-0.429009
0.079854
-0.050306
0.148274
0.133460
0.385623
0.021653
0.009540
0.360690
0.094152
0.178605
-0.101123
-0.404789
0.446880
-0.158184
-0.638752
-0.429009
0.079854
-0.050306
0.148274
0.133460
0.385623
0.021653
0.009540
0.360690
0.094152
0.178605
-0.101123
-0.404789
0.446880
-0.158184
-0.638752
-0.429009
0.079854
-0.050306
0.148274
0.133460
0.385623
0.021653
0.009540
0.360690
0.094152
0.178605
-0.101123
-0.404789
0.446880
-0.158184
-0.638752
-0.429009
0.079854
-0.050306
0.148274
0.133460
0.385623
0.021653
0.009540
0.360690
0.094152
0.178605
-0.101123
-0.404789
0.446880
-0.158184
-0.638752
-0.429009
0.079854
-0.050306
0.148274
0.133460
0.385623
0.021653
0.009540
0.360690
0.094152
0.178605
-0.101123
-0.404789
0.446880
-0.158184
-0.638752
-0.429009
0.079854
-0.050306
0.148274
0.133460
0.385623
0.021653
0.009540
0.360690
0.094152
0.178605
-0.101123
-0.404789
0.446880
-0.158184
-0.638752
-0.429009
0.079854
-0.050306
0.148274
0.133460
0.385623
0.021653
0.009540
0.360690
0.094152
0.178605
-0.101123
-0.404789
0.446880
-0.158184
-0.638752
-0.429009
0.079854
-0.050306
0.148274
0.133460
0.385623
0.021653
0.009540
0.360690
0.094152
0.178605
-0.101123
-0.404789
0.446880
-0.158184
-0.638752
-0.429009
0.079854
-0.050306
0.148274
0.133460
0.385623
0.021653
0.009540
0.360690
0.094152
0.178605
-0.101123
-0.404789
0.446880
-0.158184
-0.638752
-0.429009
0.079854
-0.050306
0.148274
0.133460
0.385623
0.021653
0.009540
0.360690
0.094152
0.178605
-0.101123
-0.404789
0.446880
-0.158184
-0.638752
-0.429009
0.079854
-0.050306
0.148274
0.133460
0.385623
0.021653
0.009540
0.360690
0.094152
0.178605
-0.101123
-0.404789
0.446880
-0.158184
-0.638752
-0.429009
0.079854
-0.050306
0.148274
0.133460
0.385623
0.021653
0.009540
0.360690
0.094152
0.178605
-0.101123
-0.404789
0.446880
-0.158184
-0.638752
-0.429009
0.079854
-0.050306
0.148274
0.133460
0.385623
0.021653
0.009540
0.360690
0.094152
0.178605
-0.101123
-0.404789
0.446880
-0.158184
-0.638752
-0.429009
0.079854
-0.050306
0.148274
0.133460
0.385623
0.021653
0.009540
0.360690
0.094152
