1.959326
3.492007
147.925079
181.272064
33.267059
-314.600677
142.951385
-210.632996
-160.220993
144.270355
-257.702820
136.445175
699.583679
-332.455444
-379.031525
232.895721
-0.449814
-5.622555
-108.664894
-128.387451
-23.935160
227.878113
-102.036301
153.019577
114.736946
-108.449394
184.653137
-100.227211
-501.268890
235.908981
271.615204
-164.822235
-2.639137
-1.736135
-11.561529
-14.909089
0.655086
22.497330
-8.372165
13.026509
8.759642
-7.244718
16.791172
-9.207085
-47.285084
27.861115
28.040096
-20.907463
0.534404
-0.014150
0.260766
0.554526
0.130916
-0.467980
0.466793
0.013284
0.178088
0.058773
-0.317953
0.693965
0.400582
-0.281749
-0.149317
-0.434517
0.534404
-0.014150
0.260766
0.554526
0.130916
-0.467980
0.466793
0.013284
0.178088
0.058773
-0.317953
0.693965
0.400582
-0.281749
-0.149317
-0.434517
0.534404
-0.014150
0.260766
0.554526
0.130916
-0.467980
0.466793
0.013284
0.178088
0.058773
-0.317953
0.693965
0.400582
-0.281749
-0.149317
-0.434517
0.534404
-0.014150
0.260766
0.554526
0.130916
-0.467980
0.466793
0.013284
0.178088
0.058773
-0.317953
0.693965
0.400582
-0.281749
-0.149317
-0.434517
0.534404
-0.014150
0.260766
0.554526
0.130916
-0.467980
0.466793
0.013284
0.178088
0.058773
-0.317953
0.693965
0.400582
-0.281749
-0.149317
-0.434517
0.534404
-0.014150
0.260766
0.554526
0.130916
-0.467980
0.466793
0.013284
0.178088
0.058773
-0.317953
0.693965
0.400582
-0.281749
-0.149317
-0.434517
0.534404
-0.014150
0.260766
0.554526
0.130916
-0.467980
0.466793
0.013284
0.178088
0.058773
-0.317953
0.693965
0.400582
-0.281749
-0.149317
-0.434517
0.534404
-0.014150
0.260766
0.554526
0.130916
-0.467980
0.466793
0.013284
0.178088
0.058773
-0.317953
0.693965
0.400582
-0.281749
-0.149317
-0.434517
0.534404
-0.014150
0.260766
0.554526
0.130916
-0.467980
0.466793
0.013284
0.178088
0.058773
-0.317953
0.693965
0.400582
-0.281749
-0.149317
-0.434517
0.534404
-0.014150
0.260766
0.554526
0.130916
-0.467980
0.466793
0.013284
0.178088
0.058773
-0.317953
0.693965
0.400582
-0.281749
-0.149317
-0.434517
0.534404
-0.014150
0.260766
0.554526
0.130916
-0.467980
0.466793
0.013284
0.178088
0.058773
-0.317953
0.693965
0.400582
-0.281749
-0.149317
-0.434517
0.534404
-0.014150
0.260766
0.554526
0.130916
-0.467980
0.466793
0.013284
0.178088
0.058773
-0.317953
0.693965
0.400582
-0.281749
-0.149317
-0.434517
0.534404
-0.014150
0.260766
0.554526
0.130916
-0.467980
0.466793
0.013284
0.178088
0.058773
-0.317953
0.693965
0.400582
-0.281749
-0.149317
-0.434517
0.534404
-0.014150
0.260766
0.554526
0.130916
-0.467980
0.466793
0.013284
0.178088
0.058773
-0.317953
0.693965
0.400582
-0.281749
-0.149317
-0.434517
0.534404
-0.014150
0.260766
0.554526
0.130916
-0.467980
0.466793
0.013284
0.178088
0.058773
-0.317953
0.693965
0.400582
-0.281749
-0.149317
-0.434517
0.534404
-0.014150
0.260766
0.554526
0.130916
-0.467980
0.466793
0.013284
0.178088
0.058773
-0.317953
0.693965
0.400582
-0.281749
-0.149317
-0.434517
0.534404
-0.014150
0.260766
0.554526
0.130916
-0.467980
0.466793
0.013284
0.178088
0.058773
-0.317953
0.693965
0.400582
-0.281749
-0.149317
-0.434517
