3.074847
4.657341
-19.394510
18.721476
29.068075
-14.361013
15.871823
10.929535
-8.408927
-17.582111
-5.924334
13.129376
-10.650810
21.123905
-11.811223
-13.544750
0.731694
1.298267
0.418627
2.560520
-3.568035
-4.609162
4.987757
-1.074362
-2.141599
0.220494
5.411965
1.718941
1.318176
5.168779
-1.488276
5.153153
-5.546024
-0.958201
432.682373
584.034668
332.650726
988.119202
-646.919861
-1424.725098
252.459717
626.483521
166.130386
-1085.507813
595.072449
807.625793
353.249268
-34.483788
3.337173
-0.547257
-254.051727
-328.633301
-212.573563
-558.719116
408.730560
804.172485
-158.060623
-358.091980
-71.023041
627.353271
-360.669647
-447.730682
-209.667755
27.845861
0.621182
2.649858
-18.559404
-46.984669
2.124596
-77.665482
7.152022
116.888771
-4.528302
-48.117367
-39.386635
72.361794
-22.185350
-72.473633
-23.551306
-4.427495
4.799746
-1.299754
-84.159645
-73.352402
-86.156540
-132.193420
142.799545
189.337326
-56.350758
-79.973625
13.865564
164.000076
-113.023323
-98.302895
-52.263519
17.887529
0.358569
-0.316826
0.857473
0.460322
0.156452
-0.365460
-0.562949
-0.388046
-0.391525
-0.917505
-0.197343
0.055864
-0.234161
-0.328055
0.105678
-0.118598
0.358569
-0.316826
0.857473
0.460322
0.156452
-0.365460
-0.562949
-0.388046
-0.391525
-0.917505
-0.197343
0.055864
-0.234161
-0.328055
0.105678
-0.118598
0.358569
-0.316826
0.857473
0.460322
0.156452
-0.365460
-0.562949
-0.388046
-0.391525
-0.917505
-0.197343
0.055864
-0.234161
-0.328055
0.105678
-0.118598
0.358569
-0.316826
0.857473
0.460322
0.156452
-0.365460
-0.562949
-0.388046
-0.391525
-0.917505
-0.197343
0.055864
-0.234161
-0.328055
0.105678
-0.118598
0.358569
-0.316826
0.857473
0.460322
0.156452
-0.365460
-0.562949
-0.388046
-0.391525
-0.917505
-0.197343
0.055864
-0.234161
-0.328055
0.105678
-0.118598
0.358569
-0.316826
0.857473
0.460322
0.156452
-0.365460
-0.562949
-0.388046
-0.391525
-0.917505
-0.197343
0.055864
-0.234161
-0.328055
0.105678
-0.118598
0.358569
-0.316826
0.857473
0.460322
0.156452
-0.365460
-0.562949
-0.388046
-0.391525
-0.917505
-0.197343
0.055864
-0.234161
-0.328055
0.105678
-0.118598
0.358569
-0.316826
0.857473
0.460322
0.156452
-0.365460
-0.562949
-0.388046
-0.391525
-0.917505
-0.197343
0.055864
-0.234161
-0.328055
0.105678
-0.118598
0.358569
-0.316826
0.857473
0.460322
0.156452
-0.365460
-0.562949
-0.388046
-0.391525
-0.917505
-0.197343
0.055864
-0.234161
-0.328055
0.105678
-0.118598
0.358569
-0.316826
0.857473
0.460322
0.156452
-0.365460
-0.562949
-0.388046
-0.391525
-0.917505
-0.197343
0.055864
-0.234161
-0.328055
0.105678
-0.118598
0.358569
-0.316826
0.857473
0.460322
0.156452
-0.365460
-0.562949
-0.388046
-0.391525
-0.917505
-0.197343
0.055864
-0.234161
-0.328055
0.105678
-0.118598
0.358569
-0.316826
0.857473
0.460322
0.156452
-0.365460
-0.562949
-0.388046
-0.391525
-0.917505
-0.197343
0.055864
-0.234161
-0.328055
0.105678
-0.118598
0.358569
-0.316826
0.857473
0.460322
0.156452
-0.365460
-0.562949
-0.388046
-0.391525
-0.917505
-0.197343
0.055864
-0.234161
-0.328055
0.105678
-0.118598
0.358569
-0.316826
0.857473
0.460322
0.156452
-0.365460
-0.562949
-0.388046
-0.391525
-0.917505
-0.197343
0.055864
-0.234161
-0.328055
0.105678
-0.118598
