-2.169715
0.559078
6.863415
-16.521774
-18.989317
12.893141
0.821471
7.583616
11.994352
5.324471
6.000993
-14.516292
4.258025
-1.055747
5.350877
-7.533302
-0.384460
0.781673
0.906094
-6.508588
-3.167483
7.254925
-5.508922
2.409536
5.380100
-1.031650
-4.416430
-8.749913
-3.114552
-4.112953
1.778471
-2.504720
-1.196337
-0.213738
-2.481920
8.359321
-5.463070
-8.882347
-2.684785
7.135392
3.899446
-2.470897
-6.526873
1.545312
-3.744514
-4.369493
-6.026731
9.762703
0.375884
0.752693
105.407898
116.819824
66.776283
6.963614
-453.353851
-157.843002
811.852356
-1.233114
199.384323
97.141335
-206.811081
147.066147
-218.960770
709.861572
-0.933482
0.161194
-45.329102
-52.263954
-31.741674
-5.069913
193.327240
71.104515
-348.092560
-3.775959
-86.155312
-38.487255
85.396957
-62.634403
98.351463
-302.118896
1.115317
1.759015
-3.547118
-8.494580
-8.042474
2.394565
34.829880
13.444722
-64.317619
0.751256
-15.773410
-8.480124
17.800245
-11.396716
16.046021
-53.133610
-0.539312
-1.994570
-24.301092
-29.687168
-15.603170
-0.372598
104.581665
39.658928
-189.240875
-0.584455
-43.374626
-26.089958
51.640308
-34.091286
50.659752
-167.042435
0.173088
0.230319
0.178075
0.474594
-0.204197
-0.590276
-0.336929
-0.419215
0.357039
-1.053610
0.000642
-0.295022
-0.010654
0.116115
0.035463
-0.310045
0.173088
0.230319
0.178075
0.474594
-0.204197
-0.590276
-0.336929
-0.419215
0.357039
-1.053610
0.000642
-0.295022
-0.010654
0.116115
0.035463
-0.310045
0.173088
0.230319
0.178075
0.474594
-0.204197
-0.590276
-0.336929
-0.419215
0.357039
-1.053610
0.000642
-0.295022
-0.010654
0.116115
0.035463
-0.310045
0.173088
0.230319
0.178075
0.474594
-0.204197
-0.590276
-0.336929
-0.419215
0.357039
-1.053610
0.000642
-0.295022
-0.010654
0.116115
0.035463
-0.310045
0.173088
0.230319
0.178075
0.474594
-0.204197
-0.590276
-0.336929
-0.419215
0.357039
-1.053610
0.000642
-0.295022
-0.010654
0.116115
0.035463
-0.310045
0.173088
0.230319
0.178075
0.474594
-0.204197
-0.590276
-0.336929
-0.419215
0.357039
-1.053610
0.000642
-0.295022
-0.010654
0.116115
0.035463
-0.310045
0.173088
0.230319
0.178075
0.474594
-0.204197
-0.590276
-0.336929
-0.419215
0.357039
-1.053610
0.000642
-0.295022
-0.010654
0.116115
0.035463
-0.310045
0.173088
0.230319
0.178075
0.474594
-0.204197
-0.590276
-0.336929
-0.419215
0.357039
-1.053610
0.000642
-0.295022
-0.010654
0.116115
0.035463
-0.310045
0.173088
0.230319
0.178075
0.474594
-0.204197
-0.590276
-0.336929
-0.419215
0.357039
-1.053610
0.000642
-0.295022
-0.010654
0.116115
0.035463
-0.310045
0.173088
0.230319
0.178075
0.474594
-0.204197
-0.590276
-0.336929
-0.419215
0.357039
-1.053610
0.000642
-0.295022
-0.010654
0.116115
0.035463
-0.310045
0.173088
0.230319
0.178075
0.474594
-0.204197
-0.590276
-0.336929
-0.419215
0.357039
-1.053610
0.000642
-0.295022
-0.010654
0.116115
0.035463
-0.310045
0.173088
0.230319
0.178075
0.474594
-0.204197
-0.590276
-0.336929
-0.419215
0.357039
-1.053610
0.000642
-0.295022
-0.010654
0.116115
0.035463
-0.310045
0.173088
0.230319
0.178075
0.474594
-0.204197
-0.590276
-0.336929
-0.419215
0.357039
-1.053610
0.000642
-0.295022
-0.010654
0.116115
0.035463
-0.310045
