-0.769501
-1.527920
-77.004562
106.545181
-66.147118
8.948599
232.030334
-384.305359
-150.726257
863.824646
-140.665146
165.495178
-123.513130
-283.873505
-630.431396
-382.740173
1.517099
1.038927
27.134441
-37.925762
24.440434
-3.034572
-83.178055
141.415878
53.381111
-304.496277
50.294830
-60.891472
47.746971
100.520279
223.447372
134.786530
-3.281316
0.895708
3.591336
-1.665999
2.258426
1.485607
-8.402915
18.021902
8.486313
-36.478954
7.009549
-7.023777
5.782422
14.079196
30.544304
18.465302
0.045495
0.032642
6.833925
-7.575768
3.752315
-0.451311
-13.852447
24.685791
9.931311
-61.570053
7.001197
-11.078071
7.808288
18.229918
42.981888
25.106720
1.250813
-1.815004
22.736336
-31.972235
19.831812
-6.202897
-66.976822
109.191811
41.801872
-249.219299
41.907997
-47.231056
35.426910
82.442299
182.918655
110.757133
-0.473211
0.222331
0.684703
-0.020329
-0.335870
-0.269403
-0.498158
0.032725
-0.354634
-0.010935
0.800212
-0.238751
0.423600
-0.587130
0.282964
-0.956652
-0.473211
0.222331
0.684703
-0.020329
-0.335870
-0.269403
-0.498158
0.032725
-0.354634
-0.010935
0.800212
-0.238751
0.423600
-0.587130
0.282964
-0.956652
-0.473211
0.222331
0.684703
-0.020329
-0.335870
-0.269403
-0.498158
0.032725
-0.354634
-0.010935
0.800212
-0.238751
0.423600
-0.587130
0.282964
-0.956652
-0.473211
0.222331
0.684703
-0.020329
-0.335870
-0.269403
-0.498158
0.032725
-0.354634
-0.010935
0.800212
-0.238751
0.423600
-0.587130
0.282964
-0.956652
-0.473211
0.222331
0.684703
-0.020329
-0.335870
-0.269403
-0.498158
0.032725
-0.354634
-0.010935
0.800212
-0.238751
0.423600
-0.587130
0.282964
-0.956652
-0.473211
0.222331
0.684703
-0.020329
-0.335870
-0.269403
-0.498158
0.032725
-0.354634
-0.010935
0.800212
-0.238751
0.423600
-0.587130
0.282964
-0.956652
-0.473211
0.222331
0.684703
-0.020329
-0.335870
-0.269403
-0.498158
0.032725
-0.354634
-0.010935
0.800212
-0.238751
0.423600
-0.587130
0.282964
-0.956652
-0.473211
0.222331
0.684703
-0.020329
-0.335870
-0.269403
-0.498158
0.032725
-0.354634
-0.010935
0.800212
-0.238751
0.423600
-0.587130
0.282964
-0.956652
-0.473211
0.222331
0.684703
-0.020329
-0.335870
-0.269403
-0.498158
0.032725
-0.354634
-0.010935
0.800212
-0.238751
0.423600
-0.587130
0.282964
-0.956652
-0.473211
0.222331
0.684703
-0.020329
-0.335870
-0.269403
-0.498158
0.032725
-0.354634
-0.010935
0.800212
-0.238751
0.423600
-0.587130
0.282964
-0.956652
-0.473211
0.222331
0.684703
-0.020329
-0.335870
-0.269403
-0.498158
0.032725
-0.354634
-0.010935
0.800212
-0.238751
0.423600
-0.587130
0.282964
-0.956652
-0.473211
0.222331
0.684703
-0.020329
-0.335870
-0.269403
-0.498158
0.032725
-0.354634
-0.010935
0.800212
-0.238751
0.423600
-0.587130
0.282964
-0.956652
-0.473211
0.222331
0.684703
-0.020329
-0.335870
-0.269403
-0.498158
0.032725
-0.354634
-0.010935
0.800212
-0.238751
0.423600
-0.587130
0.282964
-0.956652
-0.473211
0.222331
0.684703
-0.020329
-0.335870
-0.269403
-0.498158
0.032725
-0.354634
-0.010935
0.800212
-0.238751
0.423600
-0.587130
0.282964
-0.956652
-0.473211
0.222331
0.684703
-0.020329
-0.335870
-0.269403
-0.498158
0.032725
-0.354634
-0.010935
0.800212
-0.238751
0.423600
-0.587130
0.282964
-0.956652
