49.380329
3.089351
6826.454102
-1201.472412
-5043.185059
-6445.665039
-2025.404907
-29.363907
-11662.597656
-54.203804
469.859192
6430.068359
5149.786133
7065.012695
-5666.805664
982.481445
-0.463741
-1.115974
56.994881
28.164707
-1.560418
-90.207703
-8.704997
-4.534356
85.461662
-15.754388
0.563343
-76.349281
40.594372
67.520180
-26.183659
-24.281630
0.761625
2.652004
-23.122101
-10.075673
3.869215
33.869698
4.115285
0.619212
-32.219856
1.788113
-3.134886
30.470827
-18.005497
-30.730614
9.891426
10.449114
-21.200111
0.208111
-2702.703125
560.434448
2087.386475
2500.360352
807.334229
-12.118839
4639.166992
-131.896927
-270.556702
-2552.373291
-2143.521973
-2741.999512
2234.025391
-463.879944
-1.883283
2.121194
-342.037506
37.139874
225.776077
337.950653
101.392487
6.736835
585.354980
41.412014
-0.110680
-321.859039
-233.473709
-368.115173
286.722565
-28.737795
-2.234239
-2.258427
-425.727539
28.722904
268.804565
433.742493
123.450157
14.399043
717.731873
83.393883
12.464563
-398.019623
-265.165558
-471.811554
357.736603
-22.415506
-12.744244
-4.723951
-1716.659790
403.998688
1378.055908
1559.026855
515.676880
-20.357138
2958.097412
-152.537949
-212.285812
-1624.253174
-1408.185791
-1723.145996
1425.298218
-333.360504
0.460542
0.309440
-1.737567
-0.971218
0.471091
2.134560
0.048632
0.249034
1.943511
2.667852
1.288344
-1.331757
-0.416730
-2.191823
1.451288
1.012246
0.460542
0.309440
-1.737567
-0.971218
0.471091
2.134560
0.048632
0.249034
1.943511
2.667852
1.288344
-1.331757
-0.416730
-2.191823
1.451288
1.012246
0.460542
0.309440
-1.737567
-0.971218
0.471091
2.134560
0.048632
0.249034
1.943511
2.667852
1.288344
-1.331757
-0.416730
-2.191823
1.451288
1.012246
0.460542
0.309440
-1.737567
-0.971218
0.471091
2.134560
0.048632
0.249034
1.943511
2.667852
1.288344
-1.331757
-0.416730
-2.191823
1.451288
1.012246
0.460542
0.309440
-1.737567
-0.971218
0.471091
2.134560
0.048632
0.249034
1.943511
2.667852
1.288344
-1.331757
-0.416730
-2.191823
1.451288
1.012246
0.460542
0.309440
-1.737567
-0.971218
0.471091
2.134560
0.048632
0.249034
1.943511
2.667852
1.288344
-1.331757
-0.416730
-2.191823
1.451288
1.012246
0.460542
0.309440
-1.737567
-0.971218
0.471091
2.134560
0.048632
0.249034
1.943511
2.667852
1.288344
-1.331757
-0.416730
-2.191823
1.451288
1.012246
0.460542
0.309440
-1.737567
-0.971218
0.471091
2.134560
0.048632
0.249034
1.943511
2.667852
1.288344
-1.331757
-0.416730
-2.191823
1.451288
1.012246
0.460542
0.309440
-1.737567
-0.971218
0.471091
2.134560
0.048632
0.249034
1.943511
2.667852
1.288344
-1.331757
-0.416730
-2.191823
1.451288
1.012246
0.460542
0.309440
-1.737567
-0.971218
0.471091
2.134560
0.048632
0.249034
1.943511
2.667852
1.288344
-1.331757
-0.416730
-2.191823
1.451288
1.012246
0.460542
0.309440
-1.737567
-0.971218
0.471091
2.134560
0.048632
0.249034
1.943511
2.667852
1.288344
-1.331757
-0.416730
-2.191823
1.451288
1.012246
0.460542
0.309440
-1.737567
-0.971218
0.471091
2.134560
0.048632
0.249034
1.943511
2.667852
1.288344
-1.331757
-0.416730
-2.191823
1.451288
1.012246
0.460542
0.309440
-1.737567
-0.971218
0.471091
2.134560
0.048632
0.249034
1.943511
2.667852
1.288344
-1.331757
-0.416730
-2.191823
1.451288
1.012246
