-3.664541
6.311701
468.032013
-427.373871
1045.454102
-311.239380
-1319.321045
675.554749
614.598206
-246.619415
-1047.344116
-45.506992
817.727112
-737.299988
-81.837715
-318.312775
3.697091
-3.875921
-254.131973
241.221222
-568.583069
187.225464
721.453979
-395.277618
-335.123535
147.588058
580.512329
9.935037
-443.827240
417.482452
47.990002
173.830902
-2.348639
-0.706563
-36.430519
23.762793
-76.136154
2.837309
98.059868
-27.236616
-44.447426
5.926979
68.550461
20.198376
-68.845642
40.081676
3.061066
24.889717
-0.402629
-0.255743
-64.599533
74.379272
-159.098907
71.745850
192.509201
-130.213623
-87.606796
51.368633
164.528000
-15.271760
-107.921486
133.340927
21.301628
49.086594
-0.253177
-0.826716
-0.045514
0.034953
0.051678
0.194047
0.264870
0.607936
-0.406990
-0.129976
-0.190553
-0.025643
0.147270
-0.473962
-0.002184
0.160803
-0.253177
-0.826716
-0.045514
0.034953
0.051678
0.194047
0.264870
0.607936
-0.406990
-0.129976
-0.190553
-0.025643
0.147270
-0.473962
-0.002184
0.160803
-0.253177
-0.826716
-0.045514
0.034953
0.051678
0.194047
0.264870
0.607936
-0.406990
-0.129976
-0.190553
-0.025643
0.147270
-0.473962
-0.002184
0.160803
-0.253177
-0.826716
-0.045514
0.034953
0.051678
0.194047
0.264870
0.607936
-0.406990
-0.129976
-0.190553
-0.025643
0.147270
-0.473962
-0.002184
0.160803
-0.253177
-0.826716
-0.045514
0.034953
0.051678
0.194047
0.264870
0.607936
-0.406990
-0.129976
-0.190553
-0.025643
0.147270
-0.473962
-0.002184
0.160803
-0.253177
-0.826716
-0.045514
0.034953
0.051678
0.194047
0.264870
0.607936
-0.406990
-0.129976
-0.190553
-0.025643
0.147270
-0.473962
-0.002184
0.160803
-0.253177
-0.826716
-0.045514
0.034953
0.051678
0.194047
0.264870
0.607936
-0.406990
-0.129976
-0.190553
-0.025643
0.147270
-0.473962
-0.002184
0.160803
-0.253177
-0.826716
-0.045514
0.034953
0.051678
0.194047
0.264870
0.607936
-0.406990
-0.129976
-0.190553
-0.025643
0.147270
-0.473962
-0.002184
0.160803
-0.253177
-0.826716
-0.045514
0.034953
0.051678
0.194047
0.264870
0.607936
-0.406990
-0.129976
-0.190553
-0.025643
0.147270
-0.473962
-0.002184
0.160803
-0.253177
-0.826716
-0.045514
0.034953
0.051678
0.194047
0.264870
0.607936
-0.406990
-0.129976
-0.190553
-0.025643
0.147270
-0.473962
-0.002184
0.160803
-0.253177
-0.826716
-0.045514
0.034953
0.051678
0.194047
0.264870
0.607936
-0.406990
-0.129976
-0.190553
-0.025643
0.147270
-0.473962
-0.002184
0.160803
-0.253177
-0.826716
-0.045514
0.034953
0.051678
0.194047
0.264870
0.607936
-0.406990
-0.129976
-0.190553
-0.025643
0.147270
-0.473962
-0.002184
0.160803
-0.253177
-0.826716
-0.045514
0.034953
0.051678
0.194047
0.264870
0.607936
-0.406990
-0.129976
-0.190553
-0.025643
0.147270
-0.473962
-0.002184
0.160803
-0.253177
-0.826716
-0.045514
0.034953
0.051678
0.194047
0.264870
0.607936
-0.406990
-0.129976
-0.190553
-0.025643
0.147270
-0.473962
-0.002184
0.160803
-0.253177
-0.826716
-0.045514
0.034953
0.051678
0.194047
0.264870
0.607936
-0.406990
-0.129976
-0.190553
-0.025643
0.147270
-0.473962
-0.002184
0.160803
-0.253177
-0.826716
-0.045514
0.034953
0.051678
0.194047
0.264870
0.607936
-0.406990
-0.129976
-0.190553
-0.025643
0.147270
-0.473962
-0.002184
0.160803
