3.942540
0.447306
-1.591072
17.030186
2.067439
-19.882320
-0.605519
-2.990975
-12.085001
1.063428
4.182281
16.083204
4.090981
6.722847
0.494294
11.160517
-3.998104
-9.514834
23.370897
-35.573063
-23.826986
30.396698
14.327463
17.199160
-11.975545
8.548086
9.169523
-21.504963
25.074558
0.872367
-15.857179
-3.357364
-0.958317
1.613831
-113.938560
-124.829430
-23.354603
-73.009750
310.718048
244.426727
-822.942322
-219.066788
-132.684982
-118.128204
270.037292
-156.196655
507.748505
-596.974670
3.874032
1.657873
8.154128
2.858039
2.868329
9.047010
-22.442013
-14.191536
61.515820
5.966485
11.295019
8.276314
-16.424770
14.893514
-26.755785
48.727131
-0.866362
-1.701281
57.919632
68.386024
10.307428
38.851349
-163.724014
-133.224564
434.514160
127.396255
67.738373
63.223240
-146.157089
79.115593
-283.082550
312.955048
-1.545985
-0.269707
16.537134
23.348505
1.165868
14.178368
-45.512405
-49.580910
129.400757
55.185368
21.857918
22.372152
-50.590767
22.810183
-94.754593
89.925949
-0.269994
-0.121588
0.161161
-0.478190
-0.082193
0.465265
0.055755
0.276761
-0.446932
-0.609908
-0.069322
-0.354027
0.214881
-0.367425
-0.425209
0.355408
-0.269994
-0.121588
0.161161
-0.478190
-0.082193
0.465265
0.055755
0.276761
-0.446932
-0.609908
-0.069322
-0.354027
0.214881
-0.367425
-0.425209
0.355408
-0.269994
-0.121588
0.161161
-0.478190
-0.082193
0.465265
0.055755
0.276761
-0.446932
-0.609908
-0.069322
-0.354027
0.214881
-0.367425
-0.425209
0.355408
-0.269994
-0.121588
0.161161
-0.478190
-0.082193
0.465265
0.055755
0.276761
-0.446932
-0.609908
-0.069322
-0.354027
0.214881
-0.367425
-0.425209
0.355408
-0.269994
-0.121588
0.161161
-0.478190
-0.082193
0.465265
0.055755
0.276761
-0.446932
-0.609908
-0.069322
-0.354027
0.214881
-0.367425
-0.425209
0.355408
-0.269994
-0.121588
0.161161
-0.478190
-0.082193
0.465265
0.055755
0.276761
-0.446932
-0.609908
-0.069322
-0.354027
0.214881
-0.367425
-0.425209
0.355408
-0.269994
-0.121588
0.161161
-0.478190
-0.082193
0.465265
0.055755
0.276761
-0.446932
-0.609908
-0.069322
-0.354027
0.214881
-0.367425
-0.425209
0.355408
-0.269994
-0.121588
0.161161
-0.478190
-0.082193
0.465265
0.055755
0.276761
-0.446932
-0.609908
-0.069322
-0.354027
0.214881
-0.367425
-0.425209
0.355408
-0.269994
-0.121588
0.161161
-0.478190
-0.082193
0.465265
0.055755
0.276761
-0.446932
-0.609908
-0.069322
-0.354027
0.214881
-0.367425
-0.425209
0.355408
-0.269994
-0.121588
0.161161
-0.478190
-0.082193
0.465265
0.055755
0.276761
-0.446932
-0.609908
-0.069322
-0.354027
0.214881
-0.367425
-0.425209
0.355408
-0.269994
-0.121588
0.161161
-0.478190
-0.082193
0.465265
0.055755
0.276761
-0.446932
-0.609908
-0.069322
-0.354027
0.214881
-0.367425
-0.425209
0.355408
-0.269994
-0.121588
0.161161
-0.478190
-0.082193
0.465265
0.055755
0.276761
-0.446932
-0.609908
-0.069322
-0.354027
0.214881
-0.367425
-0.425209
0.355408
-0.269994
-0.121588
0.161161
-0.478190
-0.082193
0.465265
0.055755
0.276761
-0.446932
-0.609908
-0.069322
-0.354027
0.214881
-0.367425
-0.425209
0.355408
-0.269994
-0.121588
0.161161
-0.478190
-0.082193
0.465265
0.055755
0.276761
-0.446932
-0.609908
-0.069322
-0.354027
0.214881
-0.367425
-0.425209
0.355408
