1.250121
2.267258
1.607733
-15.656503
-4.526005
22.651293
8.871396
2.871761
11.159830
2.235343
-3.044876
-12.739987
-7.686762
-7.945497
2.246356
-5.166724
-0.787130
-0.757299
-6.175868
-3.195799
5.851372
5.402670
1.637236
5.377919
-0.237388
-3.599054
-6.456773
0.672307
-4.811153
2.476197
-1.290948
-3.554640
-1.062738
-0.696642
7.813841
5.969710
-10.071709
0.538069
5.431423
4.673055
-3.392975
-3.148344
-3.315086
7.185512
-6.173117
-0.425619
3.098737
10.348156
-0.625490
1.983002
-178.748199
-198.611343
-511.448334
148.466476
164.356918
-125.622849
-356.272888
153.414017
-160.142288
357.479065
102.303368
-478.663544
275.552338
-155.648666
0.266246
0.578289
6.639270
2.996139
-5.530355
-4.660342
-1.105519
-5.040598
0.385049
3.426070
6.377806
-2.161821
4.642891
-1.014356
1.480864
2.597970
-2.654559
-0.010187
87.664665
94.517502
258.445038
-71.930992
-82.415794
63.666908
174.648026
-80.489769
76.436295
-177.386627
-47.294106
238.007782
-139.475952
82.837509
2.271731
-1.227332
11.266725
15.884948
38.440704
-12.391833
-13.200161
9.129945
25.740866
-10.694077
14.489737
-26.568054
-11.192743
34.737686
-17.793312
9.080665
1.914694
2.050194
35.868923
32.342049
91.030914
-31.089752
-29.929537
23.923546
69.041168
-29.188814
29.529963
-72.549156
-13.738692
93.959473
-49.093735
29.343849
0.046984
0.076933
-0.003264
-0.261819
-0.448442
-0.476350
-0.143987
-0.292753
0.164646
-0.344781
-0.069100
-0.802571
0.479006
0.314255
0.216246
0.105885
0.046984
0.076933
-0.003264
-0.261819
-0.448442
-0.476350
-0.143987
-0.292753
0.164646
-0.344781
-0.069100
-0.802571
0.479006
0.314255
0.216246
0.105885
0.046984
0.076933
-0.003264
-0.261819
-0.448442
-0.476350
-0.143987
-0.292753
0.164646
-0.344781
-0.069100
-0.802571
0.479006
0.314255
0.216246
0.105885
0.046984
0.076933
-0.003264
-0.261819
-0.448442
-0.476350
-0.143987
-0.292753
0.164646
-0.344781
-0.069100
-0.802571
0.479006
0.314255
0.216246
0.105885
0.046984
0.076933
-0.003264
-0.261819
-0.448442
-0.476350
-0.143987
-0.292753
0.164646
-0.344781
-0.069100
-0.802571
0.479006
0.314255
0.216246
0.105885
0.046984
0.076933
-0.003264
-0.261819
-0.448442
-0.476350
-0.143987
-0.292753
0.164646
-0.344781
-0.069100
-0.802571
0.479006
0.314255
0.216246
0.105885
0.046984
0.076933
-0.003264
-0.261819
-0.448442
-0.476350
-0.143987
-0.292753
0.164646
-0.344781
-0.069100
-0.802571
0.479006
0.314255
0.216246
0.105885
0.046984
0.076933
-0.003264
-0.261819
-0.448442
-0.476350
-0.143987
-0.292753
0.164646
-0.344781
-0.069100
-0.802571
0.479006
0.314255
0.216246
0.105885
0.046984
0.076933
-0.003264
-0.261819
-0.448442
-0.476350
-0.143987
-0.292753
0.164646
-0.344781
-0.069100
-0.802571
0.479006
0.314255
0.216246
0.105885
0.046984
0.076933
-0.003264
-0.261819
-0.448442
-0.476350
-0.143987
-0.292753
0.164646
-0.344781
-0.069100
-0.802571
0.479006
0.314255
0.216246
0.105885
0.046984
0.076933
-0.003264
-0.261819
-0.448442
-0.476350
-0.143987
-0.292753
0.164646
-0.344781
-0.069100
-0.802571
0.479006
0.314255
0.216246
0.105885
0.046984
0.076933
-0.003264
-0.261819
-0.448442
-0.476350
-0.143987
-0.292753
0.164646
-0.344781
-0.069100
-0.802571
0.479006
0.314255
0.216246
0.105885
