-3.283334
-12.431808
-9.149790
47.693546
12.668553
-29.305464
-21.295769
-18.491299
8.511060
-15.144795
6.358955
16.442696
-22.991360
7.045220
21.131123
3.874850
0.319091
-0.771065
-13.020299
1.125493
9.681025
-7.839743
-10.389507
-0.563346
3.602609
-0.593979
-2.523876
-5.602112
5.299766
-5.568616
-9.330227
-4.465351
-0.311392
-1.760747
193.391296
-131.328293
-98.847374
-542.208252
123.484352
195.641632
-116.920090
-380.802094
-341.274719
-206.710831
512.735901
150.193832
167.525528
337.254425
2.028664
-3.250979
-9.501328
7.230357
4.553762
36.423138
-4.091475
-15.543440
2.342325
26.811701
22.323318
16.929287
-29.789270
-9.871005
-9.527749
-26.075054
-0.713967
0.232914
-96.451172
62.748772
48.038246
262.253632
-60.544758
-93.286102
59.211208
182.023163
164.083771
100.716446
-249.856018
-73.305801
-80.325264
-164.808899
0.573532
-0.409902
-35.874817
22.699976
20.842302
105.273438
-23.530476
-36.582081
22.527697
72.941566
62.923370
41.249409
-96.111229
-31.624743
-33.779053
-63.561806
0.943431
0.242588
0.237679
-0.267865
-0.005017
0.504269
0.579871
0.536897
0.362849
0.010269
0.293518
-0.784164
0.688714
-0.065737
-0.006237
-0.408556
0.943431
0.242588
0.237679
-0.267865
-0.005017
0.504269
0.579871
0.536897
0.362849
0.010269
0.293518
-0.784164
0.688714
-0.065737
-0.006237
-0.408556
0.943431
0.242588
0.237679
-0.267865
-0.005017
0.504269
0.579871
0.536897
0.362849
0.010269
0.293518
-0.784164
0.688714
-0.065737
-0.006237
-0.408556
0.943431
0.242588
0.237679
-0.267865
-0.005017
0.504269
0.579871
0.536897
0.362849
0.010269
0.293518
-0.784164
0.688714
-0.065737
-0.006237
-0.408556
0.943431
0.242588
0.237679
-0.267865
-0.005017
0.504269
0.579871
0.536897
0.362849
0.010269
0.293518
-0.784164
0.688714
-0.065737
-0.006237
-0.408556
0.943431
0.242588
0.237679
-0.267865
-0.005017
0.504269
0.579871
0.536897
0.362849
0.010269
0.293518
-0.784164
0.688714
-0.065737
-0.006237
-0.408556
0.943431
0.242588
0.237679
-0.267865
-0.005017
0.504269
0.579871
0.536897
0.362849
0.010269
0.293518
-0.784164
0.688714
-0.065737
-0.006237
-0.408556
0.943431
0.242588
0.237679
-0.267865
-0.005017
0.504269
0.579871
0.536897
0.362849
0.010269
0.293518
-0.784164
0.688714
-0.065737
-0.006237
-0.408556
0.943431
0.242588
0.237679
-0.267865
-0.005017
0.504269
0.579871
0.536897
0.362849
0.010269
0.293518
-0.784164
0.688714
-0.065737
-0.006237
-0.408556
0.943431
0.242588
0.237679
-0.267865
-0.005017
0.504269
0.579871
0.536897
0.362849
0.010269
0.293518
-0.784164
0.688714
-0.065737
-0.006237
-0.408556
0.943431
0.242588
0.237679
-0.267865
-0.005017
0.504269
0.579871
0.536897
0.362849
0.010269
0.293518
-0.784164
0.688714
-0.065737
-0.006237
-0.408556
0.943431
0.242588
0.237679
-0.267865
-0.005017
0.504269
0.579871
0.536897
0.362849
0.010269
0.293518
-0.784164
0.688714
-0.065737
-0.006237
-0.408556
0.943431
0.242588
0.237679
-0.267865
-0.005017
0.504269
0.579871
0.536897
0.362849
0.010269
0.293518
-0.784164
0.688714
-0.065737
-0.006237
-0.408556
0.943431
0.242588
0.237679
-0.267865
-0.005017
0.504269
0.579871
0.536897
0.362849
0.010269
0.293518
-0.784164
0.688714
-0.065737
-0.006237
-0.408556
