-2.263606
2.965740
-3.325278
18.564074
7.658268
-18.284407
-10.152184
-1.042799
-10.649041
-6.806655
0.779115
14.217998
5.884729
7.916793
-2.039527
5.066763
-0.321246
1.087387
5.706281
5.358984
-10.671687
0.029315
6.884807
4.979394
-3.797949
-1.959246
0.661360
7.051398
-5.888273
2.089869
3.807934
8.805545
2.571009
3.027048
-168.052139
-161.323990
-445.752991
154.019287
160.483978
-131.789963
-311.068756
144.170670
-145.917084
325.405518
70.570534
-440.509125
264.810181
-199.612091
-1.173367
0.376562
128.259216
119.252403
328.259399
-113.795975
-123.261047
96.049980
227.196136
-106.113121
107.768509
-243.240097
-52.016201
326.466248
-193.715607
149.161972
0.351845
0.192877
11.359777
12.224291
33.408302
-11.207873
-13.384436
9.560911
23.657976
-8.614220
9.985216
-21.159531
-3.273041
34.355221
-15.824122
14.853450
0.524225
0.680743
-0.001615
0.615494
-0.577817
-0.322242
0.393457
0.617357
0.569428
-0.402541
-0.662670
-0.549504
0.232347
0.107660
0.516545
0.301914
0.524225
0.680743
-0.001615
0.615494
-0.577817
-0.322242
0.393457
0.617357
0.569428
-0.402541
-0.662670
-0.549504
0.232347
0.107660
0.516545
0.301914
0.524225
0.680743
-0.001615
0.615494
-0.577817
-0.322242
0.393457
0.617357
0.569428
-0.402541
-0.662670
-0.549504
0.232347
0.107660
0.516545
0.301914
0.524225
0.680743
-0.001615
0.615494
-0.577817
-0.322242
0.393457
0.617357
0.569428
-0.402541
-0.662670
-0.549504
0.232347
0.107660
0.516545
0.301914
0.524225
0.680743
-0.001615
0.615494
-0.577817
-0.322242
0.393457
0.617357
0.569428
-0.402541
-0.662670
-0.549504
0.232347
0.107660
0.516545
0.301914
0.524225
0.680743
-0.001615
0.615494
-0.577817
-0.322242
0.393457
0.617357
0.569428
-0.402541
-0.662670
-0.549504
0.232347
0.107660
0.516545
0.301914
0.524225
0.680743
-0.001615
0.615494
-0.577817
-0.322242
0.393457
0.617357
0.569428
-0.402541
-0.662670
-0.549504
0.232347
0.107660
0.516545
0.301914
0.524225
0.680743
-0.001615
0.615494
-0.577817
-0.322242
0.393457
0.617357
0.569428
-0.402541
-0.662670
-0.549504
0.232347
0.107660
0.516545
0.301914
0.524225
0.680743
-0.001615
0.615494
-0.577817
-0.322242
0.393457
0.617357
0.569428
-0.402541
-0.662670
-0.549504
0.232347
0.107660
0.516545
0.301914
0.524225
0.680743
-0.001615
0.615494
-0.577817
-0.322242
0.393457
0.617357
0.569428
-0.402541
-0.662670
-0.549504
0.232347
0.107660
0.516545
0.301914
0.524225
0.680743
-0.001615
0.615494
-0.577817
-0.322242
0.393457
0.617357
0.569428
-0.402541
-0.662670
-0.549504
0.232347
0.107660
0.516545
0.301914
0.524225
0.680743
-0.001615
0.615494
-0.577817
-0.322242
0.393457
0.617357
0.569428
-0.402541
-0.662670
-0.549504
0.232347
0.107660
0.516545
0.301914
0.524225
0.680743
-0.001615
0.615494
-0.577817
-0.322242
0.393457
0.617357
0.569428
-0.402541
-0.662670
-0.549504
0.232347
0.107660
0.516545
0.301914
0.524225
0.680743
-0.001615
0.615494
-0.577817
-0.322242
0.393457
0.617357
0.569428
-0.402541
-0.662670
-0.549504
0.232347
0.107660
0.516545
0.301914
0.524225
0.680743
-0.001615
0.615494
-0.577817
-0.322242
0.393457
0.617357
0.569428
-0.402541
-0.662670
-0.549504
0.232347
0.107660
0.516545
0.301914
