-1.656489
0.773944
7.886503
2.823668
-9.573796
1.204925
6.522110
5.516160
-4.931447
-4.320979
-1.662693
8.581348
-6.037167
1.698903
2.628236
7.176676
1.516320
-8.413888
44.674686
3.673682
-35.347641
4.812768
-4.954617
13.700517
-7.066094
-18.027220
25.654930
-7.717389
11.131907
24.512098
0.189293
-14.813035
4.580795
0.663597
-197.349884
9.301153
-275.969025
364.979309
90.699661
-208.430862
-209.286850
284.994324
66.429955
353.993347
-166.072617
-434.316895
84.925972
-279.030334
-2.661556
1.047382
17.400963
-1.743098
25.127314
-36.268715
-5.669456
16.329336
17.787094
-25.762039
-10.065890
-33.662701
20.321669
37.264153
-6.770441
28.199905
-2.101016
-2.490085
131.031494
-8.304655
176.566254
-236.530197
-61.256935
141.965591
140.243591
-188.252029
-41.978638
-231.175415
104.210182
282.089752
-50.778687
184.137054
0.013925
0.173266
0.302414
-0.374321
-0.496060
0.103938
-0.304246
0.192483
-0.243292
-0.197266
0.204645
-0.649863
-0.149634
0.027278
-0.454215
-0.736119
0.013925
0.173266
0.302414
-0.374321
-0.496060
0.103938
-0.304246
0.192483
-0.243292
-0.197266
0.204645
-0.649863
-0.149634
0.027278
-0.454215
-0.736119
0.013925
0.173266
0.302414
-0.374321
-0.496060
0.103938
-0.304246
0.192483
-0.243292
-0.197266
0.204645
-0.649863
-0.149634
0.027278
-0.454215
-0.736119
0.013925
0.173266
0.302414
-0.374321
-0.496060
0.103938
-0.304246
0.192483
-0.243292
-0.197266
0.204645
-0.649863
-0.149634
0.027278
-0.454215
-0.736119
0.013925
0.173266
0.302414
-0.374321
-0.496060
0.103938
-0.304246
0.192483
-0.243292
-0.197266
0.204645
-0.649863
-0.149634
0.027278
-0.454215
-0.736119
0.013925
0.173266
0.302414
-0.374321
-0.496060
0.103938
-0.304246
0.192483
-0.243292
-0.197266
0.204645
-0.649863
-0.149634
0.027278
-0.454215
-0.736119
0.013925
0.173266
0.302414
-0.374321
-0.496060
0.103938
-0.304246
0.192483
-0.243292
-0.197266
0.204645
-0.649863
-0.149634
0.027278
-0.454215
-0.736119
0.013925
0.173266
0.302414
-0.374321
-0.496060
0.103938
-0.304246
0.192483
-0.243292
-0.197266
0.204645
-0.649863
-0.149634
0.027278
-0.454215
-0.736119
0.013925
0.173266
0.302414
-0.374321
-0.496060
0.103938
-0.304246
0.192483
-0.243292
-0.197266
0.204645
-0.649863
-0.149634
0.027278
-0.454215
-0.736119
0.013925
0.173266
0.302414
-0.374321
-0.496060
0.103938
-0.304246
0.192483
-0.243292
-0.197266
0.204645
-0.649863
-0.149634
0.027278
-0.454215
-0.736119
0.013925
0.173266
0.302414
-0.374321
-0.496060
0.103938
-0.304246
0.192483
-0.243292
-0.197266
0.204645
-0.649863
-0.149634
0.027278
-0.454215
-0.736119
0.013925
0.173266
0.302414
-0.374321
-0.496060
0.103938
-0.304246
0.192483
-0.243292
-0.197266
0.204645
-0.649863
-0.149634
0.027278
-0.454215
-0.736119
0.013925
0.173266
0.302414
-0.374321
-0.496060
0.103938
-0.304246
0.192483
-0.243292
-0.197266
0.204645
-0.649863
-0.149634
0.027278
-0.454215
-0.736119
0.013925
0.173266
0.302414
-0.374321
-0.496060
0.103938
-0.304246
0.192483
-0.243292
-0.197266
0.204645
-0.649863
-0.149634
0.027278
-0.454215
-0.736119
0.013925
0.173266
0.302414
-0.374321
-0.496060
0.103938
-0.304246
0.192483
-0.243292
-0.197266
0.204645
-0.649863
-0.149634
0.027278
-0.454215
-0.736119
