-0.406181
-2.578074
3.548842
-16.509613
-5.845536
15.221951
5.964990
2.043747
14.378761
-2.116701
0.457054
-15.692518
-4.356936
-8.256965
3.546278
-5.250548
1.584777
-1.677989
8.489546
1.849604
-6.215727
5.313708
11.356171
5.011137
-3.348631
-1.835407
0.676344
6.574177
-5.347405
2.401705
7.543759
8.911194
0.258455
0.812856
-80.245232
-113.600967
364.481659
194.425018
301.653412
642.312073
410.434326
-538.416077
1.427141
-126.371239
226.642685
662.172974
-214.842728
-359.324493
1.354301
-3.929665
28.408304
46.246803
-141.011490
-91.877045
-104.475342
-272.332642
-185.621353
207.994034
-3.892131
51.112671
-72.338493
-273.876007
76.359863
155.357224
0.766379
1.183617
3.718246
8.093268
-23.958591
-4.282148
-24.461432
-35.860397
-23.707779
38.089130
-0.893759
8.024199
-20.949812
-43.089542
16.545286
22.636372
-1.308293
2.039191
6.343239
3.675101
-22.056372
-1.823438
-23.150419
-21.527086
-10.457415
32.000885
3.216758
7.077558
-21.185837
-29.156570
15.096582
15.165518
-2.788500
-0.267458
19.814632
30.815992
-80.095543
-60.919388
-52.238056
-168.531403
-118.631393
119.718147
-4.078493
32.067013
-30.642767
-168.367966
38.064770
91.920380
0.371288
0.340987
-0.198640
-0.087048
-0.043210
-0.258414
-0.004757
-0.197472
0.093004
-0.536624
0.457075
-0.237737
-0.209046
0.491583
-0.544507
0.609030
0.371288
0.340987
-0.198640
-0.087048
-0.043210
-0.258414
-0.004757
-0.197472
0.093004
-0.536624
0.457075
-0.237737
-0.209046
0.491583
-0.544507
0.609030
0.371288
0.340987
-0.198640
-0.087048
-0.043210
-0.258414
-0.004757
-0.197472
0.093004
-0.536624
0.457075
-0.237737
-0.209046
0.491583
-0.544507
0.609030
0.371288
0.340987
-0.198640
-0.087048
-0.043210
-0.258414
-0.004757
-0.197472
0.093004
-0.536624
0.457075
-0.237737
-0.209046
0.491583
-0.544507
0.609030
0.371288
0.340987
-0.198640
-0.087048
-0.043210
-0.258414
-0.004757
-0.197472
0.093004
-0.536624
0.457075
-0.237737
-0.209046
0.491583
-0.544507
0.609030
0.371288
0.340987
-0.198640
-0.087048
-0.043210
-0.258414
-0.004757
-0.197472
0.093004
-0.536624
0.457075
-0.237737
-0.209046
0.491583
-0.544507
0.609030
0.371288
0.340987
-0.198640
-0.087048
-0.043210
-0.258414
-0.004757
-0.197472
0.093004
-0.536624
0.457075
-0.237737
-0.209046
0.491583
-0.544507
0.609030
0.371288
0.340987
-0.198640
-0.087048
-0.043210
-0.258414
-0.004757
-0.197472
0.093004
-0.536624
0.457075
-0.237737
-0.209046
0.491583
-0.544507
0.609030
0.371288
0.340987
-0.198640
-0.087048
-0.043210
-0.258414
-0.004757
-0.197472
0.093004
-0.536624
0.457075
-0.237737
-0.209046
0.491583
-0.544507
0.609030
0.371288
0.340987
-0.198640
-0.087048
-0.043210
-0.258414
-0.004757
-0.197472
0.093004
-0.536624
0.457075
-0.237737
-0.209046
0.491583
-0.544507
0.609030
0.371288
0.340987
-0.198640
-0.087048
-0.043210
-0.258414
-0.004757
-0.197472
0.093004
-0.536624
0.457075
-0.237737
-0.209046
0.491583
-0.544507
0.609030
0.371288
0.340987
-0.198640
-0.087048
-0.043210
-0.258414
-0.004757
-0.197472
0.093004
-0.536624
0.457075
-0.237737
-0.209046
0.491583
-0.544507
0.609030
0.371288
0.340987
-0.198640
-0.087048
-0.043210
-0.258414
-0.004757
-0.197472
0.093004
-0.536624
0.457075
-0.237737
-0.209046
0.491583
-0.544507
0.609030
