1.231477
0.491924
-22.304197
-7.082551
19.643856
9.584605
5.769126
-2.748262
3.332963
-7.589272
-15.344774
-2.367998
-5.664425
0.312939
-3.307520
5.524954
-1.488598
-0.793710
-7.601056
0.527500
5.030666
0.044018
1.986996
4.104974
-3.321202
-5.486871
-6.682968
3.112656
-2.402828
4.222770
-2.870881
-0.300122
1.264911
-1.246625
-177.408218
118.600204
209.303360
235.951645
148.192673
50.432880
-25.637436
225.588257
-294.094513
-54.072330
143.689362
388.354919
-121.847748
-213.918640
0.005875
-0.208353
6.550210
2.273915
-4.224766
-2.005660
-2.092101
-6.131624
1.399134
3.945456
6.127459
-1.191450
2.056334
-3.413251
3.319017
-0.550614
-1.089176
0.137354
90.327072
-52.335129
-96.046791
-118.716904
-70.492531
-27.629999
14.711019
-106.542686
139.645035
32.376701
-60.725460
-186.527298
56.212093
101.824181
1.247332
1.406808
3.179553
-9.442361
-13.099532
-6.929138
-9.770919
-0.507745
-2.594550
-12.289600
15.502233
-2.834944
-16.123062
-20.728163
10.670608
9.447913
-0.254686
1.139183
37.455402
-19.453379
-35.687950
-50.127708
-24.882978
-11.633491
9.386847
-43.865936
56.723965
15.632156
-17.981567
-79.989235
17.614056
45.562904
-0.385660
0.232971
-0.000882
0.374670
-0.216579
0.210894
1.026837
0.430526
0.454996
0.073608
0.324941
-0.098929
0.003765
0.385743
0.444787
0.193036
-0.385660
0.232971
-0.000882
0.374670
-0.216579
0.210894
1.026837
0.430526
0.454996
0.073608
0.324941
-0.098929
0.003765
0.385743
0.444787
0.193036
-0.385660
0.232971
-0.000882
0.374670
-0.216579
0.210894
1.026837
0.430526
0.454996
0.073608
0.324941
-0.098929
0.003765
0.385743
0.444787
0.193036
-0.385660
0.232971
-0.000882
0.374670
-0.216579
0.210894
1.026837
0.430526
0.454996
0.073608
0.324941
-0.098929
0.003765
0.385743
0.444787
0.193036
-0.385660
0.232971
-0.000882
0.374670
-0.216579
0.210894
1.026837
0.430526
0.454996
0.073608
0.324941
-0.098929
0.003765
0.385743
0.444787
0.193036
-0.385660
0.232971
-0.000882
0.374670
-0.216579
0.210894
1.026837
0.430526
0.454996
0.073608
0.324941
-0.098929
0.003765
0.385743
0.444787
0.193036
-0.385660
0.232971
-0.000882
0.374670
-0.216579
0.210894
1.026837
0.430526
0.454996
0.073608
0.324941
-0.098929
0.003765
0.385743
0.444787
0.193036
-0.385660
0.232971
-0.000882
0.374670
-0.216579
0.210894
1.026837
0.430526
0.454996
0.073608
0.324941
-0.098929
0.003765
0.385743
0.444787
0.193036
-0.385660
0.232971
-0.000882
0.374670
-0.216579
0.210894
1.026837
0.430526
0.454996
0.073608
0.324941
-0.098929
0.003765
0.385743
0.444787
0.193036
-0.385660
0.232971
-0.000882
0.374670
-0.216579
0.210894
1.026837
0.430526
0.454996
0.073608
0.324941
-0.098929
0.003765
0.385743
0.444787
0.193036
-0.385660
0.232971
-0.000882
0.374670
-0.216579
0.210894
1.026837
0.430526
0.454996
0.073608
0.324941
-0.098929
0.003765
0.385743
0.444787
0.193036
-0.385660
0.232971
-0.000882
0.374670
-0.216579
0.210894
1.026837
0.430526
0.454996
0.073608
0.324941
-0.098929
0.003765
0.385743
0.444787
0.193036
-0.385660
0.232971
-0.000882
0.374670
-0.216579
0.210894
1.026837
0.430526
0.454996
0.073608
0.324941
-0.098929
0.003765
0.385743
0.444787
0.193036
