-0.973885
-0.355493
191.338394
-60.200989
-122.551270
-294.658752
-132.178757
-53.431755
108.122284
-230.877380
256.433868
136.504440
-11.658064
-420.256317
22.737408
222.853897
-2.661340
1.148386
-110.009735
39.355999
70.900764
173.610870
78.705063
34.778000
-59.632633
134.078720
-148.789581
-77.890472
4.240547
247.817490
-15.721737
-128.517395
2.749222
-0.858160
-14.341554
-0.068008
9.332891
17.238066
5.257051
5.633982
-8.423867
12.718253
-16.108688
-9.452562
0.560589
20.672588
-2.744330
-14.277822
1.379151
1.503871
-24.537891
7.808744
17.699984
39.630665
16.971052
-0.911445
-13.845930
35.037365
-37.277679
-17.875532
8.234126
61.368736
1.026074
-31.341143
0.084984
-0.061812
0.830706
-0.160659
-0.352996
-0.290954
-0.418153
-0.103726
0.151356
0.073910
0.259407
-0.492527
0.566400
0.729199
0.427304
-0.729734
0.084984
-0.061812
0.830706
-0.160659
-0.352996
-0.290954
-0.418153
-0.103726
0.151356
0.073910
0.259407
-0.492527
0.566400
0.729199
0.427304
-0.729734
0.084984
-0.061812
0.830706
-0.160659
-0.352996
-0.290954
-0.418153
-0.103726
0.151356
0.073910
0.259407
-0.492527
0.566400
0.729199
0.427304
-0.729734
0.084984
-0.061812
0.830706
-0.160659
-0.352996
-0.290954
-0.418153
-0.103726
0.151356
0.073910
0.259407
-0.492527
0.566400
0.729199
0.427304
-0.729734
0.084984
-0.061812
0.830706
-0.160659
-0.352996
-0.290954
-0.418153
-0.103726
0.151356
0.073910
0.259407
-0.492527
0.566400
0.729199
0.427304
-0.729734
0.084984
-0.061812
0.830706
-0.160659
-0.352996
-0.290954
-0.418153
-0.103726
0.151356
0.073910
0.259407
-0.492527
0.566400
0.729199
0.427304
-0.729734
0.084984
-0.061812
0.830706
-0.160659
-0.352996
-0.290954
-0.418153
-0.103726
0.151356
0.073910
0.259407
-0.492527
0.566400
0.729199
0.427304
-0.729734
0.084984
-0.061812
0.830706
-0.160659
-0.352996
-0.290954
-0.418153
-0.103726
0.151356
0.073910
0.259407
-0.492527
0.566400
0.729199
0.427304
-0.729734
0.084984
-0.061812
0.830706
-0.160659
-0.352996
-0.290954
-0.418153
-0.103726
0.151356
0.073910
0.259407
-0.492527
0.566400
0.729199
0.427304
-0.729734
0.084984
-0.061812
0.830706
-0.160659
-0.352996
-0.290954
-0.418153
-0.103726
0.151356
0.073910
0.259407
-0.492527
0.566400
0.729199
0.427304
-0.729734
0.084984
-0.061812
0.830706
-0.160659
-0.352996
-0.290954
-0.418153
-0.103726
0.151356
0.073910
0.259407
-0.492527
0.566400
0.729199
0.427304
-0.729734
0.084984
-0.061812
0.830706
-0.160659
-0.352996
-0.290954
-0.418153
-0.103726
0.151356
0.073910
0.259407
-0.492527
0.566400
0.729199
0.427304
-0.729734
0.084984
-0.061812
0.830706
-0.160659
-0.352996
-0.290954
-0.418153
-0.103726
0.151356
0.073910
0.259407
-0.492527
0.566400
0.729199
0.427304
-0.729734
0.084984
-0.061812
0.830706
-0.160659
-0.352996
-0.290954
-0.418153
-0.103726
0.151356
0.073910
0.259407
-0.492527
0.566400
0.729199
0.427304
-0.729734
0.084984
-0.061812
0.830706
-0.160659
-0.352996
-0.290954
-0.418153
-0.103726
0.151356
0.073910
0.259407
-0.492527
0.566400
0.729199
0.427304
-0.729734
0.084984
-0.061812
0.830706
-0.160659
-0.352996
-0.290954
-0.418153
-0.103726
0.151356
0.073910
0.259407
-0.492527
0.566400
0.729199
0.427304
-0.729734
