-13.610111
5.470825
-30.885872
-37.993267
28.034081
24.679068
11.117470
-14.923458
-4.186409
10.440767
-25.372879
-17.779776
12.889300
-15.744467
-9.988143
6.526032
-6.146039
0.336665
-36.574375
12.594269
38.609062
3.418192
19.230783
7.600766
-14.967056
-16.835901
-27.329395
30.775110
-10.282542
17.973703
-11.624763
-1.678672
4.048999
0.687663
23.537735
-189.460205
-303.315399
-26.129122
-91.106247
85.091858
-159.366241
-187.332184
225.545074
-170.776077
-382.887848
-166.133926
194.866486
50.547729
-1.244192
-2.133272
-1.149097
21.907310
28.281513
3.431012
11.732845
-8.015177
21.997808
17.978462
-26.999016
15.986726
44.419117
20.574461
-19.364925
-6.876145
0.339530
2.803562
0.715019
11.416092
17.976341
0.204485
2.588170
-7.836090
8.993332
9.086108
-14.125430
10.095493
22.363588
6.364149
-11.272986
-2.513990
-0.885011
-1.152335
-16.043463
120.801414
196.064941
14.876772
55.848045
-53.191551
100.390823
123.153664
-142.571411
111.676353
242.101685
104.817528
-125.059540
-29.258091
0.406359
-0.422032
0.216960
-0.087156
-0.316093
-0.696246
-0.029848
0.445963
-0.254194
-0.071098
0.472090
-0.046935
-0.238139
0.725207
0.663330
-0.018650
0.406359
-0.422032
0.216960
-0.087156
-0.316093
-0.696246
-0.029848
0.445963
-0.254194
-0.071098
0.472090
-0.046935
-0.238139
0.725207
0.663330
-0.018650
0.406359
-0.422032
0.216960
-0.087156
-0.316093
-0.696246
-0.029848
0.445963
-0.254194
-0.071098
0.472090
-0.046935
-0.238139
0.725207
0.663330
-0.018650
0.406359
-0.422032
0.216960
-0.087156
-0.316093
-0.696246
-0.029848
0.445963
-0.254194
-0.071098
0.472090
-0.046935
-0.238139
0.725207
0.663330
-0.018650
0.406359
-0.422032
0.216960
-0.087156
-0.316093
-0.696246
-0.029848
0.445963
-0.254194
-0.071098
0.472090
-0.046935
-0.238139
0.725207
0.663330
-0.018650
0.406359
-0.422032
0.216960
-0.087156
-0.316093
-0.696246
-0.029848
0.445963
-0.254194
-0.071098
0.472090
-0.046935
-0.238139
0.725207
0.663330
-0.018650
0.406359
-0.422032
0.216960
-0.087156
-0.316093
-0.696246
-0.029848
0.445963
-0.254194
-0.071098
0.472090
-0.046935
-0.238139
0.725207
0.663330
-0.018650
0.406359
-0.422032
0.216960
-0.087156
-0.316093
-0.696246
-0.029848
0.445963
-0.254194
-0.071098
0.472090
-0.046935
-0.238139
0.725207
0.663330
-0.018650
0.406359
-0.422032
0.216960
-0.087156
-0.316093
-0.696246
-0.029848
0.445963
-0.254194
-0.071098
0.472090
-0.046935
-0.238139
0.725207
0.663330
-0.018650
0.406359
-0.422032
0.216960
-0.087156
-0.316093
-0.696246
-0.029848
0.445963
-0.254194
-0.071098
0.472090
-0.046935
-0.238139
0.725207
0.663330
-0.018650
0.406359
-0.422032
0.216960
-0.087156
-0.316093
-0.696246
-0.029848
0.445963
-0.254194
-0.071098
0.472090
-0.046935
-0.238139
0.725207
0.663330
-0.018650
0.406359
-0.422032
0.216960
-0.087156
-0.316093
-0.696246
-0.029848
0.445963
-0.254194
-0.071098
0.472090
-0.046935
-0.238139
0.725207
0.663330
-0.018650
0.406359
-0.422032
0.216960
-0.087156
-0.316093
-0.696246
-0.029848
0.445963
-0.254194
-0.071098
0.472090
-0.046935
-0.238139
0.725207
0.663330
-0.018650
0.406359
-0.422032
0.216960
-0.087156
-0.316093
-0.696246
-0.029848
0.445963
-0.254194
-0.071098
0.472090
-0.046935
-0.238139
0.725207
0.663330
-0.018650
