-0.572867
1.120001
5.130075
7.725333
-3.132716
-7.119888
1.142218
-3.053914
-3.902552
3.838508
7.764431
6.899313
7.054601
0.934534
-0.725829
1.122055
0.171620
0.510122
-4.395686
-7.601101
9.874352
2.330784
-5.507147
-10.513946
-0.970258
4.620268
6.098213
-2.755978
4.497290
1.468628
2.436313
-8.326325
3.807524
2.752847
88.998032
-316.417511
-840.374878
223.429443
-422.345795
-1314.956299
-575.617065
673.771606
200.137772
700.318115
-880.228760
-1780.852539
401.844513
270.778992
-3.845271
-0.394623
-40.106754
143.000412
367.007141
-91.629204
180.718704
578.710876
258.572845
-296.463226
-80.894936
-311.105713
372.478027
791.570129
-167.458832
-122.243690
-2.279504
0.676511
-1.257144
14.551752
44.949791
-15.915318
33.852634
67.574539
23.125526
-37.361778
-19.524717
-37.064297
64.425568
85.449051
-29.003845
-14.619063
2.200471
0.125424
-4.193036
16.220980
43.198730
-18.606647
26.896406
68.375862
25.424631
-38.351589
-14.606030
-36.739170
59.646324
89.689476
-24.502953
-13.972674
-2.067303
-1.852911
-23.743431
68.891205
186.501892
-43.884270
80.245277
289.943237
132.307907
-138.250702
-36.738503
-152.826202
176.988861
391.914093
-85.876801
-59.612179
-0.474983
0.252237
-0.422948
-0.311936
-0.054347
-0.068286
0.209749
0.425496
-0.020838
0.010200
-0.273806
0.168682
0.444747
-0.277628
-0.012516
0.718292
-0.474983
0.252237
-0.422948
-0.311936
-0.054347
-0.068286
0.209749
0.425496
-0.020838
0.010200
-0.273806
0.168682
0.444747
-0.277628
-0.012516
0.718292
-0.474983
0.252237
-0.422948
-0.311936
-0.054347
-0.068286
0.209749
0.425496
-0.020838
0.010200
-0.273806
0.168682
0.444747
-0.277628
-0.012516
0.718292
-0.474983
0.252237
-0.422948
-0.311936
-0.054347
-0.068286
0.209749
0.425496
-0.020838
0.010200
-0.273806
0.168682
0.444747
-0.277628
-0.012516
0.718292
-0.474983
0.252237
-0.422948
-0.311936
-0.054347
-0.068286
0.209749
0.425496
-0.020838
0.010200
-0.273806
0.168682
0.444747
-0.277628
-0.012516
0.718292
-0.474983
0.252237
-0.422948
-0.311936
-0.054347
-0.068286
0.209749
0.425496
-0.020838
0.010200
-0.273806
0.168682
0.444747
-0.277628
-0.012516
0.718292
-0.474983
0.252237
-0.422948
-0.311936
-0.054347
-0.068286
0.209749
0.425496
-0.020838
0.010200
-0.273806
0.168682
0.444747
-0.277628
-0.012516
0.718292
-0.474983
0.252237
-0.422948
-0.311936
-0.054347
-0.068286
0.209749
0.425496
-0.020838
0.010200
-0.273806
0.168682
0.444747
-0.277628
-0.012516
0.718292
-0.474983
0.252237
-0.422948
-0.311936
-0.054347
-0.068286
0.209749
0.425496
-0.020838
0.010200
-0.273806
0.168682
0.444747
-0.277628
-0.012516
0.718292
-0.474983
0.252237
-0.422948
-0.311936
-0.054347
-0.068286
0.209749
0.425496
-0.020838
0.010200
-0.273806
0.168682
0.444747
-0.277628
-0.012516
0.718292
-0.474983
0.252237
-0.422948
-0.311936
-0.054347
-0.068286
0.209749
0.425496
-0.020838
0.010200
-0.273806
0.168682
0.444747
-0.277628
-0.012516
0.718292
-0.474983
0.252237
-0.422948
-0.311936
-0.054347
-0.068286
0.209749
0.425496
-0.020838
0.010200
-0.273806
0.168682
0.444747
-0.277628
-0.012516
0.718292
-0.474983
0.252237
-0.422948
-0.311936
-0.054347
-0.068286
0.209749
0.425496
-0.020838
0.010200
-0.273806
0.168682
0.444747
-0.277628
-0.012516
0.718292
