3.650296
2.006588
18.079967
1.966581
-20.656633
-5.571772
1.090654
0.623987
8.160680
11.875921
12.750770
-5.978885
-1.767067
-3.584696
8.835310
0.334481
-4.464039
-0.208041
-53.572853
323.971649
794.940186
-339.354523
633.381409
1199.899536
462.576263
-753.322693
-293.389221
-651.235474
1144.265503
1566.947021
-397.542236
-177.032013
3.125040
1.038182
28.753754
-148.012650
-374.604065
149.997314
-283.338440
-567.373352
-220.993500
345.765930
132.856110
305.124512
-515.541382
-740.833008
186.143631
85.269547
-0.062670
-0.035303
3.456822
-8.198121
-31.655876
15.081459
-32.685799
-44.349823
-14.110911
28.335880
16.131332
25.834709
-53.814068
-57.012390
16.429749
6.664500
-1.875278
-3.268075
-1.471473
-21.529369
-51.623135
31.338171
-53.416653
-75.462212
-28.417263
55.710667
22.913612
42.496925
-92.281982
-96.889290
26.556761
13.223633
1.640781
-0.807157
14.936318
-69.414413
-168.236984
57.465073
-111.600479
-253.635437
-105.486923
150.553452
49.399052
135.190384
-211.333771
-337.695862
74.154930
42.309048
0.191479
-0.148480
-0.768755
0.008422
0.333878
-0.115114
0.191887
-0.473314
0.102284
0.591138
0.290804
0.081303
0.045856
0.299853
0.030162
0.300599
0.191479
-0.148480
-0.768755
0.008422
0.333878
-0.115114
0.191887
-0.473314
0.102284
0.591138
0.290804
0.081303
0.045856
0.299853
0.030162
0.300599
0.191479
-0.148480
-0.768755
0.008422
0.333878
-0.115114
0.191887
-0.473314
0.102284
0.591138
0.290804
0.081303
0.045856
0.299853
0.030162
0.300599
0.191479
-0.148480
-0.768755
0.008422
0.333878
-0.115114
0.191887
-0.473314
0.102284
0.591138
0.290804
0.081303
0.045856
0.299853
0.030162
0.300599
0.191479
-0.148480
-0.768755
0.008422
0.333878
-0.115114
0.191887
-0.473314
0.102284
0.591138
0.290804
0.081303
0.045856
0.299853
0.030162
0.300599
0.191479
-0.148480
-0.768755
0.008422
0.333878
-0.115114
0.191887
-0.473314
0.102284
0.591138
0.290804
0.081303
0.045856
0.299853
0.030162
0.300599
0.191479
-0.148480
-0.768755
0.008422
0.333878
-0.115114
0.191887
-0.473314
0.102284
0.591138
0.290804
0.081303
0.045856
0.299853
0.030162
0.300599
0.191479
-0.148480
-0.768755
0.008422
0.333878
-0.115114
0.191887
-0.473314
0.102284
0.591138
0.290804
0.081303
0.045856
0.299853
0.030162
0.300599
0.191479
-0.148480
-0.768755
0.008422
0.333878
-0.115114
0.191887
-0.473314
0.102284
0.591138
0.290804
0.081303
0.045856
0.299853
0.030162
0.300599
0.191479
-0.148480
-0.768755
0.008422
0.333878
-0.115114
0.191887
-0.473314
0.102284
0.591138
0.290804
0.081303
0.045856
0.299853
0.030162
0.300599
0.191479
-0.148480
-0.768755
0.008422
0.333878
-0.115114
0.191887
-0.473314
0.102284
0.591138
0.290804
0.081303
0.045856
0.299853
0.030162
0.300599
0.191479
-0.148480
-0.768755
0.008422
0.333878
-0.115114
0.191887
-0.473314
0.102284
0.591138
0.290804
0.081303
0.045856
0.299853
0.030162
0.300599
0.191479
-0.148480
-0.768755
0.008422
0.333878
-0.115114
0.191887
-0.473314
0.102284
0.591138
0.290804
0.081303
0.045856
0.299853
0.030162
0.300599
0.191479
-0.148480
-0.768755
0.008422
0.333878
-0.115114
0.191887
-0.473314
0.102284
0.591138
0.290804
0.081303
0.045856
0.299853
0.030162
0.300599
