-0.741321
0.245731
2.765000
-10.448488
2.918438
13.553068
7.306127
-5.239213
-2.256932
4.417833
7.035544
0.955303
2.495459
6.341519
7.212922
-4.776335
0.288757
-0.093959
8.258202
-3.674706
-7.751630
-0.303356
-5.929383
1.051866
4.496822
4.175650
7.648309
-5.455124
-1.307155
-5.785475
1.947810
2.321835
1.404684
2.047709
-230.911987
235.034210
777.108521
184.474472
-173.806259
1248.153442
746.629700
-321.025940
120.270378
-640.349854
1.139875
1792.492554
-228.235794
-337.396973
-1.436284
-1.362469
150.489883
-149.480881
-494.797913
-112.033966
111.587921
-790.262146
-472.725067
201.888092
-74.496574
407.054108
-2.427715
-1134.360474
144.337143
212.880371
-0.893895
0.925510
10.894811
-9.052868
-39.902386
-17.523848
13.522767
-67.663513
-42.031757
16.714964
-12.628143
33.050537
8.378403
-96.029274
14.338504
21.564272
-0.398725
0.217378
22.894026
-29.737434
-86.572861
-19.022495
9.655908
-142.351395
-81.623077
40.596424
-12.651526
69.673012
-3.554994
-196.522903
27.479246
34.323456
-0.100644
-1.135974
1.010069
0.106731
-0.694089
0.154803
0.128614
0.161252
-0.749238
-0.212205
0.264902
0.356977
0.396791
-0.172928
-0.155528
-0.811505
-0.100644
-1.135974
1.010069
0.106731
-0.694089
0.154803
0.128614
0.161252
-0.749238
-0.212205
0.264902
0.356977
0.396791
-0.172928
-0.155528
-0.811505
-0.100644
-1.135974
1.010069
0.106731
-0.694089
0.154803
0.128614
0.161252
-0.749238
-0.212205
0.264902
0.356977
0.396791
-0.172928
-0.155528
-0.811505
-0.100644
-1.135974
1.010069
0.106731
-0.694089
0.154803
0.128614
0.161252
-0.749238
-0.212205
0.264902
0.356977
0.396791
-0.172928
-0.155528
-0.811505
-0.100644
-1.135974
1.010069
0.106731
-0.694089
0.154803
0.128614
0.161252
-0.749238
-0.212205
0.264902
0.356977
0.396791
-0.172928
-0.155528
-0.811505
-0.100644
-1.135974
1.010069
0.106731
-0.694089
0.154803
0.128614
0.161252
-0.749238
-0.212205
0.264902
0.356977
0.396791
-0.172928
-0.155528
-0.811505
-0.100644
-1.135974
1.010069
0.106731
-0.694089
0.154803
0.128614
0.161252
-0.749238
-0.212205
0.264902
0.356977
0.396791
-0.172928
-0.155528
-0.811505
-0.100644
-1.135974
1.010069
0.106731
-0.694089
0.154803
0.128614
0.161252
-0.749238
-0.212205
0.264902
0.356977
0.396791
-0.172928
-0.155528
-0.811505
-0.100644
-1.135974
1.010069
0.106731
-0.694089
0.154803
0.128614
0.161252
-0.749238
-0.212205
0.264902
0.356977
0.396791
-0.172928
-0.155528
-0.811505
-0.100644
-1.135974
1.010069
0.106731
-0.694089
0.154803
0.128614
0.161252
-0.749238
-0.212205
0.264902
0.356977
0.396791
-0.172928
-0.155528
-0.811505
-0.100644
-1.135974
1.010069
0.106731
-0.694089
0.154803
0.128614
0.161252
-0.749238
-0.212205
0.264902
0.356977
0.396791
-0.172928
-0.155528
-0.811505
-0.100644
-1.135974
1.010069
0.106731
-0.694089
0.154803
0.128614
0.161252
-0.749238
-0.212205
0.264902
0.356977
0.396791
-0.172928
-0.155528
-0.811505
-0.100644
-1.135974
1.010069
0.106731
-0.694089
0.154803
0.128614
0.161252
-0.749238
-0.212205
0.264902
0.356977
0.396791
-0.172928
-0.155528
-0.811505
-0.100644
-1.135974
1.010069
0.106731
-0.694089
0.154803
0.128614
0.161252
-0.749238
-0.212205
0.264902
0.356977
0.396791
-0.172928
-0.155528
-0.811505
