0.046727
1.127045
-2.674294
-7.912114
-0.601852
7.959774
2.152221
3.272509
2.436319
-5.532684
-6.849071
-8.383766
-3.895562
4.468109
0.458535
-2.585170
-2.664853
0.457000
9.644118
333.579559
689.209595
-466.017517
791.651184
1034.701538
308.373535
-796.221008
-398.594604
-550.430237
1371.026367
1299.668579
-418.856415
-77.659943
3.249926
-0.818617
1.601306
-13.999603
-29.516136
16.342356
-30.413105
-39.714844
-11.869440
30.261488
12.918846
16.458176
-43.776016
-46.632973
16.411282
0.783714
3.773797
-1.340265
-11.731490
-168.386688
-333.403320
246.774414
-410.667877
-502.738861
-137.550613
401.645081
208.368500
261.668243
-709.054688
-613.996399
212.832474
29.379194
-1.199503
0.191939
4.707531
-20.140451
-53.797882
22.999752
-38.760269
-77.738823
-31.988617
49.798592
18.345390
45.256538
-74.094330
-113.969193
23.843561
12.617352
-1.325943
2.025307
-12.511174
-63.032242
-113.779900
104.691910
-177.152435
-169.952744
-35.730072
159.026962
89.239929
97.292145
-292.148895
-209.905853
75.284149
6.423929
0.243643
-0.489235
-0.523943
-0.309957
0.017061
0.008823
0.726614
0.375146
0.134551
0.500520
-0.140852
0.801149
0.123459
-0.440512
-0.153268
0.508712
0.243643
-0.489235
-0.523943
-0.309957
0.017061
0.008823
0.726614
0.375146
0.134551
0.500520
-0.140852
0.801149
0.123459
-0.440512
-0.153268
0.508712
0.243643
-0.489235
-0.523943
-0.309957
0.017061
0.008823
0.726614
0.375146
0.134551
0.500520
-0.140852
0.801149
0.123459
-0.440512
-0.153268
0.508712
0.243643
-0.489235
-0.523943
-0.309957
0.017061
0.008823
0.726614
0.375146
0.134551
0.500520
-0.140852
0.801149
0.123459
-0.440512
-0.153268
0.508712
0.243643
-0.489235
-0.523943
-0.309957
0.017061
0.008823
0.726614
0.375146
0.134551
0.500520
-0.140852
0.801149
0.123459
-0.440512
-0.153268
0.508712
0.243643
-0.489235
-0.523943
-0.309957
0.017061
0.008823
0.726614
0.375146
0.134551
0.500520
-0.140852
0.801149
0.123459
-0.440512
-0.153268
0.508712
0.243643
-0.489235
-0.523943
-0.309957
0.017061
0.008823
0.726614
0.375146
0.134551
0.500520
-0.140852
0.801149
0.123459
-0.440512
-0.153268
0.508712
0.243643
-0.489235
-0.523943
-0.309957
0.017061
0.008823
0.726614
0.375146
0.134551
0.500520
-0.140852
0.801149
0.123459
-0.440512
-0.153268
0.508712
0.243643
-0.489235
-0.523943
-0.309957
0.017061
0.008823
0.726614
0.375146
0.134551
0.500520
-0.140852
0.801149
0.123459
-0.440512
-0.153268
0.508712
0.243643
-0.489235
-0.523943
-0.309957
0.017061
0.008823
0.726614
0.375146
0.134551
0.500520
-0.140852
0.801149
0.123459
-0.440512
-0.153268
0.508712
0.243643
-0.489235
-0.523943
-0.309957
0.017061
0.008823
0.726614
0.375146
0.134551
0.500520
-0.140852
0.801149
0.123459
-0.440512
-0.153268
0.508712
0.243643
-0.489235
-0.523943
-0.309957
0.017061
0.008823
0.726614
0.375146
0.134551
0.500520
-0.140852
0.801149
0.123459
-0.440512
-0.153268
0.508712
0.243643
-0.489235
-0.523943
-0.309957
0.017061
0.008823
0.726614
0.375146
0.134551
0.500520
-0.140852
0.801149
0.123459
-0.440512
-0.153268
0.508712
0.243643
-0.489235
-0.523943
-0.309957
0.017061
0.008823
0.726614
0.375146
0.134551
0.500520
-0.140852
0.801149
0.123459
-0.440512
-0.153268
0.508712
