3.043931
11.111481
-82.551254
37.227833
-9.182530
7.875212
-6.677239
3.217801
-35.042820
5.914374
-38.134792
19.634783
-12.813972
14.525497
-27.560890
24.848879
7.060338
-5.193479
80.311287
2.283222
20.080608
-26.131645
-10.220407
-26.570152
49.497780
-0.690935
52.380032
7.405097
-5.486046
-6.767029
47.098896
-15.305950
1.338349
0.989487
4.488999
-6.137221
2.992755
9.259017
7.276620
-7.326915
-4.239469
4.294667
6.583601
2.837666
-1.902846
4.173387
9.596668
3.571899
1.621121
-0.184271
-9.771060
12.578445
15.290181
-11.900566
-4.425268
-2.548144
-11.446029
-7.390775
-5.921667
15.453490
3.341117
5.388183
-5.690190
4.909150
3.380021
1.193426
22.987511
26.557480
-42.654579
-114.155418
-194.296280
-103.953430
165.209229
265.106842
-81.311050
133.056381
87.668991
-354.644379
-63.885445
110.900436
-4.085430
-1.861191
-4.135234
-9.757666
16.963013
42.463131
72.975822
37.329987
-51.473202
-99.500366
27.915682
-48.242180
-35.926140
131.433044
25.023493
-36.656925
0.736008
0.151415
-9.338184
-5.779149
9.244654
32.062542
56.871513
24.849241
-56.134819
-68.354919
17.774836
-42.331753
-11.551602
99.968048
13.684558
-34.725819
-0.238402
0.081451
0.211441
0.418256
-0.238388
0.061109
0.024803
-0.154376
-0.027760
-0.263892
-0.438244
-0.094747
0.713993
0.088039
0.565983
-0.711909
-0.238402
0.081451
0.211441
0.418256
-0.238388
0.061109
0.024803
-0.154376
-0.027760
-0.263892
-0.438244
-0.094747
0.713993
0.088039
0.565983
-0.711909
-0.238402
0.081451
0.211441
0.418256
-0.238388
0.061109
0.024803
-0.154376
-0.027760
-0.263892
-0.438244
-0.094747
0.713993
0.088039
0.565983
-0.711909
-0.238402
0.081451
0.211441
0.418256
-0.238388
0.061109
0.024803
-0.154376
-0.027760
-0.263892
-0.438244
-0.094747
0.713993
0.088039
0.565983
-0.711909
-0.238402
0.081451
0.211441
0.418256
-0.238388
0.061109
0.024803
-0.154376
-0.027760
-0.263892
-0.438244
-0.094747
0.713993
0.088039
0.565983
-0.711909
-0.238402
0.081451
0.211441
0.418256
-0.238388
0.061109
0.024803
-0.154376
-0.027760
-0.263892
-0.438244
-0.094747
0.713993
0.088039
0.565983
-0.711909
-0.238402
0.081451
0.211441
0.418256
-0.238388
0.061109
0.024803
-0.154376
-0.027760
-0.263892
-0.438244
-0.094747
0.713993
0.088039
0.565983
-0.711909
-0.238402
0.081451
0.211441
0.418256
-0.238388
0.061109
0.024803
-0.154376
-0.027760
-0.263892
-0.438244
-0.094747
0.713993
0.088039
0.565983
-0.711909
-0.238402
0.081451
0.211441
0.418256
-0.238388
0.061109
0.024803
-0.154376
-0.027760
-0.263892
-0.438244
-0.094747
0.713993
0.088039
0.565983
-0.711909
-0.238402
0.081451
0.211441
0.418256
-0.238388
0.061109
0.024803
-0.154376
-0.027760
-0.263892
-0.438244
-0.094747
0.713993
0.088039
0.565983
-0.711909
-0.238402
0.081451
0.211441
0.418256
-0.238388
0.061109
0.024803
-0.154376
-0.027760
-0.263892
-0.438244
-0.094747
0.713993
0.088039
0.565983
-0.711909
-0.238402
0.081451
0.211441
0.418256
-0.238388
0.061109
0.024803
-0.154376
-0.027760
-0.263892
-0.438244
-0.094747
0.713993
0.088039
0.565983
-0.711909
-0.238402
0.081451
0.211441
0.418256
-0.238388
0.061109
0.024803
-0.154376
-0.027760
-0.263892
-0.438244
-0.094747
0.713993
0.088039
0.565983
-0.711909
