0.191969
-0.961301
-5.561797
-5.759318
1.437714
6.366858
2.473937
4.742417
3.612184
-4.908095
-5.245195
-6.339896
-5.650369
3.175177
1.218970
-2.168589
-0.284076
1.153335
-10.077851
4.412388
5.621056
-10.810712
-9.311836
0.728285
4.562271
-0.420373
-5.149200
-3.126936
1.344130
-6.194112
-9.227322
-2.940579
-2.481848
-2.235846
-12.116476
31.017275
41.758614
-107.506653
-92.071640
-187.359146
-46.206413
319.400818
-157.886429
51.241665
305.083740
-237.447311
-125.592712
42.189434
3.082248
2.673583
3.471057
-11.508071
-18.620390
48.765347
42.487782
88.322029
26.804472
-152.486526
79.065109
-23.435753
-149.874588
112.937645
59.094830
-20.520226
-3.129788
0.539865
1.433857
-7.410900
-1.819711
9.562844
7.952924
13.674334
-2.578919
-19.772495
8.228943
-6.001138
-15.887300
15.359691
9.124745
-4.792991
1.103305
0.854139
2.894169
-1.484808
-9.476720
17.957644
15.456820
38.897770
9.018297
-63.900375
31.846107
-2.025033
-64.422180
44.459110
24.539591
-3.886032
0.254781
-0.587291
-0.479273
-0.354200
0.315491
-0.300623
-1.047928
0.753463
-0.547807
0.043777
-0.464794
0.303076
0.312023
-0.127949
-0.334916
-0.281920
0.254781
-0.587291
-0.479273
-0.354200
0.315491
-0.300623
-1.047928
0.753463
-0.547807
0.043777
-0.464794
0.303076
0.312023
-0.127949
-0.334916
-0.281920
0.254781
-0.587291
-0.479273
-0.354200
0.315491
-0.300623
-1.047928
0.753463
-0.547807
0.043777
-0.464794
0.303076
0.312023
-0.127949
-0.334916
-0.281920
0.254781
-0.587291
-0.479273
-0.354200
0.315491
-0.300623
-1.047928
0.753463
-0.547807
0.043777
-0.464794
0.303076
0.312023
-0.127949
-0.334916
-0.281920
0.254781
-0.587291
-0.479273
-0.354200
0.315491
-0.300623
-1.047928
0.753463
-0.547807
0.043777
-0.464794
0.303076
0.312023
-0.127949
-0.334916
-0.281920
0.254781
-0.587291
-0.479273
-0.354200
0.315491
-0.300623
-1.047928
0.753463
-0.547807
0.043777
-0.464794
0.303076
0.312023
-0.127949
-0.334916
-0.281920
0.254781
-0.587291
-0.479273
-0.354200
0.315491
-0.300623
-1.047928
0.753463
-0.547807
0.043777
-0.464794
0.303076
0.312023
-0.127949
-0.334916
-0.281920
0.254781
-0.587291
-0.479273
-0.354200
0.315491
-0.300623
-1.047928
0.753463
-0.547807
0.043777
-0.464794
0.303076
0.312023
-0.127949
-0.334916
-0.281920
0.254781
-0.587291
-0.479273
-0.354200
0.315491
-0.300623
-1.047928
0.753463
-0.547807
0.043777
-0.464794
0.303076
0.312023
-0.127949
-0.334916
-0.281920
0.254781
-0.587291
-0.479273
-0.354200
0.315491
-0.300623
-1.047928
0.753463
-0.547807
0.043777
-0.464794
0.303076
0.312023
-0.127949
-0.334916
-0.281920
0.254781
-0.587291
-0.479273
-0.354200
0.315491
-0.300623
-1.047928
0.753463
-0.547807
0.043777
-0.464794
0.303076
0.312023
-0.127949
-0.334916
-0.281920
0.254781
-0.587291
-0.479273
-0.354200
0.315491
-0.300623
-1.047928
0.753463
-0.547807
0.043777
-0.464794
0.303076
0.312023
-0.127949
-0.334916
-0.281920
0.254781
-0.587291
-0.479273
-0.354200
0.315491
-0.300623
-1.047928
0.753463
-0.547807
0.043777
-0.464794
0.303076
0.312023
-0.127949
-0.334916
-0.281920
0.254781
-0.587291
-0.479273
-0.354200
0.315491
-0.300623
-1.047928
0.753463
-0.547807
0.043777
-0.464794
0.303076
0.312023
-0.127949
-0.334916
-0.281920
