-2.068419
-0.684624
-10.614346
-26.918222
11.018795
33.059013
-11.191463
14.965909
10.679341
-5.140920
-6.567950
-16.047209
-19.643513
-8.210967
15.504747
-5.065264
-0.790443
-2.829437
1206.874878
-545.990051
878.796936
-259.895538
-496.258484
-681.182800
-185.027374
486.783112
-126.376244
965.772949
-730.680176
-782.003113
472.752472
-1070.813843
-2.351294
0.205817
-63.081238
5.406321
-38.377857
-0.218780
9.546853
32.894855
12.928928
-20.284037
13.988150
-39.822414
25.815037
43.059490
-35.365433
41.816780
2.240487
-0.402638
-934.053467
435.158051
-684.227478
205.884735
390.556671
529.602356
142.318436
-378.847839
97.619522
-751.268188
567.590454
607.641052
-360.094238
834.049622
-0.181101
-0.017030
-61.884689
45.476788
-45.239239
27.527105
37.315941
32.891121
2.574930
-32.180981
-6.969758
-56.835800
54.470837
36.525677
-12.253884
67.726479
0.166163
0.042875
0.208311
0.418749
0.445998
-0.251286
0.517950
0.053111
-0.056402
-0.570455
-0.057910
0.349255
-0.744641
0.394507
-0.097037
0.071691
0.166163
0.042875
0.208311
0.418749
0.445998
-0.251286
0.517950
0.053111
-0.056402
-0.570455
-0.057910
0.349255
-0.744641
0.394507
-0.097037
0.071691
0.166163
0.042875
0.208311
0.418749
0.445998
-0.251286
0.517950
0.053111
-0.056402
-0.570455
-0.057910
0.349255
-0.744641
0.394507
-0.097037
0.071691
0.166163
0.042875
0.208311
0.418749
0.445998
-0.251286
0.517950
0.053111
-0.056402
-0.570455
-0.057910
0.349255
-0.744641
0.394507
-0.097037
0.071691
0.166163
0.042875
0.208311
0.418749
0.445998
-0.251286
0.517950
0.053111
-0.056402
-0.570455
-0.057910
0.349255
-0.744641
0.394507
-0.097037
0.071691
0.166163
0.042875
0.208311
0.418749
0.445998
-0.251286
0.517950
0.053111
-0.056402
-0.570455
-0.057910
0.349255
-0.744641
0.394507
-0.097037
0.071691
0.166163
0.042875
0.208311
0.418749
0.445998
-0.251286
0.517950
0.053111
-0.056402
-0.570455
-0.057910
0.349255
-0.744641
0.394507
-0.097037
0.071691
0.166163
0.042875
0.208311
0.418749
0.445998
-0.251286
0.517950
0.053111
-0.056402
-0.570455
-0.057910
0.349255
-0.744641
0.394507
-0.097037
0.071691
0.166163
0.042875
0.208311
0.418749
0.445998
-0.251286
0.517950
0.053111
-0.056402
-0.570455
-0.057910
0.349255
-0.744641
0.394507
-0.097037
0.071691
0.166163
0.042875
0.208311
0.418749
0.445998
-0.251286
0.517950
0.053111
-0.056402
-0.570455
-0.057910
0.349255
-0.744641
0.394507
-0.097037
0.071691
0.166163
0.042875
0.208311
0.418749
0.445998
-0.251286
0.517950
0.053111
-0.056402
-0.570455
-0.057910
0.349255
-0.744641
0.394507
-0.097037
0.071691
0.166163
0.042875
0.208311
0.418749
0.445998
-0.251286
0.517950
0.053111
-0.056402
-0.570455
-0.057910
0.349255
-0.744641
0.394507
-0.097037
0.071691
0.166163
0.042875
0.208311
0.418749
0.445998
-0.251286
0.517950
0.053111
-0.056402
-0.570455
-0.057910
0.349255
-0.744641
0.394507
-0.097037
0.071691
0.166163
0.042875
0.208311
0.418749
0.445998
-0.251286
0.517950
0.053111
-0.056402
-0.570455
-0.057910
0.349255
-0.744641
0.394507
-0.097037
0.071691
0.166163
0.042875
0.208311
0.418749
0.445998
-0.251286
0.517950
0.053111
-0.056402
-0.570455
-0.057910
0.349255
-0.744641
0.394507
-0.097037
0.071691
