2.372461
-0.221738
8.509773
6.035415
-9.648043
2.638169
7.667990
6.940700
-5.433832
-5.212512
-3.087239
8.533935
-4.766667
-0.381196
2.818700
9.946441
-0.290750
0.119562
-7.853860
-3.932571
3.749951
5.875090
2.548997
3.349296
-0.947020
-5.294454
-8.960631
-2.665366
-1.969328
4.984339
0.234410
-3.545282
-1.172782
-0.024617
-33.848797
-28.238083
67.290115
113.866524
179.581223
88.759567
-174.235886
-251.856140
74.251183
-154.902008
-67.876266
395.926758
49.528336
-120.125679
3.819008
-3.052460
2.660053
6.934147
-4.842345
-10.406000
-9.937126
-7.529119
7.618011
13.798348
-8.670947
16.708090
4.032890
-27.315954
-1.000748
8.361836
-1.501703
0.917502
9.041882
10.541441
-21.279371
-36.751194
-55.595310
-29.643896
59.418743
83.955009
-23.820242
56.905632
16.499983
-131.463196
-16.559437
41.187523
-0.445084
1.226120
10.882499
4.008390
-20.710762
-34.034843
-57.334999
-27.501654
56.557415
77.954475
-20.216587
43.444889
22.039963
-124.632874
-18.467854
36.126644
0.664098
0.204110
-0.235054
-0.045969
-0.157145
0.430895
0.423045
-0.296761
-0.072133
0.390661
0.059932
-0.144153
-0.153747
-0.112470
-0.593382
-0.252975
0.664098
0.204110
-0.235054
-0.045969
-0.157145
0.430895
0.423045
-0.296761
-0.072133
0.390661
0.059932
-0.144153
-0.153747
-0.112470
-0.593382
-0.252975
0.664098
0.204110
-0.235054
-0.045969
-0.157145
0.430895
0.423045
-0.296761
-0.072133
0.390661
0.059932
-0.144153
-0.153747
-0.112470
-0.593382
-0.252975
0.664098
0.204110
-0.235054
-0.045969
-0.157145
0.430895
0.423045
-0.296761
-0.072133
0.390661
0.059932
-0.144153
-0.153747
-0.112470
-0.593382
-0.252975
0.664098
0.204110
-0.235054
-0.045969
-0.157145
0.430895
0.423045
-0.296761
-0.072133
0.390661
0.059932
-0.144153
-0.153747
-0.112470
-0.593382
-0.252975
0.664098
0.204110
-0.235054
-0.045969
-0.157145
0.430895
0.423045
-0.296761
-0.072133
0.390661
0.059932
-0.144153
-0.153747
-0.112470
-0.593382
-0.252975
0.664098
0.204110
-0.235054
-0.045969
-0.157145
0.430895
0.423045
-0.296761
-0.072133
0.390661
0.059932
-0.144153
-0.153747
-0.112470
-0.593382
-0.252975
0.664098
0.204110
-0.235054
-0.045969
-0.157145
0.430895
0.423045
-0.296761
-0.072133
0.390661
0.059932
-0.144153
-0.153747
-0.112470
-0.593382
-0.252975
0.664098
0.204110
-0.235054
-0.045969
-0.157145
0.430895
0.423045
-0.296761
-0.072133
0.390661
0.059932
-0.144153
-0.153747
-0.112470
-0.593382
-0.252975
0.664098
0.204110
-0.235054
-0.045969
-0.157145
0.430895
0.423045
-0.296761
-0.072133
0.390661
0.059932
-0.144153
-0.153747
-0.112470
-0.593382
-0.252975
0.664098
0.204110
-0.235054
-0.045969
-0.157145
0.430895
0.423045
-0.296761
-0.072133
0.390661
0.059932
-0.144153
-0.153747
-0.112470
-0.593382
-0.252975
0.664098
0.204110
-0.235054
-0.045969
-0.157145
0.430895
0.423045
-0.296761
-0.072133
0.390661
0.059932
-0.144153
-0.153747
-0.112470
-0.593382
-0.252975
0.664098
0.204110
-0.235054
-0.045969
-0.157145
0.430895
0.423045
-0.296761
-0.072133
0.390661
0.059932
-0.144153
-0.153747
-0.112470
-0.593382
-0.252975
0.664098
0.204110
-0.235054
-0.045969
-0.157145
0.430895
0.423045
-0.296761
-0.072133
0.390661
0.059932
-0.144153
-0.153747
-0.112470
-0.593382
-0.252975
