1.373024
3.708845
-58.253174
-64.345520
-138.394897
-19.309320
275.642059
-83.057426
-325.731934
-34.595230
18.165842
-92.217880
271.854065
78.978889
223.945602
-33.577282
-23.336916
-7.146305
15.053257
39.945549
-5.577191
-24.644606
-25.178881
3.074244
5.093688
-15.268168
20.670483
25.975084
-10.433775
16.061987
14.237247
-17.665833
-1.272123
-1.083998
31.926855
32.288952
67.121315
2.383873
-131.901428
45.740509
158.133804
8.248254
-3.932276
47.048801
-132.872177
-28.168900
-103.055397
20.500280
3.210975
-3.030720
11.370763
10.428611
26.733774
-0.752036
-53.785168
23.746300
65.556702
2.383762
-2.681649
18.495651
-54.760216
-10.030931
-40.924469
13.609838
-0.082035
-0.321001
-0.213515
0.112497
-0.486407
0.107020
0.059020
0.695840
0.417402
0.222532
0.233318
0.172195
0.488026
0.038367
0.749509
-0.111153
-0.082035
-0.321001
-0.213515
0.112497
-0.486407
0.107020
0.059020
0.695840
0.417402
0.222532
0.233318
0.172195
0.488026
0.038367
0.749509
-0.111153
-0.082035
-0.321001
-0.213515
0.112497
-0.486407
0.107020
0.059020
0.695840
0.417402
0.222532
0.233318
0.172195
0.488026
0.038367
0.749509
-0.111153
-0.082035
-0.321001
-0.213515
0.112497
-0.486407
0.107020
0.059020
0.695840
0.417402
0.222532
0.233318
0.172195
0.488026
0.038367
0.749509
-0.111153
-0.082035
-0.321001
-0.213515
0.112497
-0.486407
0.107020
0.059020
0.695840
0.417402
0.222532
0.233318
0.172195
0.488026
0.038367
0.749509
-0.111153
-0.082035
-0.321001
-0.213515
0.112497
-0.486407
0.107020
0.059020
0.695840
0.417402
0.222532
0.233318
0.172195
0.488026
0.038367
0.749509
-0.111153
-0.082035
-0.321001
-0.213515
0.112497
-0.486407
0.107020
0.059020
0.695840
0.417402
0.222532
0.233318
0.172195
0.488026
0.038367
0.749509
-0.111153
-0.082035
-0.321001
-0.213515
0.112497
-0.486407
0.107020
0.059020
0.695840
0.417402
0.222532
0.233318
0.172195
0.488026
0.038367
0.749509
-0.111153
-0.082035
-0.321001
-0.213515
0.112497
-0.486407
0.107020
0.059020
0.695840
0.417402
0.222532
0.233318
0.172195
0.488026
0.038367
0.749509
-0.111153
-0.082035
-0.321001
-0.213515
0.112497
-0.486407
0.107020
0.059020
0.695840
0.417402
0.222532
0.233318
0.172195
0.488026
0.038367
0.749509
-0.111153
-0.082035
-0.321001
-0.213515
0.112497
-0.486407
0.107020
0.059020
0.695840
0.417402
0.222532
0.233318
0.172195
0.488026
0.038367
0.749509
-0.111153
-0.082035
-0.321001
-0.213515
0.112497
-0.486407
0.107020
0.059020
0.695840
0.417402
0.222532
0.233318
0.172195
0.488026
0.038367
0.749509
-0.111153
-0.082035
-0.321001
-0.213515
0.112497
-0.486407
0.107020
0.059020
0.695840
0.417402
0.222532
0.233318
0.172195
0.488026
0.038367
0.749509
-0.111153
-0.082035
-0.321001
-0.213515
0.112497
-0.486407
0.107020
0.059020
0.695840
0.417402
0.222532
0.233318
0.172195
0.488026
0.038367
0.749509
-0.111153
-0.082035
-0.321001
-0.213515
0.112497
-0.486407
0.107020
0.059020
0.695840
0.417402
0.222532
0.233318
0.172195
0.488026
0.038367
0.749509
-0.111153
-0.082035
-0.321001
-0.213515
0.112497
-0.486407
0.107020
0.059020
0.695840
0.417402
0.222532
0.233318
0.172195
0.488026
0.038367
0.749509
-0.111153
