-2.931474
-0.821419
-3.639195
-21.547462
7.824043
26.034513
6.702637
-5.359319
11.622471
-3.597996
-16.554928
-8.509603
-9.738696
-3.616404
3.570082
-4.775721
-1.680788
3.168005
-29.350979
-8.632552
24.057102
15.972673
8.987208
16.404102
-3.052165
-28.751019
-40.012150
8.176188
-15.608106
12.321511
-8.243620
-9.135398
7.882381
7.233168
-24.948898
29.059235
26.711147
-29.360905
-18.239191
-25.052258
17.539415
2.938231
-10.139220
24.778318
-21.543322
-3.647266
21.184950
8.506227
-2.449312
-0.330363
53.249195
-36.244179
80.767860
-98.295311
-61.285519
265.134644
174.822037
-233.932465
70.014702
72.253288
-190.086304
196.547272
-81.934685
200.548798
0.395554
-0.152219
-2.691918
5.580506
-10.036795
9.858520
6.360106
-29.225714
-17.094940
26.012270
-4.566316
-8.200800
16.803061
-18.095114
9.534368
-19.020542
2.459821
-0.901423
-35.311813
23.596691
-51.002342
63.872250
36.851280
-172.051620
-110.466972
148.682449
-50.687084
-48.754253
122.170158
-127.960732
53.100384
-128.442184
-0.712727
-0.554648
-0.151267
0.311301
-0.126499
0.180225
0.386323
0.279902
-0.176128
0.045879
-0.446383
-0.314237
0.320646
0.575426
0.565992
0.403673
-0.712727
-0.554648
-0.151267
0.311301
-0.126499
0.180225
0.386323
0.279902
-0.176128
0.045879
-0.446383
-0.314237
0.320646
0.575426
0.565992
0.403673
-0.712727
-0.554648
-0.151267
0.311301
-0.126499
0.180225
0.386323
0.279902
-0.176128
0.045879
-0.446383
-0.314237
0.320646
0.575426
0.565992
0.403673
-0.712727
-0.554648
-0.151267
0.311301
-0.126499
0.180225
0.386323
0.279902
-0.176128
0.045879
-0.446383
-0.314237
0.320646
0.575426
0.565992
0.403673
-0.712727
-0.554648
-0.151267
0.311301
-0.126499
0.180225
0.386323
0.279902
-0.176128
0.045879
-0.446383
-0.314237
0.320646
0.575426
0.565992
0.403673
-0.712727
-0.554648
-0.151267
0.311301
-0.126499
0.180225
0.386323
0.279902
-0.176128
0.045879
-0.446383
-0.314237
0.320646
0.575426
0.565992
0.403673
-0.712727
-0.554648
-0.151267
0.311301
-0.126499
0.180225
0.386323
0.279902
-0.176128
0.045879
-0.446383
-0.314237
0.320646
0.575426
0.565992
0.403673
-0.712727
-0.554648
-0.151267
0.311301
-0.126499
0.180225
0.386323
0.279902
-0.176128
0.045879
-0.446383
-0.314237
0.320646
0.575426
0.565992
0.403673
-0.712727
-0.554648
-0.151267
0.311301
-0.126499
0.180225
0.386323
0.279902
-0.176128
0.045879
-0.446383
-0.314237
0.320646
0.575426
0.565992
0.403673
-0.712727
-0.554648
-0.151267
0.311301
-0.126499
0.180225
0.386323
0.279902
-0.176128
0.045879
-0.446383
-0.314237
0.320646
0.575426
0.565992
0.403673
-0.712727
-0.554648
-0.151267
0.311301
-0.126499
0.180225
0.386323
0.279902
-0.176128
0.045879
-0.446383
-0.314237
0.320646
0.575426
0.565992
0.403673
-0.712727
-0.554648
-0.151267
0.311301
-0.126499
0.180225
0.386323
0.279902
-0.176128
0.045879
-0.446383
-0.314237
0.320646
0.575426
0.565992
0.403673
-0.712727
-0.554648
-0.151267
0.311301
-0.126499
0.180225
0.386323
0.279902
-0.176128
0.045879
-0.446383
-0.314237
0.320646
0.575426
0.565992
0.403673
-0.712727
-0.554648
-0.151267
0.311301
-0.126499
0.180225
0.386323
0.279902
-0.176128
0.045879
-0.446383
-0.314237
0.320646
0.575426
0.565992
0.403673
