-1.343625
-0.256760
5.475251
6.267531
-3.079764
-6.171804
0.985008
-3.436201
-2.908060
2.368132
8.633044
5.438662
4.576962
1.698849
-0.568313
1.492798
-0.938009
-3.130261
40.327236
110.111069
103.022980
40.367245
-242.308685
-102.158615
283.864136
234.567719
-81.193306
36.144329
-129.248169
-240.198074
-215.659454
-60.100914
0.658928
-0.163066
-5.162927
-6.050164
2.252047
4.797137
-1.676377
3.925796
2.863586
-3.639649
-7.253180
-4.630829
-4.803290
-1.643749
-0.638008
-1.512680
1.237726
0.339995
-26.105219
-56.659019
-55.601391
-18.551876
127.509842
48.261211
-153.316620
-117.781593
38.020756
-20.509928
69.578384
122.826469
113.228371
26.684883
-3.607851
0.942890
1.176397
-9.468449
-7.010335
-4.541131
13.218619
12.586878
-11.591949
-19.090120
7.194386
-0.795959
2.914578
19.004314
13.256239
8.567749
0.319611
3.129298
-10.526615
-17.194174
-21.388035
-2.611210
46.744923
13.053292
-55.019146
-29.332981
12.226257
-8.422966
30.320753
33.662483
39.409790
1.556610
-0.157745
-0.280131
-0.381332
-0.221964
-0.126785
0.326132
0.589106
-0.328437
0.617347
0.033121
-0.500424
-0.415040
0.138219
-0.321746
-0.080733
0.421518
-0.157745
-0.280131
-0.381332
-0.221964
-0.126785
0.326132
0.589106
-0.328437
0.617347
0.033121
-0.500424
-0.415040
0.138219
-0.321746
-0.080733
0.421518
-0.157745
-0.280131
-0.381332
-0.221964
-0.126785
0.326132
0.589106
-0.328437
0.617347
0.033121
-0.500424
-0.415040
0.138219
-0.321746
-0.080733
0.421518
-0.157745
-0.280131
-0.381332
-0.221964
-0.126785
0.326132
0.589106
-0.328437
0.617347
0.033121
-0.500424
-0.415040
0.138219
-0.321746
-0.080733
0.421518
-0.157745
-0.280131
-0.381332
-0.221964
-0.126785
0.326132
0.589106
-0.328437
0.617347
0.033121
-0.500424
-0.415040
0.138219
-0.321746
-0.080733
0.421518
-0.157745
-0.280131
-0.381332
-0.221964
-0.126785
0.326132
0.589106
-0.328437
0.617347
0.033121
-0.500424
-0.415040
0.138219
-0.321746
-0.080733
0.421518
-0.157745
-0.280131
-0.381332
-0.221964
-0.126785
0.326132
0.589106
-0.328437
0.617347
0.033121
-0.500424
-0.415040
0.138219
-0.321746
-0.080733
0.421518
-0.157745
-0.280131
-0.381332
-0.221964
-0.126785
0.326132
0.589106
-0.328437
0.617347
0.033121
-0.500424
-0.415040
0.138219
-0.321746
-0.080733
0.421518
-0.157745
-0.280131
-0.381332
-0.221964
-0.126785
0.326132
0.589106
-0.328437
0.617347
0.033121
-0.500424
-0.415040
0.138219
-0.321746
-0.080733
0.421518
-0.157745
-0.280131
-0.381332
-0.221964
-0.126785
0.326132
0.589106
-0.328437
0.617347
0.033121
-0.500424
-0.415040
0.138219
-0.321746
-0.080733
0.421518
-0.157745
-0.280131
-0.381332
-0.221964
-0.126785
0.326132
0.589106
-0.328437
0.617347
0.033121
-0.500424
-0.415040
0.138219
-0.321746
-0.080733
0.421518
-0.157745
-0.280131
-0.381332
-0.221964
-0.126785
0.326132
0.589106
-0.328437
0.617347
0.033121
-0.500424
-0.415040
0.138219
-0.321746
-0.080733
0.421518
-0.157745
-0.280131
-0.381332
-0.221964
-0.126785
0.326132
0.589106
-0.328437
0.617347
0.033121
-0.500424
-0.415040
0.138219
-0.321746
-0.080733
0.421518
-0.157745
-0.280131
-0.381332
-0.221964
-0.126785
0.326132
0.589106
-0.328437
0.617347
0.033121
-0.500424
-0.415040
0.138219
-0.321746
-0.080733
0.421518
