-1.049823
2.863717
6.021686
17.750206
-9.632397
-26.206360
-10.883746
1.187338
-5.986998
6.298623
18.726303
6.982544
15.140238
1.555839
0.606788
-1.448010
-1.193340
3.259355
6.786007
3.456931
-5.995639
-11.782181
-9.005837
0.586575
5.598889
2.964229
26.163862
-6.682189
8.201514
5.342459
-0.141013
-1.478755
1.429984
1.061046
5.107505
1.028553
-4.686599
-1.829364
-3.086418
-1.354135
3.230887
5.073072
5.758131
0.037706
-0.202501
-6.456984
0.786283
1.733782
-1.754636
-0.167816
109.397690
26.660856
102.903442
-39.216633
-224.630142
135.255783
348.759033
-78.941322
0.225215
97.995178
-304.924957
-22.206589
-177.970169
148.646942
-0.705179
-1.639394
-5.031600
-4.919347
-8.969612
7.047069
17.728308
-13.248504
-26.320820
9.482906
1.511446
-10.181315
27.257162
2.457464
15.663846
-18.009190
0.673233
1.096211
-50.802818
-10.187407
-42.892044
14.229479
95.653824
-56.811169
-148.496674
29.613472
-0.005621
-40.812180
128.716187
11.048700
77.289299
-59.532181
1.141023
-0.056565
-24.918449
-7.112723
-23.792612
5.690415
52.100594
-27.591385
-83.893593
15.369254
-1.856715
-24.473467
72.265358
6.625033
41.979336
-33.567471
0.348254
-0.258830
0.121480
-0.265609
0.111802
0.318158
-0.320546
0.019556
0.326479
-0.190619
-0.788826
0.482308
0.697815
-0.497119
-0.237328
-0.212727
0.348254
-0.258830
0.121480
-0.265609
0.111802
0.318158
-0.320546
0.019556
0.326479
-0.190619
-0.788826
0.482308
0.697815
-0.497119
-0.237328
-0.212727
0.348254
-0.258830
0.121480
-0.265609
0.111802
0.318158
-0.320546
0.019556
0.326479
-0.190619
-0.788826
0.482308
0.697815
-0.497119
-0.237328
-0.212727
0.348254
-0.258830
0.121480
-0.265609
0.111802
0.318158
-0.320546
0.019556
0.326479
-0.190619
-0.788826
0.482308
0.697815
-0.497119
-0.237328
-0.212727
0.348254
-0.258830
0.121480
-0.265609
0.111802
0.318158
-0.320546
0.019556
0.326479
-0.190619
-0.788826
0.482308
0.697815
-0.497119
-0.237328
-0.212727
0.348254
-0.258830
0.121480
-0.265609
0.111802
0.318158
-0.320546
0.019556
0.326479
-0.190619
-0.788826
0.482308
0.697815
-0.497119
-0.237328
-0.212727
0.348254
-0.258830
0.121480
-0.265609
0.111802
0.318158
-0.320546
0.019556
0.326479
-0.190619
-0.788826
0.482308
0.697815
-0.497119
-0.237328
-0.212727
0.348254
-0.258830
0.121480
-0.265609
0.111802
0.318158
-0.320546
0.019556
0.326479
-0.190619
-0.788826
0.482308
0.697815
-0.497119
-0.237328
-0.212727
0.348254
-0.258830
0.121480
-0.265609
0.111802
0.318158
-0.320546
0.019556
0.326479
-0.190619
-0.788826
0.482308
0.697815
-0.497119
-0.237328
-0.212727
0.348254
-0.258830
0.121480
-0.265609
0.111802
0.318158
-0.320546
0.019556
0.326479
-0.190619
-0.788826
0.482308
0.697815
-0.497119
-0.237328
-0.212727
0.348254
-0.258830
0.121480
-0.265609
0.111802
0.318158
-0.320546
0.019556
0.326479
-0.190619
-0.788826
0.482308
0.697815
-0.497119
-0.237328
-0.212727
0.348254
-0.258830
0.121480
-0.265609
0.111802
0.318158
-0.320546
0.019556
0.326479
-0.190619
-0.788826
0.482308
0.697815
-0.497119
-0.237328
-0.212727
0.348254
-0.258830
0.121480
-0.265609
0.111802
0.318158
-0.320546
0.019556
0.326479
-0.190619
-0.788826
0.482308
0.697815
-0.497119
-0.237328
-0.212727
