0.368609
-1.101353
-1.777359
7.863405
2.731956
-9.165368
3.881227
-2.290605
-5.240681
1.995095
4.055936
7.380237
3.463887
5.555278
-2.063535
1.039893
-0.154642
0.889674
7.910944
-20.201733
-15.080814
11.987329
1.543607
6.776160
9.760989
9.343678
5.955724
-11.958177
1.723922
-2.773122
-0.005965
-3.089268
1.562804
-1.213212
0.547109
-6.634726
-1.955661
7.306013
-4.230315
3.387218
4.999559
-2.081891
-3.707412
-6.353352
-3.014431
-5.765890
1.029695
-0.500508
1.320599
-1.240493
-77.700562
-4.605827
-102.068810
54.138031
169.246689
-213.804306
-283.935516
157.068985
-32.036606
-84.978188
283.150421
-78.912628
106.723335
-155.214096
1.589061
5.004474
4.024077
3.251479
12.754651
-5.263564
-7.616966
13.386006
14.076860
-12.712674
4.114647
6.622934
-22.468988
5.774087
-5.727265
10.236837
-1.653077
-0.283982
48.993275
0.082669
59.832321
-34.251026
-110.925369
135.993774
183.561829
-98.914795
17.950649
51.307350
-175.891190
48.604916
-70.925781
96.244621
1.939909
1.961759
6.261856
1.922746
14.109411
-2.801485
-21.247696
20.610630
36.409382
-14.610371
1.646652
10.334680
-34.491528
5.942065
-11.636750
19.841774
0.020124
0.668704
-0.186188
-0.214642
-0.499017
0.175199
-0.034550
-0.313466
0.287995
-0.208860
-0.073552
-0.089606
0.551725
-0.129444
-0.172522
0.084886
0.020124
0.668704
-0.186188
-0.214642
-0.499017
0.175199
-0.034550
-0.313466
0.287995
-0.208860
-0.073552
-0.089606
0.551725
-0.129444
-0.172522
0.084886
0.020124
0.668704
-0.186188
-0.214642
-0.499017
0.175199
-0.034550
-0.313466
0.287995
-0.208860
-0.073552
-0.089606
0.551725
-0.129444
-0.172522
0.084886
0.020124
0.668704
-0.186188
-0.214642
-0.499017
0.175199
-0.034550
-0.313466
0.287995
-0.208860
-0.073552
-0.089606
0.551725
-0.129444
-0.172522
0.084886
0.020124
0.668704
-0.186188
-0.214642
-0.499017
0.175199
-0.034550
-0.313466
0.287995
-0.208860
-0.073552
-0.089606
0.551725
-0.129444
-0.172522
0.084886
0.020124
0.668704
-0.186188
-0.214642
-0.499017
0.175199
-0.034550
-0.313466
0.287995
-0.208860
-0.073552
-0.089606
0.551725
-0.129444
-0.172522
0.084886
0.020124
0.668704
-0.186188
-0.214642
-0.499017
0.175199
-0.034550
-0.313466
0.287995
-0.208860
-0.073552
-0.089606
0.551725
-0.129444
-0.172522
0.084886
0.020124
0.668704
-0.186188
-0.214642
-0.499017
0.175199
-0.034550
-0.313466
0.287995
-0.208860
-0.073552
-0.089606
0.551725
-0.129444
-0.172522
0.084886
0.020124
0.668704
-0.186188
-0.214642
-0.499017
0.175199
-0.034550
-0.313466
0.287995
-0.208860
-0.073552
-0.089606
0.551725
-0.129444
-0.172522
0.084886
0.020124
0.668704
-0.186188
-0.214642
-0.499017
0.175199
-0.034550
-0.313466
0.287995
-0.208860
-0.073552
-0.089606
0.551725
-0.129444
-0.172522
0.084886
0.020124
0.668704
-0.186188
-0.214642
-0.499017
0.175199
-0.034550
-0.313466
0.287995
-0.208860
-0.073552
-0.089606
0.551725
-0.129444
-0.172522
0.084886
0.020124
0.668704
-0.186188
-0.214642
-0.499017
0.175199
-0.034550
-0.313466
0.287995
-0.208860
-0.073552
-0.089606
0.551725
-0.129444
-0.172522
0.084886
0.020124
0.668704
-0.186188
-0.214642
-0.499017
0.175199
-0.034550
-0.313466
0.287995
-0.208860
-0.073552
-0.089606
0.551725
-0.129444
-0.172522
0.084886
