0.135311
0.247462
5.379219
4.823766
-3.657015
-6.498152
2.292400
-6.312583
-1.822802
2.726682
3.745155
1.431900
5.265368
0.494242
0.614893
2.397498
-1.940455
-0.996729
14.756992
5.356705
-9.608123
10.144651
-3.035814
2.207394
0.737530
-0.741993
-5.787014
-13.077702
-0.766862
-10.361030
-3.901020
4.379211
1.160152
-2.087614
1347.995361
-250.702530
964.040161
-25.543247
-439.334290
-787.324524
-305.983887
406.811768
-329.486908
910.515442
-531.960815
-892.911255
701.710510
-865.728516
-2.644318
-0.737871
-89.498238
22.864502
-64.143356
7.266550
31.926798
53.778641
21.953491
-31.713886
10.868350
-60.151283
42.667740
50.263554
-41.959343
57.494194
0.113781
2.072036
-1024.218140
197.611603
-731.869080
16.042793
332.800354
595.798035
231.285446
-305.870789
254.776993
-691.554504
401.980652
681.104614
-529.210205
664.287964
-2.247150
0.192313
-64.755501
2.995902
-45.993843
-1.707349
17.087893
38.743706
14.043713
-18.145452
19.941912
-43.102173
21.112087
44.243839
-37.646099
38.130474
-0.010762
0.545038
-0.116261
-0.181466
-0.140136
0.044645
-0.069341
0.063007
0.514816
-0.255137
-0.241610
-0.143730
0.464821
0.110595
-0.036012
0.153488
-0.010762
0.545038
-0.116261
-0.181466
-0.140136
0.044645
-0.069341
0.063007
0.514816
-0.255137
-0.241610
-0.143730
0.464821
0.110595
-0.036012
0.153488
-0.010762
0.545038
-0.116261
-0.181466
-0.140136
0.044645
-0.069341
0.063007
0.514816
-0.255137
-0.241610
-0.143730
0.464821
0.110595
-0.036012
0.153488
-0.010762
0.545038
-0.116261
-0.181466
-0.140136
0.044645
-0.069341
0.063007
0.514816
-0.255137
-0.241610
-0.143730
0.464821
0.110595
-0.036012
0.153488
-0.010762
0.545038
-0.116261
-0.181466
-0.140136
0.044645
-0.069341
0.063007
0.514816
-0.255137
-0.241610
-0.143730
0.464821
0.110595
-0.036012
0.153488
-0.010762
0.545038
-0.116261
-0.181466
-0.140136
0.044645
-0.069341
0.063007
0.514816
-0.255137
-0.241610
-0.143730
0.464821
0.110595
-0.036012
0.153488
-0.010762
0.545038
-0.116261
-0.181466
-0.140136
0.044645
-0.069341
0.063007
0.514816
-0.255137
-0.241610
-0.143730
0.464821
0.110595
-0.036012
0.153488
-0.010762
0.545038
-0.116261
-0.181466
-0.140136
0.044645
-0.069341
0.063007
0.514816
-0.255137
-0.241610
-0.143730
0.464821
0.110595
-0.036012
0.153488
-0.010762
0.545038
-0.116261
-0.181466
-0.140136
0.044645
-0.069341
0.063007
0.514816
-0.255137
-0.241610
-0.143730
0.464821
0.110595
-0.036012
0.153488
-0.010762
0.545038
-0.116261
-0.181466
-0.140136
0.044645
-0.069341
0.063007
0.514816
-0.255137
-0.241610
-0.143730
0.464821
0.110595
-0.036012
0.153488
-0.010762
0.545038
-0.116261
-0.181466
-0.140136
0.044645
-0.069341
0.063007
0.514816
-0.255137
-0.241610
-0.143730
0.464821
0.110595
-0.036012
0.153488
-0.010762
0.545038
-0.116261
-0.181466
-0.140136
0.044645
-0.069341
0.063007
0.514816
-0.255137
-0.241610
-0.143730
0.464821
0.110595
-0.036012
0.153488
-0.010762
0.545038
-0.116261
-0.181466
-0.140136
0.044645
-0.069341
0.063007
0.514816
-0.255137
-0.241610
-0.143730
0.464821
0.110595
-0.036012
0.153488
-0.010762
0.545038
-0.116261
-0.181466
-0.140136
0.044645
-0.069341
0.063007
0.514816
-0.255137
-0.241610
-0.143730
0.464821
0.110595
-0.036012
0.153488
