-0.393564
-1.103917
-1.942918
10.446272
-4.900494
-9.888087
-3.368425
9.285668
3.797038
-3.422390
-6.400892
-1.634949
-3.008794
-4.122843
-6.427477
6.872343
-1.038132
1.088687
-7.785609
-0.300130
6.898151
0.933879
1.168712
4.901348
-0.373603
-5.617057
-8.469714
4.142343
-4.134885
3.211806
-0.734050
-0.938878
0.691011
-3.958313
77.398880
-26.806231
81.178284
-97.310242
-72.564178
288.567200
188.148026
-267.265228
73.794540
78.149620
-235.804077
209.928802
-41.737839
189.827316
-0.503755
-0.073515
7.020460
1.200122
-6.125427
-0.999167
-1.447373
-3.346357
1.604472
4.124809
7.750134
-2.847221
3.017725
-3.378232
0.401544
-0.109854
1.062561
0.371956
-1.485348
0.346296
-6.315911
4.478353
11.064090
-15.402190
-17.492310
9.657610
-2.354155
-4.076906
17.044090
-10.585673
6.140260
-11.881289
-3.909419
0.239084
-40.327995
15.137069
-37.191303
46.906715
28.829634
-141.535431
-89.513115
136.759903
-37.718224
-38.240307
114.542961
-106.609100
17.629816
-94.186989
1.717011
3.416352
-15.786024
5.676076
-13.511096
21.523170
7.247167
-57.212524
-27.162786
55.489803
-13.682010
-12.605646
38.784977
-46.373047
1.943928
-35.166283
0.535719
0.070427
0.484775
0.222252
-0.416665
0.024075
0.334301
-0.042226
0.157157
0.284241
0.440085
-0.610885
-0.340663
-0.008705
0.309620
-0.415555
0.535719
0.070427
0.484775
0.222252
-0.416665
0.024075
0.334301
-0.042226
0.157157
0.284241
0.440085
-0.610885
-0.340663
-0.008705
0.309620
-0.415555
0.535719
0.070427
0.484775
0.222252
-0.416665
0.024075
0.334301
-0.042226
0.157157
0.284241
0.440085
-0.610885
-0.340663
-0.008705
0.309620
-0.415555
0.535719
0.070427
0.484775
0.222252
-0.416665
0.024075
0.334301
-0.042226
0.157157
0.284241
0.440085
-0.610885
-0.340663
-0.008705
0.309620
-0.415555
0.535719
0.070427
0.484775
0.222252
-0.416665
0.024075
0.334301
-0.042226
0.157157
0.284241
0.440085
-0.610885
-0.340663
-0.008705
0.309620
-0.415555
0.535719
0.070427
0.484775
0.222252
-0.416665
0.024075
0.334301
-0.042226
0.157157
0.284241
0.440085
-0.610885
-0.340663
-0.008705
0.309620
-0.415555
0.535719
0.070427
0.484775
0.222252
-0.416665
0.024075
0.334301
-0.042226
0.157157
0.284241
0.440085
-0.610885
-0.340663
-0.008705
0.309620
-0.415555
0.535719
0.070427
0.484775
0.222252
-0.416665
0.024075
0.334301
-0.042226
0.157157
0.284241
0.440085
-0.610885
-0.340663
-0.008705
0.309620
-0.415555
0.535719
0.070427
0.484775
0.222252
-0.416665
0.024075
0.334301
-0.042226
0.157157
0.284241
0.440085
-0.610885
-0.340663
-0.008705
0.309620
-0.415555
0.535719
0.070427
0.484775
0.222252
-0.416665
0.024075
0.334301
-0.042226
0.157157
0.284241
0.440085
-0.610885
-0.340663
-0.008705
0.309620
-0.415555
0.535719
0.070427
0.484775
0.222252
-0.416665
0.024075
0.334301
-0.042226
0.157157
0.284241
0.440085
-0.610885
-0.340663
-0.008705
0.309620
-0.415555
0.535719
0.070427
0.484775
0.222252
-0.416665
0.024075
0.334301
-0.042226
0.157157
0.284241
0.440085
-0.610885
-0.340663
-0.008705
0.309620
-0.415555
0.535719
0.070427
0.484775
0.222252
-0.416665
0.024075
0.334301
-0.042226
0.157157
0.284241
0.440085
-0.610885
-0.340663
-0.008705
0.309620
-0.415555
