9.289746
-9.169012
31.310587
4.215876
-53.119873
-14.346013
-15.205922
26.503927
-59.227421
-49.139347
-76.025742
-48.503925
-172.938065
-74.430466
-12.608543
-23.086226
-3.087873
2.987565
2.623560
-4.528156
-2.914794
-14.840564
6.262249
-7.373676
-1.982916
-59.177616
-28.674799
-115.350967
-46.934834
-199.554825
-2.598437
-9.812927
-11.999334
-6.103115
-2.560210
-2.372824
22.105694
5.960611
13.484285
-7.433674
32.676212
1.631184
46.914013
1.859880
74.421188
-9.883534
-1.946986
-4.253584
0.108919
17.651886
-10.298338
5.449690
1.200927
-2.471261
-4.539827
-7.037963
-28.519320
13.154863
-65.720848
27.713770
-106.398499
40.926498
1.183706
3.794865
4.370108
-0.073969
-4.392501
-12.140388
-6.808528
14.942003
3.806907
-2.130227
-15.177136
22.641935
-17.152575
37.317097
-18.826508
84.489738
-6.928725
10.127769
17.092199
10.555438
3.930063
1.080003
-3.237951
-9.982833
-6.107450
6.058603
25.661608
-21.155218
46.217838
-50.496140
77.801201
-80.991852
8.482718
0.946975
-0.192612
3.820356
50.633293
158.251175
111.097885
-78.665771
-20.168818
-4.390540
-19.412981
-83.605026
-119.711212
-85.940025
2.642016
91.809464
-260.126373
17.681038
-6.945984
0.187955
-12.145847
-1.728471
20.653107
15.060247
4.143693
-6.916180
23.057390
43.033546
43.269787
67.443855
91.684395
112.467255
3.694131
11.081465
0.984608
-5.541420
-14.248513
-59.819687
-41.865219
22.939985
6.913830
2.146257
6.020542
34.889809
43.679214
34.607555
0.314960
-31.068804
100.352364
-0.442102
1.079900
-2.754042
-13.800520
-42.175297
-31.921099
21.562391
7.382514
-1.081623
4.595275
19.820518
33.561043
24.911596
-0.976084
-33.246700
72.300819
-2.485419
0.444940
-0.073626
0.115190
0.158785
-0.419409
-0.333171
0.109637
-0.757873
0.288806
-0.324137
0.003477
-0.560445
0.146868
0.088832
0.569240
-0.653344
0.444940
-0.073626
0.115190
0.158785
-0.419409
-0.333171
0.109637
-0.757873
0.288806
-0.324137
0.003477
-0.560445
0.146868
0.088832
0.569240
-0.653344
0.444940
-0.073626
0.115190
0.158785
-0.419409
-0.333171
0.109637
-0.757873
0.288806
-0.324137
0.003477
-0.560445
0.146868
0.088832
0.569240
-0.653344
0.444940
-0.073626
0.115190
0.158785
-0.419409
-0.333171
0.109637
-0.757873
0.288806
-0.324137
0.003477
-0.560445
0.146868
0.088832
0.569240
-0.653344
0.444940
-0.073626
0.115190
0.158785
-0.419409
-0.333171
0.109637
-0.757873
0.288806
-0.324137
0.003477
-0.560445
0.146868
0.088832
0.569240
-0.653344
0.444940
-0.073626
0.115190
0.158785
-0.419409
-0.333171
0.109637
-0.757873
0.288806
-0.324137
0.003477
-0.560445
0.146868
0.088832
0.569240
-0.653344
0.444940
-0.073626
0.115190
0.158785
-0.419409
-0.333171
0.109637
-0.757873
0.288806
-0.324137
0.003477
-0.560445
0.146868
0.088832
0.569240
-0.653344
0.444940
-0.073626
0.115190
0.158785
-0.419409
-0.333171
0.109637
-0.757873
0.288806
-0.324137
0.003477
-0.560445
0.146868
0.088832
0.569240
-0.653344
0.444940
-0.073626
0.115190
0.158785
-0.419409
-0.333171
0.109637
-0.757873
0.288806
-0.324137
0.003477
-0.560445
0.146868
0.088832
0.569240
-0.653344
0.444940
-0.073626
0.115190
0.158785
-0.419409
-0.333171
0.109637
-0.757873
0.288806
-0.324137
0.003477
-0.560445
0.146868
0.088832
0.569240
-0.653344
