0.848228
0.390713
-18.831846
-16.689934
16.944809
22.260576
10.926957
-4.765546
7.288771
-10.332100
-23.373837
-1.953911
-7.688238
1.332301
-0.326261
-2.428708
-0.554846
5.599758
136.396744
-28.059736
-71.332893
-110.540741
-55.233723
-23.073263
-111.404869
15.718648
-116.653839
108.312363
71.189590
-39.243473
-39.271389
229.032440
3.301545
-3.722217
-86.656708
14.340019
45.405376
71.024536
28.860895
13.272040
67.411789
-10.246474
69.510361
-68.926659
-40.358330
23.164122
20.641058
-141.245682
0.368120
-2.667108
-14.819701
4.863589
9.350159
10.337657
3.837997
0.179326
11.762787
-3.162058
15.195059
-13.480267
-9.314260
6.579836
5.522951
-25.272364
0.297107
0.314497
-0.230247
0.186276
0.806321
0.343606
-0.252602
-0.343798
-0.680577
0.431670
-0.354143
0.135578
-0.887304
0.167592
0.294513
0.130658
0.297107
0.314497
-0.230247
0.186276
0.806321
0.343606
-0.252602
-0.343798
-0.680577
0.431670
-0.354143
0.135578
-0.887304
0.167592
0.294513
0.130658
0.297107
0.314497
-0.230247
0.186276
0.806321
0.343606
-0.252602
-0.343798
-0.680577
0.431670
-0.354143
0.135578
-0.887304
0.167592
0.294513
0.130658
0.297107
0.314497
-0.230247
0.186276
0.806321
0.343606
-0.252602
-0.343798
-0.680577
0.431670
-0.354143
0.135578
-0.887304
0.167592
0.294513
0.130658
0.297107
0.314497
-0.230247
0.186276
0.806321
0.343606
-0.252602
-0.343798
-0.680577
0.431670
-0.354143
0.135578
-0.887304
0.167592
0.294513
0.130658
0.297107
0.314497
-0.230247
0.186276
0.806321
0.343606
-0.252602
-0.343798
-0.680577
0.431670
-0.354143
0.135578
-0.887304
0.167592
0.294513
0.130658
0.297107
0.314497
-0.230247
0.186276
0.806321
0.343606
-0.252602
-0.343798
-0.680577
0.431670
-0.354143
0.135578
-0.887304
0.167592
0.294513
0.130658
0.297107
0.314497
-0.230247
0.186276
0.806321
0.343606
-0.252602
-0.343798
-0.680577
0.431670
-0.354143
0.135578
-0.887304
0.167592
0.294513
0.130658
0.297107
0.314497
-0.230247
0.186276
0.806321
0.343606
-0.252602
-0.343798
-0.680577
0.431670
-0.354143
0.135578
-0.887304
0.167592
0.294513
0.130658
0.297107
0.314497
-0.230247
0.186276
0.806321
0.343606
-0.252602
-0.343798
-0.680577
0.431670
-0.354143
0.135578
-0.887304
0.167592
0.294513
0.130658
0.297107
0.314497
-0.230247
0.186276
0.806321
0.343606
-0.252602
-0.343798
-0.680577
0.431670
-0.354143
0.135578
-0.887304
0.167592
0.294513
0.130658
0.297107
0.314497
-0.230247
0.186276
0.806321
0.343606
-0.252602
-0.343798
-0.680577
0.431670
-0.354143
0.135578
-0.887304
0.167592
0.294513
0.130658
0.297107
0.314497
-0.230247
0.186276
0.806321
0.343606
-0.252602
-0.343798
-0.680577
0.431670
-0.354143
0.135578
-0.887304
0.167592
0.294513
0.130658
0.297107
0.314497
-0.230247
0.186276
0.806321
0.343606
-0.252602
-0.343798
-0.680577
0.431670
-0.354143
0.135578
-0.887304
0.167592
0.294513
0.130658
0.297107
0.314497
-0.230247
0.186276
0.806321
0.343606
-0.252602
-0.343798
-0.680577
0.431670
-0.354143
0.135578
-0.887304
0.167592
0.294513
0.130658
0.297107
0.314497
-0.230247
0.186276
0.806321
0.343606
-0.252602
-0.343798
-0.680577
0.431670
-0.354143
0.135578
-0.887304
0.167592
0.294513
0.130658
