-3.258578
2.864732
2.438220
-20.474325
-14.836564
25.005226
-4.232002
9.431082
23.436752
-10.711303
-10.889534
-31.760485
-19.183989
-4.363000
14.197995
-4.832722
0.301360
1.645710
3.617734
-2.090046
-4.835374
3.761802
-0.404721
-4.730204
-0.393673
2.386177
2.997874
-6.491603
4.136140
-1.683435
1.230874
-1.835290
14.709778
10.173827
1.426342
40.227314
2.603920
-38.002819
-19.975477
-11.133786
12.693771
-12.363708
11.871431
26.622713
-26.107841
15.736246
23.905893
-5.070754
-0.779806
0.713505
7.074121
2.707266
-10.651990
2.875381
4.847869
7.916930
-4.321225
-1.871591
-1.114394
7.297500
-2.386025
0.711811
3.940458
4.599345
0.171122
-3.131603
-137.839325
4.393086
36.095043
141.527817
13.609872
28.642504
126.620651
1.234101
139.491760
-80.842392
-102.100227
10.434055
82.963547
-200.892517
-0.593617
2.735254
76.203773
-3.279255
-19.871790
-79.335495
-7.371199
-17.296883
-70.726219
-0.823614
-73.171791
40.076469
53.329556
-5.099162
-46.025761
110.646225
0.132181
0.921945
21.177488
1.178411
-6.495939
-23.230080
-1.593843
-4.560913
-21.266241
-0.571457
-21.625818
13.175056
15.882753
0.488842
-13.986667
29.918812
0.850626
-0.105577
0.224013
0.514509
0.025349
0.083556
0.983700
0.108186
-0.091893
-0.475914
-0.124161
-0.356345
-0.292061
-0.149685
0.223959
-0.522752
0.850626
-0.105577
0.224013
0.514509
0.025349
0.083556
0.983700
0.108186
-0.091893
-0.475914
-0.124161
-0.356345
-0.292061
-0.149685
0.223959
-0.522752
0.850626
-0.105577
0.224013
0.514509
0.025349
0.083556
0.983700
0.108186
-0.091893
-0.475914
-0.124161
-0.356345
-0.292061
-0.149685
0.223959
-0.522752
0.850626
-0.105577
0.224013
0.514509
0.025349
0.083556
0.983700
0.108186
-0.091893
-0.475914
-0.124161
-0.356345
-0.292061
-0.149685
0.223959
-0.522752
0.850626
-0.105577
0.224013
0.514509
0.025349
0.083556
0.983700
0.108186
-0.091893
-0.475914
-0.124161
-0.356345
-0.292061
-0.149685
0.223959
-0.522752
0.850626
-0.105577
0.224013
0.514509
0.025349
0.083556
0.983700
0.108186
-0.091893
-0.475914
-0.124161
-0.356345
-0.292061
-0.149685
0.223959
-0.522752
0.850626
-0.105577
0.224013
0.514509
0.025349
0.083556
0.983700
0.108186
-0.091893
-0.475914
-0.124161
-0.356345
-0.292061
-0.149685
0.223959
-0.522752
0.850626
-0.105577
0.224013
0.514509
0.025349
0.083556
0.983700
0.108186
-0.091893
-0.475914
-0.124161
-0.356345
-0.292061
-0.149685
0.223959
-0.522752
0.850626
-0.105577
0.224013
0.514509
0.025349
0.083556
0.983700
0.108186
-0.091893
-0.475914
-0.124161
-0.356345
-0.292061
-0.149685
0.223959
-0.522752
0.850626
-0.105577
0.224013
0.514509
0.025349
0.083556
0.983700
0.108186
-0.091893
-0.475914
-0.124161
-0.356345
-0.292061
-0.149685
0.223959
-0.522752
0.850626
-0.105577
0.224013
0.514509
0.025349
0.083556
0.983700
0.108186
-0.091893
-0.475914
-0.124161
-0.356345
-0.292061
-0.149685
0.223959
-0.522752
0.850626
-0.105577
0.224013
0.514509
0.025349
0.083556
0.983700
0.108186
-0.091893
-0.475914
-0.124161
-0.356345
-0.292061
-0.149685
0.223959
-0.522752
0.850626
-0.105577
0.224013
0.514509
0.025349
0.083556
0.983700
0.108186
-0.091893
-0.475914
-0.124161
-0.356345
-0.292061
-0.149685
0.223959
-0.522752
