-1.185828
-0.966669
-5.371557
6.167997
8.084670
-1.206448
4.918110
-0.603011
-3.726969
-1.919097
-2.250122
3.091693
0.625749
0.726474
-2.247330
-3.370919
0.213212
-0.073495
12.897214
-4.194366
-7.880772
8.771336
6.259215
-1.150766
-6.987021
-1.073756
3.526215
4.545596
-2.580806
6.983221
9.867127
0.424119
-4.135282
-3.487131
1025.124146
-1098.590820
794.959473
-677.946594
-955.030518
-441.272614
-25.511858
621.783203
366.800018
1053.375854
-1088.439087
-448.512360
-28.248846
-1334.414063
1.730514
-0.508148
-404.584747
429.786774
-308.752655
264.871216
369.589264
169.469406
13.305878
-245.011551
-143.186127
-410.780457
422.868195
177.867020
8.237569
527.320129
0.844701
-1.136426
-61.571991
67.541519
-51.400002
44.975201
62.156654
30.391743
-0.011021
-38.069695
-24.641897
-65.945457
73.055008
25.263441
5.087929
83.848686
-0.167031
1.319433
-50.700912
57.056496
-38.902824
34.931614
49.189121
21.960369
-0.201355
-31.556070
-21.214706
-51.471661
56.723221
19.638733
3.481791
67.266144
2.316038
2.639789
-263.563110
281.572815
-205.344391
174.237411
244.895309
113.887016
6.728000
-161.644989
-92.732864
-271.133881
279.588593
117.343224
5.002156
340.519623
0.045123
-0.281367
-0.073164
0.022698
-0.255065
-0.137058
-0.691617
0.168598
-0.160207
-0.167009
-0.099598
-0.358622
0.067354
0.106591
-0.554860
0.049314
0.045123
-0.281367
-0.073164
0.022698
-0.255065
-0.137058
-0.691617
0.168598
-0.160207
-0.167009
-0.099598
-0.358622
0.067354
0.106591
-0.554860
0.049314
0.045123
-0.281367
-0.073164
0.022698
-0.255065
-0.137058
-0.691617
0.168598
-0.160207
-0.167009
-0.099598
-0.358622
0.067354
0.106591
-0.554860
0.049314
0.045123
-0.281367
-0.073164
0.022698
-0.255065
-0.137058
-0.691617
0.168598
-0.160207
-0.167009
-0.099598
-0.358622
0.067354
0.106591
-0.554860
0.049314
0.045123
-0.281367
-0.073164
0.022698
-0.255065
-0.137058
-0.691617
0.168598
-0.160207
-0.167009
-0.099598
-0.358622
0.067354
0.106591
-0.554860
0.049314
0.045123
-0.281367
-0.073164
0.022698
-0.255065
-0.137058
-0.691617
0.168598
-0.160207
-0.167009
-0.099598
-0.358622
0.067354
0.106591
-0.554860
0.049314
0.045123
-0.281367
-0.073164
0.022698
-0.255065
-0.137058
-0.691617
0.168598
-0.160207
-0.167009
-0.099598
-0.358622
0.067354
0.106591
-0.554860
0.049314
0.045123
-0.281367
-0.073164
0.022698
-0.255065
-0.137058
-0.691617
0.168598
-0.160207
-0.167009
-0.099598
-0.358622
0.067354
0.106591
-0.554860
0.049314
0.045123
-0.281367
-0.073164
0.022698
-0.255065
-0.137058
-0.691617
0.168598
-0.160207
-0.167009
-0.099598
-0.358622
0.067354
0.106591
-0.554860
0.049314
0.045123
-0.281367
-0.073164
0.022698
-0.255065
-0.137058
-0.691617
0.168598
-0.160207
-0.167009
-0.099598
-0.358622
0.067354
0.106591
-0.554860
0.049314
0.045123
-0.281367
-0.073164
0.022698
-0.255065
-0.137058
-0.691617
0.168598
-0.160207
-0.167009
-0.099598
-0.358622
0.067354
0.106591
-0.554860
0.049314
0.045123
-0.281367
-0.073164
0.022698
-0.255065
-0.137058
-0.691617
0.168598
-0.160207
-0.167009
-0.099598
-0.358622
0.067354
0.106591
-0.554860
0.049314
0.045123
-0.281367
-0.073164
0.022698
-0.255065
-0.137058
-0.691617
0.168598
-0.160207
-0.167009
-0.099598
-0.358622
0.067354
0.106591
-0.554860
0.049314
