-12.505779
-5.598844
-32.489319
-33.213982
24.550653
26.999653
19.229662
-13.286504
-1.296816
19.782623
-26.350317
-16.298073
9.924751
-15.863528
-9.685969
15.634696
1.282703
0.066537
5.037160
-8.804839
-4.166940
6.813785
-5.927308
0.725006
4.558665
1.575124
-2.326712
-9.097530
-1.751007
-5.784346
3.287352
-1.312148
-1.990241
-1.949385
12.783235
-14.966799
-17.665874
11.427937
4.089641
4.013601
10.747280
8.453428
7.536104
-14.263124
-1.039070
-5.862772
6.624492
3.274810
-0.943074
2.322314
141.740311
42.139820
4.227006
-133.462997
0.162305
-27.171286
-87.497894
-30.725590
-156.037125
32.996361
96.700424
22.274368
-145.358490
189.602386
1.732536
-1.180255
-107.384995
-32.220829
0.061369
99.067177
0.319702
20.087433
63.555027
25.887680
115.786751
-22.439291
-72.126450
-17.775135
107.169670
-136.621902
-0.282473
-0.187065
0.134283
-0.550048
-0.600329
0.296606
0.085100
0.717500
-0.344232
0.436540
-0.341215
0.243336
0.200824
-0.052085
-0.446733
0.392954
-0.282473
-0.187065
0.134283
-0.550048
-0.600329
0.296606
0.085100
0.717500
-0.344232
0.436540
-0.341215
0.243336
0.200824
-0.052085
-0.446733
0.392954
-0.282473
-0.187065
0.134283
-0.550048
-0.600329
0.296606
0.085100
0.717500
-0.344232
0.436540
-0.341215
0.243336
0.200824
-0.052085
-0.446733
0.392954
-0.282473
-0.187065
0.134283
-0.550048
-0.600329
0.296606
0.085100
0.717500
-0.344232
0.436540
-0.341215
0.243336
0.200824
-0.052085
-0.446733
0.392954
-0.282473
-0.187065
0.134283
-0.550048
-0.600329
0.296606
0.085100
0.717500
-0.344232
0.436540
-0.341215
0.243336
0.200824
-0.052085
-0.446733
0.392954
-0.282473
-0.187065
0.134283
-0.550048
-0.600329
0.296606
0.085100
0.717500
-0.344232
0.436540
-0.341215
0.243336
0.200824
-0.052085
-0.446733
0.392954
-0.282473
-0.187065
0.134283
-0.550048
-0.600329
0.296606
0.085100
0.717500
-0.344232
0.436540
-0.341215
0.243336
0.200824
-0.052085
-0.446733
0.392954
-0.282473
-0.187065
0.134283
-0.550048
-0.600329
0.296606
0.085100
0.717500
-0.344232
0.436540
-0.341215
0.243336
0.200824
-0.052085
-0.446733
0.392954
-0.282473
-0.187065
0.134283
-0.550048
-0.600329
0.296606
0.085100
0.717500
-0.344232
0.436540
-0.341215
0.243336
0.200824
-0.052085
-0.446733
0.392954
-0.282473
-0.187065
0.134283
-0.550048
-0.600329
0.296606
0.085100
0.717500
-0.344232
0.436540
-0.341215
0.243336
0.200824
-0.052085
-0.446733
0.392954
-0.282473
-0.187065
0.134283
-0.550048
-0.600329
0.296606
0.085100
0.717500
-0.344232
0.436540
-0.341215
0.243336
0.200824
-0.052085
-0.446733
0.392954
-0.282473
-0.187065
0.134283
-0.550048
-0.600329
0.296606
0.085100
0.717500
-0.344232
0.436540
-0.341215
0.243336
0.200824
-0.052085
-0.446733
0.392954
-0.282473
-0.187065
0.134283
-0.550048
-0.600329
0.296606
0.085100
0.717500
-0.344232
0.436540
-0.341215
0.243336
0.200824
-0.052085
-0.446733
0.392954
-0.282473
-0.187065
0.134283
-0.550048
-0.600329
0.296606
0.085100
0.717500
-0.344232
0.436540
-0.341215
0.243336
0.200824
-0.052085
-0.446733
0.392954
-0.282473
-0.187065
0.134283
-0.550048
-0.600329
0.296606
0.085100
0.717500
-0.344232
0.436540
-0.341215
0.243336
0.200824
-0.052085
-0.446733
0.392954
