4.874702
3.569144
-11.301585
10.205639
12.920441
-10.322721
-7.000289
-3.882759
-10.924324
-15.705089
-11.445677
6.168005
4.294075
6.541735
-6.247719
-1.382137
0.576661
-1.764536
1.181884
9.076141
-0.205070
-7.690077
2.424852
-4.268010
-5.051887
3.293597
6.948229
7.327478
7.018843
2.433525
-3.068347
1.840062
4.106126
-0.409924
-11.100080
117.025642
256.116943
68.787506
223.013199
-88.213478
-243.207581
562.383179
-98.692490
10.885612
106.163025
213.459869
-288.626190
-467.549683
-4.478076
-0.482259
15.552587
-118.047798
-256.203949
-68.632278
-216.802719
85.025276
241.033630
-555.607117
99.071396
-7.955089
-101.263504
-211.361084
283.693054
467.734802
-0.158412
-0.251272
0.318405
0.044425
-0.226062
-0.107029
0.831342
-0.253901
0.529128
0.476201
0.202259
-0.059167
-0.045808
0.839411
0.616327
-0.180362
-0.158412
-0.251272
0.318405
0.044425
-0.226062
-0.107029
0.831342
-0.253901
0.529128
0.476201
0.202259
-0.059167
-0.045808
0.839411
0.616327
-0.180362
-0.158412
-0.251272
0.318405
0.044425
-0.226062
-0.107029
0.831342
-0.253901
0.529128
0.476201
0.202259
-0.059167
-0.045808
0.839411
0.616327
-0.180362
-0.158412
-0.251272
0.318405
0.044425
-0.226062
-0.107029
0.831342
-0.253901
0.529128
0.476201
0.202259
-0.059167
-0.045808
0.839411
0.616327
-0.180362
-0.158412
-0.251272
0.318405
0.044425
-0.226062
-0.107029
0.831342
-0.253901
0.529128
0.476201
0.202259
-0.059167
-0.045808
0.839411
0.616327
-0.180362
-0.158412
-0.251272
0.318405
0.044425
-0.226062
-0.107029
0.831342
-0.253901
0.529128
0.476201
0.202259
-0.059167
-0.045808
0.839411
0.616327
-0.180362
-0.158412
-0.251272
0.318405
0.044425
-0.226062
-0.107029
0.831342
-0.253901
0.529128
0.476201
0.202259
-0.059167
-0.045808
0.839411
0.616327
-0.180362
-0.158412
-0.251272
0.318405
0.044425
-0.226062
-0.107029
0.831342
-0.253901
0.529128
0.476201
0.202259
-0.059167
-0.045808
0.839411
0.616327
-0.180362
-0.158412
-0.251272
0.318405
0.044425
-0.226062
-0.107029
0.831342
-0.253901
0.529128
0.476201
0.202259
-0.059167
-0.045808
0.839411
0.616327
-0.180362
-0.158412
-0.251272
0.318405
0.044425
-0.226062
-0.107029
0.831342
-0.253901
0.529128
0.476201
0.202259
-0.059167
-0.045808
0.839411
0.616327
-0.180362
-0.158412
-0.251272
0.318405
0.044425
-0.226062
-0.107029
0.831342
-0.253901
0.529128
0.476201
0.202259
-0.059167
-0.045808
0.839411
0.616327
-0.180362
-0.158412
-0.251272
0.318405
0.044425
-0.226062
-0.107029
0.831342
-0.253901
0.529128
0.476201
0.202259
-0.059167
-0.045808
0.839411
0.616327
-0.180362
-0.158412
-0.251272
0.318405
0.044425
-0.226062
-0.107029
0.831342
-0.253901
0.529128
0.476201
0.202259
-0.059167
-0.045808
0.839411
0.616327
-0.180362
-0.158412
-0.251272
0.318405
0.044425
-0.226062
-0.107029
0.831342
-0.253901
0.529128
0.476201
0.202259
-0.059167
-0.045808
0.839411
0.616327
-0.180362
-0.158412
-0.251272
0.318405
0.044425
-0.226062
-0.107029
0.831342
-0.253901
0.529128
0.476201
0.202259
-0.059167
-0.045808
0.839411
0.616327
-0.180362
-0.158412
-0.251272
0.318405
0.044425
-0.226062
-0.107029
0.831342
-0.253901
0.529128
0.476201
0.202259
-0.059167
-0.045808
0.839411
0.616327
-0.180362
