3.358998
-2.698261
-102.707382
82.703972
129.069962
282.046539
239.396225
208.907425
-609.420776
161.783371
-122.640724
-101.243881
-131.766205
390.444885
137.466919
-503.471954
0.126574
2.039317
4.564841
-9.031539
-11.382899
-7.169766
-19.146946
-2.981003
20.519096
-20.925085
10.264528
-3.839261
-4.642924
-21.373835
6.325725
26.511953
-1.265214
2.752236
77.358788
-56.510258
-92.775467
-215.419373
-178.265747
-162.639801
458.952850
-114.556160
88.368866
82.420822
101.970123
-289.500580
-109.278061
374.089813
-2.272981
-3.064614
9.157910
-0.510307
3.805209
-25.045712
-11.092558
-20.720013
46.984730
14.131821
3.394067
12.328023
24.249910
-24.084110
-29.793657
27.950239
-0.108297
0.233313
-0.672451
-0.003131
0.491700
-0.041620
-0.042930
0.709268
-0.196051
-0.223902
0.303809
0.524112
-0.339992
-0.387435
-0.207530
0.179640
-0.108297
0.233313
-0.672451
-0.003131
0.491700
-0.041620
-0.042930
0.709268
-0.196051
-0.223902
0.303809
0.524112
-0.339992
-0.387435
-0.207530
0.179640
-0.108297
0.233313
-0.672451
-0.003131
0.491700
-0.041620
-0.042930
0.709268
-0.196051
-0.223902
0.303809
0.524112
-0.339992
-0.387435
-0.207530
0.179640
-0.108297
0.233313
-0.672451
-0.003131
0.491700
-0.041620
-0.042930
0.709268
-0.196051
-0.223902
0.303809
0.524112
-0.339992
-0.387435
-0.207530
0.179640
-0.108297
0.233313
-0.672451
-0.003131
0.491700
-0.041620
-0.042930
0.709268
-0.196051
-0.223902
0.303809
0.524112
-0.339992
-0.387435
-0.207530
0.179640
-0.108297
0.233313
-0.672451
-0.003131
0.491700
-0.041620
-0.042930
0.709268
-0.196051
-0.223902
0.303809
0.524112
-0.339992
-0.387435
-0.207530
0.179640
-0.108297
0.233313
-0.672451
-0.003131
0.491700
-0.041620
-0.042930
0.709268
-0.196051
-0.223902
0.303809
0.524112
-0.339992
-0.387435
-0.207530
0.179640
-0.108297
0.233313
-0.672451
-0.003131
0.491700
-0.041620
-0.042930
0.709268
-0.196051
-0.223902
0.303809
0.524112
-0.339992
-0.387435
-0.207530
0.179640
-0.108297
0.233313
-0.672451
-0.003131
0.491700
-0.041620
-0.042930
0.709268
-0.196051
-0.223902
0.303809
0.524112
-0.339992
-0.387435
-0.207530
0.179640
-0.108297
0.233313
-0.672451
-0.003131
0.491700
-0.041620
-0.042930
0.709268
-0.196051
-0.223902
0.303809
0.524112
-0.339992
-0.387435
-0.207530
0.179640
-0.108297
0.233313
-0.672451
-0.003131
0.491700
-0.041620
-0.042930
0.709268
-0.196051
-0.223902
0.303809
0.524112
-0.339992
-0.387435
-0.207530
0.179640
-0.108297
0.233313
-0.672451
-0.003131
0.491700
-0.041620
-0.042930
0.709268
-0.196051
-0.223902
0.303809
0.524112
-0.339992
-0.387435
-0.207530
0.179640
-0.108297
0.233313
-0.672451
-0.003131
0.491700
-0.041620
-0.042930
0.709268
-0.196051
-0.223902
0.303809
0.524112
-0.339992
-0.387435
-0.207530
0.179640
-0.108297
0.233313
-0.672451
-0.003131
0.491700
-0.041620
-0.042930
0.709268
-0.196051
-0.223902
0.303809
0.524112
-0.339992
-0.387435
-0.207530
0.179640
-0.108297
0.233313
-0.672451
-0.003131
0.491700
-0.041620
-0.042930
0.709268
-0.196051
-0.223902
0.303809
0.524112
-0.339992
-0.387435
-0.207530
0.179640
-0.108297
0.233313
-0.672451
-0.003131
0.491700
-0.041620
-0.042930
0.709268
-0.196051
-0.223902
0.303809
0.524112
-0.339992
-0.387435
-0.207530
0.179640
