-4.892889
3.108963
111.519203
-327.044342
-696.899414
256.671448
8.507001
303.220581
-652.675842
408.556702
-217.990021
436.691101
-41.831394
-604.691101
313.774780
222.547897
7.590761
3.843429
13.089566
30.447548
-5.698933
-35.071499
5.664803
-22.733528
-16.362043
9.577415
19.874392
19.620972
26.854229
3.248584
-14.991919
10.650910
-0.545781
0.381834
-4.347622
-4.051953
6.544281
5.178331
-3.296653
2.060639
3.101440
0.008937
-8.312870
-2.451056
-3.206317
-5.784401
0.141357
-3.895666
3.535789
0.779028
-41.312737
121.550041
253.503601
-87.790031
-9.029391
-115.065437
254.246124
-149.732651
88.846680
-163.228806
5.038894
222.478149
-112.222931
-85.218254
0.205200
-0.769953
-4.436281
15.007470
36.358154
-16.165226
-1.612892
-16.786783
28.590805
-24.447842
6.369835
-23.939329
4.255626
30.383629
-21.932577
-9.548613
0.270885
-0.903518
-3.165437
21.157127
42.936344
-21.323357
-0.948687
-18.618883
38.111549
-29.490709
9.686993
-30.987186
4.895544
36.201904
-20.657526
-11.095224
1.034894
-1.433077
-38.473186
89.274773
198.599182
-65.988434
8.370053
-80.182777
176.137527
-102.406036
60.718624
-114.267662
11.039911
171.366364
-84.837440
-64.494263
0.371987
-0.552375
0.361171
0.674893
0.030882
-0.289703
-0.081678
-0.182769
0.165790
0.064724
0.256301
-0.332679
0.299900
0.397762
0.463843
-0.300940
0.371987
-0.552375
0.361171
0.674893
0.030882
-0.289703
-0.081678
-0.182769
0.165790
0.064724
0.256301
-0.332679
0.299900
0.397762
0.463843
-0.300940
0.371987
-0.552375
0.361171
0.674893
0.030882
-0.289703
-0.081678
-0.182769
0.165790
0.064724
0.256301
-0.332679
0.299900
0.397762
0.463843
-0.300940
0.371987
-0.552375
0.361171
0.674893
0.030882
-0.289703
-0.081678
-0.182769
0.165790
0.064724
0.256301
-0.332679
0.299900
0.397762
0.463843
-0.300940
0.371987
-0.552375
0.361171
0.674893
0.030882
-0.289703
-0.081678
-0.182769
0.165790
0.064724
0.256301
-0.332679
0.299900
0.397762
0.463843
-0.300940
0.371987
-0.552375
0.361171
0.674893
0.030882
-0.289703
-0.081678
-0.182769
0.165790
0.064724
0.256301
-0.332679
0.299900
0.397762
0.463843
-0.300940
0.371987
-0.552375
0.361171
0.674893
0.030882
-0.289703
-0.081678
-0.182769
0.165790
0.064724
0.256301
-0.332679
0.299900
0.397762
0.463843
-0.300940
0.371987
-0.552375
0.361171
0.674893
0.030882
-0.289703
-0.081678
-0.182769
0.165790
0.064724
0.256301
-0.332679
0.299900
0.397762
0.463843
-0.300940
0.371987
-0.552375
0.361171
0.674893
0.030882
-0.289703
-0.081678
-0.182769
0.165790
0.064724
0.256301
-0.332679
0.299900
0.397762
0.463843
-0.300940
0.371987
-0.552375
0.361171
0.674893
0.030882
-0.289703
-0.081678
-0.182769
0.165790
0.064724
0.256301
-0.332679
0.299900
0.397762
0.463843
-0.300940
0.371987
-0.552375
0.361171
0.674893
0.030882
-0.289703
-0.081678
-0.182769
0.165790
0.064724
0.256301
-0.332679
0.299900
0.397762
0.463843
-0.300940
0.371987
-0.552375
0.361171
0.674893
0.030882
-0.289703
-0.081678
-0.182769
0.165790
0.064724
0.256301
-0.332679
0.299900
0.397762
0.463843
-0.300940
0.371987
-0.552375
0.361171
0.674893
0.030882
-0.289703
-0.081678
-0.182769
0.165790
0.064724
0.256301
-0.332679
0.299900
0.397762
0.463843
-0.300940
