12.660633
33.381355
-38.058144
12.231630
28.498632
-5.227777
-10.680332
-16.366291
12.923775
-2.577137
-30.466265
18.930616
-7.212426
-19.479704
0.666284
11.407036
-0.486030
2.243427
-11.791201
-17.186193
15.974904
22.380526
5.458899
-5.143689
10.348309
-5.121999
-17.958200
-2.435931
-5.692223
0.651439
2.104326
-9.325616
0.141096
0.455380
2.135561
-2.428713
3.690682
-1.212602
-4.370202
-1.655872
1.236870
2.935599
0.483451
1.489303
-3.396585
-0.866247
0.453185
-2.099723
-1.660084
2.089312
-249.780823
-81.554749
295.929382
580.145874
366.802307
-286.597534
274.370087
749.619446
363.351135
264.245209
-476.540009
-92.864845
91.553017
-228.871048
0.906944
-3.689920
153.631775
55.010548
-180.854553
-362.899658
-221.698898
183.563126
-168.526138
-466.031494
-227.342102
-166.717697
296.970734
69.431511
-59.746391
139.220505
2.586429
-1.695788
30.432943
6.651585
-38.751808
-66.199570
-43.407211
32.988605
-38.777218
-84.851067
-41.055893
-24.457554
52.773472
-0.015097
-6.630977
30.307537
-0.055146
1.318950
15.035768
7.042365
-13.029974
-33.681561
-23.869518
9.078670
-9.135834
-47.033394
-19.776518
-19.370548
25.658833
6.504010
-8.232239
8.669223
-1.317618
-0.989400
-0.184928
0.293247
0.374201
0.083310
0.345191
0.246212
0.212929
-0.252114
0.083242
0.140425
-0.057342
0.305990
-0.214660
-0.018008
-1.317618
-0.989400
-0.184928
0.293247
0.374201
0.083310
0.345191
0.246212
0.212929
-0.252114
0.083242
0.140425
-0.057342
0.305990
-0.214660
-0.018008
-1.317618
-0.989400
-0.184928
0.293247
0.374201
0.083310
0.345191
0.246212
0.212929
-0.252114
0.083242
0.140425
-0.057342
0.305990
-0.214660
-0.018008
-1.317618
-0.989400
-0.184928
0.293247
0.374201
0.083310
0.345191
0.246212
0.212929
-0.252114
0.083242
0.140425
-0.057342
0.305990
-0.214660
-0.018008
-1.317618
-0.989400
-0.184928
0.293247
0.374201
0.083310
0.345191
0.246212
0.212929
-0.252114
0.083242
0.140425
-0.057342
0.305990
-0.214660
-0.018008
-1.317618
-0.989400
-0.184928
0.293247
0.374201
0.083310
0.345191
0.246212
0.212929
-0.252114
0.083242
0.140425
-0.057342
0.305990
-0.214660
-0.018008
-1.317618
-0.989400
-0.184928
0.293247
0.374201
0.083310
0.345191
0.246212
0.212929
-0.252114
0.083242
0.140425
-0.057342
0.305990
-0.214660
-0.018008
-1.317618
-0.989400
-0.184928
0.293247
0.374201
0.083310
0.345191
0.246212
0.212929
-0.252114
0.083242
0.140425
-0.057342
0.305990
-0.214660
-0.018008
-1.317618
-0.989400
-0.184928
0.293247
0.374201
0.083310
0.345191
0.246212
0.212929
-0.252114
0.083242
0.140425
-0.057342
0.305990
-0.214660
-0.018008
-1.317618
-0.989400
-0.184928
0.293247
0.374201
0.083310
0.345191
0.246212
0.212929
-0.252114
0.083242
0.140425
-0.057342
0.305990
-0.214660
-0.018008
-1.317618
-0.989400
-0.184928
0.293247
0.374201
0.083310
0.345191
0.246212
0.212929
-0.252114
0.083242
0.140425
-0.057342
0.305990
-0.214660
-0.018008
-1.317618
-0.989400
-0.184928
0.293247
0.374201
0.083310
0.345191
0.246212
0.212929
-0.252114
0.083242
0.140425
-0.057342
0.305990
-0.214660
-0.018008
-1.317618
-0.989400
-0.184928
0.293247
0.374201
0.083310
0.345191
0.246212
0.212929
-0.252114
0.083242
0.140425
-0.057342
0.305990
-0.214660
-0.018008
