-0.698533
1.333846
6.402143
2.951876
-4.792597
-4.412721
-3.656389
-3.741401
0.613867
4.055266
4.873493
1.329913
0.747668
-5.138186
-0.893202
4.561993
2.037604
-1.249124
-86.002937
336.665344
664.345093
-455.695984
-206.311783
-374.882660
690.630188
-366.274353
173.876678
-417.853302
115.699036
532.344604
-352.110931
-132.107086
-1.044448
-1.990004
0.066095
-19.865446
-30.524326
27.862053
13.413472
19.967529
-29.692225
21.547070
-9.024846
18.866291
-5.665372
-24.197718
16.433870
5.605330
0.446329
0.844783
41.913860
-126.801239
-267.427673
158.903229
71.851357
149.296173
-271.033295
124.121201
-74.382454
157.217224
-35.146618
-208.254532
130.882736
59.708855
0.226595
-0.120076
1.250779
-18.870636
-37.542042
36.778431
16.341507
23.734533
-39.373920
31.067682
-8.146662
29.493269
-13.097206
-32.243473
24.372433
4.817467
-0.667542
1.768439
29.934061
-84.824844
-186.858643
103.139427
44.930305
102.370300
-194.992386
81.253830
-53.770382
109.061829
-16.470268
-145.531631
92.755188
41.415100
-1.098109
-1.289511
-0.004623
0.128285
0.936577
0.106262
-0.415616
0.275353
0.099545
-0.572087
-0.556966
0.665236
-0.501800
-0.612131
-0.002550
-0.180182
-1.098109
-1.289511
-0.004623
0.128285
0.936577
0.106262
-0.415616
0.275353
0.099545
-0.572087
-0.556966
0.665236
-0.501800
-0.612131
-0.002550
-0.180182
-1.098109
-1.289511
-0.004623
0.128285
0.936577
0.106262
-0.415616
0.275353
0.099545
-0.572087
-0.556966
0.665236
-0.501800
-0.612131
-0.002550
-0.180182
-1.098109
-1.289511
-0.004623
0.128285
0.936577
0.106262
-0.415616
0.275353
0.099545
-0.572087
-0.556966
0.665236
-0.501800
-0.612131
-0.002550
-0.180182
-1.098109
-1.289511
-0.004623
0.128285
0.936577
0.106262
-0.415616
0.275353
0.099545
-0.572087
-0.556966
0.665236
-0.501800
-0.612131
-0.002550
-0.180182
-1.098109
-1.289511
-0.004623
0.128285
0.936577
0.106262
-0.415616
0.275353
0.099545
-0.572087
-0.556966
0.665236
-0.501800
-0.612131
-0.002550
-0.180182
-1.098109
-1.289511
-0.004623
0.128285
0.936577
0.106262
-0.415616
0.275353
0.099545
-0.572087
-0.556966
0.665236
-0.501800
-0.612131
-0.002550
-0.180182
-1.098109
-1.289511
-0.004623
0.128285
0.936577
0.106262
-0.415616
0.275353
0.099545
-0.572087
-0.556966
0.665236
-0.501800
-0.612131
-0.002550
-0.180182
-1.098109
-1.289511
-0.004623
0.128285
0.936577
0.106262
-0.415616
0.275353
0.099545
-0.572087
-0.556966
0.665236
-0.501800
-0.612131
-0.002550
-0.180182
-1.098109
-1.289511
-0.004623
0.128285
0.936577
0.106262
-0.415616
0.275353
0.099545
-0.572087
-0.556966
0.665236
-0.501800
-0.612131
-0.002550
-0.180182
-1.098109
-1.289511
-0.004623
0.128285
0.936577
0.106262
-0.415616
0.275353
0.099545
-0.572087
-0.556966
0.665236
-0.501800
-0.612131
-0.002550
-0.180182
-1.098109
-1.289511
-0.004623
0.128285
0.936577
0.106262
-0.415616
0.275353
0.099545
-0.572087
-0.556966
0.665236
-0.501800
-0.612131
-0.002550
-0.180182
-1.098109
-1.289511
-0.004623
0.128285
0.936577
0.106262
-0.415616
0.275353
0.099545
-0.572087
-0.556966
0.665236
-0.501800
-0.612131
-0.002550
-0.180182
-1.098109
-1.289511
-0.004623
0.128285
0.936577
0.106262
-0.415616
0.275353
0.099545
-0.572087
-0.556966
0.665236
-0.501800
-0.612131
-0.002550
-0.180182
