1.062321
0.974810
7.138386
-2.335834
-9.069807
0.761758
-6.419146
0.882995
5.193306
1.953524
5.438306
-3.889980
-1.632859
-2.824353
2.716067
2.264460
22.787027
16.112141
26.127605
34.027748
-17.516745
-13.749140
-16.704115
10.866447
4.514868
-13.573632
19.516127
22.015350
-3.527649
18.388615
15.289501
-13.763923
3.468540
-2.681737
217.519150
218.262726
59.767200
-740.104126
-447.393219
-55.829487
106.006279
-768.589050
-197.409729
-403.827332
411.044189
209.949509
-267.014038
172.964020
-0.672104
3.310386
-3.743329
-9.257256
-7.781566
29.887783
17.448721
3.343194
-9.631551
29.324934
5.444884
16.334425
-14.800572
-7.073210
13.479200
-6.045457
-0.485888
2.515930
-104.488571
-106.976318
-36.885620
363.713531
218.780350
39.138496
-60.464485
376.210266
89.593170
203.917603
-201.661545
-111.581154
131.290466
-78.622612
0.134181
-0.833740
-13.291022
-14.129003
-0.636575
46.534832
29.985664
-1.700049
-5.275166
51.830765
14.118231
22.406094
-24.966354
-9.472670
18.104706
-8.899997
-1.768835
-0.092967
-42.563072
-44.175705
-21.334751
135.581177
82.670212
15.402300
-31.291059
138.070633
32.985455
79.097511
-73.089890
-45.914593
52.575523
-28.783865
-0.540358
0.389966
-0.109063
0.362677
0.078163
-0.090435
0.824489
-0.385556
0.483457
-0.253065
0.446953
0.153565
0.118461
-0.338228
-0.467351
-0.005590
-0.540358
0.389966
-0.109063
0.362677
0.078163
-0.090435
0.824489
-0.385556
0.483457
-0.253065
0.446953
0.153565
0.118461
-0.338228
-0.467351
-0.005590
-0.540358
0.389966
-0.109063
0.362677
0.078163
-0.090435
0.824489
-0.385556
0.483457
-0.253065
0.446953
0.153565
0.118461
-0.338228
-0.467351
-0.005590
-0.540358
0.389966
-0.109063
0.362677
0.078163
-0.090435
0.824489
-0.385556
0.483457
-0.253065
0.446953
0.153565
0.118461
-0.338228
-0.467351
-0.005590
-0.540358
0.389966
-0.109063
0.362677
0.078163
-0.090435
0.824489
-0.385556
0.483457
-0.253065
0.446953
0.153565
0.118461
-0.338228
-0.467351
-0.005590
-0.540358
0.389966
-0.109063
0.362677
0.078163
-0.090435
0.824489
-0.385556
0.483457
-0.253065
0.446953
0.153565
0.118461
-0.338228
-0.467351
-0.005590
-0.540358
0.389966
-0.109063
0.362677
0.078163
-0.090435
0.824489
-0.385556
0.483457
-0.253065
0.446953
0.153565
0.118461
-0.338228
-0.467351
-0.005590
-0.540358
0.389966
-0.109063
0.362677
0.078163
-0.090435
0.824489
-0.385556
0.483457
-0.253065
0.446953
0.153565
0.118461
-0.338228
-0.467351
-0.005590
-0.540358
0.389966
-0.109063
0.362677
0.078163
-0.090435
0.824489
-0.385556
0.483457
-0.253065
0.446953
0.153565
0.118461
-0.338228
-0.467351
-0.005590
-0.540358
0.389966
-0.109063
0.362677
0.078163
-0.090435
0.824489
-0.385556
0.483457
-0.253065
0.446953
0.153565
0.118461
-0.338228
-0.467351
-0.005590
-0.540358
0.389966
-0.109063
0.362677
0.078163
-0.090435
0.824489
-0.385556
0.483457
-0.253065
0.446953
0.153565
0.118461
-0.338228
-0.467351
-0.005590
-0.540358
0.389966
-0.109063
0.362677
0.078163
-0.090435
0.824489
-0.385556
0.483457
-0.253065
0.446953
0.153565
0.118461
-0.338228
-0.467351
-0.005590
-0.540358
0.389966
-0.109063
0.362677
0.078163
-0.090435
0.824489
-0.385556
0.483457
-0.253065
0.446953
0.153565
0.118461
-0.338228
-0.467351
-0.005590
