-2.748369
0.994582
197.597519
-194.061020
-683.599426
-44.310001
-44.266781
462.941406
-737.180847
-110.511971
-346.273010
222.518738
172.566635
-356.034363
204.582870
206.922302
1.957044
2.114353
-131.942154
131.910446
451.586975
31.048153
33.525738
-306.734650
491.227051
73.288116
227.582321
-150.738052
-104.539703
241.457123
-134.054337
-133.729691
1.504531
-3.089232
-23.224751
23.751877
72.466721
-1.369725
0.317888
-49.519352
75.078568
4.749987
34.061653
-25.862978
-18.062649
33.703293
-18.832130
-19.414524
-0.738728
-2.791339
-10.755829
9.063443
41.616497
6.817226
2.722428
-28.350782
42.496265
13.716718
22.804386
-7.631769
-17.682718
20.094742
-12.203635
-14.272921
0.794277
-0.581051
-0.251420
0.555371
-0.725337
-0.320555
-0.122088
0.659503
-0.065794
-0.420556
-0.768656
0.299755
0.136219
-0.056165
0.342412
-0.365660
0.794277
-0.581051
-0.251420
0.555371
-0.725337
-0.320555
-0.122088
0.659503
-0.065794
-0.420556
-0.768656
0.299755
0.136219
-0.056165
0.342412
-0.365660
0.794277
-0.581051
-0.251420
0.555371
-0.725337
-0.320555
-0.122088
0.659503
-0.065794
-0.420556
-0.768656
0.299755
0.136219
-0.056165
0.342412
-0.365660
0.794277
-0.581051
-0.251420
0.555371
-0.725337
-0.320555
-0.122088
0.659503
-0.065794
-0.420556
-0.768656
0.299755
0.136219
-0.056165
0.342412
-0.365660
0.794277
-0.581051
-0.251420
0.555371
-0.725337
-0.320555
-0.122088
0.659503
-0.065794
-0.420556
-0.768656
0.299755
0.136219
-0.056165
0.342412
-0.365660
0.794277
-0.581051
-0.251420
0.555371
-0.725337
-0.320555
-0.122088
0.659503
-0.065794
-0.420556
-0.768656
0.299755
0.136219
-0.056165
0.342412
-0.365660
0.794277
-0.581051
-0.251420
0.555371
-0.725337
-0.320555
-0.122088
0.659503
-0.065794
-0.420556
-0.768656
0.299755
0.136219
-0.056165
0.342412
-0.365660
0.794277
-0.581051
-0.251420
0.555371
-0.725337
-0.320555
-0.122088
0.659503
-0.065794
-0.420556
-0.768656
0.299755
0.136219
-0.056165
0.342412
-0.365660
0.794277
-0.581051
-0.251420
0.555371
-0.725337
-0.320555
-0.122088
0.659503
-0.065794
-0.420556
-0.768656
0.299755
0.136219
-0.056165
0.342412
-0.365660
0.794277
-0.581051
-0.251420
0.555371
-0.725337
-0.320555
-0.122088
0.659503
-0.065794
-0.420556
-0.768656
0.299755
0.136219
-0.056165
0.342412
-0.365660
0.794277
-0.581051
-0.251420
0.555371
-0.725337
-0.320555
-0.122088
0.659503
-0.065794
-0.420556
-0.768656
0.299755
0.136219
-0.056165
0.342412
-0.365660
0.794277
-0.581051
-0.251420
0.555371
-0.725337
-0.320555
-0.122088
0.659503
-0.065794
-0.420556
-0.768656
0.299755
0.136219
-0.056165
0.342412
-0.365660
0.794277
-0.581051
-0.251420
0.555371
-0.725337
-0.320555
-0.122088
0.659503
-0.065794
-0.420556
-0.768656
0.299755
0.136219
-0.056165
0.342412
-0.365660
0.794277
-0.581051
-0.251420
0.555371
-0.725337
-0.320555
-0.122088
0.659503
-0.065794
-0.420556
-0.768656
0.299755
0.136219
-0.056165
0.342412
-0.365660
0.794277
-0.581051
-0.251420
0.555371
-0.725337
-0.320555
-0.122088
0.659503
-0.065794
-0.420556
-0.768656
0.299755
0.136219
-0.056165
0.342412
-0.365660
0.794277
-0.581051
-0.251420
0.555371
-0.725337
-0.320555
-0.122088
0.659503
-0.065794
-0.420556
-0.768656
0.299755
0.136219
-0.056165
0.342412
-0.365660
