0.104295
1.096768
-7.401409
-4.227074
9.380328
5.154115
1.979860
3.399276
1.439019
-2.537147
-5.970282
1.118585
-5.647185
0.883253
-0.725348
-3.002504
4.508693
-2.077822
-31.500546
281.856262
559.562378
-391.579498
-248.769318
-373.825653
662.396606
-364.220276
183.421463
-425.314728
65.324142
379.906158
-298.678558
-53.612980
-0.761885
1.197172
4.958169
-25.264162
-51.122047
33.918121
25.508553
33.832554
-61.827778
29.554953
-18.686663
39.203812
-8.584228
-35.899662
27.096859
3.202439
-2.189349
0.805584
22.020578
-195.060074
-395.230377
272.029419
172.806793
264.324554
-465.433014
253.515244
-128.322220
301.175507
-44.530724
-264.640045
210.613693
39.505455
-0.186900
3.071852
1.998227
-17.267941
-33.772537
20.865156
12.848682
24.010565
-38.973797
19.826284
-13.417127
22.158577
-6.053103
-21.704233
18.044460
5.591614
-0.619881
-0.308588
-0.002543
-0.511342
-0.185828
-0.091943
-1.091040
-0.283232
-0.494701
-0.000782
0.481508
0.023457
0.117380
-0.418951
-0.117065
-0.157530
-0.619881
-0.308588
-0.002543
-0.511342
-0.185828
-0.091943
-1.091040
-0.283232
-0.494701
-0.000782
0.481508
0.023457
0.117380
-0.418951
-0.117065
-0.157530
-0.619881
-0.308588
-0.002543
-0.511342
-0.185828
-0.091943
-1.091040
-0.283232
-0.494701
-0.000782
0.481508
0.023457
0.117380
-0.418951
-0.117065
-0.157530
-0.619881
-0.308588
-0.002543
-0.511342
-0.185828
-0.091943
-1.091040
-0.283232
-0.494701
-0.000782
0.481508
0.023457
0.117380
-0.418951
-0.117065
-0.157530
-0.619881
-0.308588
-0.002543
-0.511342
-0.185828
-0.091943
-1.091040
-0.283232
-0.494701
-0.000782
0.481508
0.023457
0.117380
-0.418951
-0.117065
-0.157530
-0.619881
-0.308588
-0.002543
-0.511342
-0.185828
-0.091943
-1.091040
-0.283232
-0.494701
-0.000782
0.481508
0.023457
0.117380
-0.418951
-0.117065
-0.157530
-0.619881
-0.308588
-0.002543
-0.511342
-0.185828
-0.091943
-1.091040
-0.283232
-0.494701
-0.000782
0.481508
0.023457
0.117380
-0.418951
-0.117065
-0.157530
-0.619881
-0.308588
-0.002543
-0.511342
-0.185828
-0.091943
-1.091040
-0.283232
-0.494701
-0.000782
0.481508
0.023457
0.117380
-0.418951
-0.117065
-0.157530
-0.619881
-0.308588
-0.002543
-0.511342
-0.185828
-0.091943
-1.091040
-0.283232
-0.494701
-0.000782
0.481508
0.023457
0.117380
-0.418951
-0.117065
-0.157530
-0.619881
-0.308588
-0.002543
-0.511342
-0.185828
-0.091943
-1.091040
-0.283232
-0.494701
-0.000782
0.481508
0.023457
0.117380
-0.418951
-0.117065
-0.157530
-0.619881
-0.308588
-0.002543
-0.511342
-0.185828
-0.091943
-1.091040
-0.283232
-0.494701
-0.000782
0.481508
0.023457
0.117380
-0.418951
-0.117065
-0.157530
-0.619881
-0.308588
-0.002543
-0.511342
-0.185828
-0.091943
-1.091040
-0.283232
-0.494701
-0.000782
0.481508
0.023457
0.117380
-0.418951
-0.117065
-0.157530
-0.619881
-0.308588
-0.002543
-0.511342
-0.185828
-0.091943
-1.091040
-0.283232
-0.494701
-0.000782
0.481508
0.023457
0.117380
-0.418951
-0.117065
-0.157530
-0.619881
-0.308588
-0.002543
-0.511342
-0.185828
-0.091943
-1.091040
-0.283232
-0.494701
-0.000782
0.481508
0.023457
0.117380
-0.418951
-0.117065
-0.157530
-0.619881
-0.308588
-0.002543
-0.511342
-0.185828
-0.091943
-1.091040
-0.283232
-0.494701
-0.000782
0.481508
0.023457
0.117380
-0.418951
-0.117065
-0.157530
