1.461902
-3.776055
-115.899750
246.554031
610.669067
-174.339600
-85.474144
-388.215820
713.049011
-97.358879
303.163239
-300.967407
-90.482498
342.399567
-252.410294
-130.782303
-0.854144
2.660747
101.006081
-216.835220
-527.593384
151.246582
75.253578
337.922852
-611.930298
84.798416
-261.954926
255.074799
75.647392
-293.444885
214.206482
115.042160
0.136345
-0.187306
0.313162
0.137157
0.126988
0.158599
0.199032
0.172759
-0.335793
-0.268893
0.887322
-0.112528
-0.240529
-0.036051
0.109483
0.043789
0.136345
-0.187306
0.313162
0.137157
0.126988
0.158599
0.199032
0.172759
-0.335793
-0.268893
0.887322
-0.112528
-0.240529
-0.036051
0.109483
0.043789
0.136345
-0.187306
0.313162
0.137157
0.126988
0.158599
0.199032
0.172759
-0.335793
-0.268893
0.887322
-0.112528
-0.240529
-0.036051
0.109483
0.043789
0.136345
-0.187306
0.313162
0.137157
0.126988
0.158599
0.199032
0.172759
-0.335793
-0.268893
0.887322
-0.112528
-0.240529
-0.036051
0.109483
0.043789
0.136345
-0.187306
0.313162
0.137157
0.126988
0.158599
0.199032
0.172759
-0.335793
-0.268893
0.887322
-0.112528
-0.240529
-0.036051
0.109483
0.043789
0.136345
-0.187306
0.313162
0.137157
0.126988
0.158599
0.199032
0.172759
-0.335793
-0.268893
0.887322
-0.112528
-0.240529
-0.036051
0.109483
0.043789
0.136345
-0.187306
0.313162
0.137157
0.126988
0.158599
0.199032
0.172759
-0.335793
-0.268893
0.887322
-0.112528
-0.240529
-0.036051
0.109483
0.043789
0.136345
-0.187306
0.313162
0.137157
0.126988
0.158599
0.199032
0.172759
-0.335793
-0.268893
0.887322
-0.112528
-0.240529
-0.036051
0.109483
0.043789
0.136345
-0.187306
0.313162
0.137157
0.126988
0.158599
0.199032
0.172759
-0.335793
-0.268893
0.887322
-0.112528
-0.240529
-0.036051
0.109483
0.043789
0.136345
-0.187306
0.313162
0.137157
0.126988
0.158599
0.199032
0.172759
-0.335793
-0.268893
0.887322
-0.112528
-0.240529
-0.036051
0.109483
0.043789
0.136345
-0.187306
0.313162
0.137157
0.126988
0.158599
0.199032
0.172759
-0.335793
-0.268893
0.887322
-0.112528
-0.240529
-0.036051
0.109483
0.043789
0.136345
-0.187306
0.313162
0.137157
0.126988
0.158599
0.199032
0.172759
-0.335793
-0.268893
0.887322
-0.112528
-0.240529
-0.036051
0.109483
0.043789
0.136345
-0.187306
0.313162
0.137157
0.126988
0.158599
0.199032
0.172759
-0.335793
-0.268893
0.887322
-0.112528
-0.240529
-0.036051
0.109483
0.043789
0.136345
-0.187306
0.313162
0.137157
0.126988
0.158599
0.199032
0.172759
-0.335793
-0.268893
0.887322
-0.112528
-0.240529
-0.036051
0.109483
0.043789
0.136345
-0.187306
0.313162
0.137157
0.126988
0.158599
0.199032
0.172759
-0.335793
-0.268893
0.887322
-0.112528
-0.240529
-0.036051
0.109483
0.043789
0.136345
-0.187306
0.313162
0.137157
0.126988
0.158599
0.199032
0.172759
-0.335793
-0.268893
0.887322
-0.112528
-0.240529
-0.036051
0.109483
0.043789
0.136345
-0.187306
0.313162
0.137157
0.126988
0.158599
0.199032
0.172759
-0.335793
-0.268893
0.887322
-0.112528
-0.240529
-0.036051
0.109483
0.043789
0.136345
-0.187306
0.313162
0.137157
0.126988
0.158599
0.199032
0.172759
-0.335793
-0.268893
0.887322
-0.112528
-0.240529
-0.036051
0.109483
0.043789
