-0.316650
0.302690
3.476694
-11.282281
2.325246
10.965794
1.658920
-8.806568
-0.168907
1.216715
8.358244
-1.808039
4.088820
5.842917
9.192822
-4.515051
-0.595966
0.589422
5.602953
2.464811
-7.217300
-1.602472
1.655044
-4.450083
-2.351141
1.053653
8.562434
-2.912054
5.052130
2.790088
2.425093
1.101679
4.414928
-0.464426
-256.412262
-94.807961
192.367737
635.553406
386.667664
-136.240036
134.453781
730.596375
343.686707
290.538452
-391.212311
-96.694054
172.564133
-277.579559
2.432271
-0.677243
18.606342
6.681658
-19.934832
-38.648121
-25.648012
12.704053
-16.342251
-39.852650
-22.677628
-15.144499
25.092026
1.547649
-4.719398
21.289669
-2.208275
0.066488
19.823593
12.602119
-9.737022
-52.301758
-34.065636
4.987230
1.954168
-60.246143
-23.860010
-25.112139
29.723383
14.702258
-13.956453
21.559456
-4.520347
0.654649
195.695770
68.594772
-142.711426
-485.803741
-293.232147
102.978821
-102.747696
-559.751892
-259.889282
-221.401520
299.030121
72.632568
-137.569443
208.534973
-0.265105
0.096559
0.225115
-0.123772
-0.555574
-0.069646
0.326103
-0.122235
-0.264301
0.522464
-0.172438
-0.002090
-0.080942
0.378031
0.294691
0.033195
-0.265105
0.096559
0.225115
-0.123772
-0.555574
-0.069646
0.326103
-0.122235
-0.264301
0.522464
-0.172438
-0.002090
-0.080942
0.378031
0.294691
0.033195
-0.265105
0.096559
0.225115
-0.123772
-0.555574
-0.069646
0.326103
-0.122235
-0.264301
0.522464
-0.172438
-0.002090
-0.080942
0.378031
0.294691
0.033195
-0.265105
0.096559
0.225115
-0.123772
-0.555574
-0.069646
0.326103
-0.122235
-0.264301
0.522464
-0.172438
-0.002090
-0.080942
0.378031
0.294691
0.033195
-0.265105
0.096559
0.225115
-0.123772
-0.555574
-0.069646
0.326103
-0.122235
-0.264301
0.522464
-0.172438
-0.002090
-0.080942
0.378031
0.294691
0.033195
-0.265105
0.096559
0.225115
-0.123772
-0.555574
-0.069646
0.326103
-0.122235
-0.264301
0.522464
-0.172438
-0.002090
-0.080942
0.378031
0.294691
0.033195
-0.265105
0.096559
0.225115
-0.123772
-0.555574
-0.069646
0.326103
-0.122235
-0.264301
0.522464
-0.172438
-0.002090
-0.080942
0.378031
0.294691
0.033195
-0.265105
0.096559
0.225115
-0.123772
-0.555574
-0.069646
0.326103
-0.122235
-0.264301
0.522464
-0.172438
-0.002090
-0.080942
0.378031
0.294691
0.033195
-0.265105
0.096559
0.225115
-0.123772
-0.555574
-0.069646
0.326103
-0.122235
-0.264301
0.522464
-0.172438
-0.002090
-0.080942
0.378031
0.294691
0.033195
-0.265105
0.096559
0.225115
-0.123772
-0.555574
-0.069646
0.326103
-0.122235
-0.264301
0.522464
-0.172438
-0.002090
-0.080942
0.378031
0.294691
0.033195
-0.265105
0.096559
0.225115
-0.123772
-0.555574
-0.069646
0.326103
-0.122235
-0.264301
0.522464
-0.172438
-0.002090
-0.080942
0.378031
0.294691
0.033195
-0.265105
0.096559
0.225115
-0.123772
-0.555574
-0.069646
0.326103
-0.122235
-0.264301
0.522464
-0.172438
-0.002090
-0.080942
0.378031
0.294691
0.033195
-0.265105
0.096559
0.225115
-0.123772
-0.555574
-0.069646
0.326103
-0.122235
-0.264301
0.522464
-0.172438
-0.002090
-0.080942
0.378031
0.294691
0.033195
-0.265105
0.096559
0.225115
-0.123772
-0.555574
-0.069646
0.326103
-0.122235
-0.264301
0.522464
-0.172438
-0.002090
-0.080942
0.378031
0.294691
0.033195
