0.293586
-1.173427
2.247648
6.181420
-0.803847
-6.725345
-0.385368
-4.429099
-3.239341
4.540108
3.640382
5.637542
2.783201
-2.333813
-2.219476
2.186223
0.454431
3.627047
-6.748797
-16.701313
6.103902
30.603004
10.054026
-4.195316
8.617651
-4.487535
-17.676712
-1.593630
-8.265537
-8.713168
3.652477
-6.509416
1.107301
0.947127
-161.112518
269.975983
-28.872776
-377.973328
-656.678650
457.626160
-84.160667
-218.006470
-302.964569
-36.204151
506.908020
-122.064034
-365.771698
268.322235
0.784031
0.483674
12.144112
-18.014774
1.249058
24.377943
42.816589
-23.905657
5.630267
15.289919
22.028011
-1.252815
-33.176071
5.614748
27.623299
-15.555189
1.872135
1.426338
13.377643
-26.579941
6.548807
34.601120
56.695007
-44.690887
8.937540
16.099005
26.593252
-0.819473
-44.089088
13.051464
28.854103
-25.376961
-1.213936
-2.135968
116.020584
-197.322830
22.416355
275.617615
475.099304
-335.247498
61.644669
159.471954
218.932449
26.956778
-367.579803
89.794403
261.852753
-196.680252
0.631916
-0.463539
-0.485229
-0.123476
0.799293
-0.476223
-0.628310
0.178556
-0.132946
0.004933
-0.025796
-0.204236
-0.417312
-0.036377
-0.528647
0.505587
0.631916
-0.463539
-0.485229
-0.123476
0.799293
-0.476223
-0.628310
0.178556
-0.132946
0.004933
-0.025796
-0.204236
-0.417312
-0.036377
-0.528647
0.505587
0.631916
-0.463539
-0.485229
-0.123476
0.799293
-0.476223
-0.628310
0.178556
-0.132946
0.004933
-0.025796
-0.204236
-0.417312
-0.036377
-0.528647
0.505587
0.631916
-0.463539
-0.485229
-0.123476
0.799293
-0.476223
-0.628310
0.178556
-0.132946
0.004933
-0.025796
-0.204236
-0.417312
-0.036377
-0.528647
0.505587
0.631916
-0.463539
-0.485229
-0.123476
0.799293
-0.476223
-0.628310
0.178556
-0.132946
0.004933
-0.025796
-0.204236
-0.417312
-0.036377
-0.528647
0.505587
0.631916
-0.463539
-0.485229
-0.123476
0.799293
-0.476223
-0.628310
0.178556
-0.132946
0.004933
-0.025796
-0.204236
-0.417312
-0.036377
-0.528647
0.505587
0.631916
-0.463539
-0.485229
-0.123476
0.799293
-0.476223
-0.628310
0.178556
-0.132946
0.004933
-0.025796
-0.204236
-0.417312
-0.036377
-0.528647
0.505587
0.631916
-0.463539
-0.485229
-0.123476
0.799293
-0.476223
-0.628310
0.178556
-0.132946
0.004933
-0.025796
-0.204236
-0.417312
-0.036377
-0.528647
0.505587
0.631916
-0.463539
-0.485229
-0.123476
0.799293
-0.476223
-0.628310
0.178556
-0.132946
0.004933
-0.025796
-0.204236
-0.417312
-0.036377
-0.528647
0.505587
0.631916
-0.463539
-0.485229
-0.123476
0.799293
-0.476223
-0.628310
0.178556
-0.132946
0.004933
-0.025796
-0.204236
-0.417312
-0.036377
-0.528647
0.505587
0.631916
-0.463539
-0.485229
-0.123476
0.799293
-0.476223
-0.628310
0.178556
-0.132946
0.004933
-0.025796
-0.204236
-0.417312
-0.036377
-0.528647
0.505587
0.631916
-0.463539
-0.485229
-0.123476
0.799293
-0.476223
-0.628310
0.178556
-0.132946
0.004933
-0.025796
-0.204236
-0.417312
-0.036377
-0.528647
0.505587
0.631916
-0.463539
-0.485229
-0.123476
0.799293
-0.476223
-0.628310
0.178556
-0.132946
0.004933
-0.025796
-0.204236
-0.417312
-0.036377
-0.528647
0.505587
0.631916
-0.463539
-0.485229
-0.123476
0.799293
-0.476223
-0.628310
0.178556
-0.132946
0.004933
-0.025796
-0.204236
-0.417312
-0.036377
-0.528647
0.505587
