-0.329440
0.056353
5.876106
0.906594
-7.182565
-0.736585
-0.440510
-1.971948
0.846979
6.495114
7.250167
-2.337808
5.019448
-3.556640
-0.981249
2.849920
-0.946260
3.023288
171.920166
262.647736
-342.908661
-136.146851
101.781769
793.229675
-249.172592
-52.746410
-156.804184
264.478546
209.448166
-472.837433
89.181282
461.329956
0.742166
-1.393795
-5.681704
-1.589029
7.503956
1.523220
0.240439
2.661221
-1.017548
-4.773382
-6.462473
2.129054
-3.398366
1.881066
-0.917049
-1.729965
0.037546
-0.548234
-14.310590
-19.680145
21.626308
10.953534
5.244922
-46.911369
18.253418
4.660108
5.974368
-12.207997
-16.933426
22.673204
-2.702944
-25.961895
2.170995
-0.683440
-127.608902
-198.218491
262.480164
104.637070
-74.603645
-603.519226
186.900070
38.252136
120.141960
-201.908615
-162.731201
356.402557
-67.673592
-350.800171
0.529363
-0.156077
-0.228320
-0.402972
0.288397
0.529924
0.705564
-0.250996
0.590445
0.231043
-0.138173
0.031146
-0.011827
-0.423515
-0.290564
-0.131722
0.529363
-0.156077
-0.228320
-0.402972
0.288397
0.529924
0.705564
-0.250996
0.590445
0.231043
-0.138173
0.031146
-0.011827
-0.423515
-0.290564
-0.131722
0.529363
-0.156077
-0.228320
-0.402972
0.288397
0.529924
0.705564
-0.250996
0.590445
0.231043
-0.138173
0.031146
-0.011827
-0.423515
-0.290564
-0.131722
0.529363
-0.156077
-0.228320
-0.402972
0.288397
0.529924
0.705564
-0.250996
0.590445
0.231043
-0.138173
0.031146
-0.011827
-0.423515
-0.290564
-0.131722
0.529363
-0.156077
-0.228320
-0.402972
0.288397
0.529924
0.705564
-0.250996
0.590445
0.231043
-0.138173
0.031146
-0.011827
-0.423515
-0.290564
-0.131722
0.529363
-0.156077
-0.228320
-0.402972
0.288397
0.529924
0.705564
-0.250996
0.590445
0.231043
-0.138173
0.031146
-0.011827
-0.423515
-0.290564
-0.131722
0.529363
-0.156077
-0.228320
-0.402972
0.288397
0.529924
0.705564
-0.250996
0.590445
0.231043
-0.138173
0.031146
-0.011827
-0.423515
-0.290564
-0.131722
0.529363
-0.156077
-0.228320
-0.402972
0.288397
0.529924
0.705564
-0.250996
0.590445
0.231043
-0.138173
0.031146
-0.011827
-0.423515
-0.290564
-0.131722
0.529363
-0.156077
-0.228320
-0.402972
0.288397
0.529924
0.705564
-0.250996
0.590445
0.231043
-0.138173
0.031146
-0.011827
-0.423515
-0.290564
-0.131722
0.529363
-0.156077
-0.228320
-0.402972
0.288397
0.529924
0.705564
-0.250996
0.590445
0.231043
-0.138173
0.031146
-0.011827
-0.423515
-0.290564
-0.131722
0.529363
-0.156077
-0.228320
-0.402972
0.288397
0.529924
0.705564
-0.250996
0.590445
0.231043
-0.138173
0.031146
-0.011827
-0.423515
-0.290564
-0.131722
0.529363
-0.156077
-0.228320
-0.402972
0.288397
0.529924
0.705564
-0.250996
0.590445
0.231043
-0.138173
0.031146
-0.011827
-0.423515
-0.290564
-0.131722
0.529363
-0.156077
-0.228320
-0.402972
0.288397
0.529924
0.705564
-0.250996
0.590445
0.231043
-0.138173
0.031146
-0.011827
-0.423515
-0.290564
-0.131722
0.529363
-0.156077
-0.228320
-0.402972
0.288397
0.529924
0.705564
-0.250996
0.590445
0.231043
-0.138173
0.031146
-0.011827
-0.423515
-0.290564
-0.131722
0.529363
-0.156077
-0.228320
-0.402972
0.288397
0.529924
0.705564
-0.250996
0.590445
0.231043
-0.138173
0.031146
-0.011827
-0.423515
-0.290564
-0.131722
