0.344884
0.368999
5.292699
3.972864
-5.487813
-4.385586
1.455460
-5.926957
-2.387732
2.224734
3.725683
0.197848
5.123481
-1.551569
-2.796053
3.209569
1.559606
0.764324
-6.848160
5.947881
-1.530078
-10.389358
-8.983279
7.790850
4.442398
-1.373848
-5.680565
-3.407119
0.923454
-6.064570
-9.394673
-0.046745
-0.901497
2.772419
5.491103
-13.458138
4.801837
11.778582
1.911327
5.420473
3.702040
-4.580682
-13.959073
1.044327
-5.309381
6.367295
7.933641
0.529499
4.980805
-1.550785
477.155426
1359.886719
192.713135
1036.528076
879.995972
-542.314697
-498.096375
-254.023788
-1025.491455
-152.370468
954.299683
-786.850464
1148.459595
650.124756
-1.147090
-3.015348
-17.666632
-43.229607
-10.192380
-29.168806
-26.065666
18.902729
14.307014
9.146218
31.553194
2.371192
-29.042906
25.052042
-35.773663
-20.325693
-5.576248
1.981144
-232.729736
-744.784546
-90.503998
-557.804443
-483.931610
280.899414
263.707794
143.887039
551.511230
98.842018
-524.624878
407.499329
-610.940979
-367.836395
0.607530
-2.076158
-49.770802
-85.791939
-26.239437
-71.746284
-53.640003
48.259953
37.442883
13.111884
74.169312
-3.722805
-56.218143
70.496948
-86.876221
-30.050346
1.696132
1.433728
-49.841156
-232.398239
-1.026073
-179.412735
-158.864822
64.235344
78.482002
54.568165
163.077667
51.089176
-177.921356
104.431267
-171.628006
-131.228302
-0.374042
-0.763335
-0.472011
-0.348593
1.111490
-0.010413
-0.313517
0.294533
0.208095
-0.164072
0.140708
0.514243
-0.904000
-0.537131
-0.250842
-0.112648
-0.374042
-0.763335
-0.472011
-0.348593
1.111490
-0.010413
-0.313517
0.294533
0.208095
-0.164072
0.140708
0.514243
-0.904000
-0.537131
-0.250842
-0.112648
-0.374042
-0.763335
-0.472011
-0.348593
1.111490
-0.010413
-0.313517
0.294533
0.208095
-0.164072
0.140708
0.514243
-0.904000
-0.537131
-0.250842
-0.112648
-0.374042
-0.763335
-0.472011
-0.348593
1.111490
-0.010413
-0.313517
0.294533
0.208095
-0.164072
0.140708
0.514243
-0.904000
-0.537131
-0.250842
-0.112648
-0.374042
-0.763335
-0.472011
-0.348593
1.111490
-0.010413
-0.313517
0.294533
0.208095
-0.164072
0.140708
0.514243
-0.904000
-0.537131
-0.250842
-0.112648
-0.374042
-0.763335
-0.472011
-0.348593
1.111490
-0.010413
-0.313517
0.294533
0.208095
-0.164072
0.140708
0.514243
-0.904000
-0.537131
-0.250842
-0.112648
-0.374042
-0.763335
-0.472011
-0.348593
1.111490
-0.010413
-0.313517
0.294533
0.208095
-0.164072
0.140708
0.514243
-0.904000
-0.537131
-0.250842
-0.112648
-0.374042
-0.763335
-0.472011
-0.348593
1.111490
-0.010413
-0.313517
0.294533
0.208095
-0.164072
0.140708
0.514243
-0.904000
-0.537131
-0.250842
-0.112648
-0.374042
-0.763335
-0.472011
-0.348593
1.111490
-0.010413
-0.313517
0.294533
0.208095
-0.164072
0.140708
0.514243
-0.904000
-0.537131
-0.250842
-0.112648
-0.374042
-0.763335
-0.472011
-0.348593
1.111490
-0.010413
-0.313517
0.294533
0.208095
-0.164072
0.140708
0.514243
-0.904000
-0.537131
-0.250842
-0.112648
-0.374042
-0.763335
-0.472011
-0.348593
1.111490
-0.010413
-0.313517
0.294533
0.208095
-0.164072
0.140708
0.514243
-0.904000
-0.537131
-0.250842
-0.112648
-0.374042
-0.763335
-0.472011
-0.348593
1.111490
-0.010413
-0.313517
0.294533
0.208095
-0.164072
0.140708
0.514243
-0.904000
-0.537131
-0.250842
-0.112648
