-2.133013
-2.089609
139.244904
188.864502
22.963982
-216.714951
-165.974960
135.582367
380.485840
-140.779556
-510.687866
373.297791
207.518066
-687.630920
-693.541565
340.450104
-2.839911
0.586269
2.845303
-8.415554
2.416965
11.186782
4.249151
-7.149787
-1.445882
2.314632
5.244861
-1.213142
2.175472
4.006705
7.509549
-7.869325
-2.477983
1.169708
-5.027102
-15.967321
-2.999158
14.620037
16.934420
-3.189351
-28.949635
7.674025
38.525517
-15.386950
-25.278379
40.516121
51.341644
-7.039425
3.337476
0.398578
-92.896873
-121.948906
-10.817673
143.119827
100.600853
-85.404205
-237.154053
87.815559
320.928650
-249.998672
-126.538094
445.893066
439.493683
-229.840927
-0.225978
1.704478
-16.866194
-18.444206
-0.526502
24.291487
18.052832
-21.659496
-42.646389
27.039188
57.625778
-50.090931
-8.112479
86.047661
76.212547
-58.069798
0.786486
-0.680377
0.277597
-0.283121
-0.117236
-0.010325
-0.193525
0.010726
-0.301471
-0.133419
0.405906
-0.426964
-0.367999
-0.758861
0.027275
-0.269140
0.786486
-0.680377
0.277597
-0.283121
-0.117236
-0.010325
-0.193525
0.010726
-0.301471
-0.133419
0.405906
-0.426964
-0.367999
-0.758861
0.027275
-0.269140
0.786486
-0.680377
0.277597
-0.283121
-0.117236
-0.010325
-0.193525
0.010726
-0.301471
-0.133419
0.405906
-0.426964
-0.367999
-0.758861
0.027275
-0.269140
0.786486
-0.680377
0.277597
-0.283121
-0.117236
-0.010325
-0.193525
0.010726
-0.301471
-0.133419
0.405906
-0.426964
-0.367999
-0.758861
0.027275
-0.269140
0.786486
-0.680377
0.277597
-0.283121
-0.117236
-0.010325
-0.193525
0.010726
-0.301471
-0.133419
0.405906
-0.426964
-0.367999
-0.758861
0.027275
-0.269140
0.786486
-0.680377
0.277597
-0.283121
-0.117236
-0.010325
-0.193525
0.010726
-0.301471
-0.133419
0.405906
-0.426964
-0.367999
-0.758861
0.027275
-0.269140
0.786486
-0.680377
0.277597
-0.283121
-0.117236
-0.010325
-0.193525
0.010726
-0.301471
-0.133419
0.405906
-0.426964
-0.367999
-0.758861
0.027275
-0.269140
0.786486
-0.680377
0.277597
-0.283121
-0.117236
-0.010325
-0.193525
0.010726
-0.301471
-0.133419
0.405906
-0.426964
-0.367999
-0.758861
0.027275
-0.269140
0.786486
-0.680377
0.277597
-0.283121
-0.117236
-0.010325
-0.193525
0.010726
-0.301471
-0.133419
0.405906
-0.426964
-0.367999
-0.758861
0.027275
-0.269140
0.786486
-0.680377
0.277597
-0.283121
-0.117236
-0.010325
-0.193525
0.010726
-0.301471
-0.133419
0.405906
-0.426964
-0.367999
-0.758861
0.027275
-0.269140
0.786486
-0.680377
0.277597
-0.283121
-0.117236
-0.010325
-0.193525
0.010726
-0.301471
-0.133419
0.405906
-0.426964
-0.367999
-0.758861
0.027275
-0.269140
0.786486
-0.680377
0.277597
-0.283121
-0.117236
-0.010325
-0.193525
0.010726
-0.301471
-0.133419
0.405906
-0.426964
-0.367999
-0.758861
0.027275
-0.269140
0.786486
-0.680377
0.277597
-0.283121
-0.117236
-0.010325
-0.193525
0.010726
-0.301471
-0.133419
0.405906
-0.426964
-0.367999
-0.758861
0.027275
-0.269140
0.786486
-0.680377
0.277597
-0.283121
-0.117236
-0.010325
-0.193525
0.010726
-0.301471
-0.133419
0.405906
-0.426964
-0.367999
-0.758861
0.027275
-0.269140
0.786486
-0.680377
0.277597
-0.283121
-0.117236
-0.010325
-0.193525
0.010726
-0.301471
-0.133419
0.405906
-0.426964
-0.367999
-0.758861
0.027275
-0.269140
