0.099689
0.372591
6.555299
-0.754792
-7.176509
-1.263411
-4.214448
-1.289607
4.340192
2.488329
8.725339
-2.464658
-0.050969
-3.499051
3.587496
1.956811
-10.159585
-17.181610
-40.746368
17.491697
28.077475
-15.314613
-3.477642
-24.141935
15.435106
4.472362
-13.202306
17.267475
-22.505623
-11.274410
11.874476
21.676727
-1.593750
-1.162185
-191.621658
-91.830055
10.426051
154.874420
11.711043
-307.612274
-409.909088
276.541656
173.933380
-321.432892
81.674812
416.430237
372.774933
-297.993439
0.141125
0.274661
168.207474
80.996582
1.602160
-142.831161
-10.009173
289.966553
414.898132
-233.741821
-138.209213
310.649078
-93.235405
-369.178101
-339.009888
271.503418
-0.238847
1.039431
-0.408564
-0.066269
0.187736
-0.252227
0.051888
0.572520
0.226908
-0.368825
-0.382068
0.250926
0.284426
0.252508
0.932768
-0.149075
-0.238847
1.039431
-0.408564
-0.066269
0.187736
-0.252227
0.051888
0.572520
0.226908
-0.368825
-0.382068
0.250926
0.284426
0.252508
0.932768
-0.149075
-0.238847
1.039431
-0.408564
-0.066269
0.187736
-0.252227
0.051888
0.572520
0.226908
-0.368825
-0.382068
0.250926
0.284426
0.252508
0.932768
-0.149075
-0.238847
1.039431
-0.408564
-0.066269
0.187736
-0.252227
0.051888
0.572520
0.226908
-0.368825
-0.382068
0.250926
0.284426
0.252508
0.932768
-0.149075
-0.238847
1.039431
-0.408564
-0.066269
0.187736
-0.252227
0.051888
0.572520
0.226908
-0.368825
-0.382068
0.250926
0.284426
0.252508
0.932768
-0.149075
-0.238847
1.039431
-0.408564
-0.066269
0.187736
-0.252227
0.051888
0.572520
0.226908
-0.368825
-0.382068
0.250926
0.284426
0.252508
0.932768
-0.149075
-0.238847
1.039431
-0.408564
-0.066269
0.187736
-0.252227
0.051888
0.572520
0.226908
-0.368825
-0.382068
0.250926
0.284426
0.252508
0.932768
-0.149075
-0.238847
1.039431
-0.408564
-0.066269
0.187736
-0.252227
0.051888
0.572520
0.226908
-0.368825
-0.382068
0.250926
0.284426
0.252508
0.932768
-0.149075
-0.238847
1.039431
-0.408564
-0.066269
0.187736
-0.252227
0.051888
0.572520
0.226908
-0.368825
-0.382068
0.250926
0.284426
0.252508
0.932768
-0.149075
-0.238847
1.039431
-0.408564
-0.066269
0.187736
-0.252227
0.051888
0.572520
0.226908
-0.368825
-0.382068
0.250926
0.284426
0.252508
0.932768
-0.149075
-0.238847
1.039431
-0.408564
-0.066269
0.187736
-0.252227
0.051888
0.572520
0.226908
-0.368825
-0.382068
0.250926
0.284426
0.252508
0.932768
-0.149075
-0.238847
1.039431
-0.408564
-0.066269
0.187736
-0.252227
0.051888
0.572520
0.226908
-0.368825
-0.382068
0.250926
0.284426
0.252508
0.932768
-0.149075
-0.238847
1.039431
-0.408564
-0.066269
0.187736
-0.252227
0.051888
0.572520
0.226908
-0.368825
-0.382068
0.250926
0.284426
0.252508
0.932768
-0.149075
-0.238847
1.039431
-0.408564
-0.066269
0.187736
-0.252227
0.051888
0.572520
0.226908
-0.368825
-0.382068
0.250926
0.284426
0.252508
0.932768
-0.149075
-0.238847
1.039431
-0.408564
-0.066269
0.187736
-0.252227
0.051888
0.572520
0.226908
-0.368825
-0.382068
0.250926
0.284426
0.252508
0.932768
-0.149075
-0.238847
1.039431
-0.408564
-0.066269
0.187736
-0.252227
0.051888
0.572520
0.226908
-0.368825
-0.382068
0.250926
0.284426
0.252508
0.932768
-0.149075
