3.788300
6.584583
-1185.415649
-558.619141
-1404.790649
-259.379883
2316.539307
727.378113
3416.715332
1198.771362
1815.609497
1526.613892
960.735291
15.087708
-2420.597168
1690.702515
0.611549
-0.426244
-14.234206
-1.451470
8.396341
-12.550605
7.278072
3.370544
-24.247202
16.323723
20.547728
-20.712576
0.808380
6.807132
-8.803158
-17.561356
3.646031
-0.888454
8.485092
-2.103211
-2.772474
9.853991
-5.540311
-3.888351
13.691023
-8.443939
-14.108509
11.081306
1.117093
-7.833739
4.941267
9.855457
-4.703313
-2.466257
703.522034
330.400787
824.617249
145.632797
-1372.293823
-423.084717
-2020.307251
-700.259338
-1065.812134
-900.075806
-567.820801
4.503649
1428.408081
-1006.402832
-1.527726
-1.666780
75.963257
36.807770
98.445549
22.619459
-157.260620
-57.145580
-229.981125
-88.529602
-128.559586
-108.906403
-66.457718
-5.910758
168.896194
-109.661674
-0.150136
-1.153219
165.450073
73.796028
196.964844
32.746792
-321.620667
-90.045868
-478.568512
-152.757339
-260.100189
-201.347992
-133.024429
-3.529590
327.427002
-243.985321
-0.958586
-0.136125
0.034473
-0.388876
0.235919
0.504822
0.376382
0.296046
0.411674
-0.158508
0.163780
0.115009
-0.159066
-0.412840
-0.148805
0.641442
-0.958586
-0.136125
0.034473
-0.388876
0.235919
0.504822
0.376382
0.296046
0.411674
-0.158508
0.163780
0.115009
-0.159066
-0.412840
-0.148805
0.641442
-0.958586
-0.136125
0.034473
-0.388876
0.235919
0.504822
0.376382
0.296046
0.411674
-0.158508
0.163780
0.115009
-0.159066
-0.412840
-0.148805
0.641442
-0.958586
-0.136125
0.034473
-0.388876
0.235919
0.504822
0.376382
0.296046
0.411674
-0.158508
0.163780
0.115009
-0.159066
-0.412840
-0.148805
0.641442
-0.958586
-0.136125
0.034473
-0.388876
0.235919
0.504822
0.376382
0.296046
0.411674
-0.158508
0.163780
0.115009
-0.159066
-0.412840
-0.148805
0.641442
-0.958586
-0.136125
0.034473
-0.388876
0.235919
0.504822
0.376382
0.296046
0.411674
-0.158508
0.163780
0.115009
-0.159066
-0.412840
-0.148805
0.641442
-0.958586
-0.136125
0.034473
-0.388876
0.235919
0.504822
0.376382
0.296046
0.411674
-0.158508
0.163780
0.115009
-0.159066
-0.412840
-0.148805
0.641442
-0.958586
-0.136125
0.034473
-0.388876
0.235919
0.504822
0.376382
0.296046
0.411674
-0.158508
0.163780
0.115009
-0.159066
-0.412840
-0.148805
0.641442
-0.958586
-0.136125
0.034473
-0.388876
0.235919
0.504822
0.376382
0.296046
0.411674
-0.158508
0.163780
0.115009
-0.159066
-0.412840
-0.148805
0.641442
-0.958586
-0.136125
0.034473
-0.388876
0.235919
0.504822
0.376382
0.296046
0.411674
-0.158508
0.163780
0.115009
-0.159066
-0.412840
-0.148805
0.641442
-0.958586
-0.136125
0.034473
-0.388876
0.235919
0.504822
0.376382
0.296046
0.411674
-0.158508
0.163780
0.115009
-0.159066
-0.412840
-0.148805
0.641442
-0.958586
-0.136125
0.034473
-0.388876
0.235919
0.504822
0.376382
0.296046
0.411674
-0.158508
0.163780
0.115009
-0.159066
-0.412840
-0.148805
0.641442
-0.958586
-0.136125
0.034473
-0.388876
0.235919
0.504822
0.376382
0.296046
0.411674
-0.158508
0.163780
0.115009
-0.159066
-0.412840
-0.148805
0.641442
-0.958586
-0.136125
0.034473
-0.388876
0.235919
0.504822
0.376382
0.296046
0.411674
-0.158508
0.163780
0.115009
-0.159066
-0.412840
-0.148805
0.641442
