-0.496335
0.756382
-5.165702
1.540920
6.071427
1.665835
4.565060
0.115384
-2.133734
-2.239387
-7.226383
2.647872
1.257570
5.038019
-0.925386
-2.045792
-0.171011
0.825656
-131.955750
-111.586708
-49.234791
206.724167
120.987450
-207.201523
-301.492676
207.410477
373.229706
-218.891113
-155.596359
508.927521
529.010925
-217.960876
0.286494
-0.896002
8.133432
7.919391
1.947525
-9.284018
-11.632253
9.792797
15.395833
-2.633069
-18.371674
4.459144
15.834968
-21.074821
-27.078011
0.073617
0.518805
-1.196725
112.877289
90.218079
38.845047
-172.004135
-100.423965
174.353561
251.155716
-173.985245
-309.242371
178.535721
133.983536
-422.874420
-441.720215
183.148911
0.127969
0.142512
0.168304
0.214683
0.267690
0.216707
0.837468
0.101321
-0.147657
0.204875
0.105497
-0.138022
-0.083612
-0.073818
0.393025
-0.609835
0.127969
0.142512
0.168304
0.214683
0.267690
0.216707
0.837468
0.101321
-0.147657
0.204875
0.105497
-0.138022
-0.083612
-0.073818
0.393025
-0.609835
0.127969
0.142512
0.168304
0.214683
0.267690
0.216707
0.837468
0.101321
-0.147657
0.204875
0.105497
-0.138022
-0.083612
-0.073818
0.393025
-0.609835
0.127969
0.142512
0.168304
0.214683
0.267690
0.216707
0.837468
0.101321
-0.147657
0.204875
0.105497
-0.138022
-0.083612
-0.073818
0.393025
-0.609835
0.127969
0.142512
0.168304
0.214683
0.267690
0.216707
0.837468
0.101321
-0.147657
0.204875
0.105497
-0.138022
-0.083612
-0.073818
0.393025
-0.609835
0.127969
0.142512
0.168304
0.214683
0.267690
0.216707
0.837468
0.101321
-0.147657
0.204875
0.105497
-0.138022
-0.083612
-0.073818
0.393025
-0.609835
0.127969
0.142512
0.168304
0.214683
0.267690
0.216707
0.837468
0.101321
-0.147657
0.204875
0.105497
-0.138022
-0.083612
-0.073818
0.393025
-0.609835
0.127969
0.142512
0.168304
0.214683
0.267690
0.216707
0.837468
0.101321
-0.147657
0.204875
0.105497
-0.138022
-0.083612
-0.073818
0.393025
-0.609835
0.127969
0.142512
0.168304
0.214683
0.267690
0.216707
0.837468
0.101321
-0.147657
0.204875
0.105497
-0.138022
-0.083612
-0.073818
0.393025
-0.609835
0.127969
0.142512
0.168304
0.214683
0.267690
0.216707
0.837468
0.101321
-0.147657
0.204875
0.105497
-0.138022
-0.083612
-0.073818
0.393025
-0.609835
0.127969
0.142512
0.168304
0.214683
0.267690
0.216707
0.837468
0.101321
-0.147657
0.204875
0.105497
-0.138022
-0.083612
-0.073818
0.393025
-0.609835
0.127969
0.142512
0.168304
0.214683
0.267690
0.216707
0.837468
0.101321
-0.147657
0.204875
0.105497
-0.138022
-0.083612
-0.073818
0.393025
-0.609835
0.127969
0.142512
0.168304
0.214683
0.267690
0.216707
0.837468
0.101321
-0.147657
0.204875
0.105497
-0.138022
-0.083612
-0.073818
0.393025
-0.609835
0.127969
0.142512
0.168304
0.214683
0.267690
0.216707
0.837468
0.101321
-0.147657
0.204875
0.105497
-0.138022
-0.083612
-0.073818
0.393025
-0.609835
0.127969
0.142512
0.168304
0.214683
0.267690
0.216707
0.837468
0.101321
-0.147657
0.204875
0.105497
-0.138022
-0.083612
-0.073818
0.393025
-0.609835
0.127969
0.142512
0.168304
0.214683
0.267690
0.216707
0.837468
0.101321
-0.147657
0.204875
0.105497
-0.138022
-0.083612
-0.073818
0.393025
-0.609835
