2.234854
-2.036977
-27.603151
20.459414
21.013050
-14.455625
18.440315
9.207249
-13.357834
-12.875308
-13.137539
30.483017
5.757444
25.432293
-4.051270
-3.171495
0.047151
-0.231761
2.077459
4.490444
-1.495694
-4.800828
4.510285
3.427021
-0.931059
1.888301
8.605433
3.585756
1.082079
1.990719
-0.308833
1.670455
2.468338
-1.194666
9.888556
-5.454290
-5.620345
8.979765
9.757929
0.270661
-3.539938
-0.962914
3.261384
4.635527
-0.259337
3.897554
8.864115
1.115582
-2.624801
-0.350920
-109.067772
245.678696
447.713959
109.081673
554.203613
566.934692
-369.949402
-341.660583
-225.673447
-277.339752
104.037613
711.026489
-391.746368
-268.665283
-0.696707
1.521824
40.801754
-87.390419
-160.322876
-44.682751
-194.500076
-211.912643
129.019363
130.302628
79.514519
107.643974
-28.343531
-264.822205
135.464294
102.304756
-0.628585
-0.535827
8.271076
-17.533154
-32.141747
-5.092750
-38.798019
-35.019409
27.788130
20.212435
16.163042
12.531906
-12.455426
-41.207920
31.871927
16.670818
1.596607
-0.505666
1.166348
-10.213052
-22.279915
-3.228510
-29.169449
-25.636446
19.188158
16.190279
12.978286
8.791261
-9.868853
-31.809614
21.034344
11.531866
2.644590
0.045672
33.511913
-69.645958
-123.599121
-35.523746
-148.987106
-167.849365
100.064339
98.497688
57.569489
82.399971
-18.189432
-204.302948
105.627907
80.055519
-0.945676
-0.266710
0.128224
-0.069021
0.266761
-0.352290
-0.013414
0.411193
0.192493
-0.416443
0.201489
0.018315
-0.662372
0.451043
0.183947
-0.276495
-0.945676
-0.266710
0.128224
-0.069021
0.266761
-0.352290
-0.013414
0.411193
0.192493
-0.416443
0.201489
0.018315
-0.662372
0.451043
0.183947
-0.276495
-0.945676
-0.266710
0.128224
-0.069021
0.266761
-0.352290
-0.013414
0.411193
0.192493
-0.416443
0.201489
0.018315
-0.662372
0.451043
0.183947
-0.276495
-0.945676
-0.266710
0.128224
-0.069021
0.266761
-0.352290
-0.013414
0.411193
0.192493
-0.416443
0.201489
0.018315
-0.662372
0.451043
0.183947
-0.276495
-0.945676
-0.266710
0.128224
-0.069021
0.266761
-0.352290
-0.013414
0.411193
0.192493
-0.416443
0.201489
0.018315
-0.662372
0.451043
0.183947
-0.276495
-0.945676
-0.266710
0.128224
-0.069021
0.266761
-0.352290
-0.013414
0.411193
0.192493
-0.416443
0.201489
0.018315
-0.662372
0.451043
0.183947
-0.276495
-0.945676
-0.266710
0.128224
-0.069021
0.266761
-0.352290
-0.013414
0.411193
0.192493
-0.416443
0.201489
0.018315
-0.662372
0.451043
0.183947
-0.276495
-0.945676
-0.266710
0.128224
-0.069021
0.266761
-0.352290
-0.013414
0.411193
0.192493
-0.416443
0.201489
0.018315
-0.662372
0.451043
0.183947
-0.276495
-0.945676
-0.266710
0.128224
-0.069021
0.266761
-0.352290
-0.013414
0.411193
0.192493
-0.416443
0.201489
0.018315
-0.662372
0.451043
0.183947
-0.276495
-0.945676
-0.266710
0.128224
-0.069021
0.266761
-0.352290
-0.013414
0.411193
0.192493
-0.416443
0.201489
0.018315
-0.662372
0.451043
0.183947
-0.276495
-0.945676
-0.266710
0.128224
-0.069021
0.266761
-0.352290
-0.013414
0.411193
0.192493
-0.416443
0.201489
0.018315
-0.662372
0.451043
0.183947
-0.276495
-0.945676
-0.266710
0.128224
-0.069021
0.266761
-0.352290
-0.013414
0.411193
0.192493
-0.416443
0.201489
0.018315
-0.662372
0.451043
0.183947
-0.276495
