-1.255781
-1.175130
-155.671753
229.970337
391.195679
227.702759
413.413757
624.234863
-273.201965
-375.573730
-120.591743
-288.552795
-95.685555
687.751709
-280.254272
-346.953827
0.168842
2.744622
3.292471
-8.552930
-18.229404
-6.828308
-19.691183
-24.657656
16.918978
10.326556
4.777366
6.476829
4.068088
-25.262669
14.628082
10.257896
2.696419
-4.169557
87.072044
-126.949501
-210.914032
-129.012894
-220.575333
-344.383759
146.277710
207.939362
64.310081
154.214645
58.961971
-375.645782
146.893677
191.600586
-3.023709
2.436666
3.576162
-13.912860
-23.702108
-9.036334
-30.153551
-29.441254
20.546841
20.299864
8.155085
19.978401
-3.754890
-44.178352
16.094660
20.623863
0.113233
-1.743832
30.616005
-33.141022
-56.520580
-41.247776
-56.033356
-99.981415
33.523376
60.869514
13.766658
49.670727
21.990484
-102.028267
39.206844
57.590004
0.356066
0.025043
0.978483
-0.600110
0.104966
-0.021706
-0.498268
-0.057898
-0.368670
0.203426
-0.369622
-0.524164
-0.352632
0.049578
0.237498
0.150505
0.356066
0.025043
0.978483
-0.600110
0.104966
-0.021706
-0.498268
-0.057898
-0.368670
0.203426
-0.369622
-0.524164
-0.352632
0.049578
0.237498
0.150505
0.356066
0.025043
0.978483
-0.600110
0.104966
-0.021706
-0.498268
-0.057898
-0.368670
0.203426
-0.369622
-0.524164
-0.352632
0.049578
0.237498
0.150505
0.356066
0.025043
0.978483
-0.600110
0.104966
-0.021706
-0.498268
-0.057898
-0.368670
0.203426
-0.369622
-0.524164
-0.352632
0.049578
0.237498
0.150505
0.356066
0.025043
0.978483
-0.600110
0.104966
-0.021706
-0.498268
-0.057898
-0.368670
0.203426
-0.369622
-0.524164
-0.352632
0.049578
0.237498
0.150505
0.356066
0.025043
0.978483
-0.600110
0.104966
-0.021706
-0.498268
-0.057898
-0.368670
0.203426
-0.369622
-0.524164
-0.352632
0.049578
0.237498
0.150505
0.356066
0.025043
0.978483
-0.600110
0.104966
-0.021706
-0.498268
-0.057898
-0.368670
0.203426
-0.369622
-0.524164
-0.352632
0.049578
0.237498
0.150505
0.356066
0.025043
0.978483
-0.600110
0.104966
-0.021706
-0.498268
-0.057898
-0.368670
0.203426
-0.369622
-0.524164
-0.352632
0.049578
0.237498
0.150505
0.356066
0.025043
0.978483
-0.600110
0.104966
-0.021706
-0.498268
-0.057898
-0.368670
0.203426
-0.369622
-0.524164
-0.352632
0.049578
0.237498
0.150505
0.356066
0.025043
0.978483
-0.600110
0.104966
-0.021706
-0.498268
-0.057898
-0.368670
0.203426
-0.369622
-0.524164
-0.352632
0.049578
0.237498
0.150505
0.356066
0.025043
0.978483
-0.600110
0.104966
-0.021706
-0.498268
-0.057898
-0.368670
0.203426
-0.369622
-0.524164
-0.352632
0.049578
0.237498
0.150505
0.356066
0.025043
0.978483
-0.600110
0.104966
-0.021706
-0.498268
-0.057898
-0.368670
0.203426
-0.369622
-0.524164
-0.352632
0.049578
0.237498
0.150505
0.356066
0.025043
0.978483
-0.600110
0.104966
-0.021706
-0.498268
-0.057898
-0.368670
0.203426
-0.369622
-0.524164
-0.352632
0.049578
0.237498
0.150505
0.356066
0.025043
0.978483
-0.600110
0.104966
-0.021706
-0.498268
-0.057898
-0.368670
0.203426
-0.369622
-0.524164
-0.352632
0.049578
0.237498
0.150505
0.356066
0.025043
0.978483
-0.600110
0.104966
-0.021706
-0.498268
-0.057898
-0.368670
0.203426
-0.369622
-0.524164
-0.352632
0.049578
0.237498
0.150505
