-0.594874
1.891575
-4.094620
20.914663
6.050620
-19.273573
-10.009048
-1.857249
-13.486944
-10.297754
2.739051
15.121321
3.376343
6.556598
-2.397892
2.142335
2.740139
1.877556
78.094231
241.809311
396.854401
-148.211426
733.501587
105.128021
-469.572632
-85.236572
-314.201477
-91.573128
451.664948
499.209229
-397.807800
-6.855490
2.164074
0.785280
-4.637795
-9.467153
-19.235523
6.825175
-34.869717
8.386299
22.035727
-2.207958
16.619665
-1.240361
-23.274441
-13.524515
19.333019
-4.370470
-3.921935
-2.594827
-3.103269
-18.110342
-33.491745
2.740759
-59.600521
-19.930384
34.381168
17.118755
25.481806
11.770973
-30.804794
-50.408955
32.797009
10.946477
-1.927521
-1.688311
-51.528561
-167.601898
-272.962280
99.895073
-496.625214
-80.503128
317.921661
60.702991
211.438141
68.499702
-302.598175
-345.324310
271.452972
9.490117
-0.154080
0.350998
0.141069
0.271926
0.008961
-0.621554
0.176818
-0.500796
-0.015946
-0.279627
-0.646954
0.237099
-0.042644
0.758459
0.145799
-0.498319
-0.154080
0.350998
0.141069
0.271926
0.008961
-0.621554
0.176818
-0.500796
-0.015946
-0.279627
-0.646954
0.237099
-0.042644
0.758459
0.145799
-0.498319
-0.154080
0.350998
0.141069
0.271926
0.008961
-0.621554
0.176818
-0.500796
-0.015946
-0.279627
-0.646954
0.237099
-0.042644
0.758459
0.145799
-0.498319
-0.154080
0.350998
0.141069
0.271926
0.008961
-0.621554
0.176818
-0.500796
-0.015946
-0.279627
-0.646954
0.237099
-0.042644
0.758459
0.145799
-0.498319
-0.154080
0.350998
0.141069
0.271926
0.008961
-0.621554
0.176818
-0.500796
-0.015946
-0.279627
-0.646954
0.237099
-0.042644
0.758459
0.145799
-0.498319
-0.154080
0.350998
0.141069
0.271926
0.008961
-0.621554
0.176818
-0.500796
-0.015946
-0.279627
-0.646954
0.237099
-0.042644
0.758459
0.145799
-0.498319
-0.154080
0.350998
0.141069
0.271926
0.008961
-0.621554
0.176818
-0.500796
-0.015946
-0.279627
-0.646954
0.237099
-0.042644
0.758459
0.145799
-0.498319
-0.154080
0.350998
0.141069
0.271926
0.008961
-0.621554
0.176818
-0.500796
-0.015946
-0.279627
-0.646954
0.237099
-0.042644
0.758459
0.145799
-0.498319
-0.154080
0.350998
0.141069
0.271926
0.008961
-0.621554
0.176818
-0.500796
-0.015946
-0.279627
-0.646954
0.237099
-0.042644
0.758459
0.145799
-0.498319
-0.154080
0.350998
0.141069
0.271926
0.008961
-0.621554
0.176818
-0.500796
-0.015946
-0.279627
-0.646954
0.237099
-0.042644
0.758459
0.145799
-0.498319
-0.154080
0.350998
0.141069
0.271926
0.008961
-0.621554
0.176818
-0.500796
-0.015946
-0.279627
-0.646954
0.237099
-0.042644
0.758459
0.145799
-0.498319
-0.154080
0.350998
0.141069
0.271926
0.008961
-0.621554
0.176818
-0.500796
-0.015946
-0.279627
-0.646954
0.237099
-0.042644
0.758459
0.145799
-0.498319
-0.154080
0.350998
0.141069
0.271926
0.008961
-0.621554
0.176818
-0.500796
-0.015946
-0.279627
-0.646954
0.237099
-0.042644
0.758459
0.145799
-0.498319
-0.154080
0.350998
0.141069
0.271926
0.008961
-0.621554
0.176818
-0.500796
-0.015946
-0.279627
-0.646954
0.237099
-0.042644
0.758459
0.145799
-0.498319
-0.154080
0.350998
0.141069
0.271926
0.008961
-0.621554
0.176818
-0.500796
-0.015946
-0.279627
-0.646954
0.237099
-0.042644
0.758459
0.145799
-0.498319
