-0.523681
-0.121532
-4.502295
3.159782
5.784145
-3.709909
2.758271
3.705690
-4.651839
-1.873104
-2.690886
7.722604
0.635426
4.873775
-4.284532
-0.173228
-3.832702
-2.061961
-5.999676
14.292160
14.529668
-14.289229
-6.589214
-1.743582
-11.838467
-8.661975
-7.947732
19.944643
3.323845
3.424738
-7.124146
3.195854
-0.131340
1.457202
4.897375
-3.630139
-5.001175
3.333665
-1.779933
-4.158916
3.030397
2.025815
1.381708
-7.761688
-1.005370
-4.128382
2.849209
1.122729
0.751500
-2.301425
194.294678
130.524094
197.298126
-325.496887
559.326599
-342.434570
-373.906067
240.457626
-267.624176
116.589638
585.255920
80.729454
-292.268372
223.473022
-1.473534
0.563439
-160.754868
-111.280571
-169.582489
277.541077
-470.518005
293.862732
312.641632
-205.804092
229.283585
-99.718513
-496.704315
-67.267685
251.795670
-194.090363
0.160890
-0.078408
0.350890
-0.003555
-0.785681
0.132012
-0.751560
0.687958
-0.278729
-0.705205
0.313669
-0.389737
0.295442
0.119996
-0.181473
-0.859647
0.160890
-0.078408
0.350890
-0.003555
-0.785681
0.132012
-0.751560
0.687958
-0.278729
-0.705205
0.313669
-0.389737
0.295442
0.119996
-0.181473
-0.859647
0.160890
-0.078408
0.350890
-0.003555
-0.785681
0.132012
-0.751560
0.687958
-0.278729
-0.705205
0.313669
-0.389737
0.295442
0.119996
-0.181473
-0.859647
0.160890
-0.078408
0.350890
-0.003555
-0.785681
0.132012
-0.751560
0.687958
-0.278729
-0.705205
0.313669
-0.389737
0.295442
0.119996
-0.181473
-0.859647
0.160890
-0.078408
0.350890
-0.003555
-0.785681
0.132012
-0.751560
0.687958
-0.278729
-0.705205
0.313669
-0.389737
0.295442
0.119996
-0.181473
-0.859647
0.160890
-0.078408
0.350890
-0.003555
-0.785681
0.132012
-0.751560
0.687958
-0.278729
-0.705205
0.313669
-0.389737
0.295442
0.119996
-0.181473
-0.859647
0.160890
-0.078408
0.350890
-0.003555
-0.785681
0.132012
-0.751560
0.687958
-0.278729
-0.705205
0.313669
-0.389737
0.295442
0.119996
-0.181473
-0.859647
0.160890
-0.078408
0.350890
-0.003555
-0.785681
0.132012
-0.751560
0.687958
-0.278729
-0.705205
0.313669
-0.389737
0.295442
0.119996
-0.181473
-0.859647
0.160890
-0.078408
0.350890
-0.003555
-0.785681
0.132012
-0.751560
0.687958
-0.278729
-0.705205
0.313669
-0.389737
0.295442
0.119996
-0.181473
-0.859647
0.160890
-0.078408
0.350890
-0.003555
-0.785681
0.132012
-0.751560
0.687958
-0.278729
-0.705205
0.313669
-0.389737
0.295442
0.119996
-0.181473
-0.859647
0.160890
-0.078408
0.350890
-0.003555
-0.785681
0.132012
-0.751560
0.687958
-0.278729
-0.705205
0.313669
-0.389737
0.295442
0.119996
-0.181473
-0.859647
0.160890
-0.078408
0.350890
-0.003555
-0.785681
0.132012
-0.751560
0.687958
-0.278729
-0.705205
0.313669
-0.389737
0.295442
0.119996
-0.181473
-0.859647
0.160890
-0.078408
0.350890
-0.003555
-0.785681
0.132012
-0.751560
0.687958
-0.278729
-0.705205
0.313669
-0.389737
0.295442
0.119996
-0.181473
-0.859647
0.160890
-0.078408
0.350890
-0.003555
-0.785681
0.132012
-0.751560
0.687958
-0.278729
-0.705205
0.313669
-0.389737
0.295442
0.119996
-0.181473
-0.859647
0.160890
-0.078408
0.350890
-0.003555
-0.785681
0.132012
-0.751560
0.687958
-0.278729
-0.705205
0.313669
-0.389737
0.295442
0.119996
-0.181473
-0.859647
