-1.590977
-2.458558
-7.724010
-20.513920
3.819086
22.133665
6.840244
-1.087723
15.185369
-4.259390
-25.104172
-10.619707
-11.084044
-8.027257
2.294888
-3.675325
-1.508612
-0.752641
-99.023743
188.744446
382.879608
193.704910
497.650024
615.891663
-304.743164
-403.954620
-184.482971
-291.635895
-7.550133
680.728333
-297.252136
-273.581757
2.536408
-1.420417
60.416710
-118.122734
-232.984116
-117.100227
-302.803436
-380.198975
183.632080
246.397705
110.364182
180.068619
5.139912
-417.946716
175.276413
167.377640
-0.877762
0.111915
15.078471
-19.426067
-46.462505
-25.523214
-60.030037
-78.845901
37.256866
49.431942
22.173454
37.774849
2.037736
-85.622032
38.336941
33.838993
0.034542
0.480457
6.328150
-11.573127
-24.868603
-12.805334
-34.133820
-40.147530
22.740599
25.962585
13.160336
17.619051
1.539165
-43.910904
21.771133
17.570547
-0.523473
-0.199703
-0.116326
-0.055074
-0.208054
0.255297
0.387342
-0.531123
0.140217
-0.325698
-0.438799
-0.538660
0.085430
-0.559974
-0.001258
-0.244317
-0.523473
-0.199703
-0.116326
-0.055074
-0.208054
0.255297
0.387342
-0.531123
0.140217
-0.325698
-0.438799
-0.538660
0.085430
-0.559974
-0.001258
-0.244317
-0.523473
-0.199703
-0.116326
-0.055074
-0.208054
0.255297
0.387342
-0.531123
0.140217
-0.325698
-0.438799
-0.538660
0.085430
-0.559974
-0.001258
-0.244317
-0.523473
-0.199703
-0.116326
-0.055074
-0.208054
0.255297
0.387342
-0.531123
0.140217
-0.325698
-0.438799
-0.538660
0.085430
-0.559974
-0.001258
-0.244317
-0.523473
-0.199703
-0.116326
-0.055074
-0.208054
0.255297
0.387342
-0.531123
0.140217
-0.325698
-0.438799
-0.538660
0.085430
-0.559974
-0.001258
-0.244317
-0.523473
-0.199703
-0.116326
-0.055074
-0.208054
0.255297
0.387342
-0.531123
0.140217
-0.325698
-0.438799
-0.538660
0.085430
-0.559974
-0.001258
-0.244317
-0.523473
-0.199703
-0.116326
-0.055074
-0.208054
0.255297
0.387342
-0.531123
0.140217
-0.325698
-0.438799
-0.538660
0.085430
-0.559974
-0.001258
-0.244317
-0.523473
-0.199703
-0.116326
-0.055074
-0.208054
0.255297
0.387342
-0.531123
0.140217
-0.325698
-0.438799
-0.538660
0.085430
-0.559974
-0.001258
-0.244317
-0.523473
-0.199703
-0.116326
-0.055074
-0.208054
0.255297
0.387342
-0.531123
0.140217
-0.325698
-0.438799
-0.538660
0.085430
-0.559974
-0.001258
-0.244317
-0.523473
-0.199703
-0.116326
-0.055074
-0.208054
0.255297
0.387342
-0.531123
0.140217
-0.325698
-0.438799
-0.538660
0.085430
-0.559974
-0.001258
-0.244317
-0.523473
-0.199703
-0.116326
-0.055074
-0.208054
0.255297
0.387342
-0.531123
0.140217
-0.325698
-0.438799
-0.538660
0.085430
-0.559974
-0.001258
-0.244317
-0.523473
-0.199703
-0.116326
-0.055074
-0.208054
0.255297
0.387342
-0.531123
0.140217
-0.325698
-0.438799
-0.538660
0.085430
-0.559974
-0.001258
-0.244317
-0.523473
-0.199703
-0.116326
-0.055074
-0.208054
0.255297
0.387342
-0.531123
0.140217
-0.325698
-0.438799
-0.538660
0.085430
-0.559974
-0.001258
-0.244317
-0.523473
-0.199703
-0.116326
-0.055074
-0.208054
0.255297
0.387342
-0.531123
0.140217
-0.325698
-0.438799
-0.538660
0.085430
-0.559974
-0.001258
-0.244317
-0.523473
-0.199703
-0.116326
-0.055074
-0.208054
0.255297
0.387342
-0.531123
0.140217
-0.325698
-0.438799
-0.538660
0.085430
-0.559974
-0.001258
-0.244317
