18.822647
3.562639
19.840584
46.796959
2.909352
-18.936655
-23.170204
-4.505959
18.722315
-5.602928
32.377182
9.129420
7.109503
11.842038
47.607353
-7.646879
-2.362565
0.674152
-7.384079
-31.346397
0.766765
34.128853
-12.414554
14.391415
8.833765
-3.938078
-14.690464
-14.210822
-11.834828
-5.182191
12.432125
-8.935053
-2.417248
0.132603
-2.081871
9.615838
-7.194990
-5.678720
-0.335793
-10.203226
15.979655
8.863311
-20.877468
-4.599401
1.627918
-5.480533
-7.602825
14.076352
5.847533
-0.073547
-582.402893
698.454407
-589.056335
833.600525
1193.311768
-1273.559448
1726.537842
-1619.098633
1639.050537
-476.661713
428.255157
-326.423309
182.277435
2229.784912
2.926745
0.224478
-1.821835
-6.927969
11.196179
7.275794
0.380775
5.872396
-16.822054
-8.759399
19.454264
3.507386
-6.961422
0.847640
11.242895
-12.196324
-4.890077
2.074160
559.105774
-712.981689
566.925110
-825.665222
-1162.809448
1252.772217
-1671.735107
1642.215698
-1603.829590
526.386902
-402.320221
328.973419
-269.968262
-2200.890381
0.022939
-1.031147
-0.026083
0.229355
0.110264
-0.380962
-0.152332
-0.308856
-0.420477
-0.099798
-0.031552
0.005620
-0.301045
-0.004944
-0.245114
0.200873
0.022939
-1.031147
-0.026083
0.229355
0.110264
-0.380962
-0.152332
-0.308856
-0.420477
-0.099798
-0.031552
0.005620
-0.301045
-0.004944
-0.245114
0.200873
0.022939
-1.031147
-0.026083
0.229355
0.110264
-0.380962
-0.152332
-0.308856
-0.420477
-0.099798
-0.031552
0.005620
-0.301045
-0.004944
-0.245114
0.200873
0.022939
-1.031147
-0.026083
0.229355
0.110264
-0.380962
-0.152332
-0.308856
-0.420477
-0.099798
-0.031552
0.005620
-0.301045
-0.004944
-0.245114
0.200873
0.022939
-1.031147
-0.026083
0.229355
0.110264
-0.380962
-0.152332
-0.308856
-0.420477
-0.099798
-0.031552
0.005620
-0.301045
-0.004944
-0.245114
0.200873
0.022939
-1.031147
-0.026083
0.229355
0.110264
-0.380962
-0.152332
-0.308856
-0.420477
-0.099798
-0.031552
0.005620
-0.301045
-0.004944
-0.245114
0.200873
0.022939
-1.031147
-0.026083
0.229355
0.110264
-0.380962
-0.152332
-0.308856
-0.420477
-0.099798
-0.031552
0.005620
-0.301045
-0.004944
-0.245114
0.200873
0.022939
-1.031147
-0.026083
0.229355
0.110264
-0.380962
-0.152332
-0.308856
-0.420477
-0.099798
-0.031552
0.005620
-0.301045
-0.004944
-0.245114
0.200873
0.022939
-1.031147
-0.026083
0.229355
0.110264
-0.380962
-0.152332
-0.308856
-0.420477
-0.099798
-0.031552
0.005620
-0.301045
-0.004944
-0.245114
0.200873
0.022939
-1.031147
-0.026083
0.229355
0.110264
-0.380962
-0.152332
-0.308856
-0.420477
-0.099798
-0.031552
0.005620
-0.301045
-0.004944
-0.245114
0.200873
0.022939
-1.031147
-0.026083
0.229355
0.110264
-0.380962
-0.152332
-0.308856
-0.420477
-0.099798
-0.031552
0.005620
-0.301045
-0.004944
-0.245114
0.200873
0.022939
-1.031147
-0.026083
0.229355
0.110264
-0.380962
-0.152332
-0.308856
-0.420477
-0.099798
-0.031552
0.005620
-0.301045
-0.004944
-0.245114
0.200873
0.022939
-1.031147
-0.026083
0.229355
0.110264
-0.380962
-0.152332
-0.308856
-0.420477
-0.099798
-0.031552
0.005620
-0.301045
-0.004944
-0.245114
0.200873
0.022939
-1.031147
-0.026083
0.229355
0.110264
-0.380962
-0.152332
-0.308856
-0.420477
-0.099798
-0.031552
0.005620
-0.301045
-0.004944
-0.245114
0.200873
