-1.575035
3.237954
11.176311
-20.068419
-16.006130
14.579275
5.381266
-0.656440
14.382185
0.978124
-10.109962
-23.692339
-3.728531
-6.986366
3.901633
1.226352
2.733698
0.496936
208.361023
-13.619537
-73.759361
-401.247345
198.267105
-689.711609
-119.861580
436.376129
-122.120415
295.542450
522.436707
-366.633698
-78.287598
379.236481
-2.071710
-3.354954
-7.317843
10.151114
14.389440
18.734362
7.882259
43.998463
-9.075348
-25.074766
-0.592902
-17.602823
-17.630959
36.010654
-6.865846
-22.468674
0.736754
-0.295290
-170.631638
16.798946
66.085487
320.160309
-150.842529
554.535461
91.408882
-349.917267
94.434853
-237.304688
-418.114105
297.347870
61.237362
-301.899567
-1.733923
0.311124
-8.561205
-6.273894
-7.797826
19.933237
-29.149876
25.964676
16.512691
-16.236334
14.549626
-11.455501
-29.797443
2.862556
11.741366
-13.094425
0.746806
0.136209
-0.334075
0.318210
-0.387976
-0.028270
0.218790
1.133144
0.023327
0.666508
0.358418
-0.354450
-0.481183
-0.033480
0.952630
0.783021
0.746806
0.136209
-0.334075
0.318210
-0.387976
-0.028270
0.218790
1.133144
0.023327
0.666508
0.358418
-0.354450
-0.481183
-0.033480
0.952630
0.783021
0.746806
0.136209
-0.334075
0.318210
-0.387976
-0.028270
0.218790
1.133144
0.023327
0.666508
0.358418
-0.354450
-0.481183
-0.033480
0.952630
0.783021
0.746806
0.136209
-0.334075
0.318210
-0.387976
-0.028270
0.218790
1.133144
0.023327
0.666508
0.358418
-0.354450
-0.481183
-0.033480
0.952630
0.783021
0.746806
0.136209
-0.334075
0.318210
-0.387976
-0.028270
0.218790
1.133144
0.023327
0.666508
0.358418
-0.354450
-0.481183
-0.033480
0.952630
0.783021
0.746806
0.136209
-0.334075
0.318210
-0.387976
-0.028270
0.218790
1.133144
0.023327
0.666508
0.358418
-0.354450
-0.481183
-0.033480
0.952630
0.783021
0.746806
0.136209
-0.334075
0.318210
-0.387976
-0.028270
0.218790
1.133144
0.023327
0.666508
0.358418
-0.354450
-0.481183
-0.033480
0.952630
0.783021
0.746806
0.136209
-0.334075
0.318210
-0.387976
-0.028270
0.218790
1.133144
0.023327
0.666508
0.358418
-0.354450
-0.481183
-0.033480
0.952630
0.783021
0.746806
0.136209
-0.334075
0.318210
-0.387976
-0.028270
0.218790
1.133144
0.023327
0.666508
0.358418
-0.354450
-0.481183
-0.033480
0.952630
0.783021
0.746806
0.136209
-0.334075
0.318210
-0.387976
-0.028270
0.218790
1.133144
0.023327
0.666508
0.358418
-0.354450
-0.481183
-0.033480
0.952630
0.783021
0.746806
0.136209
-0.334075
0.318210
-0.387976
-0.028270
0.218790
1.133144
0.023327
0.666508
0.358418
-0.354450
-0.481183
-0.033480
0.952630
0.783021
0.746806
0.136209
-0.334075
0.318210
-0.387976
-0.028270
0.218790
1.133144
0.023327
0.666508
0.358418
-0.354450
-0.481183
-0.033480
0.952630
0.783021
0.746806
0.136209
-0.334075
0.318210
-0.387976
-0.028270
0.218790
1.133144
0.023327
0.666508
0.358418
-0.354450
-0.481183
-0.033480
0.952630
0.783021
0.746806
0.136209
-0.334075
0.318210
-0.387976
-0.028270
0.218790
1.133144
0.023327
0.666508
0.358418
-0.354450
-0.481183
-0.033480
0.952630
0.783021
0.746806
0.136209
-0.334075
0.318210
-0.387976
-0.028270
0.218790
1.133144
0.023327
0.666508
0.358418
-0.354450
-0.481183
-0.033480
0.952630
0.783021
