0.624821
-0.283617
2.886108
7.822384
-0.102290
-9.351738
3.055161
-5.046421
-3.864301
4.625041
9.318308
6.005897
5.168652
2.235915
-0.936830
3.533102
-0.199845
0.877434
-16.420637
-2.147043
21.741705
5.781430
2.985903
-8.205905
2.065944
-10.143207
-15.227593
6.112204
-2.670035
2.578413
-3.867130
-1.377228
1.356965
1.790118
-29.892712
124.234718
249.661987
-74.479042
-327.344299
14.153982
-115.372597
627.905823
78.154884
348.345490
463.668884
-394.952332
-143.413971
199.045898
-2.130428
-2.237837
1.844362
-6.145004
-13.022643
5.822215
20.929844
2.643898
7.645685
-36.964355
-0.612450
-16.170033
-29.238060
18.133417
10.558346
-10.823874
0.052873
0.933874
-3.552658
-6.304581
-11.691111
1.182278
18.609440
-3.055416
10.122355
-34.487312
-5.163631
-16.934078
-28.660219
19.155334
10.592670
-6.813700
-0.568277
-0.310081
16.041313
-51.107250
-106.520088
31.700521
136.597351
-3.087157
42.863174
-262.447205
-32.535896
-146.408066
-188.715164
168.856705
57.833618
-85.795441
-0.673108
2.529658
6.357203
-27.960354
-57.224674
16.557926
72.253090
-8.020834
22.439428
-149.534134
-21.664995
-85.536781
-108.141541
98.484459
28.591280
-46.183830
-0.815028
-0.845543
-0.246966
0.342386
-0.261140
0.425164
0.082797
0.447135
-0.166940
0.297484
-0.852019
-0.773727
0.195137
0.698194
0.333557
0.001547
-0.815028
-0.845543
-0.246966
0.342386
-0.261140
0.425164
0.082797
0.447135
-0.166940
0.297484
-0.852019
-0.773727
0.195137
0.698194
0.333557
0.001547
-0.815028
-0.845543
-0.246966
0.342386
-0.261140
0.425164
0.082797
0.447135
-0.166940
0.297484
-0.852019
-0.773727
0.195137
0.698194
0.333557
0.001547
-0.815028
-0.845543
-0.246966
0.342386
-0.261140
0.425164
0.082797
0.447135
-0.166940
0.297484
-0.852019
-0.773727
0.195137
0.698194
0.333557
0.001547
-0.815028
-0.845543
-0.246966
0.342386
-0.261140
0.425164
0.082797
0.447135
-0.166940
0.297484
-0.852019
-0.773727
0.195137
0.698194
0.333557
0.001547
-0.815028
-0.845543
-0.246966
0.342386
-0.261140
0.425164
0.082797
0.447135
-0.166940
0.297484
-0.852019
-0.773727
0.195137
0.698194
0.333557
0.001547
-0.815028
-0.845543
-0.246966
0.342386
-0.261140
0.425164
0.082797
0.447135
-0.166940
0.297484
-0.852019
-0.773727
0.195137
0.698194
0.333557
0.001547
-0.815028
-0.845543
-0.246966
0.342386
-0.261140
0.425164
0.082797
0.447135
-0.166940
0.297484
-0.852019
-0.773727
0.195137
0.698194
0.333557
0.001547
-0.815028
-0.845543
-0.246966
0.342386
-0.261140
0.425164
0.082797
0.447135
-0.166940
0.297484
-0.852019
-0.773727
0.195137
0.698194
0.333557
0.001547
-0.815028
-0.845543
-0.246966
0.342386
-0.261140
0.425164
0.082797
0.447135
-0.166940
0.297484
-0.852019
-0.773727
0.195137
0.698194
0.333557
0.001547
-0.815028
-0.845543
-0.246966
0.342386
-0.261140
0.425164
0.082797
0.447135
-0.166940
0.297484
-0.852019
-0.773727
0.195137
0.698194
0.333557
0.001547
-0.815028
-0.845543
-0.246966
0.342386
-0.261140
0.425164
0.082797
0.447135
-0.166940
0.297484
-0.852019
-0.773727
0.195137
0.698194
0.333557
0.001547
-0.815028
-0.845543
-0.246966
0.342386
-0.261140
0.425164
0.082797
0.447135
-0.166940
0.297484
-0.852019
-0.773727
0.195137
0.698194
0.333557
0.001547
