1.495200
-1.170747
2.932148
-2.602136
-8.185855
0.016119
1.961778
3.864981
2.117204
-1.206074
6.072852
-3.008332
-1.908641
2.963063
2.635362
1.003841
-3.586448
1.738688
26.535566
4.066347
-26.454714
-6.143487
5.577396
-14.841337
0.403540
15.787334
37.303131
-20.676573
18.896950
1.803270
9.600763
4.382014
1.444282
-0.616411
73.916473
118.563515
88.302170
-234.822906
-186.209244
213.566940
384.994507
451.689270
286.931763
155.132187
53.090538
-550.604187
31.797564
319.841614
-4.084449
1.986297
-52.148354
-82.681755
-53.651600
152.934494
123.198296
-139.202209
-247.149551
-290.040009
-185.742508
-102.435638
-33.333141
351.100677
-21.215942
-209.191162
0.793335
-0.347911
-2.171729
-2.805696
-8.975603
13.347601
11.409943
-11.865049
-25.661303
-29.366173
-18.393269
-8.415885
-6.168860
33.459583
2.029350
-18.352749
1.077502
-0.173423
-7.580615
-12.630529
-8.038781
25.633785
23.435400
-22.139175
-40.616310
-48.858288
-29.860168
-17.152321
-7.658585
61.425957
-6.923532
-32.108578
-0.897450
-0.588699
0.648996
0.798755
0.662055
-0.159415
0.099635
-0.585308
0.270711
-0.513941
-0.252010
0.422764
-0.393018
-0.252904
0.006039
-0.043000
-0.897450
-0.588699
0.648996
0.798755
0.662055
-0.159415
0.099635
-0.585308
0.270711
-0.513941
-0.252010
0.422764
-0.393018
-0.252904
0.006039
-0.043000
-0.897450
-0.588699
0.648996
0.798755
0.662055
-0.159415
0.099635
-0.585308
0.270711
-0.513941
-0.252010
0.422764
-0.393018
-0.252904
0.006039
-0.043000
-0.897450
-0.588699
0.648996
0.798755
0.662055
-0.159415
0.099635
-0.585308
0.270711
-0.513941
-0.252010
0.422764
-0.393018
-0.252904
0.006039
-0.043000
-0.897450
-0.588699
0.648996
0.798755
0.662055
-0.159415
0.099635
-0.585308
0.270711
-0.513941
-0.252010
0.422764
-0.393018
-0.252904
0.006039
-0.043000
-0.897450
-0.588699
0.648996
0.798755
0.662055
-0.159415
0.099635
-0.585308
0.270711
-0.513941
-0.252010
0.422764
-0.393018
-0.252904
0.006039
-0.043000
-0.897450
-0.588699
0.648996
0.798755
0.662055
-0.159415
0.099635
-0.585308
0.270711
-0.513941
-0.252010
0.422764
-0.393018
-0.252904
0.006039
-0.043000
-0.897450
-0.588699
0.648996
0.798755
0.662055
-0.159415
0.099635
-0.585308
0.270711
-0.513941
-0.252010
0.422764
-0.393018
-0.252904
0.006039
-0.043000
-0.897450
-0.588699
0.648996
0.798755
0.662055
-0.159415
0.099635
-0.585308
0.270711
-0.513941
-0.252010
0.422764
-0.393018
-0.252904
0.006039
-0.043000
-0.897450
-0.588699
0.648996
0.798755
0.662055
-0.159415
0.099635
-0.585308
0.270711
-0.513941
-0.252010
0.422764
-0.393018
-0.252904
0.006039
-0.043000
-0.897450
-0.588699
0.648996
0.798755
0.662055
-0.159415
0.099635
-0.585308
0.270711
-0.513941
-0.252010
0.422764
-0.393018
-0.252904
0.006039
-0.043000
-0.897450
-0.588699
0.648996
0.798755
0.662055
-0.159415
0.099635
-0.585308
0.270711
-0.513941
-0.252010
0.422764
-0.393018
-0.252904
0.006039
-0.043000
-0.897450
-0.588699
0.648996
0.798755
0.662055
-0.159415
0.099635
-0.585308
0.270711
-0.513941
-0.252010
0.422764
-0.393018
-0.252904
0.006039
-0.043000
-0.897450
-0.588699
0.648996
0.798755
0.662055
-0.159415
0.099635
-0.585308
0.270711
-0.513941
-0.252010
0.422764
-0.393018
-0.252904
0.006039
-0.043000
