-8.886842
1.924636
1036.265991
-1139.085083
693.078247
-1319.006104
-1633.599121
1873.066528
-2046.755493
2300.745117
-1889.980591
1040.648193
-644.567871
565.924866
-711.745178
-2878.463623
0.079800
1.823488
3.289552
9.587599
-12.748294
-1.634231
2.442677
-11.379351
18.419836
14.475047
-25.886526
-13.076194
11.535419
-8.031325
-13.458999
17.074800
8.726656
-0.456993
5.505326
25.360884
2.789621
-31.059912
17.097769
-14.442913
-15.818397
2.441436
11.535374
14.155536
13.556160
10.222048
-19.278721
10.760878
0.792844
-0.361575
-5.160920
-11.970531
12.052107
4.758287
-0.231631
8.261174
-18.786156
-13.325149
21.181604
10.431423
-4.752051
6.734047
8.971447
-10.198423
1.669781
-1.681998
-51.602066
28.776245
-44.717434
33.794720
84.814590
-43.951176
106.285789
-56.142227
80.574974
-13.003639
27.122732
-9.710478
-9.246542
114.216141
8.586522
-1.680350
-860.404907
932.205811
-578.615173
1087.104370
1356.973633
-1538.978882
1705.912964
-1888.929932
1567.934082
-852.469910
537.019897
-465.528748
572.518005
2381.420898
-0.548441
1.129802
0.073942
0.207616
-0.298823
-0.257375
0.036364
0.725635
-0.162151
0.295171
-0.254480
0.165194
0.117748
0.187537
-0.125628
-0.459686
-0.548441
1.129802
0.073942
0.207616
-0.298823
-0.257375
0.036364
0.725635
-0.162151
0.295171
-0.254480
0.165194
0.117748
0.187537
-0.125628
-0.459686
-0.548441
1.129802
0.073942
0.207616
-0.298823
-0.257375
0.036364
0.725635
-0.162151
0.295171
-0.254480
0.165194
0.117748
0.187537
-0.125628
-0.459686
-0.548441
1.129802
0.073942
0.207616
-0.298823
-0.257375
0.036364
0.725635
-0.162151
0.295171
-0.254480
0.165194
0.117748
0.187537
-0.125628
-0.459686
-0.548441
1.129802
0.073942
0.207616
-0.298823
-0.257375
0.036364
0.725635
-0.162151
0.295171
-0.254480
0.165194
0.117748
0.187537
-0.125628
-0.459686
-0.548441
1.129802
0.073942
0.207616
-0.298823
-0.257375
0.036364
0.725635
-0.162151
0.295171
-0.254480
0.165194
0.117748
0.187537
-0.125628
-0.459686
-0.548441
1.129802
0.073942
0.207616
-0.298823
-0.257375
0.036364
0.725635
-0.162151
0.295171
-0.254480
0.165194
0.117748
0.187537
-0.125628
-0.459686
-0.548441
1.129802
0.073942
0.207616
-0.298823
-0.257375
0.036364
0.725635
-0.162151
0.295171
-0.254480
0.165194
0.117748
0.187537
-0.125628
-0.459686
-0.548441
1.129802
0.073942
0.207616
-0.298823
-0.257375
0.036364
0.725635
-0.162151
0.295171
-0.254480
0.165194
0.117748
0.187537
-0.125628
-0.459686
-0.548441
1.129802
0.073942
0.207616
-0.298823
-0.257375
0.036364
0.725635
-0.162151
0.295171
-0.254480
0.165194
0.117748
0.187537
-0.125628
-0.459686
-0.548441
1.129802
0.073942
0.207616
-0.298823
-0.257375
0.036364
0.725635
-0.162151
0.295171
-0.254480
0.165194
0.117748
0.187537
-0.125628
-0.459686
-0.548441
1.129802
0.073942
0.207616
-0.298823
-0.257375
0.036364
0.725635
-0.162151
0.295171
-0.254480
0.165194
0.117748
0.187537
-0.125628
-0.459686
-0.548441
1.129802
0.073942
0.207616
-0.298823
-0.257375
0.036364
0.725635
-0.162151
0.295171
-0.254480
0.165194
0.117748
0.187537
-0.125628
-0.459686
-0.548441
1.129802
0.073942
0.207616
-0.298823
-0.257375
0.036364
0.725635
-0.162151
0.295171
-0.254480
0.165194
0.117748
0.187537
-0.125628
-0.459686
