-1.050277
-0.510949
-67.670319
-195.796600
-49.853256
271.334320
215.361008
156.039276
76.701431
-363.282898
222.784927
-41.447842
-82.900856
62.814571
393.109497
20.086115
-15.750655
4.824013
-4.370113
55.065414
12.181974
-33.687481
-15.717028
-13.770758
12.732221
-10.294954
5.698799
25.205294
-26.923517
11.157472
24.614594
6.148908
-2.873247
1.786459
28.787296
69.691483
13.837914
-98.309975
-80.721268
-52.029610
-22.432476
127.243752
-80.692253
19.914526
24.148405
-22.451139
-140.253311
-3.483142
1.628618
-2.083494
2.120435
10.700953
2.500331
-18.737883
-14.700706
-13.115586
-3.101124
23.953764
-15.713803
-0.027822
7.040304
-3.348196
-25.285269
-3.954113
3.880422
-2.186350
25.190018
56.279663
6.744013
-80.430382
-64.972977
-38.115009
-13.152328
110.030045
-63.093662
16.686152
25.061615
-20.152195
-113.746574
4.621481
-0.266214
0.365570
-0.249688
0.477830
0.261616
-0.066893
0.344861
0.381784
0.298592
0.825981
-0.063596
0.206712
-0.216999
-0.081889
-0.156069
-0.088632
-0.266214
0.365570
-0.249688
0.477830
0.261616
-0.066893
0.344861
0.381784
0.298592
0.825981
-0.063596
0.206712
-0.216999
-0.081889
-0.156069
-0.088632
-0.266214
0.365570
-0.249688
0.477830
0.261616
-0.066893
0.344861
0.381784
0.298592
0.825981
-0.063596
0.206712
-0.216999
-0.081889
-0.156069
-0.088632
-0.266214
0.365570
-0.249688
0.477830
0.261616
-0.066893
0.344861
0.381784
0.298592
0.825981
-0.063596
0.206712
-0.216999
-0.081889
-0.156069
-0.088632
-0.266214
0.365570
-0.249688
0.477830
0.261616
-0.066893
0.344861
0.381784
0.298592
0.825981
-0.063596
0.206712
-0.216999
-0.081889
-0.156069
-0.088632
-0.266214
0.365570
-0.249688
0.477830
0.261616
-0.066893
0.344861
0.381784
0.298592
0.825981
-0.063596
0.206712
-0.216999
-0.081889
-0.156069
-0.088632
-0.266214
0.365570
-0.249688
0.477830
0.261616
-0.066893
0.344861
0.381784
0.298592
0.825981
-0.063596
0.206712
-0.216999
-0.081889
-0.156069
-0.088632
-0.266214
0.365570
-0.249688
0.477830
0.261616
-0.066893
0.344861
0.381784
0.298592
0.825981
-0.063596
0.206712
-0.216999
-0.081889
-0.156069
-0.088632
-0.266214
0.365570
-0.249688
0.477830
0.261616
-0.066893
0.344861
0.381784
0.298592
0.825981
-0.063596
0.206712
-0.216999
-0.081889
-0.156069
-0.088632
-0.266214
0.365570
-0.249688
0.477830
0.261616
-0.066893
0.344861
0.381784
0.298592
0.825981
-0.063596
0.206712
-0.216999
-0.081889
-0.156069
-0.088632
-0.266214
0.365570
-0.249688
0.477830
0.261616
-0.066893
0.344861
0.381784
0.298592
0.825981
-0.063596
0.206712
-0.216999
-0.081889
-0.156069
-0.088632
-0.266214
0.365570
-0.249688
0.477830
0.261616
-0.066893
0.344861
0.381784
0.298592
0.825981
-0.063596
0.206712
-0.216999
-0.081889
-0.156069
-0.088632
-0.266214
0.365570
-0.249688
0.477830
0.261616
-0.066893
0.344861
0.381784
0.298592
0.825981
-0.063596
0.206712
-0.216999
-0.081889
-0.156069
-0.088632
-0.266214
0.365570
-0.249688
0.477830
0.261616
-0.066893
0.344861
0.381784
0.298592
0.825981
-0.063596
0.206712
-0.216999
-0.081889
-0.156069
-0.088632
-0.266214
0.365570
-0.249688
0.477830
0.261616
-0.066893
0.344861
0.381784
0.298592
0.825981
-0.063596
0.206712
-0.216999
-0.081889
-0.156069
-0.088632
