-0.517077
0.307637
5.288350
-0.657009
-6.416326
2.000959
1.061567
-2.345224
0.175127
3.343494
6.208872
-7.308849
4.738790
-0.485354
1.719914
-0.244842
2.352429
0.707329
-29.850353
-12.256373
20.200415
25.636726
0.395990
25.944286
2.018490
-25.835073
-31.084795
-0.606272
-16.585096
6.468535
1.808146
-11.660242
26.812353
16.828978
-40.143810
-24.049227
24.940651
12.409541
25.007521
-10.416469
1.551990
7.965237
-27.021101
-3.074660
-1.088374
-19.318287
-0.990030
15.521069
-2.674119
0.953035
-203.938461
59.208141
226.310837
68.573570
196.650513
-153.521317
-331.789154
-120.297859
-36.599861
-171.272568
47.186298
138.857315
56.225849
-360.453613
2.810595
-2.491530
61.426537
-20.086065
-68.916641
-23.963200
-63.536335
49.142052
109.397118
40.688923
6.910985
54.537487
-16.092930
-48.852646
-18.994505
115.442085
0.522933
1.528664
12.850449
-3.476450
-13.946369
-8.926744
-10.440477
10.901953
21.473566
3.733731
2.722108
9.748373
-4.782064
-9.299610
-5.120625
22.763189
1.111923
0.189363
68.428322
-16.487268
-73.793571
-21.437443
-63.852013
44.477348
103.505646
42.450401
13.394859
53.423225
-13.424043
-40.339123
-16.046001
112.133453
-0.114878
0.787577
-0.025121
0.442719
0.370927
-0.168432
0.150944
0.291675
-0.197044
-0.389825
0.241283
0.209377
-0.838509
0.362516
0.099705
0.295037
-0.114878
0.787577
-0.025121
0.442719
0.370927
-0.168432
0.150944
0.291675
-0.197044
-0.389825
0.241283
0.209377
-0.838509
0.362516
0.099705
0.295037
-0.114878
0.787577
-0.025121
0.442719
0.370927
-0.168432
0.150944
0.291675
-0.197044
-0.389825
0.241283
0.209377
-0.838509
0.362516
0.099705
0.295037
-0.114878
0.787577
-0.025121
0.442719
0.370927
-0.168432
0.150944
0.291675
-0.197044
-0.389825
0.241283
0.209377
-0.838509
0.362516
0.099705
0.295037
-0.114878
0.787577
-0.025121
0.442719
0.370927
-0.168432
0.150944
0.291675
-0.197044
-0.389825
0.241283
0.209377
-0.838509
0.362516
0.099705
0.295037
-0.114878
0.787577
-0.025121
0.442719
0.370927
-0.168432
0.150944
0.291675
-0.197044
-0.389825
0.241283
0.209377
-0.838509
0.362516
0.099705
0.295037
-0.114878
0.787577
-0.025121
0.442719
0.370927
-0.168432
0.150944
0.291675
-0.197044
-0.389825
0.241283
0.209377
-0.838509
0.362516
0.099705
0.295037
-0.114878
0.787577
-0.025121
0.442719
0.370927
-0.168432
0.150944
0.291675
-0.197044
-0.389825
0.241283
0.209377
-0.838509
0.362516
0.099705
0.295037
-0.114878
0.787577
-0.025121
0.442719
0.370927
-0.168432
0.150944
0.291675
-0.197044
-0.389825
0.241283
0.209377
-0.838509
0.362516
0.099705
0.295037
-0.114878
0.787577
-0.025121
0.442719
0.370927
-0.168432
0.150944
0.291675
-0.197044
-0.389825
0.241283
0.209377
-0.838509
0.362516
0.099705
0.295037
-0.114878
0.787577
-0.025121
0.442719
0.370927
-0.168432
0.150944
0.291675
-0.197044
-0.389825
0.241283
0.209377
-0.838509
0.362516
0.099705
0.295037
-0.114878
0.787577
-0.025121
0.442719
0.370927
-0.168432
0.150944
0.291675
-0.197044
-0.389825
0.241283
0.209377
-0.838509
0.362516
0.099705
0.295037
-0.114878
0.787577
-0.025121
0.442719
0.370927
-0.168432
0.150944
0.291675
-0.197044
-0.389825
0.241283
0.209377
-0.838509
0.362516
0.099705
0.295037
