0.319106
-0.452951
0.228821
-5.523650
-3.543183
6.302070
3.632929
2.180369
0.593853
-0.469576
-0.356476
-7.066827
1.439192
5.120008
0.917458
-2.553055
-2.222423
1.994260
-153.311584
131.197189
231.815430
-42.018845
106.476074
-223.536545
-344.638641
29.674200
-95.833717
-147.378616
76.223068
82.941246
-103.095421
-327.804504
0.196181
-1.104958
13.268468
-10.961697
-15.679268
3.400227
-9.064652
17.596085
23.601095
-3.835330
12.445733
8.690639
-7.599907
-3.321386
12.225053
22.186466
4.820310
-1.333420
81.835320
-73.986404
-126.031013
25.734447
-56.638153
118.917305
189.452057
-14.126021
50.374481
78.587265
-39.164993
-48.366440
54.633408
181.456421
3.162951
-0.110023
24.043074
-19.885328
-37.698898
2.656157
-18.806509
37.387947
56.249722
-1.262873
9.722955
22.663692
-10.481005
-14.625688
14.025092
52.609684
0.515217
0.475693
-0.326745
0.182170
-0.119659
0.240439
0.593686
0.235297
-0.348773
-0.172500
0.099044
-0.212742
-0.588358
-0.127895
0.360342
0.096347
0.515217
0.475693
-0.326745
0.182170
-0.119659
0.240439
0.593686
0.235297
-0.348773
-0.172500
0.099044
-0.212742
-0.588358
-0.127895
0.360342
0.096347
0.515217
0.475693
-0.326745
0.182170
-0.119659
0.240439
0.593686
0.235297
-0.348773
-0.172500
0.099044
-0.212742
-0.588358
-0.127895
0.360342
0.096347
0.515217
0.475693
-0.326745
0.182170
-0.119659
0.240439
0.593686
0.235297
-0.348773
-0.172500
0.099044
-0.212742
-0.588358
-0.127895
0.360342
0.096347
0.515217
0.475693
-0.326745
0.182170
-0.119659
0.240439
0.593686
0.235297
-0.348773
-0.172500
0.099044
-0.212742
-0.588358
-0.127895
0.360342
0.096347
0.515217
0.475693
-0.326745
0.182170
-0.119659
0.240439
0.593686
0.235297
-0.348773
-0.172500
0.099044
-0.212742
-0.588358
-0.127895
0.360342
0.096347
0.515217
0.475693
-0.326745
0.182170
-0.119659
0.240439
0.593686
0.235297
-0.348773
-0.172500
0.099044
-0.212742
-0.588358
-0.127895
0.360342
0.096347
0.515217
0.475693
-0.326745
0.182170
-0.119659
0.240439
0.593686
0.235297
-0.348773
-0.172500
0.099044
-0.212742
-0.588358
-0.127895
0.360342
0.096347
0.515217
0.475693
-0.326745
0.182170
-0.119659
0.240439
0.593686
0.235297
-0.348773
-0.172500
0.099044
-0.212742
-0.588358
-0.127895
0.360342
0.096347
0.515217
0.475693
-0.326745
0.182170
-0.119659
0.240439
0.593686
0.235297
-0.348773
-0.172500
0.099044
-0.212742
-0.588358
-0.127895
0.360342
0.096347
0.515217
0.475693
-0.326745
0.182170
-0.119659
0.240439
0.593686
0.235297
-0.348773
-0.172500
0.099044
-0.212742
-0.588358
-0.127895
0.360342
0.096347
0.515217
0.475693
-0.326745
0.182170
-0.119659
0.240439
0.593686
0.235297
-0.348773
-0.172500
0.099044
-0.212742
-0.588358
-0.127895
0.360342
0.096347
0.515217
0.475693
-0.326745
0.182170
-0.119659
0.240439
0.593686
0.235297
-0.348773
-0.172500
0.099044
-0.212742
-0.588358
-0.127895
0.360342
0.096347
0.515217
0.475693
-0.326745
0.182170
-0.119659
0.240439
0.593686
0.235297
-0.348773
-0.172500
0.099044
-0.212742
-0.588358
-0.127895
0.360342
0.096347
0.515217
0.475693
-0.326745
0.182170
-0.119659
0.240439
0.593686
0.235297
-0.348773
-0.172500
0.099044
-0.212742
-0.588358
-0.127895
0.360342
0.096347
