1.201952
-0.522794
-3.811229
1.559445
7.843986
-0.187854
-1.364318
-5.237526
1.478385
0.711744
-6.235948
1.991696
2.430703
-2.502442
-2.138542
-1.365463
1.927465
-0.206807
99.603889
-163.829803
-206.869461
87.731262
23.585527
258.692535
267.453339
-183.875595
39.754356
106.746605
-113.941612
-46.894779
176.428604
262.536835
1.865430
3.491634
-9.611964
11.085356
14.531358
-3.845032
2.704732
-18.498339
-20.030884
6.421682
-0.588227
-1.163664
2.683179
3.709038
-6.438129
-17.870605
2.992595
-2.104036
-7.825374
24.784300
23.881615
-16.165447
-8.706102
-31.400978
-25.790644
27.435392
-2.535921
-13.357468
9.791270
6.029657
-24.979134
-25.104580
-2.133254
0.814497
-59.377457
99.742271
123.292076
-54.210655
-13.825994
-158.818466
-165.468674
115.821617
-25.008821
-68.048714
75.915924
27.945204
-109.430733
-164.838669
-0.658329
-0.776171
0.506999
-0.039508
0.208035
0.242473
-0.663545
-0.072952
0.603553
0.219985
-0.334023
-0.078684
0.343060
0.028983
0.560868
0.305735
-0.658329
-0.776171
0.506999
-0.039508
0.208035
0.242473
-0.663545
-0.072952
0.603553
0.219985
-0.334023
-0.078684
0.343060
0.028983
0.560868
0.305735
-0.658329
-0.776171
0.506999
-0.039508
0.208035
0.242473
-0.663545
-0.072952
0.603553
0.219985
-0.334023
-0.078684
0.343060
0.028983
0.560868
0.305735
-0.658329
-0.776171
0.506999
-0.039508
0.208035
0.242473
-0.663545
-0.072952
0.603553
0.219985
-0.334023
-0.078684
0.343060
0.028983
0.560868
0.305735
-0.658329
-0.776171
0.506999
-0.039508
0.208035
0.242473
-0.663545
-0.072952
0.603553
0.219985
-0.334023
-0.078684
0.343060
0.028983
0.560868
0.305735
-0.658329
-0.776171
0.506999
-0.039508
0.208035
0.242473
-0.663545
-0.072952
0.603553
0.219985
-0.334023
-0.078684
0.343060
0.028983
0.560868
0.305735
-0.658329
-0.776171
0.506999
-0.039508
0.208035
0.242473
-0.663545
-0.072952
0.603553
0.219985
-0.334023
-0.078684
0.343060
0.028983
0.560868
0.305735
-0.658329
-0.776171
0.506999
-0.039508
0.208035
0.242473
-0.663545
-0.072952
0.603553
0.219985
-0.334023
-0.078684
0.343060
0.028983
0.560868
0.305735
-0.658329
-0.776171
0.506999
-0.039508
0.208035
0.242473
-0.663545
-0.072952
0.603553
0.219985
-0.334023
-0.078684
0.343060
0.028983
0.560868
0.305735
-0.658329
-0.776171
0.506999
-0.039508
0.208035
0.242473
-0.663545
-0.072952
0.603553
0.219985
-0.334023
-0.078684
0.343060
0.028983
0.560868
0.305735
-0.658329
-0.776171
0.506999
-0.039508
0.208035
0.242473
-0.663545
-0.072952
0.603553
0.219985
-0.334023
-0.078684
0.343060
0.028983
0.560868
0.305735
-0.658329
-0.776171
0.506999
-0.039508
0.208035
0.242473
-0.663545
-0.072952
0.603553
0.219985
-0.334023
-0.078684
0.343060
0.028983
0.560868
0.305735
-0.658329
-0.776171
0.506999
-0.039508
0.208035
0.242473
-0.663545
-0.072952
0.603553
0.219985
-0.334023
-0.078684
0.343060
0.028983
0.560868
0.305735
-0.658329
-0.776171
0.506999
-0.039508
0.208035
0.242473
-0.663545
-0.072952
0.603553
0.219985
-0.334023
-0.078684
0.343060
0.028983
0.560868
0.305735
-0.658329
-0.776171
0.506999
-0.039508
0.208035
0.242473
-0.663545
-0.072952
0.603553
0.219985
-0.334023
-0.078684
0.343060
0.028983
0.560868
0.305735
