-1.085834
-0.763821
105.434982
121.924850
-43.071606
-191.340317
-190.068481
-73.078033
22.968975
347.766449
-165.632874
84.572647
82.218872
-148.126251
-320.644653
63.274643
-0.519656
1.509760
-11.009227
-7.767098
3.550869
17.804188
16.444572
7.260832
3.103280
-34.972389
16.584951
-5.206942
-13.568071
9.363347
31.040728
-2.632118
1.185168
1.041940
-66.931549
-81.808609
25.725334
126.672241
126.328560
51.311909
-17.805796
-230.517105
110.656006
-55.067707
-54.673763
98.403137
213.436905
-41.761841
0.316507
0.264237
-0.024937
-0.143374
0.298774
0.288450
-0.027200
-0.198579
0.126261
-0.222711
-0.106514
0.130606
-0.039389
-0.618710
0.005484
-0.419000
0.316507
0.264237
-0.024937
-0.143374
0.298774
0.288450
-0.027200
-0.198579
0.126261
-0.222711
-0.106514
0.130606
-0.039389
-0.618710
0.005484
-0.419000
0.316507
0.264237
-0.024937
-0.143374
0.298774
0.288450
-0.027200
-0.198579
0.126261
-0.222711
-0.106514
0.130606
-0.039389
-0.618710
0.005484
-0.419000
0.316507
0.264237
-0.024937
-0.143374
0.298774
0.288450
-0.027200
-0.198579
0.126261
-0.222711
-0.106514
0.130606
-0.039389
-0.618710
0.005484
-0.419000
0.316507
0.264237
-0.024937
-0.143374
0.298774
0.288450
-0.027200
-0.198579
0.126261
-0.222711
-0.106514
0.130606
-0.039389
-0.618710
0.005484
-0.419000
0.316507
0.264237
-0.024937
-0.143374
0.298774
0.288450
-0.027200
-0.198579
0.126261
-0.222711
-0.106514
0.130606
-0.039389
-0.618710
0.005484
-0.419000
0.316507
0.264237
-0.024937
-0.143374
0.298774
0.288450
-0.027200
-0.198579
0.126261
-0.222711
-0.106514
0.130606
-0.039389
-0.618710
0.005484
-0.419000
0.316507
0.264237
-0.024937
-0.143374
0.298774
0.288450
-0.027200
-0.198579
0.126261
-0.222711
-0.106514
0.130606
-0.039389
-0.618710
0.005484
-0.419000
0.316507
0.264237
-0.024937
-0.143374
0.298774
0.288450
-0.027200
-0.198579
0.126261
-0.222711
-0.106514
0.130606
-0.039389
-0.618710
0.005484
-0.419000
0.316507
0.264237
-0.024937
-0.143374
0.298774
0.288450
-0.027200
-0.198579
0.126261
-0.222711
-0.106514
0.130606
-0.039389
-0.618710
0.005484
-0.419000
0.316507
0.264237
-0.024937
-0.143374
0.298774
0.288450
-0.027200
-0.198579
0.126261
-0.222711
-0.106514
0.130606
-0.039389
-0.618710
0.005484
-0.419000
0.316507
0.264237
-0.024937
-0.143374
0.298774
0.288450
-0.027200
-0.198579
0.126261
-0.222711
-0.106514
0.130606
-0.039389
-0.618710
0.005484
-0.419000
0.316507
0.264237
-0.024937
-0.143374
0.298774
0.288450
-0.027200
-0.198579
0.126261
-0.222711
-0.106514
0.130606
-0.039389
-0.618710
0.005484
-0.419000
0.316507
0.264237
-0.024937
-0.143374
0.298774
0.288450
-0.027200
-0.198579
0.126261
-0.222711
-0.106514
0.130606
-0.039389
-0.618710
0.005484
-0.419000
0.316507
0.264237
-0.024937
-0.143374
0.298774
0.288450
-0.027200
-0.198579
0.126261
-0.222711
-0.106514
0.130606
-0.039389
-0.618710
0.005484
-0.419000
0.316507
0.264237
-0.024937
-0.143374
0.298774
0.288450
-0.027200
-0.198579
0.126261
-0.222711
-0.106514
0.130606
-0.039389
-0.618710
0.005484
-0.419000
0.316507
0.264237
-0.024937
-0.143374
0.298774
0.288450
-0.027200
-0.198579
0.126261
-0.222711
-0.106514
0.130606
-0.039389
-0.618710
0.005484
-0.419000
