0.215164
0.961468
10.062462
-10.861120
1.872883
11.208928
-11.369459
5.607654
-0.145535
-28.324017
4.452041
24.155012
-4.652305
-4.678543
19.415697
-2.139694
5.652402
-7.986476
447.035736
1392.236572
617.635864
1174.250732
-624.433594
-2288.920410
-691.358704
-3087.699219
382.511353
-2003.987793
-267.905121
-893.255676
2734.634521
999.028442
-4.585577
-0.817001
-1.928231
9.248813
-5.691185
-9.631433
10.163006
-1.408365
2.925166
20.995548
-3.021804
-22.408758
6.220251
6.632669
-18.416885
-3.004836
1.688267
0.959023
-10.930518
-63.028999
-18.892282
-55.430534
8.327276
100.794708
7.173728
133.033585
-32.261257
82.515762
4.708805
41.122292
-105.614235
-60.399246
-7.865821
6.296345
-358.119415
-1140.714844
-502.388794
-963.126892
505.057892
1879.776611
559.176636
2532.000244
-314.954865
1647.633179
217.025620
729.343933
-2241.427490
-824.943115
0.294710
-0.153323
-0.287238
-0.196093
0.115475
-0.708711
-0.354777
0.645641
-0.760261
0.714562
-0.623316
0.367508
-0.648665
0.175510
-0.156435
-0.467088
0.294710
-0.153323
-0.287238
-0.196093
0.115475
-0.708711
-0.354777
0.645641
-0.760261
0.714562
-0.623316
0.367508
-0.648665
0.175510
-0.156435
-0.467088
0.294710
-0.153323
-0.287238
-0.196093
0.115475
-0.708711
-0.354777
0.645641
-0.760261
0.714562
-0.623316
0.367508
-0.648665
0.175510
-0.156435
-0.467088
0.294710
-0.153323
-0.287238
-0.196093
0.115475
-0.708711
-0.354777
0.645641
-0.760261
0.714562
-0.623316
0.367508
-0.648665
0.175510
-0.156435
-0.467088
0.294710
-0.153323
-0.287238
-0.196093
0.115475
-0.708711
-0.354777
0.645641
-0.760261
0.714562
-0.623316
0.367508
-0.648665
0.175510
-0.156435
-0.467088
0.294710
-0.153323
-0.287238
-0.196093
0.115475
-0.708711
-0.354777
0.645641
-0.760261
0.714562
-0.623316
0.367508
-0.648665
0.175510
-0.156435
-0.467088
0.294710
-0.153323
-0.287238
-0.196093
0.115475
-0.708711
-0.354777
0.645641
-0.760261
0.714562
-0.623316
0.367508
-0.648665
0.175510
-0.156435
-0.467088
0.294710
-0.153323
-0.287238
-0.196093
0.115475
-0.708711
-0.354777
0.645641
-0.760261
0.714562
-0.623316
0.367508
-0.648665
0.175510
-0.156435
-0.467088
0.294710
-0.153323
-0.287238
-0.196093
0.115475
-0.708711
-0.354777
0.645641
-0.760261
0.714562
-0.623316
0.367508
-0.648665
0.175510
-0.156435
-0.467088
0.294710
-0.153323
-0.287238
-0.196093
0.115475
-0.708711
-0.354777
0.645641
-0.760261
0.714562
-0.623316
0.367508
-0.648665
0.175510
-0.156435
-0.467088
0.294710
-0.153323
-0.287238
-0.196093
0.115475
-0.708711
-0.354777
0.645641
-0.760261
0.714562
-0.623316
0.367508
-0.648665
0.175510
-0.156435
-0.467088
0.294710
-0.153323
-0.287238
-0.196093
0.115475
-0.708711
-0.354777
0.645641
-0.760261
0.714562
-0.623316
0.367508
-0.648665
0.175510
-0.156435
-0.467088
0.294710
-0.153323
-0.287238
-0.196093
0.115475
-0.708711
-0.354777
0.645641
-0.760261
0.714562
-0.623316
0.367508
-0.648665
0.175510
-0.156435
-0.467088
0.294710
-0.153323
-0.287238
-0.196093
0.115475
-0.708711
-0.354777
0.645641
-0.760261
0.714562
-0.623316
0.367508
-0.648665
0.175510
-0.156435
-0.467088
0.294710
-0.153323
-0.287238
-0.196093
0.115475
-0.708711
-0.354777
0.645641
-0.760261
0.714562
-0.623316
0.367508
-0.648665
0.175510
-0.156435
-0.467088
