1.594180
-1.538713
-5.858902
-5.712128
6.137164
9.552270
0.112613
3.853402
3.035214
-4.573347
-8.311394
-1.355173
-6.637410
0.487148
1.094848
-4.713823
-1.510866
1.033090
4.273013
-9.330561
4.291403
9.117164
6.378634
-7.160757
-2.635755
3.663301
11.293548
-1.553461
1.322289
6.263346
8.595156
-4.080450
-2.724956
-2.885751
-135.595215
127.408539
220.973679
-77.216560
84.399567
-194.240234
-385.347504
46.638321
-128.890594
-145.352219
206.865921
56.148514
-107.649071
-321.367889
-0.873951
1.169487
9.262344
-3.754689
-12.449446
-2.342891
-6.996452
11.080085
26.510170
-2.633740
11.605892
10.495095
-16.115519
-1.083060
8.812666
25.162466
2.672213
1.393605
20.779007
-19.223204
-26.702475
12.146839
-11.172958
27.089096
49.259022
-8.031787
21.354683
17.531876
-25.930624
-5.662440
17.460789
40.597153
2.061374
-0.152441
82.986664
-79.032425
-134.522278
53.088032
-45.768681
117.400467
225.835876
-31.013918
79.613068
85.887421
-120.809326
-31.865467
63.058109
187.544937
0.006978
0.179373
0.189238
0.378411
-0.393685
-0.087576
0.868086
0.117511
-0.373458
0.657880
0.280313
0.122698
0.089102
-0.278183
0.659121
-0.281053
0.006978
0.179373
0.189238
0.378411
-0.393685
-0.087576
0.868086
0.117511
-0.373458
0.657880
0.280313
0.122698
0.089102
-0.278183
0.659121
-0.281053
0.006978
0.179373
0.189238
0.378411
-0.393685
-0.087576
0.868086
0.117511
-0.373458
0.657880
0.280313
0.122698
0.089102
-0.278183
0.659121
-0.281053
0.006978
0.179373
0.189238
0.378411
-0.393685
-0.087576
0.868086
0.117511
-0.373458
0.657880
0.280313
0.122698
0.089102
-0.278183
0.659121
-0.281053
0.006978
0.179373
0.189238
0.378411
-0.393685
-0.087576
0.868086
0.117511
-0.373458
0.657880
0.280313
0.122698
0.089102
-0.278183
0.659121
-0.281053
0.006978
0.179373
0.189238
0.378411
-0.393685
-0.087576
0.868086
0.117511
-0.373458
0.657880
0.280313
0.122698
0.089102
-0.278183
0.659121
-0.281053
0.006978
0.179373
0.189238
0.378411
-0.393685
-0.087576
0.868086
0.117511
-0.373458
0.657880
0.280313
0.122698
0.089102
-0.278183
0.659121
-0.281053
0.006978
0.179373
0.189238
0.378411
-0.393685
-0.087576
0.868086
0.117511
-0.373458
0.657880
0.280313
0.122698
0.089102
-0.278183
0.659121
-0.281053
0.006978
0.179373
0.189238
0.378411
-0.393685
-0.087576
0.868086
0.117511
-0.373458
0.657880
0.280313
0.122698
0.089102
-0.278183
0.659121
-0.281053
0.006978
0.179373
0.189238
0.378411
-0.393685
-0.087576
0.868086
0.117511
-0.373458
0.657880
0.280313
0.122698
0.089102
-0.278183
0.659121
-0.281053
0.006978
0.179373
0.189238
0.378411
-0.393685
-0.087576
0.868086
0.117511
-0.373458
0.657880
0.280313
0.122698
0.089102
-0.278183
0.659121
-0.281053
0.006978
0.179373
0.189238
0.378411
-0.393685
-0.087576
0.868086
0.117511
-0.373458
0.657880
0.280313
0.122698
0.089102
-0.278183
0.659121
-0.281053
0.006978
0.179373
0.189238
0.378411
-0.393685
-0.087576
0.868086
0.117511
-0.373458
0.657880
0.280313
0.122698
0.089102
-0.278183
0.659121
-0.281053
0.006978
0.179373
0.189238
0.378411
-0.393685
-0.087576
0.868086
0.117511
-0.373458
0.657880
0.280313
0.122698
0.089102
-0.278183
0.659121
-0.281053
