-0.070721
-1.264891
-300.336884
137.093155
354.295776
179.198120
265.945282
404.964600
-264.476196
-536.619995
-447.300232
-261.764282
50.174229
710.554077
-413.726593
-423.859070
-0.653456
0.897485
1.739543
4.961368
-1.795991
-7.281705
3.838627
-3.004427
-3.579483
1.937576
4.983963
4.509140
4.697258
1.777221
-1.146661
2.971803
-1.617657
-2.998369
263.626434
-119.776138
-305.524170
-154.973083
-239.263733
-351.717865
237.387680
472.092072
390.817963
232.660950
-31.818708
-626.274780
356.293884
376.395996
-0.951294
-0.937622
0.524177
-0.227111
-0.646145
-0.310089
-0.490893
0.039980
0.210433
-0.008437
0.155270
-0.822381
0.546250
0.443820
0.472320
-0.270397
-0.951294
-0.937622
0.524177
-0.227111
-0.646145
-0.310089
-0.490893
0.039980
0.210433
-0.008437
0.155270
-0.822381
0.546250
0.443820
0.472320
-0.270397
-0.951294
-0.937622
0.524177
-0.227111
-0.646145
-0.310089
-0.490893
0.039980
0.210433
-0.008437
0.155270
-0.822381
0.546250
0.443820
0.472320
-0.270397
-0.951294
-0.937622
0.524177
-0.227111
-0.646145
-0.310089
-0.490893
0.039980
0.210433
-0.008437
0.155270
-0.822381
0.546250
0.443820
0.472320
-0.270397
-0.951294
-0.937622
0.524177
-0.227111
-0.646145
-0.310089
-0.490893
0.039980
0.210433
-0.008437
0.155270
-0.822381
0.546250
0.443820
0.472320
-0.270397
-0.951294
-0.937622
0.524177
-0.227111
-0.646145
-0.310089
-0.490893
0.039980
0.210433
-0.008437
0.155270
-0.822381
0.546250
0.443820
0.472320
-0.270397
-0.951294
-0.937622
0.524177
-0.227111
-0.646145
-0.310089
-0.490893
0.039980
0.210433
-0.008437
0.155270
-0.822381
0.546250
0.443820
0.472320
-0.270397
-0.951294
-0.937622
0.524177
-0.227111
-0.646145
-0.310089
-0.490893
0.039980
0.210433
-0.008437
0.155270
-0.822381
0.546250
0.443820
0.472320
-0.270397
-0.951294
-0.937622
0.524177
-0.227111
-0.646145
-0.310089
-0.490893
0.039980
0.210433
-0.008437
0.155270
-0.822381
0.546250
0.443820
0.472320
-0.270397
-0.951294
-0.937622
0.524177
-0.227111
-0.646145
-0.310089
-0.490893
0.039980
0.210433
-0.008437
0.155270
-0.822381
0.546250
0.443820
0.472320
-0.270397
-0.951294
-0.937622
0.524177
-0.227111
-0.646145
-0.310089
-0.490893
0.039980
0.210433
-0.008437
0.155270
-0.822381
0.546250
0.443820
0.472320
-0.270397
-0.951294
-0.937622
0.524177
-0.227111
-0.646145
-0.310089
-0.490893
0.039980
0.210433
-0.008437
0.155270
-0.822381
0.546250
0.443820
0.472320
-0.270397
-0.951294
-0.937622
0.524177
-0.227111
-0.646145
-0.310089
-0.490893
0.039980
0.210433
-0.008437
0.155270
-0.822381
0.546250
0.443820
0.472320
-0.270397
-0.951294
-0.937622
0.524177
-0.227111
-0.646145
-0.310089
-0.490893
0.039980
0.210433
-0.008437
0.155270
-0.822381
0.546250
0.443820
0.472320
-0.270397
-0.951294
-0.937622
0.524177
-0.227111
-0.646145
-0.310089
-0.490893
0.039980
0.210433
-0.008437
0.155270
-0.822381
0.546250
0.443820
0.472320
-0.270397
-0.951294
-0.937622
0.524177
-0.227111
-0.646145
-0.310089
-0.490893
0.039980
0.210433
-0.008437
0.155270
-0.822381
0.546250
0.443820
0.472320
-0.270397
-0.951294
-0.937622
0.524177
-0.227111
-0.646145
-0.310089
-0.490893
0.039980
0.210433
-0.008437
0.155270
-0.822381
0.546250
0.443820
0.472320
-0.270397
