-1.416331
-1.379399
-3.540761
-1.198530
-0.329034
-3.426645
-1.158549
4.705517
3.588592
-1.623237
1.670005
0.699603
0.036096
3.643937
-1.946008
0.915592
0.413121
0.767140
5.895997
-5.828763
-4.711207
5.686134
-4.721770
-1.629207
5.068289
3.573921
2.165492
-8.945834
-1.143163
-3.691907
4.735025
0.787702
-3.900625
2.522673
234.357422
-312.122345
-347.106293
22.984735
-502.859589
-167.673981
617.176575
426.930023
631.708984
6.406337
-453.957489
-708.502441
671.668518
183.914261
1.257328
1.672180
-6.829234
15.768559
13.646982
-7.967570
20.879971
-6.148871
-28.624004
-4.981715
-24.912256
16.380543
29.728239
17.621428
-27.594522
7.120548
3.554183
-1.542052
-22.500530
19.167601
26.162596
7.271456
36.141109
25.515627
-34.515930
-48.891396
-48.724491
-15.576666
13.061845
64.473694
-47.924492
-31.912939
-0.790920
-0.482960
-166.986389
217.521454
242.130051
-12.501869
352.713287
126.355560
-430.832367
-309.533752
-441.525909
-15.063442
312.473328
510.678802
-468.528839
-140.446808
0.158247
-0.940767
0.400252
-0.901649
-0.129485
-0.304793
0.139353
0.175954
-0.720703
0.908482
0.420150
-0.358734
-0.604888
0.268784
0.437325
0.769583
0.158247
-0.940767
0.400252
-0.901649
-0.129485
-0.304793
0.139353
0.175954
-0.720703
0.908482
0.420150
-0.358734
-0.604888
0.268784
0.437325
0.769583
0.158247
-0.940767
0.400252
-0.901649
-0.129485
-0.304793
0.139353
0.175954
-0.720703
0.908482
0.420150
-0.358734
-0.604888
0.268784
0.437325
0.769583
0.158247
-0.940767
0.400252
-0.901649
-0.129485
-0.304793
0.139353
0.175954
-0.720703
0.908482
0.420150
-0.358734
-0.604888
0.268784
0.437325
0.769583
0.158247
-0.940767
0.400252
-0.901649
-0.129485
-0.304793
0.139353
0.175954
-0.720703
0.908482
0.420150
-0.358734
-0.604888
0.268784
0.437325
0.769583
0.158247
-0.940767
0.400252
-0.901649
-0.129485
-0.304793
0.139353
0.175954
-0.720703
0.908482
0.420150
-0.358734
-0.604888
0.268784
0.437325
0.769583
0.158247
-0.940767
0.400252
-0.901649
-0.129485
-0.304793
0.139353
0.175954
-0.720703
0.908482
0.420150
-0.358734
-0.604888
0.268784
0.437325
0.769583
0.158247
-0.940767
0.400252
-0.901649
-0.129485
-0.304793
0.139353
0.175954
-0.720703
0.908482
0.420150
-0.358734
-0.604888
0.268784
0.437325
0.769583
0.158247
-0.940767
0.400252
-0.901649
-0.129485
-0.304793
0.139353
0.175954
-0.720703
0.908482
0.420150
-0.358734
-0.604888
0.268784
0.437325
0.769583
0.158247
-0.940767
0.400252
-0.901649
-0.129485
-0.304793
0.139353
0.175954
-0.720703
0.908482
0.420150
-0.358734
-0.604888
0.268784
0.437325
0.769583
0.158247
-0.940767
0.400252
-0.901649
-0.129485
-0.304793
0.139353
0.175954
-0.720703
0.908482
0.420150
-0.358734
-0.604888
0.268784
0.437325
0.769583
0.158247
-0.940767
0.400252
-0.901649
-0.129485
-0.304793
0.139353
0.175954
-0.720703
0.908482
0.420150
-0.358734
-0.604888
0.268784
0.437325
0.769583
0.158247
-0.940767
0.400252
-0.901649
-0.129485
-0.304793
0.139353
0.175954
-0.720703
0.908482
0.420150
-0.358734
-0.604888
0.268784
0.437325
0.769583
0.158247
-0.940767
0.400252
-0.901649
-0.129485
-0.304793
0.139353
0.175954
-0.720703
0.908482
0.420150
-0.358734
-0.604888
0.268784
0.437325
0.769583
