1.156366
0.474903
15.454741
16.169237
-21.259958
-23.710754
7.339483
-16.144936
-18.092253
9.016514
33.653435
5.591496
13.878242
12.953568
-7.526446
13.238450
-0.123246
-0.404094
-1.153455
3.748825
-3.603766
0.640273
4.256676
-0.215228
-1.894901
-2.408459
-0.452980
-0.278615
3.656085
0.233920
1.234503
1.452629
-0.083505
3.350387
-3.946466
9.119566
-4.461700
-9.433666
-3.001854
7.155676
4.845859
-1.731231
-7.202917
-1.548486
-1.522391
-3.974594
-7.926140
3.498354
-0.459771
-0.033979
-354.187439
-163.269241
80.643646
329.556244
-64.557907
584.429138
214.434235
-700.660095
-154.303619
-624.120422
-550.509949
645.618591
26.987986
-753.723938
0.173335
0.023640
15.917707
7.155998
-6.806558
-14.265142
2.143464
-31.146378
-3.894434
38.530746
9.826283
34.879345
25.508984
-39.563717
3.033564
42.921658
0.446451
0.462793
217.580490
103.175293
-49.652424
-204.990906
41.335236
-352.525146
-138.609161
423.940155
93.342728
377.858276
338.710907
-388.191681
-20.049751
455.472595
0.184502
0.158384
41.864780
18.211124
-5.798469
-38.918491
13.645959
-70.080009
-29.963074
86.057205
14.069071
75.954887
71.920380
-73.390526
-7.965642
88.801033
0.335320
0.045701
0.127186
0.203297
-0.048932
0.294869
0.067492
-0.055972
-0.198355
-0.420987
-0.463507
0.179076
0.287963
0.043401
0.101704
-0.189573
0.335320
0.045701
0.127186
0.203297
-0.048932
0.294869
0.067492
-0.055972
-0.198355
-0.420987
-0.463507
0.179076
0.287963
0.043401
0.101704
-0.189573
0.335320
0.045701
0.127186
0.203297
-0.048932
0.294869
0.067492
-0.055972
-0.198355
-0.420987
-0.463507
0.179076
0.287963
0.043401
0.101704
-0.189573
0.335320
0.045701
0.127186
0.203297
-0.048932
0.294869
0.067492
-0.055972
-0.198355
-0.420987
-0.463507
0.179076
0.287963
0.043401
0.101704
-0.189573
0.335320
0.045701
0.127186
0.203297
-0.048932
0.294869
0.067492
-0.055972
-0.198355
-0.420987
-0.463507
0.179076
0.287963
0.043401
0.101704
-0.189573
0.335320
0.045701
0.127186
0.203297
-0.048932
0.294869
0.067492
-0.055972
-0.198355
-0.420987
-0.463507
0.179076
0.287963
0.043401
0.101704
-0.189573
0.335320
0.045701
0.127186
0.203297
-0.048932
0.294869
0.067492
-0.055972
-0.198355
-0.420987
-0.463507
0.179076
0.287963
0.043401
0.101704
-0.189573
0.335320
0.045701
0.127186
0.203297
-0.048932
0.294869
0.067492
-0.055972
-0.198355
-0.420987
-0.463507
0.179076
0.287963
0.043401
0.101704
-0.189573
0.335320
0.045701
0.127186
0.203297
-0.048932
0.294869
0.067492
-0.055972
-0.198355
-0.420987
-0.463507
0.179076
0.287963
0.043401
0.101704
-0.189573
0.335320
0.045701
0.127186
0.203297
-0.048932
0.294869
0.067492
-0.055972
-0.198355
-0.420987
-0.463507
0.179076
0.287963
0.043401
0.101704
-0.189573
0.335320
0.045701
0.127186
0.203297
-0.048932
0.294869
0.067492
-0.055972
-0.198355
-0.420987
-0.463507
0.179076
0.287963
0.043401
0.101704
-0.189573
0.335320
0.045701
0.127186
0.203297
-0.048932
0.294869
0.067492
-0.055972
-0.198355
-0.420987
-0.463507
0.179076
0.287963
0.043401
0.101704
-0.189573
0.335320
0.045701
0.127186
0.203297
-0.048932
0.294869
0.067492
-0.055972
-0.198355
-0.420987
-0.463507
0.179076
0.287963
0.043401
0.101704
-0.189573
