-0.206533
0.154564
-0.870643
-2.597054
3.052979
-2.341089
-2.963246
1.269802
3.908334
-0.877536
-0.339808
-1.805002
-3.776295
2.734341
-2.312418
-0.888306
1.683299
0.974233
-2.419482
8.789615
4.436920
-9.119957
5.254805
-1.032635
-5.807150
-1.270841
2.286429
8.412669
1.777945
3.926227
-2.663304
2.170778
1.511827
-1.969211
272.919464
249.511017
20.923077
-332.491821
203.588501
-511.241852
-418.634979
606.907043
-33.072495
626.174072
743.237000
-446.968109
-225.636642
681.305786
-0.348960
-0.257502
-29.882158
-11.186109
0.838019
28.998682
-12.793988
48.877632
25.766497
-60.579102
-5.531085
-47.598106
-53.073463
48.977612
9.121012
-62.421249
1.909729
-2.405601
-17.718447
-22.051645
-3.614307
20.324802
-21.059484
29.281984
36.869541
-32.027134
11.226404
-41.214790
-52.774075
15.262748
24.781094
-41.869610
-1.801056
3.392807
-201.111191
-186.898651
-12.985838
247.276489
-144.113281
376.099915
305.105072
-447.121521
19.781404
-460.754089
-547.404785
334.452179
162.014893
-500.075226
-0.162717
0.584208
-0.243143
-1.185243
-0.166367
0.490551
-0.206906
-0.239415
0.487606
0.028460
-0.199122
0.008218
-0.048676
-0.038973
0.014041
-0.327481
-0.162717
0.584208
-0.243143
-1.185243
-0.166367
0.490551
-0.206906
-0.239415
0.487606
0.028460
-0.199122
0.008218
-0.048676
-0.038973
0.014041
-0.327481
-0.162717
0.584208
-0.243143
-1.185243
-0.166367
0.490551
-0.206906
-0.239415
0.487606
0.028460
-0.199122
0.008218
-0.048676
-0.038973
0.014041
-0.327481
-0.162717
0.584208
-0.243143
-1.185243
-0.166367
0.490551
-0.206906
-0.239415
0.487606
0.028460
-0.199122
0.008218
-0.048676
-0.038973
0.014041
-0.327481
-0.162717
0.584208
-0.243143
-1.185243
-0.166367
0.490551
-0.206906
-0.239415
0.487606
0.028460
-0.199122
0.008218
-0.048676
-0.038973
0.014041
-0.327481
-0.162717
0.584208
-0.243143
-1.185243
-0.166367
0.490551
-0.206906
-0.239415
0.487606
0.028460
-0.199122
0.008218
-0.048676
-0.038973
0.014041
-0.327481
-0.162717
0.584208
-0.243143
-1.185243
-0.166367
0.490551
-0.206906
-0.239415
0.487606
0.028460
-0.199122
0.008218
-0.048676
-0.038973
0.014041
-0.327481
-0.162717
0.584208
-0.243143
-1.185243
-0.166367
0.490551
-0.206906
-0.239415
0.487606
0.028460
-0.199122
0.008218
-0.048676
-0.038973
0.014041
-0.327481
-0.162717
0.584208
-0.243143
-1.185243
-0.166367
0.490551
-0.206906
-0.239415
0.487606
0.028460
-0.199122
0.008218
-0.048676
-0.038973
0.014041
-0.327481
-0.162717
0.584208
-0.243143
-1.185243
-0.166367
0.490551
-0.206906
-0.239415
0.487606
0.028460
-0.199122
0.008218
-0.048676
-0.038973
0.014041
-0.327481
-0.162717
0.584208
-0.243143
-1.185243
-0.166367
0.490551
-0.206906
-0.239415
0.487606
0.028460
-0.199122
0.008218
-0.048676
-0.038973
0.014041
-0.327481
-0.162717
0.584208
-0.243143
-1.185243
-0.166367
0.490551
-0.206906
-0.239415
0.487606
0.028460
-0.199122
0.008218
-0.048676
-0.038973
0.014041
-0.327481
-0.162717
0.584208
-0.243143
-1.185243
-0.166367
0.490551
-0.206906
-0.239415
0.487606
0.028460
-0.199122
0.008218
-0.048676
-0.038973
0.014041
-0.327481
-0.162717
0.584208
-0.243143
-1.185243
-0.166367
0.490551
-0.206906
-0.239415
0.487606
0.028460
-0.199122
0.008218
-0.048676
-0.038973
0.014041
-0.327481
