-0.049267
0.344429
6.505496
-4.456553
-8.586777
-0.426528
-6.579939
2.828988
2.918070
2.604567
5.619015
-2.664975
-2.233366
-2.751858
1.833129
3.291114
-1.539595
-2.054881
-182.923035
-346.862793
-104.057220
328.949615
-414.300720
492.619965
667.938660
-473.227325
255.224243
-603.225769
-920.557495
214.652771
438.464691
-586.506714
-1.680475
1.570025
95.825951
188.566589
60.310581
-175.295990
229.158829
-258.993652
-368.553284
244.870087
-145.817627
319.157928
492.441589
-99.241760
-242.724487
308.802307
2.490448
-0.011370
20.001263
21.325233
-0.428921
-24.485924
16.582088
-40.675865
-35.004139
41.318428
-6.655780
44.070824
62.734917
-31.402214
-18.934706
44.180138
1.254191
1.473079
18.095671
61.136818
26.962420
-52.777370
80.056137
-72.681000
-118.613037
62.547234
-58.827957
95.754959
154.672806
-12.584889
-84.982079
86.096741
-0.010421
0.698143
0.596714
0.385857
0.103675
-0.509012
0.045065
-0.765297
0.155624
0.698910
0.639969
-0.367166
0.062715
0.865785
0.187705
-0.038767
-0.010421
0.698143
0.596714
0.385857
0.103675
-0.509012
0.045065
-0.765297
0.155624
0.698910
0.639969
-0.367166
0.062715
0.865785
0.187705
-0.038767
-0.010421
0.698143
0.596714
0.385857
0.103675
-0.509012
0.045065
-0.765297
0.155624
0.698910
0.639969
-0.367166
0.062715
0.865785
0.187705
-0.038767
-0.010421
0.698143
0.596714
0.385857
0.103675
-0.509012
0.045065
-0.765297
0.155624
0.698910
0.639969
-0.367166
0.062715
0.865785
0.187705
-0.038767
-0.010421
0.698143
0.596714
0.385857
0.103675
-0.509012
0.045065
-0.765297
0.155624
0.698910
0.639969
-0.367166
0.062715
0.865785
0.187705
-0.038767
-0.010421
0.698143
0.596714
0.385857
0.103675
-0.509012
0.045065
-0.765297
0.155624
0.698910
0.639969
-0.367166
0.062715
0.865785
0.187705
-0.038767
-0.010421
0.698143
0.596714
0.385857
0.103675
-0.509012
0.045065
-0.765297
0.155624
0.698910
0.639969
-0.367166
0.062715
0.865785
0.187705
-0.038767
-0.010421
0.698143
0.596714
0.385857
0.103675
-0.509012
0.045065
-0.765297
0.155624
0.698910
0.639969
-0.367166
0.062715
0.865785
0.187705
-0.038767
-0.010421
0.698143
0.596714
0.385857
0.103675
-0.509012
0.045065
-0.765297
0.155624
0.698910
0.639969
-0.367166
0.062715
0.865785
0.187705
-0.038767
-0.010421
0.698143
0.596714
0.385857
0.103675
-0.509012
0.045065
-0.765297
0.155624
0.698910
0.639969
-0.367166
0.062715
0.865785
0.187705
-0.038767
-0.010421
0.698143
0.596714
0.385857
0.103675
-0.509012
0.045065
-0.765297
0.155624
0.698910
0.639969
-0.367166
0.062715
0.865785
0.187705
-0.038767
-0.010421
0.698143
0.596714
0.385857
0.103675
-0.509012
0.045065
-0.765297
0.155624
0.698910
0.639969
-0.367166
0.062715
0.865785
0.187705
-0.038767
-0.010421
0.698143
0.596714
0.385857
0.103675
-0.509012
0.045065
-0.765297
0.155624
0.698910
0.639969
-0.367166
0.062715
0.865785
0.187705
-0.038767
-0.010421
0.698143
0.596714
0.385857
0.103675
-0.509012
0.045065
-0.765297
0.155624
0.698910
0.639969
-0.367166
0.062715
0.865785
0.187705
-0.038767
-0.010421
0.698143
0.596714
0.385857
0.103675
-0.509012
0.045065
-0.765297
0.155624
0.698910
0.639969
-0.367166
0.062715
0.865785
0.187705
-0.038767
