-3.343100
0.901179
-11.530103
-14.768476
6.124564
21.626650
4.285523
-1.198750
9.859139
-2.030170
-6.905914
-6.415674
-0.328924
-5.303863
-1.848077
-6.243201
11.668632
-3.536622
-807.078735
1661.706909
-383.069336
1707.919067
1252.189819
-2546.135010
1589.757080
-3158.679443
1819.525757
-1812.019653
641.423645
-808.444580
1631.362549
3101.085938
1.679235
-0.339880
-2.990139
-19.716782
14.535821
13.858868
-3.595832
13.264186
-18.368425
-20.386147
24.006399
19.776228
-7.122752
-1.258090
17.028862
-14.068229
-7.774890
0.923334
319.031036
-632.607849
157.132370
-649.721497
-499.319275
969.608276
-635.873474
1199.196411
-711.477478
680.150940
-249.868774
304.146606
-605.209839
-1200.881836
0.014234
-1.267070
59.276825
-107.275322
25.304716
-112.117767
-88.873222
166.060059
-113.647789
204.572281
-122.318535
113.037956
-39.680988
51.946579
-99.603935
-209.466766
0.421979
0.715086
38.255081
-75.332489
19.343872
-78.587883
-59.822891
114.405434
-75.354263
141.378372
-85.481979
82.988472
-28.144808
38.477074
-72.196747
-142.592972
0.304854
3.327117
223.169144
-428.751038
111.307411
-442.714539
-341.492401
658.089294
-434.347656
815.847351
-487.806610
462.712646
-174.297852
205.748108
-405.009796
-821.635132
-0.413007
-1.019904
0.685019
0.077606
0.185597
-0.436844
-0.688646
0.199427
-0.698504
-0.013100
-0.659549
-0.313882
-0.302219
-0.172127
0.112225
-0.788508
-0.413007
-1.019904
0.685019
0.077606
0.185597
-0.436844
-0.688646
0.199427
-0.698504
-0.013100
-0.659549
-0.313882
-0.302219
-0.172127
0.112225
-0.788508
-0.413007
-1.019904
0.685019
0.077606
0.185597
-0.436844
-0.688646
0.199427
-0.698504
-0.013100
-0.659549
-0.313882
-0.302219
-0.172127
0.112225
-0.788508
-0.413007
-1.019904
0.685019
0.077606
0.185597
-0.436844
-0.688646
0.199427
-0.698504
-0.013100
-0.659549
-0.313882
-0.302219
-0.172127
0.112225
-0.788508
-0.413007
-1.019904
0.685019
0.077606
0.185597
-0.436844
-0.688646
0.199427
-0.698504
-0.013100
-0.659549
-0.313882
-0.302219
-0.172127
0.112225
-0.788508
-0.413007
-1.019904
0.685019
0.077606
0.185597
-0.436844
-0.688646
0.199427
-0.698504
-0.013100
-0.659549
-0.313882
-0.302219
-0.172127
0.112225
-0.788508
-0.413007
-1.019904
0.685019
0.077606
0.185597
-0.436844
-0.688646
0.199427
-0.698504
-0.013100
-0.659549
-0.313882
-0.302219
-0.172127
0.112225
-0.788508
-0.413007
-1.019904
0.685019
0.077606
0.185597
-0.436844
-0.688646
0.199427
-0.698504
-0.013100
-0.659549
-0.313882
-0.302219
-0.172127
0.112225
-0.788508
-0.413007
-1.019904
0.685019
0.077606
0.185597
-0.436844
-0.688646
0.199427
-0.698504
-0.013100
-0.659549
-0.313882
-0.302219
-0.172127
0.112225
-0.788508
-0.413007
-1.019904
0.685019
0.077606
0.185597
-0.436844
-0.688646
0.199427
-0.698504
-0.013100
-0.659549
-0.313882
-0.302219
-0.172127
0.112225
-0.788508
-0.413007
-1.019904
0.685019
0.077606
0.185597
-0.436844
-0.688646
0.199427
-0.698504
-0.013100
-0.659549
-0.313882
-0.302219
-0.172127
0.112225
-0.788508
-0.413007
-1.019904
0.685019
0.077606
0.185597
-0.436844
-0.688646
0.199427
-0.698504
-0.013100
-0.659549
-0.313882
-0.302219
-0.172127
0.112225
-0.788508
-0.413007
-1.019904
0.685019
0.077606
0.185597
-0.436844
-0.688646
0.199427
-0.698504
-0.013100
-0.659549
-0.313882
-0.302219
-0.172127
0.112225
-0.788508
