0.818873
-0.553683
2.899909
3.617179
-0.332934
2.840714
1.715560
-2.901643
-3.800106
0.423711
-0.418522
-0.687921
0.924741
-2.713714
2.740537
-1.003877
-0.508857
-0.891221
7.445011
-5.938727
-3.320080
11.871305
8.433000
-3.801020
-6.404347
0.431976
4.142441
4.005394
-1.008814
4.213047
10.426734
1.700671
-0.418661
-0.283146
4.015424
7.262088
-0.000335
-9.692564
-0.901903
-5.933961
-3.162375
2.897426
3.733303
6.202091
3.160903
-2.135721
-2.387761
2.796147
-3.044797
1.676943
-70.101990
-350.788330
-189.714890
255.490707
-501.631134
293.298737
727.155029
-209.937683
401.929718
-450.257904
-882.671143
-89.796127
559.913025
-394.496674
-0.451543
-2.158280
1.390822
19.059902
10.469155
-19.467302
27.278717
-11.645349
-33.615921
6.474537
-21.344334
18.535065
45.209988
15.156355
-31.613523
18.331594
3.484254
-0.460939
10.482496
26.585596
17.051908
-21.486662
39.440544
-31.193043
-60.439175
20.536474
-31.648659
37.391159
73.515976
3.570267
-47.416592
34.990978
1.418490
0.129422
49.906513
251.842316
133.020615
-180.885300
356.531128
-209.693649
-519.948181
153.197983
-284.324371
322.633118
632.836365
60.917503
-398.336914
282.926147
-0.633269
-0.481377
-0.585994
0.094368
1.286855
0.412298
0.201894
0.545707
0.613319
0.019929
-0.282324
0.332460
-0.407837
-0.522592
-0.061543
0.343498
-0.633269
-0.481377
-0.585994
0.094368
1.286855
0.412298
0.201894
0.545707
0.613319
0.019929
-0.282324
0.332460
-0.407837
-0.522592
-0.061543
0.343498
-0.633269
-0.481377
-0.585994
0.094368
1.286855
0.412298
0.201894
0.545707
0.613319
0.019929
-0.282324
0.332460
-0.407837
-0.522592
-0.061543
0.343498
-0.633269
-0.481377
-0.585994
0.094368
1.286855
0.412298
0.201894
0.545707
0.613319
0.019929
-0.282324
0.332460
-0.407837
-0.522592
-0.061543
0.343498
-0.633269
-0.481377
-0.585994
0.094368
1.286855
0.412298
0.201894
0.545707
0.613319
0.019929
-0.282324
0.332460
-0.407837
-0.522592
-0.061543
0.343498
-0.633269
-0.481377
-0.585994
0.094368
1.286855
0.412298
0.201894
0.545707
0.613319
0.019929
-0.282324
0.332460
-0.407837
-0.522592
-0.061543
0.343498
-0.633269
-0.481377
-0.585994
0.094368
1.286855
0.412298
0.201894
0.545707
0.613319
0.019929
-0.282324
0.332460
-0.407837
-0.522592
-0.061543
0.343498
-0.633269
-0.481377
-0.585994
0.094368
1.286855
0.412298
0.201894
0.545707
0.613319
0.019929
-0.282324
0.332460
-0.407837
-0.522592
-0.061543
0.343498
-0.633269
-0.481377
-0.585994
0.094368
1.286855
0.412298
0.201894
0.545707
0.613319
0.019929
-0.282324
0.332460
-0.407837
-0.522592
-0.061543
0.343498
-0.633269
-0.481377
-0.585994
0.094368
1.286855
0.412298
0.201894
0.545707
0.613319
0.019929
-0.282324
0.332460
-0.407837
-0.522592
-0.061543
0.343498
-0.633269
-0.481377
-0.585994
0.094368
1.286855
0.412298
0.201894
0.545707
0.613319
0.019929
-0.282324
0.332460
-0.407837
-0.522592
-0.061543
0.343498
-0.633269
-0.481377
-0.585994
0.094368
1.286855
0.412298
0.201894
0.545707
0.613319
0.019929
-0.282324
0.332460
-0.407837
-0.522592
-0.061543
0.343498
-0.633269
-0.481377
-0.585994
0.094368
1.286855
0.412298
0.201894
0.545707
0.613319
0.019929
-0.282324
0.332460
-0.407837
-0.522592
-0.061543
0.343498
