-4.614953
0.760180
39.671894
-399.347565
-128.026016
312.887756
505.761627
965.355652
-3.839016
-545.593750
-57.406582
78.808861
-245.877975
319.465027
238.695602
88.963638
22.558332
-4.926709
-25.710079
-44.511452
23.792337
35.404999
26.655626
-8.592721
-1.358792
23.649899
-23.945272
-13.498335
14.734372
-20.942150
-23.489851
13.508479
-1.151220
-0.281023
4.979952
2.080472
-7.822757
-0.981800
2.592522
-2.868370
-1.554876
3.099798
6.555474
-3.378697
4.180488
1.861403
2.218952
3.979179
-2.745966
1.581439
-15.704677
16.569061
20.545343
-23.065935
-2.704394
-7.018873
-2.891938
-5.381565
1.476637
13.456445
-4.658780
4.438111
-11.126341
3.615408
4.143992
-1.035511
-15.087240
8.680189
14.317659
-1.236954
22.922760
-47.258335
-20.573681
11.840195
4.077233
-0.823213
21.648357
2.159827
-1.527966
-14.957748
2.888751
3.081211
-39.868893
393.615082
128.254089
-309.519043
-494.104462
-940.922058
3.262570
538.252869
59.231037
-79.980019
241.320221
-314.402130
-237.397842
-85.452087
2.777751
-0.118274
14.544749
14.074966
-9.078708
-14.065260
-54.246510
-3.073626
24.906685
15.776132
-2.259985
-1.226287
-9.566493
-19.518291
-10.905026
6.325029
-0.729197
-0.181438
-0.233482
-0.027592
0.447134
0.086007
-0.263668
0.671125
0.236837
-0.184817
0.006325
0.248877
-0.442938
-0.261234
0.027218
0.119659
-0.729197
-0.181438
-0.233482
-0.027592
0.447134
0.086007
-0.263668
0.671125
0.236837
-0.184817
0.006325
0.248877
-0.442938
-0.261234
0.027218
0.119659
-0.729197
-0.181438
-0.233482
-0.027592
0.447134
0.086007
-0.263668
0.671125
0.236837
-0.184817
0.006325
0.248877
-0.442938
-0.261234
0.027218
0.119659
-0.729197
-0.181438
-0.233482
-0.027592
0.447134
0.086007
-0.263668
0.671125
0.236837
-0.184817
0.006325
0.248877
-0.442938
-0.261234
0.027218
0.119659
-0.729197
-0.181438
-0.233482
-0.027592
0.447134
0.086007
-0.263668
0.671125
0.236837
-0.184817
0.006325
0.248877
-0.442938
-0.261234
0.027218
0.119659
-0.729197
-0.181438
-0.233482
-0.027592
0.447134
0.086007
-0.263668
0.671125
0.236837
-0.184817
0.006325
0.248877
-0.442938
-0.261234
0.027218
0.119659
-0.729197
-0.181438
-0.233482
-0.027592
0.447134
0.086007
-0.263668
0.671125
0.236837
-0.184817
0.006325
0.248877
-0.442938
-0.261234
0.027218
0.119659
-0.729197
-0.181438
-0.233482
-0.027592
0.447134
0.086007
-0.263668
0.671125
0.236837
-0.184817
0.006325
0.248877
-0.442938
-0.261234
0.027218
0.119659
-0.729197
-0.181438
-0.233482
-0.027592
0.447134
0.086007
-0.263668
0.671125
0.236837
-0.184817
0.006325
0.248877
-0.442938
-0.261234
0.027218
0.119659
-0.729197
-0.181438
-0.233482
-0.027592
0.447134
0.086007
-0.263668
0.671125
0.236837
-0.184817
0.006325
0.248877
-0.442938
-0.261234
0.027218
0.119659
-0.729197
-0.181438
-0.233482
-0.027592
0.447134
0.086007
-0.263668
0.671125
0.236837
-0.184817
0.006325
0.248877
-0.442938
-0.261234
0.027218
0.119659
-0.729197
-0.181438
-0.233482
-0.027592
0.447134
0.086007
-0.263668
0.671125
0.236837
-0.184817
0.006325
0.248877
-0.442938
-0.261234
0.027218
0.119659
-0.729197
-0.181438
-0.233482
-0.027592
0.447134
0.086007
-0.263668
0.671125
0.236837
-0.184817
0.006325
0.248877
-0.442938
-0.261234
0.027218
0.119659
