-1.329444
-1.999024
289.159698
367.729309
-69.725822
-349.350342
-1113.412842
-339.426819
418.479065
397.296173
21.189173
-41.413944
40.780174
-440.107819
-364.725037
202.157333
0.048704
1.534357
-19.452665
-42.353844
-0.752877
41.443588
92.883850
51.354622
-28.322025
-39.831108
2.290712
-1.425850
-13.373432
31.112339
35.311081
-13.940058
3.268091
-0.404581
-23.234035
-18.026505
8.781171
15.628116
66.628571
2.825990
-31.574778
-17.354954
0.627341
1.656067
4.893179
27.517052
15.708208
-19.040503
1.083064
0.683632
-199.941605
-258.142090
46.613293
243.554672
795.089783
252.307526
-294.032990
-289.562225
-18.378082
35.030643
-25.474981
319.386871
255.302277
-133.478119
0.229047
-0.741880
-0.919128
-0.209477
0.117807
-0.082314
0.371941
0.627446
0.497934
-0.136398
0.065405
-0.082362
0.063952
0.006281
0.110949
0.468822
0.229047
-0.741880
-0.919128
-0.209477
0.117807
-0.082314
0.371941
0.627446
0.497934
-0.136398
0.065405
-0.082362
0.063952
0.006281
0.110949
0.468822
0.229047
-0.741880
-0.919128
-0.209477
0.117807
-0.082314
0.371941
0.627446
0.497934
-0.136398
0.065405
-0.082362
0.063952
0.006281
0.110949
0.468822
0.229047
-0.741880
-0.919128
-0.209477
0.117807
-0.082314
0.371941
0.627446
0.497934
-0.136398
0.065405
-0.082362
0.063952
0.006281
0.110949
0.468822
0.229047
-0.741880
-0.919128
-0.209477
0.117807
-0.082314
0.371941
0.627446
0.497934
-0.136398
0.065405
-0.082362
0.063952
0.006281
0.110949
0.468822
0.229047
-0.741880
-0.919128
-0.209477
0.117807
-0.082314
0.371941
0.627446
0.497934
-0.136398
0.065405
-0.082362
0.063952
0.006281
0.110949
0.468822
0.229047
-0.741880
-0.919128
-0.209477
0.117807
-0.082314
0.371941
0.627446
0.497934
-0.136398
0.065405
-0.082362
0.063952
0.006281
0.110949
0.468822
0.229047
-0.741880
-0.919128
-0.209477
0.117807
-0.082314
0.371941
0.627446
0.497934
-0.136398
0.065405
-0.082362
0.063952
0.006281
0.110949
0.468822
0.229047
-0.741880
-0.919128
-0.209477
0.117807
-0.082314
0.371941
0.627446
0.497934
-0.136398
0.065405
-0.082362
0.063952
0.006281
0.110949
0.468822
0.229047
-0.741880
-0.919128
-0.209477
0.117807
-0.082314
0.371941
0.627446
0.497934
-0.136398
0.065405
-0.082362
0.063952
0.006281
0.110949
0.468822
0.229047
-0.741880
-0.919128
-0.209477
0.117807
-0.082314
0.371941
0.627446
0.497934
-0.136398
0.065405
-0.082362
0.063952
0.006281
0.110949
0.468822
0.229047
-0.741880
-0.919128
-0.209477
0.117807
-0.082314
0.371941
0.627446
0.497934
-0.136398
0.065405
-0.082362
0.063952
0.006281
0.110949
0.468822
0.229047
-0.741880
-0.919128
-0.209477
0.117807
-0.082314
0.371941
0.627446
0.497934
-0.136398
0.065405
-0.082362
0.063952
0.006281
0.110949
0.468822
0.229047
-0.741880
-0.919128
-0.209477
0.117807
-0.082314
0.371941
0.627446
0.497934
-0.136398
0.065405
-0.082362
0.063952
0.006281
0.110949
0.468822
0.229047
-0.741880
-0.919128
-0.209477
0.117807
-0.082314
0.371941
0.627446
0.497934
-0.136398
0.065405
-0.082362
0.063952
0.006281
0.110949
0.468822
0.229047
-0.741880
-0.919128
-0.209477
0.117807
-0.082314
0.371941
0.627446
0.497934
-0.136398
0.065405
-0.082362
0.063952
0.006281
0.110949
0.468822
