2.526199
0.034176
13.101283
17.355095
-22.206825
-20.112780
-5.559593
7.919078
-7.691634
5.623909
14.845387
6.782315
9.585453
-1.516656
5.355903
10.454292
-1.102948
1.877604
4.689228
3.655512
-8.188783
-1.148900
0.959270
0.272263
-3.773024
0.123054
6.182935
-1.525007
4.915031
3.860328
3.236399
1.713636
-6.171342
-1.632885
352.348358
-141.986084
-493.982635
-513.570984
-180.818695
377.337585
621.354553
-298.232727
112.448517
1005.152954
-211.020020
-1062.843628
236.406769
946.005859
1.704926
1.625470
-144.369766
55.605259
202.027267
212.009094
74.193146
-156.104614
-255.875198
123.690750
-41.418873
-404.443726
69.360001
437.479858
-94.889664
-390.464813
0.695629
-1.230511
-23.522535
9.554366
34.864456
30.298306
7.161339
-22.084208
-36.917084
26.591263
-16.671551
-66.671921
24.641144
61.492058
-22.983522
-55.197411
0.257477
1.855610
-17.953108
10.560401
28.313969
23.222157
8.431723
-22.232262
-28.560459
16.593548
-9.638760
-45.329563
14.097411
49.059719
-15.789119
-43.408676
3.167333
-2.764399
-87.648880
28.211784
113.580391
135.436752
57.685822
-87.039711
-155.234451
60.829834
-14.439875
-251.107697
44.631107
262.289429
-44.706371
-234.929993
0.160865
-0.236087
-0.008084
-0.101092
0.270293
0.491010
-0.667830
0.180225
0.316603
0.209342
-0.318131
0.319625
0.204768
0.222169
0.328466
-0.134736
0.160865
-0.236087
-0.008084
-0.101092
0.270293
0.491010
-0.667830
0.180225
0.316603
0.209342
-0.318131
0.319625
0.204768
0.222169
0.328466
-0.134736
0.160865
-0.236087
-0.008084
-0.101092
0.270293
0.491010
-0.667830
0.180225
0.316603
0.209342
-0.318131
0.319625
0.204768
0.222169
0.328466
-0.134736
0.160865
-0.236087
-0.008084
-0.101092
0.270293
0.491010
-0.667830
0.180225
0.316603
0.209342
-0.318131
0.319625
0.204768
0.222169
0.328466
-0.134736
0.160865
-0.236087
-0.008084
-0.101092
0.270293
0.491010
-0.667830
0.180225
0.316603
0.209342
-0.318131
0.319625
0.204768
0.222169
0.328466
-0.134736
0.160865
-0.236087
-0.008084
-0.101092
0.270293
0.491010
-0.667830
0.180225
0.316603
0.209342
-0.318131
0.319625
0.204768
0.222169
0.328466
-0.134736
0.160865
-0.236087
-0.008084
-0.101092
0.270293
0.491010
-0.667830
0.180225
0.316603
0.209342
-0.318131
0.319625
0.204768
0.222169
0.328466
-0.134736
0.160865
-0.236087
-0.008084
-0.101092
0.270293
0.491010
-0.667830
0.180225
0.316603
0.209342
-0.318131
0.319625
0.204768
0.222169
0.328466
-0.134736
0.160865
-0.236087
-0.008084
-0.101092
0.270293
0.491010
-0.667830
0.180225
0.316603
0.209342
-0.318131
0.319625
0.204768
0.222169
0.328466
-0.134736
0.160865
-0.236087
-0.008084
-0.101092
0.270293
0.491010
-0.667830
0.180225
0.316603
0.209342
-0.318131
0.319625
0.204768
0.222169
0.328466
-0.134736
0.160865
-0.236087
-0.008084
-0.101092
0.270293
0.491010
-0.667830
0.180225
0.316603
0.209342
-0.318131
0.319625
0.204768
0.222169
0.328466
-0.134736
0.160865
-0.236087
-0.008084
-0.101092
0.270293
0.491010
-0.667830
0.180225
0.316603
0.209342
-0.318131
0.319625
0.204768
0.222169
0.328466
-0.134736
0.160865
-0.236087
-0.008084
-0.101092
0.270293
0.491010
-0.667830
0.180225
0.316603
0.209342
-0.318131
0.319625
0.204768
0.222169
0.328466
-0.134736
