0.574820
-1.453470
3.781761
-0.265829
-4.858103
5.405620
0.346410
-2.575299
1.492336
3.016551
3.185122
-6.713489
5.086629
-2.349623
3.202511
-0.718015
-4.406419
-3.172230
4.117181
-17.850788
-10.421722
27.809126
12.664492
9.948004
8.770195
9.509247
-5.740131
-13.776571
-3.723524
-16.223019
3.609019
-1.262460
-2.362865
-1.343574
416.430573
-123.233658
-380.383636
-514.143677
-152.534027
435.171722
466.068176
-159.327438
-86.977974
1039.080688
-131.255234
-1216.476685
119.312073
848.054810
-1.580802
3.736900
-219.969864
64.411346
208.842514
278.580231
88.759941
-240.511246
-246.706970
91.948387
54.707100
-559.839233
63.096977
655.107422
-59.445992
-463.859894
-2.548786
-0.720248
-17.731085
4.914530
19.358776
18.774769
6.407753
-16.944702
-19.911364
2.561992
-1.354962
-39.578102
2.739619
45.733757
-4.944785
-30.638288
1.319609
-1.106113
-65.184692
22.172079
56.729115
79.746826
15.475695
-66.899117
-76.861786
25.468176
7.964612
-163.379196
34.598534
191.207550
-27.128428
-130.289581
1.638764
1.373196
-27.482094
8.728946
20.617210
31.286695
12.246315
-26.155867
-28.422689
10.585255
2.114064
-63.413673
5.542384
74.424530
-6.879475
-52.211842
0.176709
-0.382805
0.745742
-0.248420
-0.398630
0.289572
-0.080703
0.791337
-0.605446
0.290210
1.000536
-0.731696
-0.088028
-0.112267
0.112352
-0.394877
0.176709
-0.382805
0.745742
-0.248420
-0.398630
0.289572
-0.080703
0.791337
-0.605446
0.290210
1.000536
-0.731696
-0.088028
-0.112267
0.112352
-0.394877
0.176709
-0.382805
0.745742
-0.248420
-0.398630
0.289572
-0.080703
0.791337
-0.605446
0.290210
1.000536
-0.731696
-0.088028
-0.112267
0.112352
-0.394877
0.176709
-0.382805
0.745742
-0.248420
-0.398630
0.289572
-0.080703
0.791337
-0.605446
0.290210
1.000536
-0.731696
-0.088028
-0.112267
0.112352
-0.394877
0.176709
-0.382805
0.745742
-0.248420
-0.398630
0.289572
-0.080703
0.791337
-0.605446
0.290210
1.000536
-0.731696
-0.088028
-0.112267
0.112352
-0.394877
0.176709
-0.382805
0.745742
-0.248420
-0.398630
0.289572
-0.080703
0.791337
-0.605446
0.290210
1.000536
-0.731696
-0.088028
-0.112267
0.112352
-0.394877
0.176709
-0.382805
0.745742
-0.248420
-0.398630
0.289572
-0.080703
0.791337
-0.605446
0.290210
1.000536
-0.731696
-0.088028
-0.112267
0.112352
-0.394877
0.176709
-0.382805
0.745742
-0.248420
-0.398630
0.289572
-0.080703
0.791337
-0.605446
0.290210
1.000536
-0.731696
-0.088028
-0.112267
0.112352
-0.394877
0.176709
-0.382805
0.745742
-0.248420
-0.398630
0.289572
-0.080703
0.791337
-0.605446
0.290210
1.000536
-0.731696
-0.088028
-0.112267
0.112352
-0.394877
0.176709
-0.382805
0.745742
-0.248420
-0.398630
0.289572
-0.080703
0.791337
-0.605446
0.290210
1.000536
-0.731696
-0.088028
-0.112267
0.112352
-0.394877
0.176709
-0.382805
0.745742
-0.248420
-0.398630
0.289572
-0.080703
0.791337
-0.605446
0.290210
1.000536
-0.731696
-0.088028
-0.112267
0.112352
-0.394877
0.176709
-0.382805
0.745742
-0.248420
-0.398630
0.289572
-0.080703
0.791337
-0.605446
0.290210
1.000536
-0.731696
-0.088028
-0.112267
0.112352
-0.394877
0.176709
-0.382805
0.745742
-0.248420
-0.398630
0.289572
-0.080703
0.791337
-0.605446
0.290210
1.000536
-0.731696
-0.088028
-0.112267
0.112352
-0.394877
