-0.694193
-3.297953
-17.401314
1.541109
30.033936
-6.594611
1.816074
-13.766602
1.417076
-5.704937
-8.944734
18.039953
-9.512445
5.254148
-11.578051
-3.998801
-1.307384
-2.242790
31.046501
16.413851
-27.858448
-19.841412
-13.873211
-13.448833
-0.022145
15.742090
28.612906
-1.970947
15.905787
-6.222583
11.771389
12.656006
2.879572
-0.001109
-238.025757
410.016663
637.488831
160.739883
-106.799011
-564.016174
-325.641541
613.526855
-573.763245
-698.372742
831.345947
731.612183
-708.323792
-530.260925
2.441873
3.989496
99.065735
-166.946274
-260.322876
-71.135262
46.508392
232.768005
143.502777
-249.129074
231.328171
296.994385
-343.381683
-317.224152
290.644012
230.379227
-0.988204
1.110212
11.558563
-14.230605
-32.606510
-5.261488
8.176135
25.817883
9.071748
-30.159874
24.715288
23.776049
-41.872303
-27.292103
34.315945
18.006842
-3.748429
0.378198
18.676746
-29.773006
-50.432709
-6.326814
10.215771
38.688152
15.140349
-42.890987
49.057362
43.900475
-60.923023
-41.774075
52.416588
27.586697
1.910117
-1.608160
61.310791
-98.893105
-150.654129
-42.985271
17.203251
138.860336
85.570229
-144.851593
132.850555
174.520142
-187.912689
-181.387939
163.350800
130.654099
-1.332131
0.141471
0.244898
0.784823
0.017451
0.073600
0.400101
0.131782
0.004056
-0.210301
-0.057715
0.155249
0.074856
-0.094788
0.221549
0.352394
-1.332131
0.141471
0.244898
0.784823
0.017451
0.073600
0.400101
0.131782
0.004056
-0.210301
-0.057715
0.155249
0.074856
-0.094788
0.221549
0.352394
-1.332131
0.141471
0.244898
0.784823
0.017451
0.073600
0.400101
0.131782
0.004056
-0.210301
-0.057715
0.155249
0.074856
-0.094788
0.221549
0.352394
-1.332131
0.141471
0.244898
0.784823
0.017451
0.073600
0.400101
0.131782
0.004056
-0.210301
-0.057715
0.155249
0.074856
-0.094788
0.221549
0.352394
-1.332131
0.141471
0.244898
0.784823
0.017451
0.073600
0.400101
0.131782
0.004056
-0.210301
-0.057715
0.155249
0.074856
-0.094788
0.221549
0.352394
-1.332131
0.141471
0.244898
0.784823
0.017451
0.073600
0.400101
0.131782
0.004056
-0.210301
-0.057715
0.155249
0.074856
-0.094788
0.221549
0.352394
-1.332131
0.141471
0.244898
0.784823
0.017451
0.073600
0.400101
0.131782
0.004056
-0.210301
-0.057715
0.155249
0.074856
-0.094788
0.221549
0.352394
-1.332131
0.141471
0.244898
0.784823
0.017451
0.073600
0.400101
0.131782
0.004056
-0.210301
-0.057715
0.155249
0.074856
-0.094788
0.221549
0.352394
-1.332131
0.141471
0.244898
0.784823
0.017451
0.073600
0.400101
0.131782
0.004056
-0.210301
-0.057715
0.155249
0.074856
-0.094788
0.221549
0.352394
-1.332131
0.141471
0.244898
0.784823
0.017451
0.073600
0.400101
0.131782
0.004056
-0.210301
-0.057715
0.155249
0.074856
-0.094788
0.221549
0.352394
-1.332131
0.141471
0.244898
0.784823
0.017451
0.073600
0.400101
0.131782
0.004056
-0.210301
-0.057715
0.155249
0.074856
-0.094788
0.221549
0.352394
-1.332131
0.141471
0.244898
0.784823
0.017451
0.073600
0.400101
0.131782
0.004056
-0.210301
-0.057715
0.155249
0.074856
-0.094788
0.221549
0.352394
-1.332131
0.141471
0.244898
0.784823
0.017451
0.073600
0.400101
0.131782
0.004056
-0.210301
-0.057715
0.155249
0.074856
-0.094788
0.221549
0.352394
