5.243817
-19.558397
-12.969801
42.435169
15.310883
-22.774746
-18.052294
-8.716955
5.528976
-2.623829
-3.699923
18.527287
-16.997581
3.152958
17.166924
-1.348802
0.728112
-1.458848
7.538933
-11.493777
4.372064
15.206034
-9.065177
5.299499
-2.018736
-25.006798
8.388617
28.799004
-9.618340
-4.481441
20.358232
0.720209
5.026134
-6.711871
364.180695
1481.260742
554.619019
1414.526489
-335.303955
-2662.175293
-412.185699
-3221.115723
510.719513
-2241.391602
-81.732239
-927.656006
2742.761230
1437.450195
-0.072887
4.109026
-8.453314
3.714442
-2.101601
-7.366495
7.703048
-6.850798
4.847946
14.863816
-8.324217
-20.505548
6.298164
-1.864957
-16.904961
4.192830
-5.816445
4.017980
-255.427780
-980.023315
-374.352264
-946.701477
229.016663
1782.525513
283.066437
2156.605469
-334.450287
1507.974609
52.360996
633.170532
-1842.315430
-946.683777
-1.698007
-0.601329
-45.596550
-155.458130
-70.415108
-145.716049
59.513771
273.074219
71.791367
335.271088
-33.568989
236.903122
16.815639
92.664474
-296.215942
-132.519363
1.336311
1.284177
-8.668260
-101.876709
-23.660988
-93.975983
1.667323
177.892944
-0.014215
211.821335
-52.032574
139.778336
-1.626406
58.020767
-170.292007
-118.630386
0.397870
-0.226300
-0.056415
-0.357277
0.191938
-0.225813
-0.238949
0.845410
-0.668499
1.161278
-0.626294
0.369873
0.254581
0.408264
-0.072280
-1.055827
0.397870
-0.226300
-0.056415
-0.357277
0.191938
-0.225813
-0.238949
0.845410
-0.668499
1.161278
-0.626294
0.369873
0.254581
0.408264
-0.072280
-1.055827
0.397870
-0.226300
-0.056415
-0.357277
0.191938
-0.225813
-0.238949
0.845410
-0.668499
1.161278
-0.626294
0.369873
0.254581
0.408264
-0.072280
-1.055827
0.397870
-0.226300
-0.056415
-0.357277
0.191938
-0.225813
-0.238949
0.845410
-0.668499
1.161278
-0.626294
0.369873
0.254581
0.408264
-0.072280
-1.055827
0.397870
-0.226300
-0.056415
-0.357277
0.191938
-0.225813
-0.238949
0.845410
-0.668499
1.161278
-0.626294
0.369873
0.254581
0.408264
-0.072280
-1.055827
0.397870
-0.226300
-0.056415
-0.357277
0.191938
-0.225813
-0.238949
0.845410
-0.668499
1.161278
-0.626294
0.369873
0.254581
0.408264
-0.072280
-1.055827
0.397870
-0.226300
-0.056415
-0.357277
0.191938
-0.225813
-0.238949
0.845410
-0.668499
1.161278
-0.626294
0.369873
0.254581
0.408264
-0.072280
-1.055827
0.397870
-0.226300
-0.056415
-0.357277
0.191938
-0.225813
-0.238949
0.845410
-0.668499
1.161278
-0.626294
0.369873
0.254581
0.408264
-0.072280
-1.055827
0.397870
-0.226300
-0.056415
-0.357277
0.191938
-0.225813
-0.238949
0.845410
-0.668499
1.161278
-0.626294
0.369873
0.254581
0.408264
-0.072280
-1.055827
0.397870
-0.226300
-0.056415
-0.357277
0.191938
-0.225813
-0.238949
0.845410
-0.668499
1.161278
-0.626294
0.369873
0.254581
0.408264
-0.072280
-1.055827
0.397870
-0.226300
-0.056415
-0.357277
0.191938
-0.225813
-0.238949
0.845410
-0.668499
1.161278
-0.626294
0.369873
0.254581
0.408264
-0.072280
-1.055827
0.397870
-0.226300
-0.056415
-0.357277
0.191938
-0.225813
-0.238949
0.845410
-0.668499
1.161278
-0.626294
0.369873
0.254581
0.408264
-0.072280
-1.055827
0.397870
-0.226300
-0.056415
-0.357277
0.191938
-0.225813
-0.238949
0.845410
-0.668499
1.161278
-0.626294
0.369873
0.254581
0.408264
-0.072280
-1.055827
