-2.553441
-2.067161
-12.647371
-13.373769
10.608169
19.639875
6.533587
-3.344840
13.513877
-9.654685
-9.209268
-9.790484
-5.246661
-2.434729
0.456530
-6.497082
-2.479914
1.170494
11.310456
14.389366
-22.473583
-32.910755
-1.091114
-12.401056
-21.719193
-1.263891
23.775385
12.190092
18.278290
24.984879
2.059836
6.228513
-1.363421
1.643412
-10.218270
-0.063812
8.606017
-5.936615
-8.865608
-1.112207
2.829097
1.477253
-4.453403
-5.016891
5.717535
-4.303973
-6.731972
-6.937538
4.488145
-3.094882
94.055939
426.384186
559.241882
-204.765366
-438.681793
-442.339325
144.615738
715.699707
-820.929199
-134.253494
903.879883
73.481331
-886.918335
47.970406
-0.121970
-0.730509
-7.759077
-20.217102
-25.602556
12.718440
25.807455
18.707479
-12.126912
-41.459030
42.151051
-0.176283
-49.117805
0.134177
46.843586
-9.651743
-2.510926
1.072045
-38.300018
-212.372665
-280.310394
89.132973
208.223633
227.090424
-55.463497
-355.153229
403.628784
80.040047
-444.841797
-52.195366
437.901184
-1.859261
-2.092642
2.534249
-10.185777
-18.515684
-25.291565
19.147648
27.167002
14.069131
-18.052843
-31.246630
40.504539
-7.565810
-43.099697
11.105776
39.211037
-21.016230
-2.577914
1.968042
-8.615242
-78.166069
-105.793526
17.618322
66.693100
90.556458
-6.381244
-128.886627
142.955765
47.173752
-161.290298
-34.380966
164.876907
14.862121
0.593544
-0.821437
0.782660
-0.462592
0.027990
0.319494
-0.044621
-0.585943
-0.205836
0.037835
0.338797
-0.451516
0.095131
0.010314
-0.092274
-0.689077
0.593544
-0.821437
0.782660
-0.462592
0.027990
0.319494
-0.044621
-0.585943
-0.205836
0.037835
0.338797
-0.451516
0.095131
0.010314
-0.092274
-0.689077
0.593544
-0.821437
0.782660
-0.462592
0.027990
0.319494
-0.044621
-0.585943
-0.205836
0.037835
0.338797
-0.451516
0.095131
0.010314
-0.092274
-0.689077
0.593544
-0.821437
0.782660
-0.462592
0.027990
0.319494
-0.044621
-0.585943
-0.205836
0.037835
0.338797
-0.451516
0.095131
0.010314
-0.092274
-0.689077
0.593544
-0.821437
0.782660
-0.462592
0.027990
0.319494
-0.044621
-0.585943
-0.205836
0.037835
0.338797
-0.451516
0.095131
0.010314
-0.092274
-0.689077
0.593544
-0.821437
0.782660
-0.462592
0.027990
0.319494
-0.044621
-0.585943
-0.205836
0.037835
0.338797
-0.451516
0.095131
0.010314
-0.092274
-0.689077
0.593544
-0.821437
0.782660
-0.462592
0.027990
0.319494
-0.044621
-0.585943
-0.205836
0.037835
0.338797
-0.451516
0.095131
0.010314
-0.092274
-0.689077
0.593544
-0.821437
0.782660
-0.462592
0.027990
0.319494
-0.044621
-0.585943
-0.205836
0.037835
0.338797
-0.451516
0.095131
0.010314
-0.092274
-0.689077
0.593544
-0.821437
0.782660
-0.462592
0.027990
0.319494
-0.044621
-0.585943
-0.205836
0.037835
0.338797
-0.451516
0.095131
0.010314
-0.092274
-0.689077
0.593544
-0.821437
0.782660
-0.462592
0.027990
0.319494
-0.044621
-0.585943
-0.205836
0.037835
0.338797
-0.451516
0.095131
0.010314
-0.092274
-0.689077
0.593544
-0.821437
0.782660
-0.462592
0.027990
0.319494
-0.044621
-0.585943
-0.205836
0.037835
0.338797
-0.451516
0.095131
0.010314
-0.092274
-0.689077
0.593544
-0.821437
0.782660
-0.462592
0.027990
0.319494
-0.044621
-0.585943
-0.205836
0.037835
0.338797
-0.451516
0.095131
0.010314
-0.092274
-0.689077
