251.284103
64.298889
17024.582031
-25240.273438
-17320.640625
-7988.504883
47313.242188
-31027.652344
-23778.732422
10048.287109
36296.093750
4278.743164
-235.384201
21006.908203
11058.778320
16718.705078
4.793082
0.135581
76.184975
277.797882
92.381516
-180.138855
29.921972
220.885239
196.992935
49.992836
446.101196
-90.614082
166.488342
55.382175
121.472954
-72.627647
-83.359146
-21.194363
-5579.020020
8206.202148
5612.947266
2621.258301
-15475.671875
9996.806641
7730.628906
-3225.545410
-11832.136719
-1425.772827
126.512672
-6812.712891
-3550.606689
-5468.487793
-79.588669
-22.529226
-5470.378418
7927.840332
5474.635254
2579.801514
-15044.678711
9712.448242
7575.751953
-3126.052002
-11467.442383
-1468.371094
113.300797
-6670.738281
-3464.687988
-5319.478027
-10.398695
-0.807105
-618.898926
1273.081665
852.225525
252.505478
-1970.861328
1740.906738
1033.700317
-620.193176
-1696.387573
40.168781
-125.154678
-972.418823
-624.368286
-696.417664
-14.430159
-1.635081
-990.328979
1824.266724
1228.832520
428.818176
-3010.544678
2419.613770
1553.115723
-831.423401
-2491.865479
-65.845139
-118.930267
-1427.412598
-866.999695
-1060.834595
-0.491411
-0.398013
1.632808
-0.343360
-0.265046
-1.424090
3.491175
0.546658
-1.816873
-0.694592
2.154010
1.766754
-1.499777
1.337666
-0.045257
1.431979
-0.491411
-0.398013
1.632808
-0.343360
-0.265046
-1.424090
3.491175
0.546658
-1.816873
-0.694592
2.154010
1.766754
-1.499777
1.337666
-0.045257
1.431979
-0.491411
-0.398013
1.632808
-0.343360
-0.265046
-1.424090
3.491175
0.546658
-1.816873
-0.694592
2.154010
1.766754
-1.499777
1.337666
-0.045257
1.431979
-0.491411
-0.398013
1.632808
-0.343360
-0.265046
-1.424090
3.491175
0.546658
-1.816873
-0.694592
2.154010
1.766754
-1.499777
1.337666
-0.045257
1.431979
-0.491411
-0.398013
1.632808
-0.343360
-0.265046
-1.424090
3.491175
0.546658
-1.816873
-0.694592
2.154010
1.766754
-1.499777
1.337666
-0.045257
1.431979
-0.491411
-0.398013
1.632808
-0.343360
-0.265046
-1.424090
3.491175
0.546658
-1.816873
-0.694592
2.154010
1.766754
-1.499777
1.337666
-0.045257
1.431979
-0.491411
-0.398013
1.632808
-0.343360
-0.265046
-1.424090
3.491175
0.546658
-1.816873
-0.694592
2.154010
1.766754
-1.499777
1.337666
-0.045257
1.431979
-0.491411
-0.398013
1.632808
-0.343360
-0.265046
-1.424090
3.491175
0.546658
-1.816873
-0.694592
2.154010
1.766754
-1.499777
1.337666
-0.045257
1.431979
-0.491411
-0.398013
1.632808
-0.343360
-0.265046
-1.424090
3.491175
0.546658
-1.816873
-0.694592
2.154010
1.766754
-1.499777
1.337666
-0.045257
1.431979
-0.491411
-0.398013
1.632808
-0.343360
-0.265046
-1.424090
3.491175
0.546658
-1.816873
-0.694592
2.154010
1.766754
-1.499777
1.337666
-0.045257
1.431979
-0.491411
-0.398013
1.632808
-0.343360
-0.265046
-1.424090
3.491175
0.546658
-1.816873
-0.694592
2.154010
1.766754
-1.499777
1.337666
-0.045257
1.431979
-0.491411
-0.398013
1.632808
-0.343360
-0.265046
-1.424090
3.491175
0.546658
-1.816873
-0.694592
2.154010
1.766754
-1.499777
1.337666
-0.045257
1.431979
-0.491411
-0.398013
1.632808
-0.343360
-0.265046
-1.424090
3.491175
0.546658
-1.816873
-0.694592
2.154010
1.766754
-1.499777
1.337666
-0.045257
1.431979
-0.491411
-0.398013
1.632808
-0.343360
-0.265046
-1.424090
3.491175
0.546658
-1.816873
-0.694592
2.154010
1.766754
-1.499777
1.337666
-0.045257
1.431979
