-235.062256
-131.981018
-22203.386719
21997.001953
14360.783203
11787.657227
-52675.886719
19966.013672
25950.193359
-2585.879395
-32905.589844
-13541.981445
4600.310059
-22166.320313
-5719.932129
-18649.810547
-4.005069
1.654258
-130.174683
-256.925049
-39.328098
188.964981
-83.298035
-207.067780
-204.270981
7.517221
-394.286285
206.077789
-192.327209
-24.878563
-95.280434
100.806801
1.935111
-0.603801
72.643288
135.877319
19.915369
-99.297714
46.576542
111.082840
103.754387
-5.659381
203.040619
-102.765724
96.743469
12.464953
46.997406
-53.343658
121.167336
69.083649
11496.056641
-11290.610352
-7376.719727
-6127.213379
27125.595703
-10156.926758
-13366.993164
1256.349487
16896.019531
7066.015625
-2414.801758
11403.980469
2884.696289
9644.709961
12.743305
5.547955
1198.645386
-978.554016
-649.958191
-647.163940
2676.489502
-752.931946
-1283.870483
8.118392
1565.136841
816.963745
-327.416077
1075.150391
204.448883
945.355774
34.364544
24.964602
3649.990967
-3557.617188
-2326.984375
-1943.501099
8694.458008
-3163.901123
-4267.901367
388.175507
5355.834961
2248.050537
-796.737000
3617.900391
912.194824
3042.122070
8.964159
6.334340
1100.870483
-967.712524
-636.894531
-585.609558
2511.074219
-790.047424
-1212.972046
49.069332
1511.369995
725.376831
-273.787750
1016.713745
218.336105
884.147461
-0.602383
0.402140
-4.588480
0.216764
0.694103
2.757566
-7.434267
-2.130350
2.981438
2.429729
-2.455900
-4.406129
2.628585
-1.979460
0.528235
-2.698341
-0.602383
0.402140
-4.588480
0.216764
0.694103
2.757566
-7.434267
-2.130350
2.981438
2.429729
-2.455900
-4.406129
2.628585
-1.979460
0.528235
-2.698341
-0.602383
0.402140
-4.588480
0.216764
0.694103
2.757566
-7.434267
-2.130350
2.981438
2.429729
-2.455900
-4.406129
2.628585
-1.979460
0.528235
-2.698341
-0.602383
0.402140
-4.588480
0.216764
0.694103
2.757566
-7.434267
-2.130350
2.981438
2.429729
-2.455900
-4.406129
2.628585
-1.979460
0.528235
-2.698341
-0.602383
0.402140
-4.588480
0.216764
0.694103
2.757566
-7.434267
-2.130350
2.981438
2.429729
-2.455900
-4.406129
2.628585
-1.979460
0.528235
-2.698341
-0.602383
0.402140
-4.588480
0.216764
0.694103
2.757566
-7.434267
-2.130350
2.981438
2.429729
-2.455900
-4.406129
2.628585
-1.979460
0.528235
-2.698341
-0.602383
0.402140
-4.588480
0.216764
0.694103
2.757566
-7.434267
-2.130350
2.981438
2.429729
-2.455900
-4.406129
2.628585
-1.979460
0.528235
-2.698341
-0.602383
0.402140
-4.588480
0.216764
0.694103
2.757566
-7.434267
-2.130350
2.981438
2.429729
-2.455900
-4.406129
2.628585
-1.979460
0.528235
-2.698341
-0.602383
0.402140
-4.588480
0.216764
0.694103
2.757566
-7.434267
-2.130350
2.981438
2.429729
-2.455900
-4.406129
2.628585
-1.979460
0.528235
-2.698341
-0.602383
0.402140
-4.588480
0.216764
0.694103
2.757566
-7.434267
-2.130350
2.981438
2.429729
-2.455900
-4.406129
2.628585
-1.979460
0.528235
-2.698341
-0.602383
0.402140
-4.588480
0.216764
0.694103
2.757566
-7.434267
-2.130350
2.981438
2.429729
-2.455900
-4.406129
2.628585
-1.979460
0.528235
-2.698341
-0.602383
0.402140
-4.588480
0.216764
0.694103
2.757566
-7.434267
-2.130350
2.981438
2.429729
-2.455900
-4.406129
2.628585
-1.979460
0.528235
-2.698341
-0.602383
0.402140
-4.588480
0.216764
0.694103
2.757566
-7.434267
-2.130350
2.981438
2.429729
-2.455900
-4.406129
2.628585
-1.979460
0.528235
-2.698341
