84.760109
42.710190
6079.025391
14818.293945
7224.366699
-176.947510
4051.628174
-5902.029785
-6949.113770
3974.054443
16279.378906
13290.747070
-6022.768066
3372.181396
-12982.365234
-5283.052734
0.145821
-2.947233
105.201836
-118.762703
-66.571426
49.079193
-4.852585
31.149252
54.680260
23.653595
188.180817
-183.813400
51.783226
-33.627998
-98.571152
-8.354634
-0.863518
2.779014
-78.424873
96.019470
50.317379
-38.741096
2.296723
-21.537111
-45.448692
-18.880774
-147.443207
143.061798
-37.482708
32.718166
79.056267
4.756711
-66.987999
-33.654839
-4965.708984
-12001.166992
-5871.163574
241.234024
-3173.735596
4693.808105
5528.006348
-3186.697510
-13130.546875
-10670.128906
4904.057129
-2806.655518
10548.494141
4238.467773
-4.156109
0.817255
-729.379883
-464.016602
-308.439209
197.923218
-34.617474
420.774658
216.715195
-404.817841
-1167.524658
-107.643036
154.531387
-312.683502
730.473145
-158.343109
-2.825036
-2.530250
154.558609
-645.338379
-257.629852
-178.293121
-293.608917
120.695473
339.701965
16.418158
-238.723801
-845.420349
281.745056
45.811298
317.107117
484.914001
-0.464457
0.706709
-1.846748
3.879355
1.508998
1.431262
1.808396
0.356555
-2.751154
-0.469456
0.716740
5.250431
-1.545005
-0.758587
-1.687063
-3.297349
-0.464457
0.706709
-1.846748
3.879355
1.508998
1.431262
1.808396
0.356555
-2.751154
-0.469456
0.716740
5.250431
-1.545005
-0.758587
-1.687063
-3.297349
-0.464457
0.706709
-1.846748
3.879355
1.508998
1.431262
1.808396
0.356555
-2.751154
-0.469456
0.716740
5.250431
-1.545005
-0.758587
-1.687063
-3.297349
-0.464457
0.706709
-1.846748
3.879355
1.508998
1.431262
1.808396
0.356555
-2.751154
-0.469456
0.716740
5.250431
-1.545005
-0.758587
-1.687063
-3.297349
-0.464457
0.706709
-1.846748
3.879355
1.508998
1.431262
1.808396
0.356555
-2.751154
-0.469456
0.716740
5.250431
-1.545005
-0.758587
-1.687063
-3.297349
-0.464457
0.706709
-1.846748
3.879355
1.508998
1.431262
1.808396
0.356555
-2.751154
-0.469456
0.716740
5.250431
-1.545005
-0.758587
-1.687063
-3.297349
-0.464457
0.706709
-1.846748
3.879355
1.508998
1.431262
1.808396
0.356555
-2.751154
-0.469456
0.716740
5.250431
-1.545005
-0.758587
-1.687063
-3.297349
-0.464457
0.706709
-1.846748
3.879355
1.508998
1.431262
1.808396
0.356555
-2.751154
-0.469456
0.716740
5.250431
-1.545005
-0.758587
-1.687063
-3.297349
-0.464457
0.706709
-1.846748
3.879355
1.508998
1.431262
1.808396
0.356555
-2.751154
-0.469456
0.716740
5.250431
-1.545005
-0.758587
-1.687063
-3.297349
-0.464457
0.706709
-1.846748
3.879355
1.508998
1.431262
1.808396
0.356555
-2.751154
-0.469456
0.716740
5.250431
-1.545005
-0.758587
-1.687063
-3.297349
-0.464457
0.706709
-1.846748
3.879355
1.508998
1.431262
1.808396
0.356555
-2.751154
-0.469456
0.716740
5.250431
-1.545005
-0.758587
-1.687063
-3.297349
-0.464457
0.706709
-1.846748
3.879355
1.508998
1.431262
1.808396
0.356555
-2.751154
-0.469456
0.716740
5.250431
-1.545005
-0.758587
-1.687063
-3.297349
-0.464457
0.706709
-1.846748
3.879355
1.508998
1.431262
1.808396
0.356555
-2.751154
-0.469456
0.716740
5.250431
-1.545005
-0.758587
-1.687063
-3.297349
-0.464457
0.706709
-1.846748
3.879355
1.508998
1.431262
1.808396
0.356555
-2.751154
-0.469456
0.716740
5.250431
-1.545005
-0.758587
-1.687063
-3.297349
