89.877754
63.004578
4074.968262
14586.617188
7367.964355
1055.595093
5508.402344
-4418.955566
-7426.512695
4422.039551
15923.149414
15259.580078
-7711.684082
1431.365723
-10988.538086
-6973.628906
3.795741
-0.081116
85.889847
-120.526512
-56.080982
52.750072
-1.604487
27.581787
64.485863
20.652637
187.960236
-204.719025
30.726099
-53.295341
-87.579720
8.942530
-6.363487
0.801303
-44.791950
69.546761
28.572643
-30.913683
-1.598972
-17.739990
-35.288227
-13.602880
-99.779678
115.004425
-16.904238
34.621983
50.897251
-7.176010
-50.560383
-36.072803
-2120.484375
-8149.420898
-4028.495605
-692.644409
-3088.043945
2367.234863
4129.837891
-2338.600098
-8627.880859
-8602.965820
4291.744141
-693.619995
6031.583008
3978.397705
-10.589654
-10.428333
-404.789917
-2252.855469
-1109.159790
-248.335373
-918.475952
597.244934
1201.029541
-587.166626
-2220.616699
-2559.660400
1193.786011
-99.525848
1543.817627
1234.745361
-5.723266
-4.672720
-458.702484
-925.621887
-507.932983
37.791351
-307.108490
363.824188
440.174103
-398.071503
-1276.124512
-821.027222
485.103760
-198.355240
821.123413
318.416260
-0.223295
0.314723
-0.747409
1.148120
0.587746
0.916910
0.882900
0.458474
-1.168385
0.438929
-0.004460
2.827700
-0.876064
0.304136
-0.114952
-1.521164
-0.223295
0.314723
-0.747409
1.148120
0.587746
0.916910
0.882900
0.458474
-1.168385
0.438929
-0.004460
2.827700
-0.876064
0.304136
-0.114952
-1.521164
-0.223295
0.314723
-0.747409
1.148120
0.587746
0.916910
0.882900
0.458474
-1.168385
0.438929
-0.004460
2.827700
-0.876064
0.304136
-0.114952
-1.521164
-0.223295
0.314723
-0.747409
1.148120
0.587746
0.916910
0.882900
0.458474
-1.168385
0.438929
-0.004460
2.827700
-0.876064
0.304136
-0.114952
-1.521164
-0.223295
0.314723
-0.747409
1.148120
0.587746
0.916910
0.882900
0.458474
-1.168385
0.438929
-0.004460
2.827700
-0.876064
0.304136
-0.114952
-1.521164
-0.223295
0.314723
-0.747409
1.148120
0.587746
0.916910
0.882900
0.458474
-1.168385
0.438929
-0.004460
2.827700
-0.876064
0.304136
-0.114952
-1.521164
-0.223295
0.314723
-0.747409
1.148120
0.587746
0.916910
0.882900
0.458474
-1.168385
0.438929
-0.004460
2.827700
-0.876064
0.304136
-0.114952
-1.521164
-0.223295
0.314723
-0.747409
1.148120
0.587746
0.916910
0.882900
0.458474
-1.168385
0.438929
-0.004460
2.827700
-0.876064
0.304136
-0.114952
-1.521164
-0.223295
0.314723
-0.747409
1.148120
0.587746
0.916910
0.882900
0.458474
-1.168385
0.438929
-0.004460
2.827700
-0.876064
0.304136
-0.114952
-1.521164
-0.223295
0.314723
-0.747409
1.148120
0.587746
0.916910
0.882900
0.458474
-1.168385
0.438929
-0.004460
2.827700
-0.876064
0.304136
-0.114952
-1.521164
-0.223295
0.314723
-0.747409
1.148120
0.587746
0.916910
0.882900
0.458474
-1.168385
0.438929
-0.004460
2.827700
-0.876064
0.304136
-0.114952
-1.521164
-0.223295
0.314723
-0.747409
1.148120
0.587746
0.916910
0.882900
0.458474
-1.168385
0.438929
-0.004460
2.827700
-0.876064
0.304136
-0.114952
-1.521164
-0.223295
0.314723
-0.747409
1.148120
0.587746
0.916910
0.882900
0.458474
-1.168385
0.438929
-0.004460
2.827700
-0.876064
0.304136
-0.114952
-1.521164
-0.223295
0.314723
-0.747409
1.148120
0.587746
0.916910
0.882900
0.458474
-1.168385
0.438929
-0.004460
2.827700
-0.876064
0.304136
-0.114952
-1.521164
