26.783798
-114.788872
13537.371094
-11961.290039
-2235.460693
-8204.052734
-7541.078125
-3846.468262
7599.349121
6699.478027
10189.597656
-21694.458984
5208.685547
6563.710938
-467.871735
16006.026367
1.016859
2.369071
89.567276
154.674759
-31.165125
-84.574951
-32.494507
-15.732979
-52.162373
63.606201
150.808914
268.121521
33.411015
61.020016
42.856934
-99.870895
-3.462138
3.313560
-38.116676
-75.826851
17.267042
44.415920
16.242031
4.725367
19.562277
-24.445154
-65.543678
-122.798454
-9.830759
-31.462133
-30.886421
46.382538
-11.053812
53.406513
-6209.232422
5669.816406
1053.457031
3823.060791
3543.067383
1765.055908
-3594.117188
-3085.959473
-4635.635742
10130.351563
-2456.125732
-3022.412354
93.516922
-7459.407715
-0.525094
5.109410
-463.050018
369.477020
69.348373
267.875366
236.922836
132.890564
-240.187225
-224.704926
-369.708618
701.980164
-160.525375
-221.229660
36.479332
-521.134949
-3.369742
9.857869
-1055.026367
850.810059
138.941757
614.536011
546.837952
311.988770
-543.750488
-522.484070
-829.417297
1590.682129
-364.533020
-506.884247
89.225792
-1189.960938
-4.075630
22.073996
-2734.349365
2560.897461
536.778015
1678.768799
1586.731689
739.993408
-1605.344849
-1335.506958
-1951.365601
4575.874023
-1130.493774
-1329.941162
9.561992
-3318.875732
0.189049
-0.484932
-3.668690
-0.345340
-0.818371
1.724228
0.724768
1.634364
0.090603
-1.966729
-4.636288
1.876842
0.816348
-1.828316
2.336176
-2.632218
0.189049
-0.484932
-3.668690
-0.345340
-0.818371
1.724228
0.724768
1.634364
0.090603
-1.966729
-4.636288
1.876842
0.816348
-1.828316
2.336176
-2.632218
0.189049
-0.484932
-3.668690
-0.345340
-0.818371
1.724228
0.724768
1.634364
0.090603
-1.966729
-4.636288
1.876842
0.816348
-1.828316
2.336176
-2.632218
0.189049
-0.484932
-3.668690
-0.345340
-0.818371
1.724228
0.724768
1.634364
0.090603
-1.966729
-4.636288
1.876842
0.816348
-1.828316
2.336176
-2.632218
0.189049
-0.484932
-3.668690
-0.345340
-0.818371
1.724228
0.724768
1.634364
0.090603
-1.966729
-4.636288
1.876842
0.816348
-1.828316
2.336176
-2.632218
0.189049
-0.484932
-3.668690
-0.345340
-0.818371
1.724228
0.724768
1.634364
0.090603
-1.966729
-4.636288
1.876842
0.816348
-1.828316
2.336176
-2.632218
0.189049
-0.484932
-3.668690
-0.345340
-0.818371
1.724228
0.724768
1.634364
0.090603
-1.966729
-4.636288
1.876842
0.816348
-1.828316
2.336176
-2.632218
0.189049
-0.484932
-3.668690
-0.345340
-0.818371
1.724228
0.724768
1.634364
0.090603
-1.966729
-4.636288
1.876842
0.816348
-1.828316
2.336176
-2.632218
0.189049
-0.484932
-3.668690
-0.345340
-0.818371
1.724228
0.724768
1.634364
0.090603
-1.966729
-4.636288
1.876842
0.816348
-1.828316
2.336176
-2.632218
0.189049
-0.484932
-3.668690
-0.345340
-0.818371
1.724228
0.724768
1.634364
0.090603
-1.966729
-4.636288
1.876842
0.816348
-1.828316
2.336176
-2.632218
0.189049
-0.484932
-3.668690
-0.345340
-0.818371
1.724228
0.724768
1.634364
0.090603
-1.966729
-4.636288
1.876842
0.816348
-1.828316
2.336176
-2.632218
0.189049
-0.484932
-3.668690
-0.345340
-0.818371
1.724228
0.724768
1.634364
0.090603
-1.966729
-4.636288
1.876842
0.816348
-1.828316
2.336176
-2.632218
0.189049
-0.484932
-3.668690
-0.345340
-0.818371
1.724228
0.724768
1.634364
0.090603
-1.966729
-4.636288
1.876842
0.816348
-1.828316
2.336176
-2.632218
