-108.455872
47.832226
-13277.931641
-3830.568115
-3666.862061
11733.270508
1356.601440
8944.910156
-332.776001
-9848.851563
-22984.542969
6182.732910
1248.771606
-10463.630859
9005.527344
-7511.726563
-4.105296
-1.010474
-132.806229
-8.121477
104.025742
75.084656
30.455521
-22.826784
-10.194283
-76.532150
-296.624908
-57.528908
-84.968262
-18.087696
35.778969
73.936981
2.933208
0.816717
65.478851
1.044651
-56.004700
-32.807796
-16.238441
14.702327
7.292259
34.938858
142.032608
21.444092
41.121498
10.817731
-14.400191
-34.930622
50.982784
-19.602497
6126.742676
2021.982666
1911.764404
-5398.548828
-466.765106
-4199.413086
-14.780480
4577.945313
10801.712891
-2517.019531
-760.629639
4855.680664
-4323.516113
3350.821045
8.245399
-1.738310
645.760193
151.410889
143.663452
-577.415527
-87.710228
-427.440887
44.258488
480.685059
1100.609009
-347.099884
-36.042614
504.525330
-413.607178
395.230560
6.446414
-2.781372
816.212280
80.006157
96.696648
-718.940979
-170.959091
-513.474304
122.609955
569.800842
1279.792847
-609.567566
37.482063
623.748230
-446.731537
535.847839
21.025513
-8.547766
2614.521973
1037.004272
978.165161
-2308.196045
-103.982315
-1832.366699
-130.361771
2010.275879
4787.508789
-770.895996
-466.199554
2092.295410
-1980.430420
1330.170898
-0.087933
-0.072568
1.629950
2.575489
1.477807
-1.254416
1.526637
-1.574436
-1.364326
1.395448
4.518169
1.489366
-1.175251
1.655989
-1.807976
0.062426
-0.087933
-0.072568
1.629950
2.575489
1.477807
-1.254416
1.526637
-1.574436
-1.364326
1.395448
4.518169
1.489366
-1.175251
1.655989
-1.807976
0.062426
-0.087933
-0.072568
1.629950
2.575489
1.477807
-1.254416
1.526637
-1.574436
-1.364326
1.395448
4.518169
1.489366
-1.175251
1.655989
-1.807976
0.062426
-0.087933
-0.072568
1.629950
2.575489
1.477807
-1.254416
1.526637
-1.574436
-1.364326
1.395448
4.518169
1.489366
-1.175251
1.655989
-1.807976
0.062426
-0.087933
-0.072568
1.629950
2.575489
1.477807
-1.254416
1.526637
-1.574436
-1.364326
1.395448
4.518169
1.489366
-1.175251
1.655989
-1.807976
0.062426
-0.087933
-0.072568
1.629950
2.575489
1.477807
-1.254416
1.526637
-1.574436
-1.364326
1.395448
4.518169
1.489366
-1.175251
1.655989
-1.807976
0.062426
-0.087933
-0.072568
1.629950
2.575489
1.477807
-1.254416
1.526637
-1.574436
-1.364326
1.395448
4.518169
1.489366
-1.175251
1.655989
-1.807976
0.062426
-0.087933
-0.072568
1.629950
2.575489
1.477807
-1.254416
1.526637
-1.574436
-1.364326
1.395448
4.518169
1.489366
-1.175251
1.655989
-1.807976
0.062426
-0.087933
-0.072568
1.629950
2.575489
1.477807
-1.254416
1.526637
-1.574436
-1.364326
1.395448
4.518169
1.489366
-1.175251
1.655989
-1.807976
0.062426
-0.087933
-0.072568
1.629950
2.575489
1.477807
-1.254416
1.526637
-1.574436
-1.364326
1.395448
4.518169
1.489366
-1.175251
1.655989
-1.807976
0.062426
-0.087933
-0.072568
1.629950
2.575489
1.477807
-1.254416
1.526637
-1.574436
-1.364326
1.395448
4.518169
1.489366
-1.175251
1.655989
-1.807976
0.062426
-0.087933
-0.072568
1.629950
2.575489
1.477807
-1.254416
1.526637
-1.574436
-1.364326
1.395448
4.518169
1.489366
-1.175251
1.655989
-1.807976
0.062426
-0.087933
-0.072568
1.629950
2.575489
1.477807
-1.254416
1.526637
-1.574436
-1.364326
1.395448
4.518169
1.489366
-1.175251
1.655989
-1.807976
0.062426
