-1.549548
4.320514
11.484775
-7.556193
-4.481001
14.464263
-6.091908
3.323995
7.773941
-22.941832
-8.728503
23.343481
-3.930220
-15.985086
12.629134
9.590310
3.055171
-6.882176
1183.637207
881.692322
1183.222534
603.361389
-1056.587402
-2132.260498
-1766.029541
-2781.504639
-896.688171
-1920.997681
-1161.579712
-937.810547
2849.428711
-394.093750
0.591426
-2.892496
-8.531046
2.397713
6.733148
-10.974592
5.791954
-2.996647
-4.209762
17.977072
6.318186
-22.121752
3.911580
9.896585
-14.762691
-6.283075
-1.634567
7.175424
-936.999207
-670.896667
-923.531372
-454.950043
823.588745
1651.359741
1389.552612
2147.770752
705.409973
1482.337891
922.708496
719.843628
-2211.079346
338.022186
-0.389557
0.683840
-65.187874
-15.678071
-57.820282
-4.976040
85.948502
69.934540
126.158340
85.502495
74.360023
65.892227
58.738018
19.413511
-114.259583
64.517380
-0.159049
-0.938434
0.197795
-0.087504
0.411126
-0.339171
-0.769490
0.191445
-0.223641
-0.101443
0.429949
0.101923
-0.516296
-0.013903
-0.441550
-0.185977
-0.159049
-0.938434
0.197795
-0.087504
0.411126
-0.339171
-0.769490
0.191445
-0.223641
-0.101443
0.429949
0.101923
-0.516296
-0.013903
-0.441550
-0.185977
-0.159049
-0.938434
0.197795
-0.087504
0.411126
-0.339171
-0.769490
0.191445
-0.223641
-0.101443
0.429949
0.101923
-0.516296
-0.013903
-0.441550
-0.185977
-0.159049
-0.938434
0.197795
-0.087504
0.411126
-0.339171
-0.769490
0.191445
-0.223641
-0.101443
0.429949
0.101923
-0.516296
-0.013903
-0.441550
-0.185977
-0.159049
-0.938434
0.197795
-0.087504
0.411126
-0.339171
-0.769490
0.191445
-0.223641
-0.101443
0.429949
0.101923
-0.516296
-0.013903
-0.441550
-0.185977
-0.159049
-0.938434
0.197795
-0.087504
0.411126
-0.339171
-0.769490
0.191445
-0.223641
-0.101443
0.429949
0.101923
-0.516296
-0.013903
-0.441550
-0.185977
-0.159049
-0.938434
0.197795
-0.087504
0.411126
-0.339171
-0.769490
0.191445
-0.223641
-0.101443
0.429949
0.101923
-0.516296
-0.013903
-0.441550
-0.185977
-0.159049
-0.938434
0.197795
-0.087504
0.411126
-0.339171
-0.769490
0.191445
-0.223641
-0.101443
0.429949
0.101923
-0.516296
-0.013903
-0.441550
-0.185977
-0.159049
-0.938434
0.197795
-0.087504
0.411126
-0.339171
-0.769490
0.191445
-0.223641
-0.101443
0.429949
0.101923
-0.516296
-0.013903
-0.441550
-0.185977
-0.159049
-0.938434
0.197795
-0.087504
0.411126
-0.339171
-0.769490
0.191445
-0.223641
-0.101443
0.429949
0.101923
-0.516296
-0.013903
-0.441550
-0.185977
-0.159049
-0.938434
0.197795
-0.087504
0.411126
-0.339171
-0.769490
0.191445
-0.223641
-0.101443
0.429949
0.101923
-0.516296
-0.013903
-0.441550
-0.185977
-0.159049
-0.938434
0.197795
-0.087504
0.411126
-0.339171
-0.769490
0.191445
-0.223641
-0.101443
0.429949
0.101923
-0.516296
-0.013903
-0.441550
-0.185977
-0.159049
-0.938434
0.197795
-0.087504
0.411126
-0.339171
-0.769490
0.191445
-0.223641
-0.101443
0.429949
0.101923
-0.516296
-0.013903
-0.441550
-0.185977
-0.159049
-0.938434
0.197795
-0.087504
0.411126
-0.339171
-0.769490
0.191445
-0.223641
-0.101443
0.429949
0.101923
-0.516296
-0.013903
-0.441550
-0.185977
-0.159049
-0.938434
0.197795
-0.087504
0.411126
-0.339171
-0.769490
0.191445
-0.223641
-0.101443
0.429949
0.101923
-0.516296
-0.013903
-0.441550
-0.185977
