76.911644
83.784790
2855.734375
16932.968750
7852.127441
2054.851318
7221.560059
-3225.127930
-9407.914063
3510.230957
13787.618164
19830.160156
-8026.833984
129.219070
-11473.615234
-8293.931641
-1.161630
-0.575917
69.658783
-147.554611
-49.157600
69.984230
14.516308
31.551437
74.749321
16.147131
153.699127
-254.263641
22.719315
-69.953369
-99.894470
19.084000
2.811202
2.078871
-32.158482
61.684551
20.423704
-27.644533
-2.797744
-11.428846
-32.854790
-8.351834
-64.586174
109.505432
-12.535794
27.513445
40.721222
-8.820112
-26.708523
-37.695274
-1077.340698
-7033.620605
-3223.931396
-907.775635
-2999.259033
1293.275391
3921.487061
-1392.707886
-5572.975586
-8293.863281
3310.771973
15.897774
4673.427246
3512.928711
-9.743358
-0.537288
-240.215759
-967.339294
-460.422791
-81.139030
-398.961334
214.338104
522.414185
-244.647095
-874.732483
-1087.051025
462.862579
-45.709179
697.655151
422.777954
-19.414059
-22.089418
-513.868835
-4049.983398
-1863.801147
-548.505005
-1757.195557
701.597290
2272.996338
-754.335144
-3110.134521
-4845.593262
1919.066772
31.161423
2673.680664
2076.727051
-3.376855
-2.661607
-206.939011
-887.484131
-420.939758
-90.357292
-371.921844
189.974258
491.477173
-208.764023
-797.535217
-1010.276062
423.305481
-29.944302
631.892761
406.777588
0.839686
-0.163051
0.494488
-0.960845
-0.101038
-0.084405
-1.218213
-1.542249
0.592708
-0.244708
-0.388759
-1.077308
0.719779
0.247274
-0.136775
0.084518
0.839686
-0.163051
0.494488
-0.960845
-0.101038
-0.084405
-1.218213
-1.542249
0.592708
-0.244708
-0.388759
-1.077308
0.719779
0.247274
-0.136775
0.084518
0.839686
-0.163051
0.494488
-0.960845
-0.101038
-0.084405
-1.218213
-1.542249
0.592708
-0.244708
-0.388759
-1.077308
0.719779
0.247274
-0.136775
0.084518
0.839686
-0.163051
0.494488
-0.960845
-0.101038
-0.084405
-1.218213
-1.542249
0.592708
-0.244708
-0.388759
-1.077308
0.719779
0.247274
-0.136775
0.084518
0.839686
-0.163051
0.494488
-0.960845
-0.101038
-0.084405
-1.218213
-1.542249
0.592708
-0.244708
-0.388759
-1.077308
0.719779
0.247274
-0.136775
0.084518
0.839686
-0.163051
0.494488
-0.960845
-0.101038
-0.084405
-1.218213
-1.542249
0.592708
-0.244708
-0.388759
-1.077308
0.719779
0.247274
-0.136775
0.084518
0.839686
-0.163051
0.494488
-0.960845
-0.101038
-0.084405
-1.218213
-1.542249
0.592708
-0.244708
-0.388759
-1.077308
0.719779
0.247274
-0.136775
0.084518
0.839686
-0.163051
0.494488
-0.960845
-0.101038
-0.084405
-1.218213
-1.542249
0.592708
-0.244708
-0.388759
-1.077308
0.719779
0.247274
-0.136775
0.084518
0.839686
-0.163051
0.494488
-0.960845
-0.101038
-0.084405
-1.218213
-1.542249
0.592708
-0.244708
-0.388759
-1.077308
0.719779
0.247274
-0.136775
0.084518
0.839686
-0.163051
0.494488
-0.960845
-0.101038
-0.084405
-1.218213
-1.542249
0.592708
-0.244708
-0.388759
-1.077308
0.719779
0.247274
-0.136775
0.084518
0.839686
-0.163051
0.494488
-0.960845
-0.101038
-0.084405
-1.218213
-1.542249
0.592708
-0.244708
-0.388759
-1.077308
0.719779
0.247274
-0.136775
0.084518
0.839686
-0.163051
0.494488
-0.960845
-0.101038
-0.084405
-1.218213
-1.542249
0.592708
-0.244708
-0.388759
-1.077308
0.719779
0.247274
-0.136775
0.084518
0.839686
-0.163051
0.494488
-0.960845
-0.101038
-0.084405
-1.218213
-1.542249
0.592708
-0.244708
-0.388759
-1.077308
0.719779
0.247274
-0.136775
0.084518
