-43.671829
-13.966105
18107.236328
-4293.978027
7900.699707
12407.673828
-5847.212402
9845.246094
1064.415283
19021.267578
-2610.382324
3124.071045
-2860.857422
-371.673584
-19970.605469
-4764.286133
2.554361
-0.464207
151.175995
96.981026
11.371751
148.689560
12.084815
-42.706615
19.041334
146.365067
-33.734390
-36.615574
4.205105
-21.044584
-137.894608
-28.839611
-1.418358
1.309233
-105.118523
-66.774658
-10.479671
-104.619202
-9.560589
29.799215
-12.751409
-103.546173
22.751938
27.630220
-4.175166
14.109287
96.722191
20.624931
30.281944
10.416023
-12642.228516
3053.261475
-5556.014160
-8615.926758
4053.892090
-6903.463867
-821.420654
-13313.147461
1792.689331
-2196.450928
1987.557251
243.641998
13965.688477
3274.595947
3.808838
0.397699
-1509.416504
518.155457
-778.393921
-1013.576477
418.097107
-891.415466
-235.369736
-1610.815796
210.453156
-295.773834
244.692795
6.761371
1745.606079
229.628357
2.786985
-0.252586
-963.827881
76.966591
-308.452484
-700.244446
379.628052
-455.050903
95.927551
-979.608154
153.150833
-137.885986
143.341095
42.873547
984.651245
404.773529
-0.416841
-1.247165
3.191459
2.107282
-0.342801
1.661464
-1.752619
0.812585
-1.997046
2.516310
0.137226
-0.279410
-0.815509
-0.209934
-1.819763
-2.897301
-0.416841
-1.247165
3.191459
2.107282
-0.342801
1.661464
-1.752619
0.812585
-1.997046
2.516310
0.137226
-0.279410
-0.815509
-0.209934
-1.819763
-2.897301
-0.416841
-1.247165
3.191459
2.107282
-0.342801
1.661464
-1.752619
0.812585
-1.997046
2.516310
0.137226
-0.279410
-0.815509
-0.209934
-1.819763
-2.897301
-0.416841
-1.247165
3.191459
2.107282
-0.342801
1.661464
-1.752619
0.812585
-1.997046
2.516310
0.137226
-0.279410
-0.815509
-0.209934
-1.819763
-2.897301
-0.416841
-1.247165
3.191459
2.107282
-0.342801
1.661464
-1.752619
0.812585
-1.997046
2.516310
0.137226
-0.279410
-0.815509
-0.209934
-1.819763
-2.897301
-0.416841
-1.247165
3.191459
2.107282
-0.342801
1.661464
-1.752619
0.812585
-1.997046
2.516310
0.137226
-0.279410
-0.815509
-0.209934
-1.819763
-2.897301
-0.416841
-1.247165
3.191459
2.107282
-0.342801
1.661464
-1.752619
0.812585
-1.997046
2.516310
0.137226
-0.279410
-0.815509
-0.209934
-1.819763
-2.897301
-0.416841
-1.247165
3.191459
2.107282
-0.342801
1.661464
-1.752619
0.812585
-1.997046
2.516310
0.137226
-0.279410
-0.815509
-0.209934
-1.819763
-2.897301
-0.416841
-1.247165
3.191459
2.107282
-0.342801
1.661464
-1.752619
0.812585
-1.997046
2.516310
0.137226
-0.279410
-0.815509
-0.209934
-1.819763
-2.897301
-0.416841
-1.247165
3.191459
2.107282
-0.342801
1.661464
-1.752619
0.812585
-1.997046
2.516310
0.137226
-0.279410
-0.815509
-0.209934
-1.819763
-2.897301
-0.416841
-1.247165
3.191459
2.107282
-0.342801
1.661464
-1.752619
0.812585
-1.997046
2.516310
0.137226
-0.279410
-0.815509
-0.209934
-1.819763
-2.897301
-0.416841
-1.247165
3.191459
2.107282
-0.342801
1.661464
-1.752619
0.812585
-1.997046
2.516310
0.137226
-0.279410
-0.815509
-0.209934
-1.819763
-2.897301
-0.416841
-1.247165
3.191459
2.107282
-0.342801
1.661464
-1.752619
0.812585
-1.997046
2.516310
0.137226
-0.279410
-0.815509
-0.209934
-1.819763
-2.897301
-0.416841
-1.247165
3.191459
2.107282
-0.342801
1.661464
-1.752619
0.812585
-1.997046
2.516310
0.137226
-0.279410
-0.815509
-0.209934
-1.819763
-2.897301
