54.058205
-26.508753
-10246.118164
19521.039063
-14468.724609
-1165.578003
-2875.674072
-11076.713867
-15785.821289
-9369.694336
-1633.696045
-1497.689453
1428.722290
-1513.806030
17569.835938
-11473.711914
4.301244
-1.883600
-36.684898
-210.903061
110.174248
-107.858215
-40.688961
21.717016
108.837494
-92.752846
-14.887869
20.337032
-13.581435
10.279390
78.036354
124.148529
-0.533326
-1.200396
22.808105
140.074127
-82.340546
71.811569
33.762222
-12.652071
-75.260666
60.197781
12.026524
-20.950491
13.090036
-4.743832
-49.806061
-86.165131
-38.011925
18.377092
6785.106445
-13703.995117
10075.620117
588.943115
2171.503662
7617.227051
11105.193359
6250.992188
1153.943970
1023.813232
-950.890686
1063.161377
-11979.412109
8224.926758
-1.588428
5.860475
212.964478
-2093.583984
1315.750244
-424.519226
659.092651
887.374512
1740.029907
250.614532
199.863144
63.793076
-85.349174
190.077164
-1149.213379
1656.400391
-4.063472
-1.437352
1082.110352
-739.164368
720.634583
459.100433
-156.803986
658.346497
566.457031
921.347290
43.916748
125.429779
-115.083710
42.020008
-1236.084351
107.351669
-0.961149
0.737845
6.754336
-1.474090
3.472553
3.503415
-1.717304
2.860388
1.459850
5.557688
0.113883
1.271135
-1.155927
-0.332850
-6.906310
-1.548564
-0.961149
0.737845
6.754336
-1.474090
3.472553
3.503415
-1.717304
2.860388
1.459850
5.557688
0.113883
1.271135
-1.155927
-0.332850
-6.906310
-1.548564
-0.961149
0.737845
6.754336
-1.474090
3.472553
3.503415
-1.717304
2.860388
1.459850
5.557688
0.113883
1.271135
-1.155927
-0.332850
-6.906310
-1.548564
-0.961149
0.737845
6.754336
-1.474090
3.472553
3.503415
-1.717304
2.860388
1.459850
5.557688
0.113883
1.271135
-1.155927
-0.332850
-6.906310
-1.548564
-0.961149
0.737845
6.754336
-1.474090
3.472553
3.503415
-1.717304
2.860388
1.459850
5.557688
0.113883
1.271135
-1.155927
-0.332850
-6.906310
-1.548564
-0.961149
0.737845
6.754336
-1.474090
3.472553
3.503415
-1.717304
2.860388
1.459850
5.557688
0.113883
1.271135
-1.155927
-0.332850
-6.906310
-1.548564
-0.961149
0.737845
6.754336
-1.474090
3.472553
3.503415
-1.717304
2.860388
1.459850
5.557688
0.113883
1.271135
-1.155927
-0.332850
-6.906310
-1.548564
-0.961149
0.737845
6.754336
-1.474090
3.472553
3.503415
-1.717304
2.860388
1.459850
5.557688
0.113883
1.271135
-1.155927
-0.332850
-6.906310
-1.548564
-0.961149
0.737845
6.754336
-1.474090
3.472553
3.503415
-1.717304
2.860388
1.459850
5.557688
0.113883
1.271135
-1.155927
-0.332850
-6.906310
-1.548564
-0.961149
0.737845
6.754336
-1.474090
3.472553
3.503415
-1.717304
2.860388
1.459850
5.557688
0.113883
1.271135
-1.155927
-0.332850
-6.906310
-1.548564
-0.961149
0.737845
6.754336
-1.474090
3.472553
3.503415
-1.717304
2.860388
1.459850
5.557688
0.113883
1.271135
-1.155927
-0.332850
-6.906310
-1.548564
-0.961149
0.737845
6.754336
-1.474090
3.472553
3.503415
-1.717304
2.860388
1.459850
5.557688
0.113883
1.271135
-1.155927
-0.332850
-6.906310
-1.548564
-0.961149
0.737845
6.754336
-1.474090
3.472553
3.503415
-1.717304
2.860388
1.459850
5.557688
0.113883
1.271135
-1.155927
-0.332850
-6.906310
-1.548564
-0.961149
0.737845
6.754336
-1.474090
3.472553
3.503415
-1.717304
2.860388
1.459850
5.557688
0.113883
1.271135
-1.155927
-0.332850
-6.906310
-1.548564
