26.992208
-57.575691
4916.119629
22439.074219
-12301.281250
8911.856445
-9885.039063
-7523.540039
-20206.970703
2824.197754
-2197.276611
-87.757439
-1498.806152
-3244.412842
6441.183594
-22674.738281
-2.180960
2.643564
109.650818
-187.825821
159.116272
-6.008276
-47.327045
-14.583611
157.328476
-6.203247
-26.663975
3.961033
-22.326180
-22.843761
-27.392860
164.795532
5.196826
-2.047451
-70.539093
111.411888
-94.391930
4.348447
30.516151
5.235787
-91.909256
0.302136
13.553752
-3.766498
13.949445
10.888006
18.039953
-95.541985
-15.962577
33.170456
-3053.081299
-13318.103516
7261.301758
-5375.535645
5933.231445
4403.702148
12021.559570
-1808.046021
1322.448853
20.614973
911.680542
1930.083130
-3719.752441
13536.883789
-0.782331
3.123451
-52.807697
-1135.274780
677.911560
-319.910400
417.833832
462.875671
1018.794067
57.244061
112.175949
27.839005
52.912853
183.914230
-504.044556
1060.337769
-4.122225
2.277474
-79.105049
-874.931030
506.839447
-274.689941
346.659424
329.859131
780.661682
-18.611462
78.545425
16.280005
35.505856
125.692070
-342.563110
826.408997
-1.490375
8.598266
-844.165894
-2738.442627
1436.443726
-1235.974121
1295.078735
824.562378
2469.587646
-572.469055
259.538757
-10.522674
226.964005
372.173248
-563.187195
2857.480713
0.029910
1.065976
-1.027539
0.254653
-0.455026
-0.300678
-0.355378
-0.824619
-0.516482
-0.745766
-0.723705
-0.293363
0.176557
-0.403884
1.125457
-0.516248
0.029910
1.065976
-1.027539
0.254653
-0.455026
-0.300678
-0.355378
-0.824619
-0.516482
-0.745766
-0.723705
-0.293363
0.176557
-0.403884
1.125457
-0.516248
0.029910
1.065976
-1.027539
0.254653
-0.455026
-0.300678
-0.355378
-0.824619
-0.516482
-0.745766
-0.723705
-0.293363
0.176557
-0.403884
1.125457
-0.516248
0.029910
1.065976
-1.027539
0.254653
-0.455026
-0.300678
-0.355378
-0.824619
-0.516482
-0.745766
-0.723705
-0.293363
0.176557
-0.403884
1.125457
-0.516248
0.029910
1.065976
-1.027539
0.254653
-0.455026
-0.300678
-0.355378
-0.824619
-0.516482
-0.745766
-0.723705
-0.293363
0.176557
-0.403884
1.125457
-0.516248
0.029910
1.065976
-1.027539
0.254653
-0.455026
-0.300678
-0.355378
-0.824619
-0.516482
-0.745766
-0.723705
-0.293363
0.176557
-0.403884
1.125457
-0.516248
0.029910
1.065976
-1.027539
0.254653
-0.455026
-0.300678
-0.355378
-0.824619
-0.516482
-0.745766
-0.723705
-0.293363
0.176557
-0.403884
1.125457
-0.516248
0.029910
1.065976
-1.027539
0.254653
-0.455026
-0.300678
-0.355378
-0.824619
-0.516482
-0.745766
-0.723705
-0.293363
0.176557
-0.403884
1.125457
-0.516248
0.029910
1.065976
-1.027539
0.254653
-0.455026
-0.300678
-0.355378
-0.824619
-0.516482
-0.745766
-0.723705
-0.293363
0.176557
-0.403884
1.125457
-0.516248
0.029910
1.065976
-1.027539
0.254653
-0.455026
-0.300678
-0.355378
-0.824619
-0.516482
-0.745766
-0.723705
-0.293363
0.176557
-0.403884
1.125457
-0.516248
0.029910
1.065976
-1.027539
0.254653
-0.455026
-0.300678
-0.355378
-0.824619
-0.516482
-0.745766
-0.723705
-0.293363
0.176557
-0.403884
1.125457
-0.516248
0.029910
1.065976
-1.027539
0.254653
-0.455026
-0.300678
-0.355378
-0.824619
-0.516482
-0.745766
-0.723705
-0.293363
0.176557
-0.403884
1.125457
-0.516248
0.029910
1.065976
-1.027539
0.254653
-0.455026
-0.300678
-0.355378
-0.824619
-0.516482
-0.745766
-0.723705
-0.293363
0.176557
-0.403884
1.125457
-0.516248
