-50.969730
-15.721581
18579.605469
-2516.195068
6376.078613
14874.129883
-7393.854004
11072.264648
-1654.013672
19381.173828
-4352.928711
1978.986084
-3500.429199
-1033.502930
-20994.369141
-8209.905273
1.766588
0.651645
165.302902
81.249054
41.254269
165.987045
11.854881
-56.091705
33.600586
144.330261
-53.872211
-21.648544
1.181870
-31.278252
-155.119202
-17.450720
16.949537
6.335249
-6882.247559
859.287476
-2298.203369
-5538.743652
2793.692627
-4077.009766
700.582153
-7173.604004
1649.167603
-720.641968
1280.855957
422.739441
7722.723633
3128.510986
3.009922
5.896631
-988.170532
162.929321
-365.131134
-777.249756
377.907288
-594.525513
55.687683
-1030.192139
228.128326
-117.826454
187.628326
43.194241
1139.993896
407.183746
11.307329
0.865085
-5113.115234
607.496887
-1682.599609
-4114.467285
2077.671875
-3004.167480
542.755615
-5319.095703
1180.508423
-518.763184
971.016235
281.164948
5739.781738
2360.779785
4.222940
2.031553
-1112.004150
185.272919
-409.802917
-872.959351
425.545868
-681.390259
59.573086
-1162.835938
258.388245
-126.393974
209.940033
53.072918
1276.308960
440.239105
-0.748056
-0.124429
-2.651702
-1.808374
0.186205
-2.829588
2.108937
-0.702583
2.386085
-1.999477
0.553051
-0.253975
0.162933
0.560062
2.030425
3.257695
-0.748056
-0.124429
-2.651702
-1.808374
0.186205
-2.829588
2.108937
-0.702583
2.386085
-1.999477
0.553051
-0.253975
0.162933
0.560062
2.030425
3.257695
-0.748056
-0.124429
-2.651702
-1.808374
0.186205
-2.829588
2.108937
-0.702583
2.386085
-1.999477
0.553051
-0.253975
0.162933
0.560062
2.030425
3.257695
-0.748056
-0.124429
-2.651702
-1.808374
0.186205
-2.829588
2.108937
-0.702583
2.386085
-1.999477
0.553051
-0.253975
0.162933
0.560062
2.030425
3.257695
-0.748056
-0.124429
-2.651702
-1.808374
0.186205
-2.829588
2.108937
-0.702583
2.386085
-1.999477
0.553051
-0.253975
0.162933
0.560062
2.030425
3.257695
-0.748056
-0.124429
-2.651702
-1.808374
0.186205
-2.829588
2.108937
-0.702583
2.386085
-1.999477
0.553051
-0.253975
0.162933
0.560062
2.030425
3.257695
-0.748056
-0.124429
-2.651702
-1.808374
0.186205
-2.829588
2.108937
-0.702583
2.386085
-1.999477
0.553051
-0.253975
0.162933
0.560062
2.030425
3.257695
-0.748056
-0.124429
-2.651702
-1.808374
0.186205
-2.829588
2.108937
-0.702583
2.386085
-1.999477
0.553051
-0.253975
0.162933
0.560062
2.030425
3.257695
-0.748056
-0.124429
-2.651702
-1.808374
0.186205
-2.829588
2.108937
-0.702583
2.386085
-1.999477
0.553051
-0.253975
0.162933
0.560062
2.030425
3.257695
-0.748056
-0.124429
-2.651702
-1.808374
0.186205
-2.829588
2.108937
-0.702583
2.386085
-1.999477
0.553051
-0.253975
0.162933
0.560062
2.030425
3.257695
-0.748056
-0.124429
-2.651702
-1.808374
0.186205
-2.829588
2.108937
-0.702583
2.386085
-1.999477
0.553051
-0.253975
0.162933
0.560062
2.030425
3.257695
-0.748056
-0.124429
-2.651702
-1.808374
0.186205
-2.829588
2.108937
-0.702583
2.386085
-1.999477
0.553051
-0.253975
0.162933
0.560062
2.030425
3.257695
-0.748056
-0.124429
-2.651702
-1.808374
0.186205
-2.829588
2.108937
-0.702583
2.386085
-1.999477
0.553051
-0.253975
0.162933
0.560062
2.030425
3.257695
-0.748056
-0.124429
-2.651702
-1.808374
0.186205
-2.829588
2.108937
-0.702583
2.386085
-1.999477
0.553051
-0.253975
0.162933
0.560062
2.030425
3.257695
