-0.384966
-0.049673
-53.338409
-62.384190
-39.486656
76.366577
4.412034
12.490831
-95.008881
-23.871565
-34.852238
81.178467
-10.463295
-77.264297
24.408163
37.773163
-42.933121
13.784371
-6916.245605
4190.564941
7089.179688
3284.921387
2040.128540
-773.141541
11529.455078
-4931.544434
-3291.078613
-6237.063965
-8207.887695
-4568.767090
5357.305176
-3613.504150
-0.894412
2.250604
18.243052
18.874880
15.378766
-24.312521
-1.695752
-3.280747
36.804741
9.014755
12.652985
-31.465591
6.486818
25.297375
-8.152997
-13.484732
15.051835
-4.585216
2511.210693
-1490.061157
-2540.202148
-1222.394653
-747.456787
271.227173
-4190.394043
1720.453613
1153.089600
2273.818848
2944.501465
1687.473877
-1955.734863
1272.886841
-0.277261
-0.513718
280.779724
-205.868134
-323.514252
-109.454216
-82.749519
44.391697
-482.226868
259.274170
167.324554
254.284454
372.975098
162.308060
-216.803375
176.290390
2.784250
-1.830791
465.221466
-328.810272
-514.873169
-197.884125
-139.409256
62.970451
-785.999756
402.903656
259.239410
418.852081
595.481934
282.208221
-360.979156
279.334717
14.489066
-2.806964
2006.214600
-1136.699829
-1995.936035
-982.908569
-582.668884
202.125000
-3316.781494
1329.269409
898.203247
1797.347656
2306.447998
1358.997437
-1548.013306
997.101868
0.290886
-0.425535
2.006014
0.361293
-0.725520
-1.625928
-1.362240
-0.225268
-3.117652
-1.094257
-0.507589
1.871396
1.085001
1.650450
-1.776295
-0.435740
0.290886
-0.425535
2.006014
0.361293
-0.725520
-1.625928
-1.362240
-0.225268
-3.117652
-1.094257
-0.507589
1.871396
1.085001
1.650450
-1.776295
-0.435740
0.290886
-0.425535
2.006014
0.361293
-0.725520
-1.625928
-1.362240
-0.225268
-3.117652
-1.094257
-0.507589
1.871396
1.085001
1.650450
-1.776295
-0.435740
0.290886
-0.425535
2.006014
0.361293
-0.725520
-1.625928
-1.362240
-0.225268
-3.117652
-1.094257
-0.507589
1.871396
1.085001
1.650450
-1.776295
-0.435740
0.290886
-0.425535
2.006014
0.361293
-0.725520
-1.625928
-1.362240
-0.225268
-3.117652
-1.094257
-0.507589
1.871396
1.085001
1.650450
-1.776295
-0.435740
0.290886
-0.425535
2.006014
0.361293
-0.725520
-1.625928
-1.362240
-0.225268
-3.117652
-1.094257
-0.507589
1.871396
1.085001
1.650450
-1.776295
-0.435740
0.290886
-0.425535
2.006014
0.361293
-0.725520
-1.625928
-1.362240
-0.225268
-3.117652
-1.094257
-0.507589
1.871396
1.085001
1.650450
-1.776295
-0.435740
0.290886
-0.425535
2.006014
0.361293
-0.725520
-1.625928
-1.362240
-0.225268
-3.117652
-1.094257
-0.507589
1.871396
1.085001
1.650450
-1.776295
-0.435740
0.290886
-0.425535
2.006014
0.361293
-0.725520
-1.625928
-1.362240
-0.225268
-3.117652
-1.094257
-0.507589
1.871396
1.085001
1.650450
-1.776295
-0.435740
0.290886
-0.425535
2.006014
0.361293
-0.725520
-1.625928
-1.362240
-0.225268
-3.117652
-1.094257
-0.507589
1.871396
1.085001
1.650450
-1.776295
-0.435740
0.290886
-0.425535
2.006014
0.361293
-0.725520
-1.625928
-1.362240
-0.225268
-3.117652
-1.094257
-0.507589
1.871396
1.085001
1.650450
-1.776295
-0.435740
0.290886
-0.425535
2.006014
0.361293
-0.725520
-1.625928
-1.362240
-0.225268
-3.117652
-1.094257
-0.507589
1.871396
1.085001
1.650450
-1.776295
-0.435740
0.290886
-0.425535
2.006014
0.361293
-0.725520
-1.625928
-1.362240
-0.225268
-3.117652
-1.094257
-0.507589
1.871396
1.085001
1.650450
-1.776295
-0.435740
