-1.893736
5.050122
-12.298404
-9.604446
12.330007
-4.367851
8.662094
5.480608
-30.637913
11.618164
27.246992
-7.369854
-11.467959
10.777443
-1.670730
-21.676611
3.242429
9.428038
-1544.332397
462.934601
-1209.114380
584.683533
2859.369141
661.074402
3802.176025
320.822479
2298.991699
529.222351
1651.929077
-455.351257
-1485.431763
2803.874512
-0.059414
0.431374
5.525228
3.139168
-5.165066
5.042024
-4.928739
-3.853242
14.849504
-5.112768
-14.863101
3.069121
5.520012
-7.594032
-0.582763
10.970430
2.289650
-4.162332
737.427002
-256.625458
569.012939
-309.991180
-1398.274292
-245.441711
-1844.980469
-68.051506
-1120.446777
-205.632721
-788.632629
262.839172
653.118408
-1393.268311
-1.129547
1.242081
99.978432
1.484228
87.595299
-12.164127
-159.093292
-101.944740
-223.335831
-97.908035
-127.267769
-79.751083
-110.230591
-5.012279
147.153366
-136.456070
1.293932
1.980664
75.358040
-7.980123
56.869999
-15.558450
-123.688263
-52.232410
-169.385025
-44.228046
-98.669174
-43.335697
-76.068520
5.143417
92.130043
-112.559837
-3.772488
-4.133882
282.477631
-139.186981
211.457489
-152.316330
-565.831848
-37.504841
-737.555420
64.946266
-458.411499
-24.749664
-302.303436
141.277954
189.599304
-585.064026
1.145821
-0.020650
0.090342
-0.385184
0.198653
-0.193366
-0.667955
-0.881330
-0.020955
-1.070228
-0.597984
-0.697281
0.156378
-0.026392
0.599280
-0.427260
1.145821
-0.020650
0.090342
-0.385184
0.198653
-0.193366
-0.667955
-0.881330
-0.020955
-1.070228
-0.597984
-0.697281
0.156378
-0.026392
0.599280
-0.427260
1.145821
-0.020650
0.090342
-0.385184
0.198653
-0.193366
-0.667955
-0.881330
-0.020955
-1.070228
-0.597984
-0.697281
0.156378
-0.026392
0.599280
-0.427260
1.145821
-0.020650
0.090342
-0.385184
0.198653
-0.193366
-0.667955
-0.881330
-0.020955
-1.070228
-0.597984
-0.697281
0.156378
-0.026392
0.599280
-0.427260
1.145821
-0.020650
0.090342
-0.385184
0.198653
-0.193366
-0.667955
-0.881330
-0.020955
-1.070228
-0.597984
-0.697281
0.156378
-0.026392
0.599280
-0.427260
1.145821
-0.020650
0.090342
-0.385184
0.198653
-0.193366
-0.667955
-0.881330
-0.020955
-1.070228
-0.597984
-0.697281
0.156378
-0.026392
0.599280
-0.427260
1.145821
-0.020650
0.090342
-0.385184
0.198653
-0.193366
-0.667955
-0.881330
-0.020955
-1.070228
-0.597984
-0.697281
0.156378
-0.026392
0.599280
-0.427260
1.145821
-0.020650
0.090342
-0.385184
0.198653
-0.193366
-0.667955
-0.881330
-0.020955
-1.070228
-0.597984
-0.697281
0.156378
-0.026392
0.599280
-0.427260
1.145821
-0.020650
0.090342
-0.385184
0.198653
-0.193366
-0.667955
-0.881330
-0.020955
-1.070228
-0.597984
-0.697281
0.156378
-0.026392
0.599280
-0.427260
1.145821
-0.020650
0.090342
-0.385184
0.198653
-0.193366
-0.667955
-0.881330
-0.020955
-1.070228
-0.597984
-0.697281
0.156378
-0.026392
0.599280
-0.427260
1.145821
-0.020650
0.090342
-0.385184
0.198653
-0.193366
-0.667955
-0.881330
-0.020955
-1.070228
-0.597984
-0.697281
0.156378
-0.026392
0.599280
-0.427260
1.145821
-0.020650
0.090342
-0.385184
0.198653
-0.193366
-0.667955
-0.881330
-0.020955
-1.070228
-0.597984
-0.697281
0.156378
-0.026392
0.599280
-0.427260
1.145821
-0.020650
0.090342
-0.385184
0.198653
-0.193366
-0.667955
-0.881330
-0.020955
-1.070228
-0.597984
-0.697281
0.156378
-0.026392
0.599280
-0.427260
