-35.506138
-39.618332
18412.148438
4405.460938
777.681396
14367.978516
-11528.315430
7156.291992
-8970.773438
16537.173828
-3974.695801
-246.616257
-2805.340820
-727.788208
-16768.931641
-14718.943359
0.329385
-1.122297
183.046707
16.319082
81.635376
123.367928
-10.764530
-55.032036
85.199615
114.378532
-49.758224
6.319300
1.725907
-22.134092
-146.397583
38.016460
-1.403234
1.879278
-99.678131
-5.008460
-42.844326
-61.176006
3.095029
23.933842
-50.042542
-61.579144
21.618666
-3.536141
0.311025
6.730832
76.936966
-24.164003
18.713173
18.878834
-9451.637695
-2282.593506
-388.327423
-7384.178223
5945.071777
-3687.859863
4629.276367
-8511.138672
2045.828125
109.707054
1442.764893
373.761169
8615.541016
7565.179199
1.325803
-0.750116
-547.364075
-13.470943
-104.096596
-404.744965
286.349426
-261.451324
158.283722
-522.899292
108.134705
-9.623982
81.035767
1.825237
560.215637
318.806610
2.288070
2.960831
-1385.375488
-239.185623
-127.074081
-1067.962036
813.964844
-588.962769
578.312683
-1274.413574
290.841125
6.605671
206.384537
49.043468
1309.863281
1018.498413
6.526426
6.063329
-3288.270264
-812.776245
-113.188354
-2561.669922
2075.197754
-1245.774170
1647.017090
-2932.456299
719.715515
62.824642
508.993378
122.565407
2989.100830
2668.187012
0.163367
0.104004
-2.739373
-4.583932
1.992186
-2.403114
3.815458
0.739762
4.600493
-1.299525
0.878313
0.345631
0.319766
0.538879
0.828410
5.573998
0.163367
0.104004
-2.739373
-4.583932
1.992186
-2.403114
3.815458
0.739762
4.600493
-1.299525
0.878313
0.345631
0.319766
0.538879
0.828410
5.573998
0.163367
0.104004
-2.739373
-4.583932
1.992186
-2.403114
3.815458
0.739762
4.600493
-1.299525
0.878313
0.345631
0.319766
0.538879
0.828410
5.573998
0.163367
0.104004
-2.739373
-4.583932
1.992186
-2.403114
3.815458
0.739762
4.600493
-1.299525
0.878313
0.345631
0.319766
0.538879
0.828410
5.573998
0.163367
0.104004
-2.739373
-4.583932
1.992186
-2.403114
3.815458
0.739762
4.600493
-1.299525
0.878313
0.345631
0.319766
0.538879
0.828410
5.573998
0.163367
0.104004
-2.739373
-4.583932
1.992186
-2.403114
3.815458
0.739762
4.600493
-1.299525
0.878313
0.345631
0.319766
0.538879
0.828410
5.573998
0.163367
0.104004
-2.739373
-4.583932
1.992186
-2.403114
3.815458
0.739762
4.600493
-1.299525
0.878313
0.345631
0.319766
0.538879
0.828410
5.573998
0.163367
0.104004
-2.739373
-4.583932
1.992186
-2.403114
3.815458
0.739762
4.600493
-1.299525
0.878313
0.345631
0.319766
0.538879
0.828410
5.573998
0.163367
0.104004
-2.739373
-4.583932
1.992186
-2.403114
3.815458
0.739762
4.600493
-1.299525
0.878313
0.345631
0.319766
0.538879
0.828410
5.573998
0.163367
0.104004
-2.739373
-4.583932
1.992186
-2.403114
3.815458
0.739762
4.600493
-1.299525
0.878313
0.345631
0.319766
0.538879
0.828410
5.573998
0.163367
0.104004
-2.739373
-4.583932
1.992186
-2.403114
3.815458
0.739762
4.600493
-1.299525
0.878313
0.345631
0.319766
0.538879
0.828410
5.573998
0.163367
0.104004
-2.739373
-4.583932
1.992186
-2.403114
3.815458
0.739762
4.600493
-1.299525
0.878313
0.345631
0.319766
0.538879
0.828410
5.573998
0.163367
0.104004
-2.739373
-4.583932
1.992186
-2.403114
3.815458
0.739762
4.600493
-1.299525
0.878313
0.345631
0.319766
0.538879
0.828410
5.573998
