-28.178846
1.520634
-5282.113281
-16310.506836
-8189.688477
6647.427246
-1212.565796
-3882.184570
15477.863281
-17062.701172
-468.582031
-28709.433594
-15736.562500
16667.771484
-27141.470703
-2575.822266
3.046813
0.132939
-93.683228
132.449600
109.421455
1.335527
-12.960213
6.583105
-133.752777
-107.255295
22.634970
344.169373
185.015778
-81.552879
-173.778961
-70.097717
-2.244064
0.206338
43.237659
-54.031322
-47.177719
-0.609543
4.344431
-3.533454
58.846741
43.171303
-6.031672
-137.978943
-76.460144
33.083984
70.579117
18.648197
10.527925
0.873017
1925.811035
6440.717773
3368.457764
-2557.351074
360.153961
1525.761475
-6306.092773
6624.153809
-133.891953
11373.025391
6363.725098
-6398.361328
10714.318359
1271.405884
0.091485
-1.356866
403.969666
905.421814
423.045319
-425.188385
98.964890
218.415985
-777.260620
1049.422485
212.961411
1630.037476
780.416077
-1039.820435
1555.530640
-8.503374
9.153666
1.964289
1106.646362
4228.393066
2100.091797
-1561.266357
312.216095
1014.370911
-4134.027344
4070.315674
-266.282349
7232.151855
4211.307129
-4009.552734
6797.652344
1038.970215
1.518040
-1.359021
407.096100
841.889587
394.409668
-426.994263
95.094666
197.106567
-696.077454
1047.664917
246.068817
1544.812744
711.132507
-1021.524536
1488.612671
-74.352951
0.033668
0.448352
-0.242127
2.224369
0.920455
-0.282663
0.154636
-0.161113
-2.397645
0.060145
-2.110285
3.016123
2.120691
0.030143
2.450272
0.922857
0.033668
0.448352
-0.242127
2.224369
0.920455
-0.282663
0.154636
-0.161113
-2.397645
0.060145
-2.110285
3.016123
2.120691
0.030143
2.450272
0.922857
0.033668
0.448352
-0.242127
2.224369
0.920455
-0.282663
0.154636
-0.161113
-2.397645
0.060145
-2.110285
3.016123
2.120691
0.030143
2.450272
0.922857
0.033668
0.448352
-0.242127
2.224369
0.920455
-0.282663
0.154636
-0.161113
-2.397645
0.060145
-2.110285
3.016123
2.120691
0.030143
2.450272
0.922857
0.033668
0.448352
-0.242127
2.224369
0.920455
-0.282663
0.154636
-0.161113
-2.397645
0.060145
-2.110285
3.016123
2.120691
0.030143
2.450272
0.922857
0.033668
0.448352
-0.242127
2.224369
0.920455
-0.282663
0.154636
-0.161113
-2.397645
0.060145
-2.110285
3.016123
2.120691
0.030143
2.450272
0.922857
0.033668
0.448352
-0.242127
2.224369
0.920455
-0.282663
0.154636
-0.161113
-2.397645
0.060145
-2.110285
3.016123
2.120691
0.030143
2.450272
0.922857
0.033668
0.448352
-0.242127
2.224369
0.920455
-0.282663
0.154636
-0.161113
-2.397645
0.060145
-2.110285
3.016123
2.120691
0.030143
2.450272
0.922857
0.033668
0.448352
-0.242127
2.224369
0.920455
-0.282663
0.154636
-0.161113
-2.397645
0.060145
-2.110285
3.016123
2.120691
0.030143
2.450272
0.922857
0.033668
0.448352
-0.242127
2.224369
0.920455
-0.282663
0.154636
-0.161113
-2.397645
0.060145
-2.110285
3.016123
2.120691
0.030143
2.450272
0.922857
0.033668
0.448352
-0.242127
2.224369
0.920455
-0.282663
0.154636
-0.161113
-2.397645
0.060145
-2.110285
3.016123
2.120691
0.030143
2.450272
0.922857
0.033668
0.448352
-0.242127
2.224369
0.920455
-0.282663
0.154636
-0.161113
-2.397645
0.060145
-2.110285
3.016123
2.120691
0.030143
2.450272
0.922857
0.033668
0.448352
-0.242127
2.224369
0.920455
-0.282663
0.154636
-0.161113
-2.397645
0.060145
-2.110285
3.016123
2.120691
0.030143
2.450272
0.922857
