-31.439598
3.439168
-5409.608887
-15106.495117
-5613.156250
6210.091309
-2601.047607
-3565.879150
14814.657227
-17093.167969
-142.261856
-26897.179688
-17020.347656
16264.074219
-24298.660156
-833.464050
-2.172299
2.095793
-89.076141
124.320793
84.844559
12.491963
-18.350084
0.832559
-135.407547
-111.284706
24.414280
339.058136
174.983765
-90.051956
-156.945053
-68.194519
0.305529
2.283535
68.564262
-87.997543
-61.662415
-11.064868
12.724468
-1.317254
97.945976
81.686546
-11.817293
-243.873611
-127.225204
66.705055
115.134010
46.496254
18.479847
-0.592798
3945.144775
10923.240234
4023.398438
-4466.171875
1928.243164
2578.321289
-10671.564453
12411.477539
139.658264
19444.886719
12202.708008
-11746.208008
17502.224609
555.688843
2.911158
-0.537049
113.700806
688.789856
303.066467
-229.568527
81.350502
173.133942
-770.341370
622.907043
-196.491165
1157.112915
874.845032
-585.012146
1058.401611
220.514221
3.838042
-2.051944
543.251953
1043.544556
346.991882
-512.736633
207.885925
231.213882
-910.593689
1375.679932
281.308441
1955.000366
1100.098755
-1370.582031
1798.875488
-177.824615
0.521107
0.455383
0.448977
-2.005388
-1.087356
0.203594
0.129454
-0.771441
2.861886
-0.151417
2.046631
-3.714987
-3.601571
0.382070
-2.369204
-2.059517
0.521107
0.455383
0.448977
-2.005388
-1.087356
0.203594
0.129454
-0.771441
2.861886
-0.151417
2.046631
-3.714987
-3.601571
0.382070
-2.369204
-2.059517
0.521107
0.455383
0.448977
-2.005388
-1.087356
0.203594
0.129454
-0.771441
2.861886
-0.151417
2.046631
-3.714987
-3.601571
0.382070
-2.369204
-2.059517
0.521107
0.455383
0.448977
-2.005388
-1.087356
0.203594
0.129454
-0.771441
2.861886
-0.151417
2.046631
-3.714987
-3.601571
0.382070
-2.369204
-2.059517
0.521107
0.455383
0.448977
-2.005388
-1.087356
0.203594
0.129454
-0.771441
2.861886
-0.151417
2.046631
-3.714987
-3.601571
0.382070
-2.369204
-2.059517
0.521107
0.455383
0.448977
-2.005388
-1.087356
0.203594
0.129454
-0.771441
2.861886
-0.151417
2.046631
-3.714987
-3.601571
0.382070
-2.369204
-2.059517
0.521107
0.455383
0.448977
-2.005388
-1.087356
0.203594
0.129454
-0.771441
2.861886
-0.151417
2.046631
-3.714987
-3.601571
0.382070
-2.369204
-2.059517
0.521107
0.455383
0.448977
-2.005388
-1.087356
0.203594
0.129454
-0.771441
2.861886
-0.151417
2.046631
-3.714987
-3.601571
0.382070
-2.369204
-2.059517
0.521107
0.455383
0.448977
-2.005388
-1.087356
0.203594
0.129454
-0.771441
2.861886
-0.151417
2.046631
-3.714987
-3.601571
0.382070
-2.369204
-2.059517
0.521107
0.455383
0.448977
-2.005388
-1.087356
0.203594
0.129454
-0.771441
2.861886
-0.151417
2.046631
-3.714987
-3.601571
0.382070
-2.369204
-2.059517
0.521107
0.455383
0.448977
-2.005388
-1.087356
0.203594
0.129454
-0.771441
2.861886
-0.151417
2.046631
-3.714987
-3.601571
0.382070
-2.369204
-2.059517
0.521107
0.455383
0.448977
-2.005388
-1.087356
0.203594
0.129454
-0.771441
2.861886
-0.151417
2.046631
-3.714987
-3.601571
0.382070
-2.369204
-2.059517
0.521107
0.455383
0.448977
-2.005388
-1.087356
0.203594
0.129454
-0.771441
2.861886
-0.151417
2.046631
-3.714987
-3.601571
0.382070
-2.369204
-2.059517
0.521107
0.455383
0.448977
-2.005388
-1.087356
0.203594
0.129454
-0.771441
2.861886
-0.151417
2.046631
-3.714987
-3.601571
0.382070
-2.369204
-2.059517
