-19.215584
8.640291
-7576.375000
-14402.931641
-6556.572266
6311.259766
-3000.042236
-4139.760742
12198.685547
-19893.162109
-5268.397949
-27514.017578
-15957.463867
16371.237305
-26380.660156
1537.532471
-2.264185
1.376773
-107.456337
108.493370
94.328186
9.637635
-23.421055
0.843007
-117.216148
-137.528870
-38.347218
348.329468
170.182831
-81.889503
-159.393570
-93.763680
0.053044
0.009476
60.726994
-68.340248
-53.923977
-3.432057
17.872835
-3.456481
72.897316
83.369598
27.564203
-205.437592
-103.624138
37.282669
86.597771
51.983437
10.207859
-6.059458
4405.400879
8364.062500
3825.745605
-3689.557373
1737.913574
2408.809570
-7075.131836
11599.643555
3106.309814
16009.366211
9297.624023
-9556.287109
15349.198242
-925.507507
5.397439
-1.744795
227.724747
477.130676
210.650299
-195.307770
92.139908
142.287155
-424.744598
622.648010
123.575104
885.572571
537.862732
-500.412964
851.781372
-12.535759
-0.552907
0.029707
1086.266235
1988.041626
885.604309
-885.611694
430.382141
566.291199
-1657.093018
2775.792969
778.133118
3812.773682
2172.182373
-2282.598145
3660.325684
-259.676575
3.607824
-0.826920
446.495392
911.229187
414.820770
-380.036285
178.140793
261.198639
-797.477600
1206.286499
270.956116
1711.341309
1016.906311
-980.979309
1639.475342
-42.787270
0.548994
-0.311875
-0.818719
4.601034
2.897789
-0.600457
0.470132
2.116228
-6.062625
2.679724
-3.066419
8.017959
6.283016
-0.540834
6.558117
4.733489
0.548994
-0.311875
-0.818719
4.601034
2.897789
-0.600457
0.470132
2.116228
-6.062625
2.679724
-3.066419
8.017959
6.283016
-0.540834
6.558117
4.733489
0.548994
-0.311875
-0.818719
4.601034
2.897789
-0.600457
0.470132
2.116228
-6.062625
2.679724
-3.066419
8.017959
6.283016
-0.540834
6.558117
4.733489
0.548994
-0.311875
-0.818719
4.601034
2.897789
-0.600457
0.470132
2.116228
-6.062625
2.679724
-3.066419
8.017959
6.283016
-0.540834
6.558117
4.733489
0.548994
-0.311875
-0.818719
4.601034
2.897789
-0.600457
0.470132
2.116228
-6.062625
2.679724
-3.066419
8.017959
6.283016
-0.540834
6.558117
4.733489
0.548994
-0.311875
-0.818719
4.601034
2.897789
-0.600457
0.470132
2.116228
-6.062625
2.679724
-3.066419
8.017959
6.283016
-0.540834
6.558117
4.733489
0.548994
-0.311875
-0.818719
4.601034
2.897789
-0.600457
0.470132
2.116228
-6.062625
2.679724
-3.066419
8.017959
6.283016
-0.540834
6.558117
4.733489
0.548994
-0.311875
-0.818719
4.601034
2.897789
-0.600457
0.470132
2.116228
-6.062625
2.679724
-3.066419
8.017959
6.283016
-0.540834
6.558117
4.733489
0.548994
-0.311875
-0.818719
4.601034
2.897789
-0.600457
0.470132
2.116228
-6.062625
2.679724
-3.066419
8.017959
6.283016
-0.540834
6.558117
4.733489
0.548994
-0.311875
-0.818719
4.601034
2.897789
-0.600457
0.470132
2.116228
-6.062625
2.679724
-3.066419
8.017959
6.283016
-0.540834
6.558117
4.733489
0.548994
-0.311875
-0.818719
4.601034
2.897789
-0.600457
0.470132
2.116228
-6.062625
2.679724
-3.066419
8.017959
6.283016
-0.540834
6.558117
4.733489
0.548994
-0.311875
-0.818719
4.601034
2.897789
-0.600457
0.470132
2.116228
-6.062625
2.679724
-3.066419
8.017959
6.283016
-0.540834
6.558117
4.733489
0.548994
-0.311875
-0.818719
4.601034
2.897789
-0.600457
0.470132
2.116228
-6.062625
2.679724
-3.066419
8.017959
6.283016
-0.540834
6.558117
4.733489
