-23.198355
-12.368966
2102.172607
-16184.946289
-7915.179688
2000.019043
1863.677856
-3420.926514
23719.591797
-8915.103516
15007.079102
-25821.908203
-24958.890625
5013.491211
-22903.318359
-14945.756836
1.934163
0.545590
-26.436035
155.049789
76.684357
-32.765762
-4.051487
16.866673
-191.151138
-34.343498
210.791275
311.447937
107.243813
-187.822449
-186.491760
20.846464
-2.201802
-2.623830
18.494476
-65.109917
-35.672104
6.735279
1.816159
-7.862156
87.065918
22.862597
-79.278046
-136.054947
-55.312935
76.332825
88.986824
-11.775360
9.649652
6.518021
-569.201965
7155.315430
3441.660156
-1047.797729
-791.251221
1580.010132
-10125.756836
4433.326172
-5989.414551
11606.638672
10813.000977
-2723.888916
10357.333984
6027.069824
7.377197
1.703027
3.794726
3688.816162
1700.135498
-689.938538
-282.121521
790.211792
-5115.873047
2696.806152
-2628.505615
6272.459473
5471.020508
-1870.752686
5590.553711
2700.917480
4.710807
-0.949919
-351.291748
1047.076172
554.646301
-29.787277
-173.449356
204.356033
-1700.654297
293.894592
-1337.872437
1521.873779
1728.262451
-5.075009
1330.460815
1290.707153
2.130816
2.375018
-147.780319
691.002808
348.457184
-56.316563
-88.127785
138.648834
-1059.221191
296.552582
-734.153198
1067.759644
1098.042480
-137.526749
941.414551
726.692688
-0.060238
-0.236640
-0.638518
0.187023
0.597467
0.283999
-0.085138
-0.293848
-1.730236
-0.579269
-2.105190
0.153690
1.558978
2.036171
0.668388
1.785573
-0.060238
-0.236640
-0.638518
0.187023
0.597467
0.283999
-0.085138
-0.293848
-1.730236
-0.579269
-2.105190
0.153690
1.558978
2.036171
0.668388
1.785573
-0.060238
-0.236640
-0.638518
0.187023
0.597467
0.283999
-0.085138
-0.293848
-1.730236
-0.579269
-2.105190
0.153690
1.558978
2.036171
0.668388
1.785573
-0.060238
-0.236640
-0.638518
0.187023
0.597467
0.283999
-0.085138
-0.293848
-1.730236
-0.579269
-2.105190
0.153690
1.558978
2.036171
0.668388
1.785573
-0.060238
-0.236640
-0.638518
0.187023
0.597467
0.283999
-0.085138
-0.293848
-1.730236
-0.579269
-2.105190
0.153690
1.558978
2.036171
0.668388
1.785573
-0.060238
-0.236640
-0.638518
0.187023
0.597467
0.283999
-0.085138
-0.293848
-1.730236
-0.579269
-2.105190
0.153690
1.558978
2.036171
0.668388
1.785573
-0.060238
-0.236640
-0.638518
0.187023
0.597467
0.283999
-0.085138
-0.293848
-1.730236
-0.579269
-2.105190
0.153690
1.558978
2.036171
0.668388
1.785573
-0.060238
-0.236640
-0.638518
0.187023
0.597467
0.283999
-0.085138
-0.293848
-1.730236
-0.579269
-2.105190
0.153690
1.558978
2.036171
0.668388
1.785573
-0.060238
-0.236640
-0.638518
0.187023
0.597467
0.283999
-0.085138
-0.293848
-1.730236
-0.579269
-2.105190
0.153690
1.558978
2.036171
0.668388
1.785573
-0.060238
-0.236640
-0.638518
0.187023
0.597467
0.283999
-0.085138
-0.293848
-1.730236
-0.579269
-2.105190
0.153690
1.558978
2.036171
0.668388
1.785573
-0.060238
-0.236640
-0.638518
0.187023
0.597467
0.283999
-0.085138
-0.293848
-1.730236
-0.579269
-2.105190
0.153690
1.558978
2.036171
0.668388
1.785573
-0.060238
-0.236640
-0.638518
0.187023
0.597467
0.283999
-0.085138
-0.293848
-1.730236
-0.579269
-2.105190
0.153690
1.558978
2.036171
0.668388
1.785573
-0.060238
-0.236640
-0.638518
0.187023
0.597467
0.283999
-0.085138
-0.293848
-1.730236
-0.579269
-2.105190
0.153690
1.558978
2.036171
0.668388
1.785573
