-0.639432
-1.126414
-486.045135
1024.469482
280.096436
252.179855
-246.974777
-185.916000
-620.781494
-733.259094
-301.155884
-518.540161
547.404297
-450.515045
860.349182
109.405006
-0.892310
-0.438040
280.721100
-606.047729
-166.143326
-143.613922
138.163284
108.023277
360.297058
427.646851
178.488342
301.409027
-311.682281
273.984344
-505.363312
-56.638523
-3.182558
0.131716
38.446964
-66.992920
-19.129456
-16.339911
17.530502
12.895591
38.518597
56.127640
18.287647
33.065910
-40.381065
27.831234
-54.550491
-7.402033
-1.175515
1.473734
63.612804
-143.072571
-43.732605
-36.480061
36.236946
26.091686
92.119331
94.950691
48.442486
71.863510
-75.531700
65.350708
-119.680168
-14.567191
0.429450
-1.412774
0.664032
-0.110666
-0.421805
0.169465
1.078512
0.438198
0.708306
0.539569
0.387449
-0.001961
-0.055730
-0.112743
0.051921
-0.322350
0.429450
-1.412774
0.664032
-0.110666
-0.421805
0.169465
1.078512
0.438198
0.708306
0.539569
0.387449
-0.001961
-0.055730
-0.112743
0.051921
-0.322350
0.429450
-1.412774
0.664032
-0.110666
-0.421805
0.169465
1.078512
0.438198
0.708306
0.539569
0.387449
-0.001961
-0.055730
-0.112743
0.051921
-0.322350
0.429450
-1.412774
0.664032
-0.110666
-0.421805
0.169465
1.078512
0.438198
0.708306
0.539569
0.387449
-0.001961
-0.055730
-0.112743
0.051921
-0.322350
0.429450
-1.412774
0.664032
-0.110666
-0.421805
0.169465
1.078512
0.438198
0.708306
0.539569
0.387449
-0.001961
-0.055730
-0.112743
0.051921
-0.322350
0.429450
-1.412774
0.664032
-0.110666
-0.421805
0.169465
1.078512
0.438198
0.708306
0.539569
0.387449
-0.001961
-0.055730
-0.112743
0.051921
-0.322350
0.429450
-1.412774
0.664032
-0.110666
-0.421805
0.169465
1.078512
0.438198
0.708306
0.539569
0.387449
-0.001961
-0.055730
-0.112743
0.051921
-0.322350
0.429450
-1.412774
0.664032
-0.110666
-0.421805
0.169465
1.078512
0.438198
0.708306
0.539569
0.387449
-0.001961
-0.055730
-0.112743
0.051921
-0.322350
0.429450
-1.412774
0.664032
-0.110666
-0.421805
0.169465
1.078512
0.438198
0.708306
0.539569
0.387449
-0.001961
-0.055730
-0.112743
0.051921
-0.322350
0.429450
-1.412774
0.664032
-0.110666
-0.421805
0.169465
1.078512
0.438198
0.708306
0.539569
0.387449
-0.001961
-0.055730
-0.112743
0.051921
-0.322350
0.429450
-1.412774
0.664032
-0.110666
-0.421805
0.169465
1.078512
0.438198
0.708306
0.539569
0.387449
-0.001961
-0.055730
-0.112743
0.051921
-0.322350
0.429450
-1.412774
0.664032
-0.110666
-0.421805
0.169465
1.078512
0.438198
0.708306
0.539569
0.387449
-0.001961
-0.055730
-0.112743
0.051921
-0.322350
0.429450
-1.412774
0.664032
-0.110666
-0.421805
0.169465
1.078512
0.438198
0.708306
0.539569
0.387449
-0.001961
-0.055730
-0.112743
0.051921
-0.322350
0.429450
-1.412774
0.664032
-0.110666
-0.421805
0.169465
1.078512
0.438198
0.708306
0.539569
0.387449
-0.001961
-0.055730
-0.112743
0.051921
-0.322350
0.429450
-1.412774
0.664032
-0.110666
-0.421805
0.169465
1.078512
0.438198
0.708306
0.539569
0.387449
-0.001961
-0.055730
-0.112743
0.051921
-0.322350
0.429450
-1.412774
0.664032
-0.110666
-0.421805
0.169465
1.078512
0.438198
0.708306
0.539569
0.387449
-0.001961
-0.055730
-0.112743
0.051921
-0.322350
