-5.261961
3.856958
-1649.320923
-4144.595215
43.150322
-2408.924072
-1507.956055
-1389.986694
-136.231674
3602.677734
2691.491455
3568.504395
1796.194580
-4985.837402
5145.817383
-4124.324707
-1.836381
-1.139241
-21.090284
36.130245
-18.350515
-21.793934
-10.723711
-0.471662
2.101484
24.214321
31.992001
-44.321667
-45.617794
5.939792
21.343443
40.605423
0.476740
-1.636792
16.472479
-18.616709
8.426695
10.236608
3.560255
-3.421803
-1.570296
-11.458800
-15.847996
21.960699
24.569012
1.507124
-8.104002
-21.686171
1.766680
-2.873379
886.215454
2277.060303
-53.397617
1317.148315
850.450928
717.081360
72.150070
-1944.134155
-1409.304688
-1933.300415
-987.662476
2668.243408
-2749.012939
2169.024414
0.058024
1.479036
216.795853
696.379456
-27.695906
398.646576
224.595963
268.495941
71.927582
-602.239075
-420.518646
-629.601685
-359.031433
814.318848
-927.307190
656.095093
-0.930400
3.695312
152.383636
291.184021
14.924634
178.863068
114.839897
91.786789
-16.323137
-264.663147
-229.637512
-238.937485
-89.019249
382.958069
-349.275665
343.683014
0.196100
-1.163931
-0.051597
0.024384
0.318861
-0.352142
-0.886486
-0.518451
-0.028394
0.265197
0.300468
0.387997
0.249898
-0.006127
-0.023841
0.022051
0.196100
-1.163931
-0.051597
0.024384
0.318861
-0.352142
-0.886486
-0.518451
-0.028394
0.265197
0.300468
0.387997
0.249898
-0.006127
-0.023841
0.022051
0.196100
-1.163931
-0.051597
0.024384
0.318861
-0.352142
-0.886486
-0.518451
-0.028394
0.265197
0.300468
0.387997
0.249898
-0.006127
-0.023841
0.022051
0.196100
-1.163931
-0.051597
0.024384
0.318861
-0.352142
-0.886486
-0.518451
-0.028394
0.265197
0.300468
0.387997
0.249898
-0.006127
-0.023841
0.022051
0.196100
-1.163931
-0.051597
0.024384
0.318861
-0.352142
-0.886486
-0.518451
-0.028394
0.265197
0.300468
0.387997
0.249898
-0.006127
-0.023841
0.022051
0.196100
-1.163931
-0.051597
0.024384
0.318861
-0.352142
-0.886486
-0.518451
-0.028394
0.265197
0.300468
0.387997
0.249898
-0.006127
-0.023841
0.022051
0.196100
-1.163931
-0.051597
0.024384
0.318861
-0.352142
-0.886486
-0.518451
-0.028394
0.265197
0.300468
0.387997
0.249898
-0.006127
-0.023841
0.022051
0.196100
-1.163931
-0.051597
0.024384
0.318861
-0.352142
-0.886486
-0.518451
-0.028394
0.265197
0.300468
0.387997
0.249898
-0.006127
-0.023841
0.022051
0.196100
-1.163931
-0.051597
0.024384
0.318861
-0.352142
-0.886486
-0.518451
-0.028394
0.265197
0.300468
0.387997
0.249898
-0.006127
-0.023841
0.022051
0.196100
-1.163931
-0.051597
0.024384
0.318861
-0.352142
-0.886486
-0.518451
-0.028394
0.265197
0.300468
0.387997
0.249898
-0.006127
-0.023841
0.022051
0.196100
-1.163931
-0.051597
0.024384
0.318861
-0.352142
-0.886486
-0.518451
-0.028394
0.265197
0.300468
0.387997
0.249898
-0.006127
-0.023841
0.022051
0.196100
-1.163931
-0.051597
0.024384
0.318861
-0.352142
-0.886486
-0.518451
-0.028394
0.265197
0.300468
0.387997
0.249898
-0.006127
-0.023841
0.022051
0.196100
-1.163931
-0.051597
0.024384
0.318861
-0.352142
-0.886486
-0.518451
-0.028394
0.265197
0.300468
0.387997
0.249898
-0.006127
-0.023841
0.022051
0.196100
-1.163931
-0.051597
0.024384
0.318861
-0.352142
-0.886486
-0.518451
-0.028394
0.265197
0.300468
0.387997
0.249898
-0.006127
-0.023841
0.022051
