-1.869545
-1.922062
898.901855
-3071.368896
506.485809
-1586.748779
-485.819214
-1223.326904
-2438.554199
3444.597412
618.948181
5688.072754
4042.368896
-3963.497314
6935.251465
-1075.001709
-1.671832
0.483877
1.092452
32.560696
-16.047800
-12.614082
-6.026350
2.780712
25.890816
21.834307
3.478369
-69.698547
-42.534340
23.484842
42.741047
25.384827
2.358644
0.090953
2.568338
-17.137880
10.210308
6.685841
4.990925
-0.782506
-16.012169
-13.792940
-2.935338
46.127037
27.310179
-12.299953
-24.899233
-15.035078
3.338684
1.848035
-590.369263
1974.620361
-315.265625
1005.402893
288.154144
786.238586
1540.153320
-2183.553711
-400.882568
-3618.552246
-2600.427979
2467.794678
-4395.764648
623.698059
-0.668103
1.126648
-136.802155
307.798065
-81.984032
166.886810
42.479923
136.159439
326.381531
-340.673706
23.754475
-623.947693
-488.051971
393.155273
-778.321350
39.264896
-2.717515
0.186753
-10.852835
172.271881
-10.602937
91.368690
42.219673
59.686821
88.892136
-212.373306
-97.407814
-294.957733
-167.775681
260.002655
-355.930786
139.579315
0.391451
-0.282242
0.489350
-0.158737
-0.254949
0.291708
-0.324947
0.203318
-0.701259
0.138310
-0.505574
0.378431
0.475449
-0.377929
0.754074
-0.366423
0.391451
-0.282242
0.489350
-0.158737
-0.254949
0.291708
-0.324947
0.203318
-0.701259
0.138310
-0.505574
0.378431
0.475449
-0.377929
0.754074
-0.366423
0.391451
-0.282242
0.489350
-0.158737
-0.254949
0.291708
-0.324947
0.203318
-0.701259
0.138310
-0.505574
0.378431
0.475449
-0.377929
0.754074
-0.366423
0.391451
-0.282242
0.489350
-0.158737
-0.254949
0.291708
-0.324947
0.203318
-0.701259
0.138310
-0.505574
0.378431
0.475449
-0.377929
0.754074
-0.366423
0.391451
-0.282242
0.489350
-0.158737
-0.254949
0.291708
-0.324947
0.203318
-0.701259
0.138310
-0.505574
0.378431
0.475449
-0.377929
0.754074
-0.366423
0.391451
-0.282242
0.489350
-0.158737
-0.254949
0.291708
-0.324947
0.203318
-0.701259
0.138310
-0.505574
0.378431
0.475449
-0.377929
0.754074
-0.366423
0.391451
-0.282242
0.489350
-0.158737
-0.254949
0.291708
-0.324947
0.203318
-0.701259
0.138310
-0.505574
0.378431
0.475449
-0.377929
0.754074
-0.366423
0.391451
-0.282242
0.489350
-0.158737
-0.254949
0.291708
-0.324947
0.203318
-0.701259
0.138310
-0.505574
0.378431
0.475449
-0.377929
0.754074
-0.366423
0.391451
-0.282242
0.489350
-0.158737
-0.254949
0.291708
-0.324947
0.203318
-0.701259
0.138310
-0.505574
0.378431
0.475449
-0.377929
0.754074
-0.366423
0.391451
-0.282242
0.489350
-0.158737
-0.254949
0.291708
-0.324947
0.203318
-0.701259
0.138310
-0.505574
0.378431
0.475449
-0.377929
0.754074
-0.366423
0.391451
-0.282242
0.489350
-0.158737
-0.254949
0.291708
-0.324947
0.203318
-0.701259
0.138310
-0.505574
0.378431
0.475449
-0.377929
0.754074
-0.366423
0.391451
-0.282242
0.489350
-0.158737
-0.254949
0.291708
-0.324947
0.203318
-0.701259
0.138310
-0.505574
0.378431
0.475449
-0.377929
0.754074
-0.366423
0.391451
-0.282242
0.489350
-0.158737
-0.254949
0.291708
-0.324947
0.203318
-0.701259
0.138310
-0.505574
0.378431
0.475449
-0.377929
0.754074
-0.366423
0.391451
-0.282242
0.489350
-0.158737
-0.254949
0.291708
-0.324947
0.203318
-0.701259
0.138310
-0.505574
0.378431
0.475449
-0.377929
0.754074
-0.366423
