0.795178
-5.021312
-1613.552612
-2290.007813
-828.998901
-975.747559
-1100.427368
-891.660889
746.578064
4121.723145
4104.450684
3493.792969
371.166382
-5888.878418
4906.840820
-5045.712891
0.060096
-1.225812
-21.031506
18.240135
-0.731144
-13.925961
-4.534209
0.473383
-2.939725
34.255047
45.278305
-47.167984
-48.196743
-15.922855
15.733332
45.989563
0.195918
1.041979
6.863280
-5.815020
2.671753
3.270470
2.519048
-1.987040
2.812480
-11.077764
-18.494411
21.989880
18.829138
7.650160
-3.490484
-16.790487
0.176564
0.595150
679.963440
948.287476
343.179810
420.614777
473.397491
352.350891
-337.543488
-1675.325806
-1705.309448
-1394.127930
-116.791267
2400.701172
-1954.202393
2099.274902
-0.780148
2.398602
403.767517
522.524170
215.631378
210.926376
262.682739
209.976181
-210.548660
-998.700012
-1022.222290
-820.360107
-38.130852
1437.297363
-1165.998291
1261.853760
0.036759
0.556670
75.609734
120.411583
38.076687
50.800743
50.623238
49.897015
-26.995773
-217.738403
-202.679871
-195.555435
-34.325974
306.610016
-271.048462
247.557755
-0.912238
1.745168
87.543472
144.531006
41.560089
60.527576
61.161652
59.169834
-25.789669
-246.989532
-230.988358
-225.349945
-48.726879
349.398682
-313.523987
279.332245
0.039333
0.360797
0.448093
0.318891
-0.240159
-0.634131
0.069469
0.262125
-0.033389
-0.446679
0.473062
-0.548647
-0.547597
0.631770
-0.990772
0.043353
0.039333
0.360797
0.448093
0.318891
-0.240159
-0.634131
0.069469
0.262125
-0.033389
-0.446679
0.473062
-0.548647
-0.547597
0.631770
-0.990772
0.043353
0.039333
0.360797
0.448093
0.318891
-0.240159
-0.634131
0.069469
0.262125
-0.033389
-0.446679
0.473062
-0.548647
-0.547597
0.631770
-0.990772
0.043353
0.039333
0.360797
0.448093
0.318891
-0.240159
-0.634131
0.069469
0.262125
-0.033389
-0.446679
0.473062
-0.548647
-0.547597
0.631770
-0.990772
0.043353
0.039333
0.360797
0.448093
0.318891
-0.240159
-0.634131
0.069469
0.262125
-0.033389
-0.446679
0.473062
-0.548647
-0.547597
0.631770
-0.990772
0.043353
0.039333
0.360797
0.448093
0.318891
-0.240159
-0.634131
0.069469
0.262125
-0.033389
-0.446679
0.473062
-0.548647
-0.547597
0.631770
-0.990772
0.043353
0.039333
0.360797
0.448093
0.318891
-0.240159
-0.634131
0.069469
0.262125
-0.033389
-0.446679
0.473062
-0.548647
-0.547597
0.631770
-0.990772
0.043353
0.039333
0.360797
0.448093
0.318891
-0.240159
-0.634131
0.069469
0.262125
-0.033389
-0.446679
0.473062
-0.548647
-0.547597
0.631770
-0.990772
0.043353
0.039333
0.360797
0.448093
0.318891
-0.240159
-0.634131
0.069469
0.262125
-0.033389
-0.446679
0.473062
-0.548647
-0.547597
0.631770
-0.990772
0.043353
0.039333
0.360797
0.448093
0.318891
-0.240159
-0.634131
0.069469
0.262125
-0.033389
-0.446679
0.473062
-0.548647
-0.547597
0.631770
-0.990772
0.043353
0.039333
0.360797
0.448093
0.318891
-0.240159
-0.634131
0.069469
0.262125
-0.033389
-0.446679
0.473062
-0.548647
-0.547597
0.631770
-0.990772
0.043353
0.039333
0.360797
0.448093
0.318891
-0.240159
-0.634131
0.069469
0.262125
-0.033389
-0.446679
0.473062
-0.548647
-0.547597
0.631770
-0.990772
0.043353
0.039333
0.360797
0.448093
0.318891
-0.240159
-0.634131
0.069469
0.262125
-0.033389
-0.446679
0.473062
-0.548647
-0.547597
0.631770
-0.990772
0.043353
