3.618660
4.176842
-1861.385132
-506.066589
669.007446
-1103.366699
-3576.082764
1283.033081
-5316.895020
-1316.163940
-6187.883301
466.185120
-724.388550
3196.048340
-1792.002441
2649.557617
0.752518
-1.422935
-17.343315
-1.612109
-14.526369
-4.737381
-6.197427
-13.848547
40.286869
-16.279881
-73.957649
-3.626890
29.223791
5.470735
-0.329759
-23.248156
-0.651076
-0.707043
10.647474
-1.297603
5.309194
0.057411
1.001182
6.843685
-20.405014
6.085117
37.084679
-1.356469
-14.668387
-0.782127
1.738516
10.169842
-2.809222
-0.522020
927.798523
295.545227
-363.475342
539.187378
1819.625000
-576.608154
2649.846680
760.946777
3123.487305
-114.250168
426.379944
-1595.169678
952.273193
-1302.536987
0.504386
0.563256
63.902954
12.724204
-19.798899
38.439560
121.164993
-53.431351
190.383957
36.712944
214.374664
-30.097013
17.978462
-112.265717
56.869476
-95.755470
0.051570
-4.803361
138.972473
7.724515
-28.731028
89.376129
235.911606
-145.011063
397.469513
16.573599
434.103973
-124.209175
4.684629
-237.216888
85.844505
-211.063019
-1.952028
-0.809012
332.199524
140.501373
-155.804657
188.558105
698.637756
-138.673828
947.883484
388.292847
1157.500244
81.440125
222.300476
-571.740234
403.055634
-443.075165
-0.689344
-0.121553
0.401872
1.157620
-0.527737
0.260511
0.617771
0.381848
1.198836
1.114448
1.456274
0.789481
1.175391
-0.334468
1.030060
-0.738169
-0.689344
-0.121553
0.401872
1.157620
-0.527737
0.260511
0.617771
0.381848
1.198836
1.114448
1.456274
0.789481
1.175391
-0.334468
1.030060
-0.738169
-0.689344
-0.121553
0.401872
1.157620
-0.527737
0.260511
0.617771
0.381848
1.198836
1.114448
1.456274
0.789481
1.175391
-0.334468
1.030060
-0.738169
-0.689344
-0.121553
0.401872
1.157620
-0.527737
0.260511
0.617771
0.381848
1.198836
1.114448
1.456274
0.789481
1.175391
-0.334468
1.030060
-0.738169
-0.689344
-0.121553
0.401872
1.157620
-0.527737
0.260511
0.617771
0.381848
1.198836
1.114448
1.456274
0.789481
1.175391
-0.334468
1.030060
-0.738169
-0.689344
-0.121553
0.401872
1.157620
-0.527737
0.260511
0.617771
0.381848
1.198836
1.114448
1.456274
0.789481
1.175391
-0.334468
1.030060
-0.738169
-0.689344
-0.121553
0.401872
1.157620
-0.527737
0.260511
0.617771
0.381848
1.198836
1.114448
1.456274
0.789481
1.175391
-0.334468
1.030060
-0.738169
-0.689344
-0.121553
0.401872
1.157620
-0.527737
0.260511
0.617771
0.381848
1.198836
1.114448
1.456274
0.789481
1.175391
-0.334468
1.030060
-0.738169
-0.689344
-0.121553
0.401872
1.157620
-0.527737
0.260511
0.617771
0.381848
1.198836
1.114448
1.456274
0.789481
1.175391
-0.334468
1.030060
-0.738169
-0.689344
-0.121553
0.401872
1.157620
-0.527737
0.260511
0.617771
0.381848
1.198836
1.114448
1.456274
0.789481
1.175391
-0.334468
1.030060
-0.738169
-0.689344
-0.121553
0.401872
1.157620
-0.527737
0.260511
0.617771
0.381848
1.198836
1.114448
1.456274
0.789481
1.175391
-0.334468
1.030060
-0.738169
-0.689344
-0.121553
0.401872
1.157620
-0.527737
0.260511
0.617771
0.381848
1.198836
1.114448
1.456274
0.789481
1.175391
-0.334468
1.030060
-0.738169
-0.689344
-0.121553
0.401872
1.157620
-0.527737
0.260511
0.617771
0.381848
1.198836
1.114448
1.456274
0.789481
1.175391
-0.334468
1.030060
-0.738169
