8.365408
1.168495
-710.749634
1396.127930
-764.821655
-562.400635
-40.861446
3063.623291
-3058.718018
3924.208984
-2033.071167
5628.827148
2741.824951
2461.935791
1976.376587
2848.269775
0.173998
0.108629
0.885181
-16.041189
-1.063446
-9.312738
6.055505
-6.659990
27.987690
27.594202
-27.842686
-68.519142
12.083392
32.624100
23.108438
-11.506193
-2.251694
-0.897156
2.850312
11.953019
3.515393
5.849102
-4.709113
7.549619
-23.598299
-17.510700
24.766220
49.877750
-11.739557
-22.672415
-16.045593
9.919086
-7.658707
0.410129
515.429260
-988.706055
533.898254
408.473297
55.996403
-2172.086914
2213.403320
-2764.020264
1500.733398
-3989.992920
-1922.868164
-1775.587158
-1380.984985
-2043.944214
-1.784066
0.399144
98.841766
-110.481331
59.618179
69.183098
75.898552
-283.579163
372.035065
-292.371368
317.573608
-468.717865
-198.024170
-293.990021
-114.127686
-309.803650
3.062718
0.515249
19.830519
-102.562325
58.647362
22.884235
-55.096195
-199.522186
123.284637
-307.541107
30.295895
-397.551880
-216.406143
-107.403625
-175.686584
-149.215286
0.580761
0.481063
0.231373
0.380322
-0.638605
-0.381244
-0.716219
0.872933
-0.439159
-0.267009
-0.907811
-0.052513
0.730046
0.729042
0.315994
0.000914
0.580761
0.481063
0.231373
0.380322
-0.638605
-0.381244
-0.716219
0.872933
-0.439159
-0.267009
-0.907811
-0.052513
0.730046
0.729042
0.315994
0.000914
0.580761
0.481063
0.231373
0.380322
-0.638605
-0.381244
-0.716219
0.872933
-0.439159
-0.267009
-0.907811
-0.052513
0.730046
0.729042
0.315994
0.000914
0.580761
0.481063
0.231373
0.380322
-0.638605
-0.381244
-0.716219
0.872933
-0.439159
-0.267009
-0.907811
-0.052513
0.730046
0.729042
0.315994
0.000914
0.580761
0.481063
0.231373
0.380322
-0.638605
-0.381244
-0.716219
0.872933
-0.439159
-0.267009
-0.907811
-0.052513
0.730046
0.729042
0.315994
0.000914
0.580761
0.481063
0.231373
0.380322
-0.638605
-0.381244
-0.716219
0.872933
-0.439159
-0.267009
-0.907811
-0.052513
0.730046
0.729042
0.315994
0.000914
0.580761
0.481063
0.231373
0.380322
-0.638605
-0.381244
-0.716219
0.872933
-0.439159
-0.267009
-0.907811
-0.052513
0.730046
0.729042
0.315994
0.000914
0.580761
0.481063
0.231373
0.380322
-0.638605
-0.381244
-0.716219
0.872933
-0.439159
-0.267009
-0.907811
-0.052513
0.730046
0.729042
0.315994
0.000914
0.580761
0.481063
0.231373
0.380322
-0.638605
-0.381244
-0.716219
0.872933
-0.439159
-0.267009
-0.907811
-0.052513
0.730046
0.729042
0.315994
0.000914
0.580761
0.481063
0.231373
0.380322
-0.638605
-0.381244
-0.716219
0.872933
-0.439159
-0.267009
-0.907811
-0.052513
0.730046
0.729042
0.315994
0.000914
0.580761
0.481063
0.231373
0.380322
-0.638605
-0.381244
-0.716219
0.872933
-0.439159
-0.267009
-0.907811
-0.052513
0.730046
0.729042
0.315994
0.000914
0.580761
0.481063
0.231373
0.380322
-0.638605
-0.381244
-0.716219
0.872933
-0.439159
-0.267009
-0.907811
-0.052513
0.730046
0.729042
0.315994
0.000914
0.580761
0.481063
0.231373
0.380322
-0.638605
-0.381244
-0.716219
0.872933
-0.439159
-0.267009
-0.907811
-0.052513
0.730046
0.729042
0.315994
0.000914
0.580761
0.481063
0.231373
0.380322
-0.638605
-0.381244
-0.716219
0.872933
-0.439159
-0.267009
-0.907811
-0.052513
0.730046
0.729042
0.315994
0.000914
