-0.785993
-0.346847
15.565877
-11.811316
11.389329
-1.994999
14.654717
0.471711
-9.944951
42.144253
45.164680
-70.198479
-21.329531
28.931402
24.919359
14.472344
-2.245075
-2.706320
-7.817447
4.093153
-4.184130
0.851529
-5.073338
1.838671
2.468789
-14.106483
-16.707170
24.983870
8.781363
-9.330681
-8.914623
-4.512014
3.622599
-7.384380
997.146790
1661.449341
-1041.495850
627.411194
2652.224121
1777.444458
1808.974731
5152.449707
4154.775391
5397.147461
3890.292725
-1324.717163
4094.800537
-101.183868
-0.908787
0.805770
-354.598633
-583.995056
366.456390
-224.478699
-938.800720
-619.467346
-648.537048
-1807.369995
-1474.534912
-1886.942383
-1368.655640
471.411072
-1436.603149
44.180481
0.624357
-0.685395
-54.927368
-104.686913
63.342262
-32.888241
-150.932861
-113.628410
-90.207329
-313.219757
-231.317123
-336.022247
-234.132111
65.232925
-243.553558
-6.682135
1.495691
-2.530675
-47.734539
-92.526016
58.039669
-27.308998
-134.604324
-104.929581
-82.411880
-281.137817
-206.831284
-301.546539
-212.700424
58.567104
-220.478317
-6.005727
-2.728658
3.673586
-296.975189
-480.969604
295.415314
-186.941010
-781.162231
-506.252960
-546.198486
-1494.309082
-1231.867676
-1561.341187
-1126.248291
406.180054
-1199.223389
45.966984
0.180017
0.057239
-0.173250
-0.166611
-0.019167
0.044838
-0.350421
-0.478707
0.221367
-0.548949
0.411203
-0.989766
-0.182356
0.174433
-0.471601
-0.062419
0.180017
0.057239
-0.173250
-0.166611
-0.019167
0.044838
-0.350421
-0.478707
0.221367
-0.548949
0.411203
-0.989766
-0.182356
0.174433
-0.471601
-0.062419
0.180017
0.057239
-0.173250
-0.166611
-0.019167
0.044838
-0.350421
-0.478707
0.221367
-0.548949
0.411203
-0.989766
-0.182356
0.174433
-0.471601
-0.062419
0.180017
0.057239
-0.173250
-0.166611
-0.019167
0.044838
-0.350421
-0.478707
0.221367
-0.548949
0.411203
-0.989766
-0.182356
0.174433
-0.471601
-0.062419
0.180017
0.057239
-0.173250
-0.166611
-0.019167
0.044838
-0.350421
-0.478707
0.221367
-0.548949
0.411203
-0.989766
-0.182356
0.174433
-0.471601
-0.062419
0.180017
0.057239
-0.173250
-0.166611
-0.019167
0.044838
-0.350421
-0.478707
0.221367
-0.548949
0.411203
-0.989766
-0.182356
0.174433
-0.471601
-0.062419
0.180017
0.057239
-0.173250
-0.166611
-0.019167
0.044838
-0.350421
-0.478707
0.221367
-0.548949
0.411203
-0.989766
-0.182356
0.174433
-0.471601
-0.062419
0.180017
0.057239
-0.173250
-0.166611
-0.019167
0.044838
-0.350421
-0.478707
0.221367
-0.548949
0.411203
-0.989766
-0.182356
0.174433
-0.471601
-0.062419
0.180017
0.057239
-0.173250
-0.166611
-0.019167
0.044838
-0.350421
-0.478707
0.221367
-0.548949
0.411203
-0.989766
-0.182356
0.174433
-0.471601
-0.062419
0.180017
0.057239
-0.173250
-0.166611
-0.019167
0.044838
-0.350421
-0.478707
0.221367
-0.548949
0.411203
-0.989766
-0.182356
0.174433
-0.471601
-0.062419
0.180017
0.057239
-0.173250
-0.166611
-0.019167
0.044838
-0.350421
-0.478707
0.221367
-0.548949
0.411203
-0.989766
-0.182356
0.174433
-0.471601
-0.062419
0.180017
0.057239
-0.173250
-0.166611
-0.019167
0.044838
-0.350421
-0.478707
0.221367
-0.548949
0.411203
-0.989766
-0.182356
0.174433
-0.471601
-0.062419
0.180017
0.057239
-0.173250
-0.166611
-0.019167
0.044838
-0.350421
-0.478707
0.221367
-0.548949
0.411203
-0.989766
-0.182356
0.174433
-0.471601
-0.062419
