-2.577001
0.417160
12.843224
-22.748127
-0.398447
-11.701623
0.199204
23.016653
21.203035
11.956467
6.510005
4.957599
5.518015
-16.596981
10.208499
-5.004241
-0.977801
6.380831
-1139.386719
-1071.679077
548.925598
-884.040466
-2962.967285
-418.548950
-3488.866699
-3485.265869
-5220.543457
-3019.976563
-2697.601807
2599.718018
-3200.925293
1419.038208
-2.958076
-4.260395
-14.440529
8.180935
-8.464739
-5.328601
-11.970993
-7.975962
21.151106
-31.640074
-64.592361
41.891830
27.576586
-15.293048
-12.496288
-19.649244
0.636889
-0.023252
8.995588
-7.101347
6.541121
1.774295
6.792234
7.098667
-14.961856
21.192501
45.348412
-29.610533
-20.871288
8.963097
8.247735
14.305281
2.085228
-4.008195
859.444336
789.336365
-402.924347
670.096191
2213.227295
284.611755
2624.165039
2564.030029
3917.510254
2197.477783
1987.267456
-1957.381836
2365.782227
-1084.348389
-0.527592
-1.457900
18.403927
62.260559
-40.312214
16.736689
94.279602
79.998253
44.257572
196.139297
113.510910
219.850037
148.988571
-29.551449
142.117004
22.209930
-2.030589
2.675413
99.069275
32.546818
-8.581698
65.742142
190.598160
-53.307358
305.137360
118.584419
395.337341
45.036758
92.933479
-230.270859
156.353409
-172.664078
-0.399128
-0.062080
-0.071258
-0.211184
-0.058967
-0.256847
-0.884020
-0.898188
0.117539
-0.634003
-0.070839
-0.527201
-0.654916
0.417525
-0.499407
-0.732465
-0.399128
-0.062080
-0.071258
-0.211184
-0.058967
-0.256847
-0.884020
-0.898188
0.117539
-0.634003
-0.070839
-0.527201
-0.654916
0.417525
-0.499407
-0.732465
-0.399128
-0.062080
-0.071258
-0.211184
-0.058967
-0.256847
-0.884020
-0.898188
0.117539
-0.634003
-0.070839
-0.527201
-0.654916
0.417525
-0.499407
-0.732465
-0.399128
-0.062080
-0.071258
-0.211184
-0.058967
-0.256847
-0.884020
-0.898188
0.117539
-0.634003
-0.070839
-0.527201
-0.654916
0.417525
-0.499407
-0.732465
-0.399128
-0.062080
-0.071258
-0.211184
-0.058967
-0.256847
-0.884020
-0.898188
0.117539
-0.634003
-0.070839
-0.527201
-0.654916
0.417525
-0.499407
-0.732465
-0.399128
-0.062080
-0.071258
-0.211184
-0.058967
-0.256847
-0.884020
-0.898188
0.117539
-0.634003
-0.070839
-0.527201
-0.654916
0.417525
-0.499407
-0.732465
-0.399128
-0.062080
-0.071258
-0.211184
-0.058967
-0.256847
-0.884020
-0.898188
0.117539
-0.634003
-0.070839
-0.527201
-0.654916
0.417525
-0.499407
-0.732465
-0.399128
-0.062080
-0.071258
-0.211184
-0.058967
-0.256847
-0.884020
-0.898188
0.117539
-0.634003
-0.070839
-0.527201
-0.654916
0.417525
-0.499407
-0.732465
-0.399128
-0.062080
-0.071258
-0.211184
-0.058967
-0.256847
-0.884020
-0.898188
0.117539
-0.634003
-0.070839
-0.527201
-0.654916
0.417525
-0.499407
-0.732465
-0.399128
-0.062080
-0.071258
-0.211184
-0.058967
-0.256847
-0.884020
-0.898188
0.117539
-0.634003
-0.070839
-0.527201
-0.654916
0.417525
-0.499407
-0.732465
-0.399128
-0.062080
-0.071258
-0.211184
-0.058967
-0.256847
-0.884020
-0.898188
0.117539
-0.634003
-0.070839
-0.527201
-0.654916
0.417525
-0.499407
-0.732465
-0.399128
-0.062080
-0.071258
-0.211184
-0.058967
-0.256847
-0.884020
-0.898188
0.117539
-0.634003
-0.070839
-0.527201
-0.654916
0.417525
-0.499407
-0.732465
-0.399128
-0.062080
-0.071258
-0.211184
-0.058967
-0.256847
-0.884020
-0.898188
0.117539
-0.634003
-0.070839
-0.527201
-0.654916
0.417525
-0.499407
-0.732465
