-7.590877
-9.332159
8.009367
-26.776382
-4.714824
35.067860
25.801434
17.512888
-9.333171
10.905490
-2.274888
-15.683781
24.950769
-6.650221
-13.805460
-1.458895
1.548233
-0.111571
-6.033568
1.723915
7.158760
4.108222
3.782047
2.005898
-0.603267
-2.974974
-5.258168
0.280115
-0.763992
3.647136
0.640361
-5.191557
-0.616472
-3.858985
583.473816
546.346680
72.789589
-224.344391
-24.925388
-533.414307
-419.186157
-32.711952
-235.829071
-223.352432
-693.690125
-398.058167
-68.480179
-466.333344
-1.934371
-2.874504
-3.626118
-8.222167
6.985674
6.096781
-2.752492
-5.486577
-0.203592
5.229363
4.612784
-4.165711
7.676925
-0.817058
0.568681
-8.124527
-0.881692
-1.622341
-18.404818
-27.333433
-2.397810
9.649327
-2.177691
23.429245
17.967602
3.467534
6.770821
11.063202
21.631208
20.326593
-0.835690
25.523746
0.055265
-3.345861
-54.329971
-28.450642
3.324535
14.353020
5.420448
37.741959
31.283222
-1.034315
19.688820
14.202724
52.088394
17.302834
11.547003
35.615093
1.357809
3.537614
-425.019562
-393.893616
-54.408947
163.682938
22.706482
387.450836
305.969482
20.725643
173.764633
160.460999
510.915802
286.090668
53.385235
334.353424
-0.008574
-0.494246
-0.024157
-0.167063
0.373615
-0.098161
-0.224681
-0.352768
-0.017917
0.109577
0.090947
0.370867
-0.294940
0.634538
0.108940
-0.095115
-0.008574
-0.494246
-0.024157
-0.167063
0.373615
-0.098161
-0.224681
-0.352768
-0.017917
0.109577
0.090947
0.370867
-0.294940
0.634538
0.108940
-0.095115
-0.008574
-0.494246
-0.024157
-0.167063
0.373615
-0.098161
-0.224681
-0.352768
-0.017917
0.109577
0.090947
0.370867
-0.294940
0.634538
0.108940
-0.095115
-0.008574
-0.494246
-0.024157
-0.167063
0.373615
-0.098161
-0.224681
-0.352768
-0.017917
0.109577
0.090947
0.370867
-0.294940
0.634538
0.108940
-0.095115
-0.008574
-0.494246
-0.024157
-0.167063
0.373615
-0.098161
-0.224681
-0.352768
-0.017917
0.109577
0.090947
0.370867
-0.294940
0.634538
0.108940
-0.095115
-0.008574
-0.494246
-0.024157
-0.167063
0.373615
-0.098161
-0.224681
-0.352768
-0.017917
0.109577
0.090947
0.370867
-0.294940
0.634538
0.108940
-0.095115
-0.008574
-0.494246
-0.024157
-0.167063
0.373615
-0.098161
-0.224681
-0.352768
-0.017917
0.109577
0.090947
0.370867
-0.294940
0.634538
0.108940
-0.095115
-0.008574
-0.494246
-0.024157
-0.167063
0.373615
-0.098161
-0.224681
-0.352768
-0.017917
0.109577
0.090947
0.370867
-0.294940
0.634538
0.108940
-0.095115
-0.008574
-0.494246
-0.024157
-0.167063
0.373615
-0.098161
-0.224681
-0.352768
-0.017917
0.109577
0.090947
0.370867
-0.294940
0.634538
0.108940
-0.095115
-0.008574
-0.494246
-0.024157
-0.167063
0.373615
-0.098161
-0.224681
-0.352768
-0.017917
0.109577
0.090947
0.370867
-0.294940
0.634538
0.108940
-0.095115
-0.008574
-0.494246
-0.024157
-0.167063
0.373615
-0.098161
-0.224681
-0.352768
-0.017917
0.109577
0.090947
0.370867
-0.294940
0.634538
0.108940
-0.095115
-0.008574
-0.494246
-0.024157
-0.167063
0.373615
-0.098161
-0.224681
-0.352768
-0.017917
0.109577
0.090947
0.370867
-0.294940
0.634538
0.108940
-0.095115
-0.008574
-0.494246
-0.024157
-0.167063
0.373615
-0.098161
-0.224681
-0.352768
-0.017917
0.109577
0.090947
0.370867
-0.294940
0.634538
0.108940
-0.095115
