-1.541164
0.973969
11.173805
8.999886
4.661886
14.608536
-2.481230
12.107520
-42.533237
-1.219387
74.481293
36.400105
-29.894291
-19.932970
-6.461096
28.223591
-5.966657
-3.025169
1899.949463
-439.164581
504.583160
972.892883
2085.920410
-2429.219727
5271.706543
-944.137817
5863.225586
-2998.321777
-620.838806
-3967.843994
803.442505
-3659.868896
1.890638
-0.043744
-7.570177
-4.339421
-0.054232
-6.132873
1.785682
-6.952419
22.697102
-0.179504
-37.227962
-15.594329
15.861276
7.997315
1.435225
-15.696989
2.613328
1.661198
-913.569641
216.817429
-245.575775
-465.188202
-1002.407959
1174.532104
-2534.170898
461.257843
-2814.394287
1450.916138
305.244598
1908.225586
-383.198425
1763.517822
2.404707
2.550815
-91.739265
22.740833
-21.001331
-48.646667
-94.521721
112.513618
-244.797668
52.366920
-267.947479
148.983749
30.676283
184.449677
-33.140434
173.573395
0.839475
0.437790
-107.293587
26.421099
-29.430569
-56.901295
-115.913521
140.411652
-302.719452
58.733345
-336.181122
174.458954
36.331982
228.290802
-44.519360
213.314072
0.101992
-1.113375
-362.296631
85.989113
-97.735100
-184.240860
-395.033173
469.994507
-1009.046570
186.542847
-1117.867798
583.628235
126.594452
756.611023
-146.135757
699.212830
0.022829
0.141459
0.285397
-0.153302
-0.033858
0.335440
0.271561
-0.882574
-0.199044
-0.181226
-0.351103
0.338010
0.098519
0.455961
0.232626
-0.279546
0.022829
0.141459
0.285397
-0.153302
-0.033858
0.335440
0.271561
-0.882574
-0.199044
-0.181226
-0.351103
0.338010
0.098519
0.455961
0.232626
-0.279546
0.022829
0.141459
0.285397
-0.153302
-0.033858
0.335440
0.271561
-0.882574
-0.199044
-0.181226
-0.351103
0.338010
0.098519
0.455961
0.232626
-0.279546
0.022829
0.141459
0.285397
-0.153302
-0.033858
0.335440
0.271561
-0.882574
-0.199044
-0.181226
-0.351103
0.338010
0.098519
0.455961
0.232626
-0.279546
0.022829
0.141459
0.285397
-0.153302
-0.033858
0.335440
0.271561
-0.882574
-0.199044
-0.181226
-0.351103
0.338010
0.098519
0.455961
0.232626
-0.279546
0.022829
0.141459
0.285397
-0.153302
-0.033858
0.335440
0.271561
-0.882574
-0.199044
-0.181226
-0.351103
0.338010
0.098519
0.455961
0.232626
-0.279546
0.022829
0.141459
0.285397
-0.153302
-0.033858
0.335440
0.271561
-0.882574
-0.199044
-0.181226
-0.351103
0.338010
0.098519
0.455961
0.232626
-0.279546
0.022829
0.141459
0.285397
-0.153302
-0.033858
0.335440
0.271561
-0.882574
-0.199044
-0.181226
-0.351103
0.338010
0.098519
0.455961
0.232626
-0.279546
0.022829
0.141459
0.285397
-0.153302
-0.033858
0.335440
0.271561
-0.882574
-0.199044
-0.181226
-0.351103
0.338010
0.098519
0.455961
0.232626
-0.279546
0.022829
0.141459
0.285397
-0.153302
-0.033858
0.335440
0.271561
-0.882574
-0.199044
-0.181226
-0.351103
0.338010
0.098519
0.455961
0.232626
-0.279546
0.022829
0.141459
0.285397
-0.153302
-0.033858
0.335440
0.271561
-0.882574
-0.199044
-0.181226
-0.351103
0.338010
0.098519
0.455961
0.232626
-0.279546
0.022829
0.141459
0.285397
-0.153302
-0.033858
0.335440
0.271561
-0.882574
-0.199044
-0.181226
-0.351103
0.338010
0.098519
0.455961
0.232626
-0.279546
0.022829
0.141459
0.285397
-0.153302
-0.033858
0.335440
0.271561
-0.882574
-0.199044
-0.181226
-0.351103
0.338010
0.098519
0.455961
0.232626
-0.279546
