-8.801512
3.302124
-179.758163
-2194.714600
-424.219971
498.002350
1297.243042
-1701.172974
-286.256165
-3386.921387
204.859604
-3576.334961
-1228.788330
-1235.972290
-571.429993
39.246826
2.587955
2.095067
-9.639524
19.042679
8.158956
3.854039
0.295383
8.819857
-0.935787
-24.064016
4.648968
44.574287
-5.122437
-13.590425
-3.765697
-3.273887
-0.284803
-2.022432
7.111268
-8.406980
-7.348157
-1.901017
-0.524332
-2.638875
0.322046
12.423491
-0.509253
-23.002850
2.704796
6.490499
-0.399679
-0.766752
5.742061
-1.092959
78.689346
1146.390625
228.108109
-268.136658
-684.591553
861.234741
152.897858
1763.665039
-105.077682
1857.657959
622.249084
640.018005
301.505737
-19.915537
-0.638646
-1.554876
23.361570
369.721893
67.852806
-77.233681
-229.141571
292.238068
17.926949
574.873108
-64.241692
608.021423
208.540573
223.052521
94.749756
0.281847
1.487625
0.558663
19.937855
85.049011
13.234375
-21.671698
-37.893818
73.210510
33.792603
125.465019
13.431872
136.673004
53.869499
41.074966
22.605637
-3.662200
1.148228
-0.140314
29.753338
133.419510
21.352978
-33.793018
-63.626293
115.732140
43.967438
206.383270
15.052501
219.809387
87.314674
66.173576
32.977085
-9.277139
0.202389
-1.108583
-0.792542
0.585957
-0.116742
-0.641446
-0.492771
0.507420
-0.467678
0.147411
-0.259993
0.890942
-0.165258
-0.071030
-0.259754
0.192398
0.202389
-1.108583
-0.792542
0.585957
-0.116742
-0.641446
-0.492771
0.507420
-0.467678
0.147411
-0.259993
0.890942
-0.165258
-0.071030
-0.259754
0.192398
0.202389
-1.108583
-0.792542
0.585957
-0.116742
-0.641446
-0.492771
0.507420
-0.467678
0.147411
-0.259993
0.890942
-0.165258
-0.071030
-0.259754
0.192398
0.202389
-1.108583
-0.792542
0.585957
-0.116742
-0.641446
-0.492771
0.507420
-0.467678
0.147411
-0.259993
0.890942
-0.165258
-0.071030
-0.259754
0.192398
0.202389
-1.108583
-0.792542
0.585957
-0.116742
-0.641446
-0.492771
0.507420
-0.467678
0.147411
-0.259993
0.890942
-0.165258
-0.071030
-0.259754
0.192398
0.202389
-1.108583
-0.792542
0.585957
-0.116742
-0.641446
-0.492771
0.507420
-0.467678
0.147411
-0.259993
0.890942
-0.165258
-0.071030
-0.259754
0.192398
0.202389
-1.108583
-0.792542
0.585957
-0.116742
-0.641446
-0.492771
0.507420
-0.467678
0.147411
-0.259993
0.890942
-0.165258
-0.071030
-0.259754
0.192398
0.202389
-1.108583
-0.792542
0.585957
-0.116742
-0.641446
-0.492771
0.507420
-0.467678
0.147411
-0.259993
0.890942
-0.165258
-0.071030
-0.259754
0.192398
0.202389
-1.108583
-0.792542
0.585957
-0.116742
-0.641446
-0.492771
0.507420
-0.467678
0.147411
-0.259993
0.890942
-0.165258
-0.071030
-0.259754
0.192398
0.202389
-1.108583
-0.792542
0.585957
-0.116742
-0.641446
-0.492771
0.507420
-0.467678
0.147411
-0.259993
0.890942
-0.165258
-0.071030
-0.259754
0.192398
0.202389
-1.108583
-0.792542
0.585957
-0.116742
-0.641446
-0.492771
0.507420
-0.467678
0.147411
-0.259993
0.890942
-0.165258
-0.071030
-0.259754
0.192398
0.202389
-1.108583
-0.792542
0.585957
-0.116742
-0.641446
-0.492771
0.507420
-0.467678
0.147411
-0.259993
0.890942
-0.165258
-0.071030
-0.259754
0.192398
0.202389
-1.108583
-0.792542
0.585957
-0.116742
-0.641446
-0.492771
0.507420
-0.467678
0.147411
-0.259993
0.890942
-0.165258
-0.071030
-0.259754
0.192398
