0.843085
-2.505924
-9.755086
-10.048777
13.083572
15.686547
4.552845
-1.427988
6.640147
-5.357489
-5.809792
-6.527486
-2.366780
-0.975722
-3.738822
-5.964924
1.674579
-1.660430
-14.531416
9.400897
-0.734005
7.642424
-5.898581
7.397712
13.138445
-18.694799
-25.328739
40.526588
3.623341
-12.916418
-1.384703
-4.480378
-6.111858
6.915956
-1463.525757
-1336.899780
120.297569
717.648193
-40.609196
-2047.162109
-2528.516846
-2235.401611
-2456.437256
-3017.195313
-1684.474487
-155.059845
-334.078674
167.822327
-2.001135
1.848262
4.346019
-9.082864
-0.395056
-3.015822
7.646408
-6.346305
-5.696710
10.651798
12.669073
-25.540237
-4.633468
7.212454
-0.585134
6.208626
4.199239
-7.668161
759.902954
750.412598
-16.867258
-398.124268
-15.240565
1090.005615
1374.443481
1287.091553
1291.813354
1679.105347
937.210449
93.671005
158.290878
-113.824371
2.446471
-2.119429
224.467468
264.104340
-25.545433
-119.566353
-42.437069
361.167908
347.467957
422.768555
335.184113
573.252197
264.597870
83.522453
77.645729
-1.777714
1.393691
2.264996
134.239975
83.410065
-20.591015
-53.839394
33.406372
158.410858
229.207916
138.675308
237.344254
200.342407
132.793777
-12.866787
20.929764
-17.737213
-0.194261
0.237224
0.450303
0.840232
0.019151
-0.206419
-0.602804
0.660923
0.429332
0.722511
0.217998
1.181692
0.372824
0.148822
0.209883
-0.459778
-0.194261
0.237224
0.450303
0.840232
0.019151
-0.206419
-0.602804
0.660923
0.429332
0.722511
0.217998
1.181692
0.372824
0.148822
0.209883
-0.459778
-0.194261
0.237224
0.450303
0.840232
0.019151
-0.206419
-0.602804
0.660923
0.429332
0.722511
0.217998
1.181692
0.372824
0.148822
0.209883
-0.459778
-0.194261
0.237224
0.450303
0.840232
0.019151
-0.206419
-0.602804
0.660923
0.429332
0.722511
0.217998
1.181692
0.372824
0.148822
0.209883
-0.459778
-0.194261
0.237224
0.450303
0.840232
0.019151
-0.206419
-0.602804
0.660923
0.429332
0.722511
0.217998
1.181692
0.372824
0.148822
0.209883
-0.459778
-0.194261
0.237224
0.450303
0.840232
0.019151
-0.206419
-0.602804
0.660923
0.429332
0.722511
0.217998
1.181692
0.372824
0.148822
0.209883
-0.459778
-0.194261
0.237224
0.450303
0.840232
0.019151
-0.206419
-0.602804
0.660923
0.429332
0.722511
0.217998
1.181692
0.372824
0.148822
0.209883
-0.459778
-0.194261
0.237224
0.450303
0.840232
0.019151
-0.206419
-0.602804
0.660923
0.429332
0.722511
0.217998
1.181692
0.372824
0.148822
0.209883
-0.459778
-0.194261
0.237224
0.450303
0.840232
0.019151
-0.206419
-0.602804
0.660923
0.429332
0.722511
0.217998
1.181692
0.372824
0.148822
0.209883
-0.459778
-0.194261
0.237224
0.450303
0.840232
0.019151
-0.206419
-0.602804
0.660923
0.429332
0.722511
0.217998
1.181692
0.372824
0.148822
0.209883
-0.459778
-0.194261
0.237224
0.450303
0.840232
0.019151
-0.206419
-0.602804
0.660923
0.429332
0.722511
0.217998
1.181692
0.372824
0.148822
0.209883
-0.459778
-0.194261
0.237224
0.450303
0.840232
0.019151
-0.206419
-0.602804
0.660923
0.429332
0.722511
0.217998
1.181692
0.372824
0.148822
0.209883
-0.459778
-0.194261
0.237224
0.450303
0.840232
0.019151
-0.206419
-0.602804
0.660923
0.429332
0.722511
0.217998
1.181692
0.372824
0.148822
0.209883
-0.459778
