2.932412
1.702613
-14.981380
3.486192
24.616863
-4.731291
-0.657746
-7.181789
-1.394774
-9.507457
-12.061774
3.346049
-6.012156
-0.562503
-6.151205
-2.055874
-10.465744
2.731474
-586.850159
-1575.287964
-655.774658
298.909821
794.414490
-1304.186890
-1090.911377
-3281.494385
-726.318298
-3410.361328
-1579.169189
-817.362305
-439.865997
326.033081
2.255153
2.417966
-10.231070
15.061000
8.097749
-1.835395
-1.696632
7.227727
3.447872
-27.327370
-5.521046
45.071922
-3.928015
-15.847585
-1.465046
-2.116461
-2.234151
-1.809351
8.338245
-10.354995
-3.962267
-1.463420
0.650590
-6.003066
-0.883701
15.369980
5.035858
-28.132328
1.523156
10.850187
-2.145137
2.540354
4.901445
-4.704697
362.001770
941.793823
381.903412
-185.321320
-463.762817
790.441711
665.967773
1949.026733
466.801636
2038.615845
933.658142
489.761688
271.707458
-188.297882
4.893898
-0.420384
85.413185
217.658279
97.690025
-42.988304
-111.214714
175.568100
165.168930
457.882660
105.327980
472.423035
227.695221
104.992271
54.273567
-54.294266
2.471173
4.168323
33.132339
121.207664
50.572819
-18.552786
-68.922249
93.728821
55.227180
253.813721
29.332981
259.531891
112.756523
72.829559
37.509064
-20.687166
0.023434
-0.284496
-0.433341
0.707448
0.481533
0.077605
-0.205728
-0.510416
0.166957
0.709327
-0.544405
1.257332
0.218166
0.455271
-0.216106
-0.260680
0.023434
-0.284496
-0.433341
0.707448
0.481533
0.077605
-0.205728
-0.510416
0.166957
0.709327
-0.544405
1.257332
0.218166
0.455271
-0.216106
-0.260680
0.023434
-0.284496
-0.433341
0.707448
0.481533
0.077605
-0.205728
-0.510416
0.166957
0.709327
-0.544405
1.257332
0.218166
0.455271
-0.216106
-0.260680
0.023434
-0.284496
-0.433341
0.707448
0.481533
0.077605
-0.205728
-0.510416
0.166957
0.709327
-0.544405
1.257332
0.218166
0.455271
-0.216106
-0.260680
0.023434
-0.284496
-0.433341
0.707448
0.481533
0.077605
-0.205728
-0.510416
0.166957
0.709327
-0.544405
1.257332
0.218166
0.455271
-0.216106
-0.260680
0.023434
-0.284496
-0.433341
0.707448
0.481533
0.077605
-0.205728
-0.510416
0.166957
0.709327
-0.544405
1.257332
0.218166
0.455271
-0.216106
-0.260680
0.023434
-0.284496
-0.433341
0.707448
0.481533
0.077605
-0.205728
-0.510416
0.166957
0.709327
-0.544405
1.257332
0.218166
0.455271
-0.216106
-0.260680
0.023434
-0.284496
-0.433341
0.707448
0.481533
0.077605
-0.205728
-0.510416
0.166957
0.709327
-0.544405
1.257332
0.218166
0.455271
-0.216106
-0.260680
0.023434
-0.284496
-0.433341
0.707448
0.481533
0.077605
-0.205728
-0.510416
0.166957
0.709327
-0.544405
1.257332
0.218166
0.455271
-0.216106
-0.260680
0.023434
-0.284496
-0.433341
0.707448
0.481533
0.077605
-0.205728
-0.510416
0.166957
0.709327
-0.544405
1.257332
0.218166
0.455271
-0.216106
-0.260680
0.023434
-0.284496
-0.433341
0.707448
0.481533
0.077605
-0.205728
-0.510416
0.166957
0.709327
-0.544405
1.257332
0.218166
0.455271
-0.216106
-0.260680
0.023434
-0.284496
-0.433341
0.707448
0.481533
0.077605
-0.205728
-0.510416
0.166957
0.709327
-0.544405
1.257332
0.218166
0.455271
-0.216106
-0.260680
0.023434
-0.284496
-0.433341
0.707448
0.481533
0.077605
-0.205728
-0.510416
0.166957
0.709327
-0.544405
1.257332
0.218166
0.455271
-0.216106
-0.260680
