-0.020082
0.218775
4.193222
5.253364
-2.186574
-9.887002
-3.134372
-3.465801
0.332463
3.226716
3.454423
3.618398
2.006352
-2.510948
-0.177855
4.356761
-1.243705
5.347131
-1236.913940
-174.812744
-46.674652
723.314514
-734.645081
-1195.000732
-2819.474365
-260.560791
-2659.872314
-699.609070
-1128.703247
832.781128
14.737205
465.050018
-2.487042
-0.171636
13.771735
3.564780
-7.005819
-10.915771
7.872105
0.034492
-18.628986
8.107100
32.899811
-12.110229
-9.436839
9.230037
2.335277
0.982225
4.990335
-2.002631
-12.444965
-1.272987
6.321642
6.505060
-7.764233
-2.410538
19.245785
-6.009521
-32.907635
13.090323
9.297135
-6.579693
1.430699
-1.448744
0.752657
-4.744215
1180.635498
167.561340
48.881859
-689.680908
700.433899
1142.531738
2703.617432
256.117401
2546.525879
671.663086
1082.708984
-806.921448
-13.095539
-445.726990
-0.469647
0.752262
-0.370465
0.252805
0.209755
0.233946
-0.360764
-0.464084
-0.866292
-0.773295
-0.416625
-0.659894
-0.721382
-0.171915
0.337269
0.246889
-0.469647
0.752262
-0.370465
0.252805
0.209755
0.233946
-0.360764
-0.464084
-0.866292
-0.773295
-0.416625
-0.659894
-0.721382
-0.171915
0.337269
0.246889
-0.469647
0.752262
-0.370465
0.252805
0.209755
0.233946
-0.360764
-0.464084
-0.866292
-0.773295
-0.416625
-0.659894
-0.721382
-0.171915
0.337269
0.246889
-0.469647
0.752262
-0.370465
0.252805
0.209755
0.233946
-0.360764
-0.464084
-0.866292
-0.773295
-0.416625
-0.659894
-0.721382
-0.171915
0.337269
0.246889
-0.469647
0.752262
-0.370465
0.252805
0.209755
0.233946
-0.360764
-0.464084
-0.866292
-0.773295
-0.416625
-0.659894
-0.721382
-0.171915
0.337269
0.246889
-0.469647
0.752262
-0.370465
0.252805
0.209755
0.233946
-0.360764
-0.464084
-0.866292
-0.773295
-0.416625
-0.659894
-0.721382
-0.171915
0.337269
0.246889
-0.469647
0.752262
-0.370465
0.252805
0.209755
0.233946
-0.360764
-0.464084
-0.866292
-0.773295
-0.416625
-0.659894
-0.721382
-0.171915
0.337269
0.246889
-0.469647
0.752262
-0.370465
0.252805
0.209755
0.233946
-0.360764
-0.464084
-0.866292
-0.773295
-0.416625
-0.659894
-0.721382
-0.171915
0.337269
0.246889
-0.469647
0.752262
-0.370465
0.252805
0.209755
0.233946
-0.360764
-0.464084
-0.866292
-0.773295
-0.416625
-0.659894
-0.721382
-0.171915
0.337269
0.246889
-0.469647
0.752262
-0.370465
0.252805
0.209755
0.233946
-0.360764
-0.464084
-0.866292
-0.773295
-0.416625
-0.659894
-0.721382
-0.171915
0.337269
0.246889
-0.469647
0.752262
-0.370465
0.252805
0.209755
0.233946
-0.360764
-0.464084
-0.866292
-0.773295
-0.416625
-0.659894
-0.721382
-0.171915
0.337269
0.246889
-0.469647
0.752262
-0.370465
0.252805
0.209755
0.233946
-0.360764
-0.464084
-0.866292
-0.773295
-0.416625
-0.659894
-0.721382
-0.171915
0.337269
0.246889
-0.469647
0.752262
-0.370465
0.252805
0.209755
0.233946
-0.360764
-0.464084
-0.866292
-0.773295
-0.416625
-0.659894
-0.721382
-0.171915
0.337269
0.246889
-0.469647
0.752262
-0.370465
0.252805
0.209755
0.233946
-0.360764
-0.464084
-0.866292
-0.773295
-0.416625
-0.659894
-0.721382
-0.171915
0.337269
0.246889
-0.469647
0.752262
-0.370465
0.252805
0.209755
0.233946
-0.360764
-0.464084
-0.866292
-0.773295
-0.416625
-0.659894
-0.721382
-0.171915
0.337269
0.246889
