1.956288
-0.523735
565.583923
1572.427368
-2308.188965
-685.150146
-2322.071289
601.660767
225.601776
1080.559570
2065.120605
-772.937927
-2806.177002
-1565.656982
-3055.554688
-4605.464355
-2.810705
-0.559235
3.583065
-11.107038
21.457619
-20.381023
-4.894493
-10.134363
1.246747
8.247083
21.575546
4.697325
-5.933302
-30.847980
-31.297798
19.516245
1.323439
1.533687
-8.365037
8.204842
-17.629784
16.885929
6.334024
8.946018
0.415127
-6.319169
-21.708828
-6.918968
2.593208
26.113440
26.901743
-11.543335
-1.016004
3.107237
-503.365448
-1377.449707
2038.667480
588.612793
2038.399536
-515.779114
-186.548645
-976.234131
-1854.654297
701.444092
2482.948486
1403.703857
2706.893311
4125.449219
0.745913
0.551726
0.167657
0.089800
-0.487973
-0.251386
-1.412724
-0.611400
-0.178828
0.308397
0.439245
-0.129466
-0.164958
-0.845399
-0.144553
-1.630891
0.745913
0.551726
0.167657
0.089800
-0.487973
-0.251386
-1.412724
-0.611400
-0.178828
0.308397
0.439245
-0.129466
-0.164958
-0.845399
-0.144553
-1.630891
0.745913
0.551726
0.167657
0.089800
-0.487973
-0.251386
-1.412724
-0.611400
-0.178828
0.308397
0.439245
-0.129466
-0.164958
-0.845399
-0.144553
-1.630891
0.745913
0.551726
0.167657
0.089800
-0.487973
-0.251386
-1.412724
-0.611400
-0.178828
0.308397
0.439245
-0.129466
-0.164958
-0.845399
-0.144553
-1.630891
0.745913
0.551726
0.167657
0.089800
-0.487973
-0.251386
-1.412724
-0.611400
-0.178828
0.308397
0.439245
-0.129466
-0.164958
-0.845399
-0.144553
-1.630891
0.745913
0.551726
0.167657
0.089800
-0.487973
-0.251386
-1.412724
-0.611400
-0.178828
0.308397
0.439245
-0.129466
-0.164958
-0.845399
-0.144553
-1.630891
0.745913
0.551726
0.167657
0.089800
-0.487973
-0.251386
-1.412724
-0.611400
-0.178828
0.308397
0.439245
-0.129466
-0.164958
-0.845399
-0.144553
-1.630891
0.745913
0.551726
0.167657
0.089800
-0.487973
-0.251386
-1.412724
-0.611400
-0.178828
0.308397
0.439245
-0.129466
-0.164958
-0.845399
-0.144553
-1.630891
0.745913
0.551726
0.167657
0.089800
-0.487973
-0.251386
-1.412724
-0.611400
-0.178828
0.308397
0.439245
-0.129466
-0.164958
-0.845399
-0.144553
-1.630891
0.745913
0.551726
0.167657
0.089800
-0.487973
-0.251386
-1.412724
-0.611400
-0.178828
0.308397
0.439245
-0.129466
-0.164958
-0.845399
-0.144553
-1.630891
0.745913
0.551726
0.167657
0.089800
-0.487973
-0.251386
-1.412724
-0.611400
-0.178828
0.308397
0.439245
-0.129466
-0.164958
-0.845399
-0.144553
-1.630891
0.745913
0.551726
0.167657
0.089800
-0.487973
-0.251386
-1.412724
-0.611400
-0.178828
0.308397
0.439245
-0.129466
-0.164958
-0.845399
-0.144553
-1.630891
0.745913
0.551726
0.167657
0.089800
-0.487973
-0.251386
-1.412724
-0.611400
-0.178828
0.308397
0.439245
-0.129466
-0.164958
-0.845399
-0.144553
-1.630891
0.745913
0.551726
0.167657
0.089800
-0.487973
-0.251386
-1.412724
-0.611400
-0.178828
0.308397
0.439245
-0.129466
-0.164958
-0.845399
-0.144553
-1.630891
0.745913
0.551726
0.167657
0.089800
-0.487973
-0.251386
-1.412724
-0.611400
-0.178828
0.308397
0.439245
-0.129466
-0.164958
-0.845399
-0.144553
-1.630891
0.745913
0.551726
0.167657
0.089800
-0.487973
-0.251386
-1.412724
-0.611400
-0.178828
0.308397
0.439245
-0.129466
-0.164958
-0.845399
-0.144553
-1.630891
