21.684210
9.821723
-16.882040
38.338684
3.143496
-29.199181
-9.564231
-5.906782
2.283382
2.605068
2.995819
20.363377
-13.421321
4.547644
16.643452
7.210822
-2.448425
8.743555
29.260387
13.108956
-29.293356
-14.797805
3.841938
-16.303606
0.376817
20.492331
27.309063
-2.331131
11.082784
-6.914903
5.566416
9.775547
4.659161
1.741812
-1541.318237
-1478.532227
2493.474609
-557.245972
1729.072266
-1614.036621
-309.606384
-793.466125
-1958.337280
1557.634277
3189.873047
584.908936
4370.045410
3784.763428
1.053095
1.031150
-19.176344
6.565952
-25.531366
14.494111
-0.514939
6.891827
0.077745
-7.501862
-24.940088
-20.993546
-5.278371
26.603697
35.917973
-8.521810
0.254102
-0.168061
25.016630
-9.929249
20.484070
-9.197701
0.634833
-3.472404
-1.754653
4.573706
25.626015
15.342189
7.463425
-21.466045
-38.259296
5.949059
-6.652485
-2.149023
1467.634521
1401.441895
-2361.639160
525.880615
-1643.876587
1528.655518
295.377869
743.564148
1854.272583
-1490.330078
-3028.768555
-553.146973
-4151.577637
-3589.198730
-1.031574
0.723765
-0.080591
1.245149
-0.659516
-0.901756
-0.760334
0.242190
0.103383
0.359138
0.749608
0.012524
-0.343896
-0.584942
-0.547968
-1.610646
-1.031574
0.723765
-0.080591
1.245149
-0.659516
-0.901756
-0.760334
0.242190
0.103383
0.359138
0.749608
0.012524
-0.343896
-0.584942
-0.547968
-1.610646
-1.031574
0.723765
-0.080591
1.245149
-0.659516
-0.901756
-0.760334
0.242190
0.103383
0.359138
0.749608
0.012524
-0.343896
-0.584942
-0.547968
-1.610646
-1.031574
0.723765
-0.080591
1.245149
-0.659516
-0.901756
-0.760334
0.242190
0.103383
0.359138
0.749608
0.012524
-0.343896
-0.584942
-0.547968
-1.610646
-1.031574
0.723765
-0.080591
1.245149
-0.659516
-0.901756
-0.760334
0.242190
0.103383
0.359138
0.749608
0.012524
-0.343896
-0.584942
-0.547968
-1.610646
-1.031574
0.723765
-0.080591
1.245149
-0.659516
-0.901756
-0.760334
0.242190
0.103383
0.359138
0.749608
0.012524
-0.343896
-0.584942
-0.547968
-1.610646
-1.031574
0.723765
-0.080591
1.245149
-0.659516
-0.901756
-0.760334
0.242190
0.103383
0.359138
0.749608
0.012524
-0.343896
-0.584942
-0.547968
-1.610646
-1.031574
0.723765
-0.080591
1.245149
-0.659516
-0.901756
-0.760334
0.242190
0.103383
0.359138
0.749608
0.012524
-0.343896
-0.584942
-0.547968
-1.610646
-1.031574
0.723765
-0.080591
1.245149
-0.659516
-0.901756
-0.760334
0.242190
0.103383
0.359138
0.749608
0.012524
-0.343896
-0.584942
-0.547968
-1.610646
-1.031574
0.723765
-0.080591
1.245149
-0.659516
-0.901756
-0.760334
0.242190
0.103383
0.359138
0.749608
0.012524
-0.343896
-0.584942
-0.547968
-1.610646
-1.031574
0.723765
-0.080591
1.245149
-0.659516
-0.901756
-0.760334
0.242190
0.103383
0.359138
0.749608
0.012524
-0.343896
-0.584942
-0.547968
-1.610646
-1.031574
0.723765
-0.080591
1.245149
-0.659516
-0.901756
-0.760334
0.242190
0.103383
0.359138
0.749608
0.012524
-0.343896
-0.584942
-0.547968
-1.610646
-1.031574
0.723765
-0.080591
1.245149
-0.659516
-0.901756
-0.760334
0.242190
0.103383
0.359138
0.749608
0.012524
-0.343896
-0.584942
-0.547968
-1.610646
-1.031574
0.723765
-0.080591
1.245149
-0.659516
-0.901756
-0.760334
0.242190
0.103383
0.359138
0.749608
0.012524
-0.343896
-0.584942
-0.547968
-1.610646
