1.597719
0.723886
5.838509
-1.596386
-6.887250
-0.741244
-4.845423
-1.267892
0.633566
0.144462
3.348020
-1.255106
-1.005344
-4.504130
0.114358
3.306233
-3.226259
1.013984
192.777512
-994.603821
-263.074738
134.302505
-343.301697
450.298798
331.540649
427.375458
-24.972057
431.505554
186.025055
785.040649
-339.859955
402.908569
0.166963
0.359839
1.950080
43.202488
5.851850
-7.356623
10.812470
-21.635719
-15.611733
-19.877411
2.156465
-16.721411
-8.382860
-25.818178
13.903533
-20.108208
0.072832
-1.028215
-104.521683
492.207336
131.151260
-62.230087
176.115143
-219.915802
-161.147614
-216.077759
13.485528
-213.882294
-83.804779
-394.665771
168.982773
-202.213089
-0.831589
1.370451
-2.163205
60.458641
13.346009
-10.688169
17.074934
-30.103691
-25.643925
-24.723339
-2.478760
-26.369104
-15.695976
-44.862026
17.681059
-27.559374
3.164097
0.708951
-56.733421
177.296371
53.443886
-20.236574
70.123680
-74.705368
-50.405586
-80.633530
8.267539
-78.795319
-24.286663
-149.017044
70.079369
-63.365822
-0.296107
-0.135049
-0.395415
0.094492
0.137198
0.022982
0.749421
-0.172417
0.293805
-0.693643
-0.485692
0.265884
-0.242448
-0.477275
0.069876
-0.068928
-0.296107
-0.135049
-0.395415
0.094492
0.137198
0.022982
0.749421
-0.172417
0.293805
-0.693643
-0.485692
0.265884
-0.242448
-0.477275
0.069876
-0.068928
-0.296107
-0.135049
-0.395415
0.094492
0.137198
0.022982
0.749421
-0.172417
0.293805
-0.693643
-0.485692
0.265884
-0.242448
-0.477275
0.069876
-0.068928
-0.296107
-0.135049
-0.395415
0.094492
0.137198
0.022982
0.749421
-0.172417
0.293805
-0.693643
-0.485692
0.265884
-0.242448
-0.477275
0.069876
-0.068928
-0.296107
-0.135049
-0.395415
0.094492
0.137198
0.022982
0.749421
-0.172417
0.293805
-0.693643
-0.485692
0.265884
-0.242448
-0.477275
0.069876
-0.068928
-0.296107
-0.135049
-0.395415
0.094492
0.137198
0.022982
0.749421
-0.172417
0.293805
-0.693643
-0.485692
0.265884
-0.242448
-0.477275
0.069876
-0.068928
-0.296107
-0.135049
-0.395415
0.094492
0.137198
0.022982
0.749421
-0.172417
0.293805
-0.693643
-0.485692
0.265884
-0.242448
-0.477275
0.069876
-0.068928
-0.296107
-0.135049
-0.395415
0.094492
0.137198
0.022982
0.749421
-0.172417
0.293805
-0.693643
-0.485692
0.265884
-0.242448
-0.477275
0.069876
-0.068928
-0.296107
-0.135049
-0.395415
0.094492
0.137198
0.022982
0.749421
-0.172417
0.293805
-0.693643
-0.485692
0.265884
-0.242448
-0.477275
0.069876
-0.068928
-0.296107
-0.135049
-0.395415
0.094492
0.137198
0.022982
0.749421
-0.172417
0.293805
-0.693643
-0.485692
0.265884
-0.242448
-0.477275
0.069876
-0.068928
-0.296107
-0.135049
-0.395415
0.094492
0.137198
0.022982
0.749421
-0.172417
0.293805
-0.693643
-0.485692
0.265884
-0.242448
-0.477275
0.069876
-0.068928
-0.296107
-0.135049
-0.395415
0.094492
0.137198
0.022982
0.749421
-0.172417
0.293805
-0.693643
-0.485692
0.265884
-0.242448
-0.477275
0.069876
-0.068928
-0.296107
-0.135049
-0.395415
0.094492
0.137198
0.022982
0.749421
-0.172417
0.293805
-0.693643
-0.485692
0.265884
-0.242448
-0.477275
0.069876
-0.068928
-0.296107
-0.135049
-0.395415
0.094492
0.137198
0.022982
0.749421
-0.172417
0.293805
-0.693643
-0.485692
0.265884
-0.242448
-0.477275
0.069876
-0.068928
