-3.193751
3.516252
1297.448120
-1129.569580
489.413055
2539.368896
1888.919067
1754.798706
804.579590
-111.581276
-1584.062134
-1438.151611
96.463486
2743.024658
-3540.133301
4613.561035
-0.721798
1.749757
9.853135
13.941121
10.947791
24.056679
6.789147
0.122259
-7.787226
0.518665
-17.791159
19.372553
24.106897
8.681848
-7.346497
-40.386353
0.820570
-0.819417
-2.819534
-14.708996
-13.276996
-18.908846
-8.595620
1.109659
6.808690
-0.732813
19.340933
-19.094196
-19.648333
-7.035245
4.252409
33.614891
2.645449
-2.002031
-1227.779419
1081.188354
-475.665161
-2418.644775
-1808.297729
-1670.522217
-765.053955
110.895973
1523.928223
1366.512329
-100.503716
-2614.246826
3359.623535
-4416.501465
0.148932
-0.354834
-0.732298
-0.245325
0.542587
-0.392805
-0.104193
-0.871347
-0.178028
-0.163853
0.450706
0.446581
0.699497
-0.452617
1.693494
-0.144612
0.148932
-0.354834
-0.732298
-0.245325
0.542587
-0.392805
-0.104193
-0.871347
-0.178028
-0.163853
0.450706
0.446581
0.699497
-0.452617
1.693494
-0.144612
0.148932
-0.354834
-0.732298
-0.245325
0.542587
-0.392805
-0.104193
-0.871347
-0.178028
-0.163853
0.450706
0.446581
0.699497
-0.452617
1.693494
-0.144612
0.148932
-0.354834
-0.732298
-0.245325
0.542587
-0.392805
-0.104193
-0.871347
-0.178028
-0.163853
0.450706
0.446581
0.699497
-0.452617
1.693494
-0.144612
0.148932
-0.354834
-0.732298
-0.245325
0.542587
-0.392805
-0.104193
-0.871347
-0.178028
-0.163853
0.450706
0.446581
0.699497
-0.452617
1.693494
-0.144612
0.148932
-0.354834
-0.732298
-0.245325
0.542587
-0.392805
-0.104193
-0.871347
-0.178028
-0.163853
0.450706
0.446581
0.699497
-0.452617
1.693494
-0.144612
0.148932
-0.354834
-0.732298
-0.245325
0.542587
-0.392805
-0.104193
-0.871347
-0.178028
-0.163853
0.450706
0.446581
0.699497
-0.452617
1.693494
-0.144612
0.148932
-0.354834
-0.732298
-0.245325
0.542587
-0.392805
-0.104193
-0.871347
-0.178028
-0.163853
0.450706
0.446581
0.699497
-0.452617
1.693494
-0.144612
0.148932
-0.354834
-0.732298
-0.245325
0.542587
-0.392805
-0.104193
-0.871347
-0.178028
-0.163853
0.450706
0.446581
0.699497
-0.452617
1.693494
-0.144612
0.148932
-0.354834
-0.732298
-0.245325
0.542587
-0.392805
-0.104193
-0.871347
-0.178028
-0.163853
0.450706
0.446581
0.699497
-0.452617
1.693494
-0.144612
0.148932
-0.354834
-0.732298
-0.245325
0.542587
-0.392805
-0.104193
-0.871347
-0.178028
-0.163853
0.450706
0.446581
0.699497
-0.452617
1.693494
-0.144612
0.148932
-0.354834
-0.732298
-0.245325
0.542587
-0.392805
-0.104193
-0.871347
-0.178028
-0.163853
0.450706
0.446581
0.699497
-0.452617
1.693494
-0.144612
0.148932
-0.354834
-0.732298
-0.245325
0.542587
-0.392805
-0.104193
-0.871347
-0.178028
-0.163853
0.450706
0.446581
0.699497
-0.452617
1.693494
-0.144612
0.148932
-0.354834
-0.732298
-0.245325
0.542587
-0.392805
-0.104193
-0.871347
-0.178028
-0.163853
0.450706
0.446581
0.699497
-0.452617
1.693494
-0.144612
0.148932
-0.354834
-0.732298
-0.245325
0.542587
-0.392805
-0.104193
-0.871347
-0.178028
-0.163853
0.450706
0.446581
0.699497
-0.452617
1.693494
-0.144612
0.148932
-0.354834
-0.732298
-0.245325
0.542587
-0.392805
-0.104193
-0.871347
-0.178028
-0.163853
0.450706
0.446581
0.699497
-0.452617
1.693494
-0.144612
