29.679651
34.615429
-222.821045
3248.960693
523.637634
-5706.415039
-3419.729492
-10401.198242
-14361.006836
1167.354126
-12600.555664
15213.670898
-2134.213867
29411.328125
1168.679565
20776.472656
-2.192800
-4.414419
5.448154
-31.376680
-40.402821
-42.999279
-43.449257
19.636612
112.633873
-11.287600
-170.728302
-180.406494
237.721008
64.412773
67.550476
-126.894844
0.700924
1.402752
-1.985390
25.667971
34.258373
45.717934
44.323830
-15.297283
-107.684769
8.038265
161.698166
168.200562
-228.471375
-59.577312
-68.295227
118.642899
-28.749548
-32.159775
157.712799
-3082.186523
-510.413483
5496.837402
3311.156982
9968.808594
13715.944336
-1156.228271
12056.578125
-14534.262695
1987.688843
-28123.064453
-1097.231567
-19894.078125
1.205484
0.263193
1.003199
-0.819897
-1.056809
1.499139
-1.238637
2.728026
2.888963
2.627472
6.648955
-0.757628
6.202645
-6.165304
4.327124
-4.599442
1.205484
0.263193
1.003199
-0.819897
-1.056809
1.499139
-1.238637
2.728026
2.888963
2.627472
6.648955
-0.757628
6.202645
-6.165304
4.327124
-4.599442
1.205484
0.263193
1.003199
-0.819897
-1.056809
1.499139
-1.238637
2.728026
2.888963
2.627472
6.648955
-0.757628
6.202645
-6.165304
4.327124
-4.599442
1.205484
0.263193
1.003199
-0.819897
-1.056809
1.499139
-1.238637
2.728026
2.888963
2.627472
6.648955
-0.757628
6.202645
-6.165304
4.327124
-4.599442
1.205484
0.263193
1.003199
-0.819897
-1.056809
1.499139
-1.238637
2.728026
2.888963
2.627472
6.648955
-0.757628
6.202645
-6.165304
4.327124
-4.599442
1.205484
0.263193
1.003199
-0.819897
-1.056809
1.499139
-1.238637
2.728026
2.888963
2.627472
6.648955
-0.757628
6.202645
-6.165304
4.327124
-4.599442
1.205484
0.263193
1.003199
-0.819897
-1.056809
1.499139
-1.238637
2.728026
2.888963
2.627472
6.648955
-0.757628
6.202645
-6.165304
4.327124
-4.599442
1.205484
0.263193
1.003199
-0.819897
-1.056809
1.499139
-1.238637
2.728026
2.888963
2.627472
6.648955
-0.757628
6.202645
-6.165304
4.327124
-4.599442
1.205484
0.263193
1.003199
-0.819897
-1.056809
1.499139
-1.238637
2.728026
2.888963
2.627472
6.648955
-0.757628
6.202645
-6.165304
4.327124
-4.599442
1.205484
0.263193
1.003199
-0.819897
-1.056809
1.499139
-1.238637
2.728026
2.888963
2.627472
6.648955
-0.757628
6.202645
-6.165304
4.327124
-4.599442
1.205484
0.263193
1.003199
-0.819897
-1.056809
1.499139
-1.238637
2.728026
2.888963
2.627472
6.648955
-0.757628
6.202645
-6.165304
4.327124
-4.599442
1.205484
0.263193
1.003199
-0.819897
-1.056809
1.499139
-1.238637
2.728026
2.888963
2.627472
6.648955
-0.757628
6.202645
-6.165304
4.327124
-4.599442
1.205484
0.263193
1.003199
-0.819897
-1.056809
1.499139
-1.238637
2.728026
2.888963
2.627472
6.648955
-0.757628
6.202645
-6.165304
4.327124
-4.599442
1.205484
0.263193
1.003199
-0.819897
-1.056809
1.499139
-1.238637
2.728026
2.888963
2.627472
6.648955
-0.757628
6.202645
-6.165304
4.327124
-4.599442
1.205484
0.263193
1.003199
-0.819897
-1.056809
1.499139
-1.238637
2.728026
2.888963
2.627472
6.648955
-0.757628
6.202645
-6.165304
4.327124
-4.599442
1.205484
0.263193
1.003199
-0.819897
-1.056809
1.499139
-1.238637
2.728026
2.888963
2.627472
6.648955
-0.757628
6.202645
-6.165304
4.327124
-4.599442
