-40.164406
38.931854
-3986.453369
-263.547424
6257.834961
559.034668
11811.930664
-4709.302246
-2113.511719
-16114.351563
-18001.289063
-13655.217773
-33414.570313
1813.392090
-25244.861328
2058.915527
-1.909466
2.089391
-38.892525
-8.896996
-48.519974
45.324207
17.740341
50.038845
-5.207138
-125.364410
-200.337982
175.307388
118.117691
-278.224213
-148.223328
-93.660103
-0.743571
-1.925006
16.843502
-1.556819
18.462282
-12.275764
-4.403762
-14.740163
7.764999
47.237232
80.182701
-76.539291
-44.916084
96.734940
50.285633
28.654938
13.983177
-12.863441
1545.026489
86.143349
-2413.934814
-212.122589
-4565.561523
1829.029175
854.060974
6219.009277
6982.894531
5253.534180
12916.941406
-744.446594
9748.445313
-828.316040
-0.884728
-0.952885
213.323456
9.162021
-329.305420
-24.535385
-619.461060
252.588272
122.619492
851.826294
955.632629
707.916443
1760.426758
-110.190010
1335.041382
-133.885101
0.963404
-5.611989
233.565338
18.651859
-363.293030
-36.375134
-694.551880
276.766418
131.942780
944.227112
1058.159912
797.936035
1964.700073
-109.323517
1478.658569
-133.055313
11.544098
-10.920126
1036.808105
60.266693
-1638.300415
-135.203537
-3066.647217
1248.798218
556.122070
4204.474121
4703.458008
3542.717041
8699.810547
-515.672913
6583.420410
-548.043030
-0.421310
0.223032
0.707311
0.914039
-0.896625
-0.433634
-2.532979
-1.430059
-2.120791
2.909510
0.716392
5.134275
5.827889
4.407387
4.230559
3.129423
-0.421310
0.223032
0.707311
0.914039
-0.896625
-0.433634
-2.532979
-1.430059
-2.120791
2.909510
0.716392
5.134275
5.827889
4.407387
4.230559
3.129423
-0.421310
0.223032
0.707311
0.914039
-0.896625
-0.433634
-2.532979
-1.430059
-2.120791
2.909510
0.716392
5.134275
5.827889
4.407387
4.230559
3.129423
-0.421310
0.223032
0.707311
0.914039
-0.896625
-0.433634
-2.532979
-1.430059
-2.120791
2.909510
0.716392
5.134275
5.827889
4.407387
4.230559
3.129423
-0.421310
0.223032
0.707311
0.914039
-0.896625
-0.433634
-2.532979
-1.430059
-2.120791
2.909510
0.716392
5.134275
5.827889
4.407387
4.230559
3.129423
-0.421310
0.223032
0.707311
0.914039
-0.896625
-0.433634
-2.532979
-1.430059
-2.120791
2.909510
0.716392
5.134275
5.827889
4.407387
4.230559
3.129423
-0.421310
0.223032
0.707311
0.914039
-0.896625
-0.433634
-2.532979
-1.430059
-2.120791
2.909510
0.716392
5.134275
5.827889
4.407387
4.230559
3.129423
-0.421310
0.223032
0.707311
0.914039
-0.896625
-0.433634
-2.532979
-1.430059
-2.120791
2.909510
0.716392
5.134275
5.827889
4.407387
4.230559
3.129423
-0.421310
0.223032
0.707311
0.914039
-0.896625
-0.433634
-2.532979
-1.430059
-2.120791
2.909510
0.716392
5.134275
5.827889
4.407387
4.230559
3.129423
-0.421310
0.223032
0.707311
0.914039
-0.896625
-0.433634
-2.532979
-1.430059
-2.120791
2.909510
0.716392
5.134275
5.827889
4.407387
4.230559
3.129423
-0.421310
0.223032
0.707311
0.914039
-0.896625
-0.433634
-2.532979
-1.430059
-2.120791
2.909510
0.716392
5.134275
5.827889
4.407387
4.230559
3.129423
-0.421310
0.223032
0.707311
0.914039
-0.896625
-0.433634
-2.532979
-1.430059
-2.120791
2.909510
0.716392
5.134275
5.827889
4.407387
4.230559
3.129423
-0.421310
0.223032
0.707311
0.914039
-0.896625
-0.433634
-2.532979
-1.430059
-2.120791
2.909510
0.716392
5.134275
5.827889
4.407387
4.230559
3.129423
