-37.499969
-2.234699
-2772.451172
-1299.494629
2855.205566
5686.861816
9762.625977
6103.365234
10036.063477
-7200.716309
1725.627563
-18742.396484
-15599.047852
-25139.156250
-16647.798828
-16313.263672
1.667750
-4.729881
-30.714144
0.674902
9.903825
70.138962
46.055466
13.737469
-86.729782
-42.479206
37.490402
233.397980
-150.585785
-191.278748
-153.468048
48.792442
1.109471
3.947299
22.896820
-2.293033
-10.519757
-61.067661
-40.707676
-14.471276
75.890694
39.395573
-26.783319
-200.335892
131.205963
164.088287
135.408890
-41.608093
36.999775
-0.208025
2224.878174
1025.203735
-2404.998535
-4954.956543
-8343.183594
-5105.497559
-8446.942383
6166.880371
-1358.142456
15919.447266
13350.279297
21285.240234
14263.578125
13779.547852
-0.566848
-0.782723
153.115036
6.841387
-264.831787
-119.950317
-521.027039
-5.862196
-233.697922
519.196594
373.721313
768.349060
1206.477295
589.851746
1018.515503
230.318222
1.610321
-0.383657
90.525108
96.834785
27.727032
-232.971954
-195.381668
-428.663940
-501.093781
20.825420
-466.020752
592.603333
-19.895372
1185.264893
198.137100
908.394165
-0.089626
0.535602
-0.140827
0.338700
0.685371
-1.288359
-0.843311
-3.115265
-3.462253
-0.540097
-4.685021
3.332383
-1.704692
7.945584
-0.123289
6.812127
-0.089626
0.535602
-0.140827
0.338700
0.685371
-1.288359
-0.843311
-3.115265
-3.462253
-0.540097
-4.685021
3.332383
-1.704692
7.945584
-0.123289
6.812127
-0.089626
0.535602
-0.140827
0.338700
0.685371
-1.288359
-0.843311
-3.115265
-3.462253
-0.540097
-4.685021
3.332383
-1.704692
7.945584
-0.123289
6.812127
-0.089626
0.535602
-0.140827
0.338700
0.685371
-1.288359
-0.843311
-3.115265
-3.462253
-0.540097
-4.685021
3.332383
-1.704692
7.945584
-0.123289
6.812127
-0.089626
0.535602
-0.140827
0.338700
0.685371
-1.288359
-0.843311
-3.115265
-3.462253
-0.540097
-4.685021
3.332383
-1.704692
7.945584
-0.123289
6.812127
-0.089626
0.535602
-0.140827
0.338700
0.685371
-1.288359
-0.843311
-3.115265
-3.462253
-0.540097
-4.685021
3.332383
-1.704692
7.945584
-0.123289
6.812127
-0.089626
0.535602
-0.140827
0.338700
0.685371
-1.288359
-0.843311
-3.115265
-3.462253
-0.540097
-4.685021
3.332383
-1.704692
7.945584
-0.123289
6.812127
-0.089626
0.535602
-0.140827
0.338700
0.685371
-1.288359
-0.843311
-3.115265
-3.462253
-0.540097
-4.685021
3.332383
-1.704692
7.945584
-0.123289
6.812127
-0.089626
0.535602
-0.140827
0.338700
0.685371
-1.288359
-0.843311
-3.115265
-3.462253
-0.540097
-4.685021
3.332383
-1.704692
7.945584
-0.123289
6.812127
-0.089626
0.535602
-0.140827
0.338700
0.685371
-1.288359
-0.843311
-3.115265
-3.462253
-0.540097
-4.685021
3.332383
-1.704692
7.945584
-0.123289
6.812127
-0.089626
0.535602
-0.140827
0.338700
0.685371
-1.288359
-0.843311
-3.115265
-3.462253
-0.540097
-4.685021
3.332383
-1.704692
7.945584
-0.123289
6.812127
-0.089626
0.535602
-0.140827
0.338700
0.685371
-1.288359
-0.843311
-3.115265
-3.462253
-0.540097
-4.685021
3.332383
-1.704692
7.945584
-0.123289
6.812127
-0.089626
0.535602
-0.140827
0.338700
0.685371
-1.288359
-0.843311
-3.115265
-3.462253
-0.540097
-4.685021
3.332383
-1.704692
7.945584
-0.123289
6.812127
-0.089626
0.535602
-0.140827
0.338700
0.685371
-1.288359
-0.843311
-3.115265
-3.462253
-0.540097
-4.685021
3.332383
-1.704692
7.945584
-0.123289
6.812127
