23.264484
-46.370605
869.686951
-3285.337402
-5380.542969
1320.373047
-11308.685547
8746.358398
5741.091797
14836.334961
19192.582031
7898.830566
25586.167969
-10811.556641
22293.050781
-13084.211914
-3.925248
3.085258
0.454989
35.024647
55.464848
-24.465693
-4.845428
-62.545013
-24.957539
119.380554
221.099365
-104.592682
-165.913971
183.065842
99.412567
151.444504
-0.308628
0.065875
-2.019082
-12.814317
-23.314129
6.080816
-1.457349
19.984089
7.162475
-46.225677
-92.011810
48.216709
70.619308
-64.600624
-35.042065
-55.962318
-9.266388
18.497620
-418.442108
1312.636719
2147.044678
-604.062988
4560.252441
-3495.831299
-2321.540039
-6023.171387
-7761.110352
-3214.992188
-10319.483398
4450.585449
-9003.972656
5309.918945
-6.626975
11.508728
-167.837997
809.655701
1340.386353
-286.261719
2783.998779
-2168.361084
-1398.944214
-3641.389648
-4715.820313
-1936.300415
-6312.401855
2587.825928
-5478.273438
3195.183594
-1.987810
5.687634
-50.326923
186.783051
298.671143
-53.887615
657.789185
-468.016663
-291.452301
-840.931946
-1057.404663
-479.217621
-1458.622314
556.503784
-1283.343994
685.709045
1.371776
2.679800
-45.768383
176.671127
300.002045
-49.114162
641.873535
-455.284882
-279.982361
-816.416565
-1029.851074
-474.732635
-1427.555054
513.917175
-1253.760132
653.496216
-0.644503
0.488126
-0.766752
0.275512
1.071744
1.017178
3.571927
-0.093092
1.250544
-3.934061
-2.533684
-4.133225
-6.190227
-1.987697
-5.775984
-0.965310
-0.644503
0.488126
-0.766752
0.275512
1.071744
1.017178
3.571927
-0.093092
1.250544
-3.934061
-2.533684
-4.133225
-6.190227
-1.987697
-5.775984
-0.965310
-0.644503
0.488126
-0.766752
0.275512
1.071744
1.017178
3.571927
-0.093092
1.250544
-3.934061
-2.533684
-4.133225
-6.190227
-1.987697
-5.775984
-0.965310
-0.644503
0.488126
-0.766752
0.275512
1.071744
1.017178
3.571927
-0.093092
1.250544
-3.934061
-2.533684
-4.133225
-6.190227
-1.987697
-5.775984
-0.965310
-0.644503
0.488126
-0.766752
0.275512
1.071744
1.017178
3.571927
-0.093092
1.250544
-3.934061
-2.533684
-4.133225
-6.190227
-1.987697
-5.775984
-0.965310
-0.644503
0.488126
-0.766752
0.275512
1.071744
1.017178
3.571927
-0.093092
1.250544
-3.934061
-2.533684
-4.133225
-6.190227
-1.987697
-5.775984
-0.965310
-0.644503
0.488126
-0.766752
0.275512
1.071744
1.017178
3.571927
-0.093092
1.250544
-3.934061
-2.533684
-4.133225
-6.190227
-1.987697
-5.775984
-0.965310
-0.644503
0.488126
-0.766752
0.275512
1.071744
1.017178
3.571927
-0.093092
1.250544
-3.934061
-2.533684
-4.133225
-6.190227
-1.987697
-5.775984
-0.965310
-0.644503
0.488126
-0.766752
0.275512
1.071744
1.017178
3.571927
-0.093092
1.250544
-3.934061
-2.533684
-4.133225
-6.190227
-1.987697
-5.775984
-0.965310
-0.644503
0.488126
-0.766752
0.275512
1.071744
1.017178
3.571927
-0.093092
1.250544
-3.934061
-2.533684
-4.133225
-6.190227
-1.987697
-5.775984
-0.965310
-0.644503
0.488126
-0.766752
0.275512
1.071744
1.017178
3.571927
-0.093092
1.250544
-3.934061
-2.533684
-4.133225
-6.190227
-1.987697
-5.775984
-0.965310
-0.644503
0.488126
-0.766752
0.275512
1.071744
1.017178
3.571927
-0.093092
1.250544
-3.934061
-2.533684
-4.133225
-6.190227
-1.987697
-5.775984
-0.965310
-0.644503
0.488126
-0.766752
0.275512
1.071744
1.017178
3.571927
-0.093092
1.250544
-3.934061
-2.533684
-4.133225
-6.190227
-1.987697
-5.775984
-0.965310
