50.795113
-1.155049
572.526367
695.396362
-6882.466309
-5016.808105
-13354.500000
-4110.080566
-9777.623047
11300.931641
3150.112549
21648.371094
24487.744141
18022.386719
22525.824219
10691.292969
-0.844346
2.027865
8.915108
-2.526232
23.828506
-83.647362
-49.558590
-33.365265
85.412453
72.502075
18.967018
-270.114105
75.827438
247.209152
173.223709
2.480819
0.111989
-0.293316
-5.478747
0.000710
-11.751295
44.405071
28.215343
15.360147
-48.606915
-40.110153
-17.789738
143.189484
-43.522182
-127.394821
-94.787300
3.223500
-26.937782
0.907104
-297.617554
-331.281036
3663.987549
2646.058350
7128.669922
2126.337158
5132.056152
-6024.481934
-1752.552368
-11485.377930
-13123.120117
-9494.932617
-12023.337891
-5630.118652
-2.653950
-0.410456
-18.092443
-31.789070
263.329712
169.440063
491.842590
130.453995
342.087677
-434.516907
-161.998367
-788.577087
-926.808167
-607.213867
-842.036072
-341.751587
-7.732614
3.320859
-94.231323
-127.678963
1150.391357
790.510132
2205.452148
603.331360
1550.010620
-1899.094116
-621.695129
-3525.292480
-4073.169678
-2812.157959
-3732.913086
-1607.171265
-5.788053
-1.716612
-37.424965
-46.703377
434.177246
319.258423
822.927979
278.176361
630.278259
-703.726135
-165.167618
-1357.500244
-1504.049194
-1160.275757
-1391.489258
-700.690857
0.095193
0.591870
0.245189
0.257586
-0.165197
-0.261206
0.735329
0.750842
1.435739
-0.304201
0.842651
-1.076221
-0.140218
-1.752575
-0.321680
-1.006117
0.095193
0.591870
0.245189
0.257586
-0.165197
-0.261206
0.735329
0.750842
1.435739
-0.304201
0.842651
-1.076221
-0.140218
-1.752575
-0.321680
-1.006117
0.095193
0.591870
0.245189
0.257586
-0.165197
-0.261206
0.735329
0.750842
1.435739
-0.304201
0.842651
-1.076221
-0.140218
-1.752575
-0.321680
-1.006117
0.095193
0.591870
0.245189
0.257586
-0.165197
-0.261206
0.735329
0.750842
1.435739
-0.304201
0.842651
-1.076221
-0.140218
-1.752575
-0.321680
-1.006117
0.095193
0.591870
0.245189
0.257586
-0.165197
-0.261206
0.735329
0.750842
1.435739
-0.304201
0.842651
-1.076221
-0.140218
-1.752575
-0.321680
-1.006117
0.095193
0.591870
0.245189
0.257586
-0.165197
-0.261206
0.735329
0.750842
1.435739
-0.304201
0.842651
-1.076221
-0.140218
-1.752575
-0.321680
-1.006117
0.095193
0.591870
0.245189
0.257586
-0.165197
-0.261206
0.735329
0.750842
1.435739
-0.304201
0.842651
-1.076221
-0.140218
-1.752575
-0.321680
-1.006117
0.095193
0.591870
0.245189
0.257586
-0.165197
-0.261206
0.735329
0.750842
1.435739
-0.304201
0.842651
-1.076221
-0.140218
-1.752575
-0.321680
-1.006117
0.095193
0.591870
0.245189
0.257586
-0.165197
-0.261206
0.735329
0.750842
1.435739
-0.304201
0.842651
-1.076221
-0.140218
-1.752575
-0.321680
-1.006117
0.095193
0.591870
0.245189
0.257586
-0.165197
-0.261206
0.735329
0.750842
1.435739
-0.304201
0.842651
-1.076221
-0.140218
-1.752575
-0.321680
-1.006117
0.095193
0.591870
0.245189
0.257586
-0.165197
-0.261206
0.735329
0.750842
1.435739
-0.304201
0.842651
-1.076221
-0.140218
-1.752575
-0.321680
-1.006117
0.095193
0.591870
0.245189
0.257586
-0.165197
-0.261206
0.735329
0.750842
1.435739
-0.304201
0.842651
-1.076221
-0.140218
-1.752575
-0.321680
-1.006117
0.095193
0.591870
0.245189
0.257586
-0.165197
-0.261206
0.735329
0.750842
1.435739
-0.304201
0.842651
-1.076221
-0.140218
-1.752575
-0.321680
-1.006117
