44.498833
18.314337
-896.561340
13.102858
-4852.579590
-6758.079590
-10552.990234
-7645.915527
-12685.500000
6868.821777
-4642.265625
20090.763672
16962.105469
24579.253906
16325.228516
17050.804688
-1.191760
-0.282188
-4.778025
-2.136327
-8.531680
-88.644600
-54.216728
-11.984839
105.788910
32.648949
-75.986198
-248.242584
143.736115
209.398911
153.527054
-58.591297
1.744805
-0.512094
4.416781
4.553346
6.125502
50.380299
31.821949
4.830997
-64.441147
-22.821218
39.169518
150.178329
-89.498817
-120.534294
-94.582718
37.890232
-27.620050
-12.363547
551.952393
6.501541
2952.409424
3961.562012
6351.026367
4419.590820
7451.087402
-4207.621582
2524.523438
-11987.709961
-10352.043945
-14397.723633
-9914.579102
-9922.100586
-3.081671
-1.152999
53.690216
-16.476490
185.749359
428.856873
467.354401
551.343445
794.242004
-203.356155
532.136475
-1027.370117
-583.099548
-1570.337402
-639.399414
-1154.806519
-5.373295
0.499071
70.880257
-8.502241
736.602234
733.031860
1488.146973
745.893616
1431.861328
-1152.893555
142.807724
-2637.069092
-2673.737793
-2720.647705
-2432.180908
-1800.607788
-3.402289
-2.294546
37.505299
-2.075793
151.068054
252.870636
345.012146
292.222839
459.436493
-199.582031
215.232742
-672.411316
-511.768158
-887.660400
-509.959686
-630.984436
-0.698894
0.033768
-0.717191
0.191663
0.544373
0.459598
-0.324298
0.118129
0.559812
0.012601
-0.176175
-0.579284
0.057087
-0.911975
-0.160281
-0.563998
-0.698894
0.033768
-0.717191
0.191663
0.544373
0.459598
-0.324298
0.118129
0.559812
0.012601
-0.176175
-0.579284
0.057087
-0.911975
-0.160281
-0.563998
-0.698894
0.033768
-0.717191
0.191663
0.544373
0.459598
-0.324298
0.118129
0.559812
0.012601
-0.176175
-0.579284
0.057087
-0.911975
-0.160281
-0.563998
-0.698894
0.033768
-0.717191
0.191663
0.544373
0.459598
-0.324298
0.118129
0.559812
0.012601
-0.176175
-0.579284
0.057087
-0.911975
-0.160281
-0.563998
-0.698894
0.033768
-0.717191
0.191663
0.544373
0.459598
-0.324298
0.118129
0.559812
0.012601
-0.176175
-0.579284
0.057087
-0.911975
-0.160281
-0.563998
-0.698894
0.033768
-0.717191
0.191663
0.544373
0.459598
-0.324298
0.118129
0.559812
0.012601
-0.176175
-0.579284
0.057087
-0.911975
-0.160281
-0.563998
-0.698894
0.033768
-0.717191
0.191663
0.544373
0.459598
-0.324298
0.118129
0.559812
0.012601
-0.176175
-0.579284
0.057087
-0.911975
-0.160281
-0.563998
-0.698894
0.033768
-0.717191
0.191663
0.544373
0.459598
-0.324298
0.118129
0.559812
0.012601
-0.176175
-0.579284
0.057087
-0.911975
-0.160281
-0.563998
-0.698894
0.033768
-0.717191
0.191663
0.544373
0.459598
-0.324298
0.118129
0.559812
0.012601
-0.176175
-0.579284
0.057087
-0.911975
-0.160281
-0.563998
-0.698894
0.033768
-0.717191
0.191663
0.544373
0.459598
-0.324298
0.118129
0.559812
0.012601
-0.176175
-0.579284
0.057087
-0.911975
-0.160281
-0.563998
-0.698894
0.033768
-0.717191
0.191663
0.544373
0.459598
-0.324298
0.118129
0.559812
0.012601
-0.176175
-0.579284
0.057087
-0.911975
-0.160281
-0.563998
-0.698894
0.033768
-0.717191
0.191663
0.544373
0.459598
-0.324298
0.118129
0.559812
0.012601
-0.176175
-0.579284
0.057087
-0.911975
-0.160281
-0.563998
-0.698894
0.033768
-0.717191
0.191663
0.544373
0.459598
-0.324298
0.118129
0.559812
0.012601
-0.176175
-0.579284
0.057087
-0.911975
-0.160281
-0.563998
