64.931557
-43.068745
3188.419922
3864.489014
-21684.496094
1802.441406
-8653.769531
1347.219360
-15739.450195
17662.140625
11520.429688
16175.567383
-922.692932
12171.336914
24705.222656
438.214081
-0.780122
-0.455339
37.260860
-27.902925
193.046204
-132.697266
-17.504450
-32.759556
140.293533
115.818893
125.624718
-206.201035
96.202316
25.397455
155.098724
74.381683
-19.336056
14.093270
-1064.992920
-1340.034424
7307.150879
-562.430298
2901.231689
-540.281616
5208.175781
-5894.574219
-3870.464600
-5351.067383
269.601257
-4128.506836
-8276.297852
-81.784431
-18.772228
11.989920
-991.973022
-1149.261108
6615.752930
-681.588745
2652.704590
-372.639954
4814.676758
-5530.993164
-3625.523682
-4998.539063
270.808685
-3694.092285
-7612.375000
-85.197540
-4.868129
2.356803
-195.723770
-223.435532
1307.196167
-139.304688
519.554932
-95.493195
925.969238
-1091.939697
-714.571777
-950.762268
34.909550
-743.780762
-1494.625977
11.251462
-4.662593
1.812109
-176.206696
-195.284668
1139.299438
-133.695023
453.609833
-75.514252
814.823853
-964.322388
-636.576660
-847.437439
34.589050
-646.432312
-1315.247437
9.202194
0.474615
-0.580999
0.004244
-1.510693
3.564175
2.560023
0.628580
1.106125
4.545022
-0.455747
0.815286
-3.887263
2.052885
-1.897776
-3.963029
-3.759591
0.474615
-0.580999
0.004244
-1.510693
3.564175
2.560023
0.628580
1.106125
4.545022
-0.455747
0.815286
-3.887263
2.052885
-1.897776
-3.963029
-3.759591
0.474615
-0.580999
0.004244
-1.510693
3.564175
2.560023
0.628580
1.106125
4.545022
-0.455747
0.815286
-3.887263
2.052885
-1.897776
-3.963029
-3.759591
0.474615
-0.580999
0.004244
-1.510693
3.564175
2.560023
0.628580
1.106125
4.545022
-0.455747
0.815286
-3.887263
2.052885
-1.897776
-3.963029
-3.759591
0.474615
-0.580999
0.004244
-1.510693
3.564175
2.560023
0.628580
1.106125
4.545022
-0.455747
0.815286
-3.887263
2.052885
-1.897776
-3.963029
-3.759591
0.474615
-0.580999
0.004244
-1.510693
3.564175
2.560023
0.628580
1.106125
4.545022
-0.455747
0.815286
-3.887263
2.052885
-1.897776
-3.963029
-3.759591
0.474615
-0.580999
0.004244
-1.510693
3.564175
2.560023
0.628580
1.106125
4.545022
-0.455747
0.815286
-3.887263
2.052885
-1.897776
-3.963029
-3.759591
0.474615
-0.580999
0.004244
-1.510693
3.564175
2.560023
0.628580
1.106125
4.545022
-0.455747
0.815286
-3.887263
2.052885
-1.897776
-3.963029
-3.759591
0.474615
-0.580999
0.004244
-1.510693
3.564175
2.560023
0.628580
1.106125
4.545022
-0.455747
0.815286
-3.887263
2.052885
-1.897776
-3.963029
-3.759591
0.474615
-0.580999
0.004244
-1.510693
3.564175
2.560023
0.628580
1.106125
4.545022
-0.455747
0.815286
-3.887263
2.052885
-1.897776
-3.963029
-3.759591
0.474615
-0.580999
0.004244
-1.510693
3.564175
2.560023
0.628580
1.106125
4.545022
-0.455747
0.815286
-3.887263
2.052885
-1.897776
-3.963029
-3.759591
0.474615
-0.580999
0.004244
-1.510693
3.564175
2.560023
0.628580
1.106125
4.545022
-0.455747
0.815286
-3.887263
2.052885
-1.897776
-3.963029
-3.759591
0.474615
-0.580999
0.004244
-1.510693
3.564175
2.560023
0.628580
1.106125
4.545022
-0.455747
0.815286
-3.887263
2.052885
-1.897776
-3.963029
-3.759591
0.474615
-0.580999
0.004244
-1.510693
3.564175
2.560023
0.628580
1.106125
4.545022
-0.455747
0.815286
-3.887263
2.052885
-1.897776
-3.963029
-3.759591
