-62.592251
12.955440
253.894348
1448.609253
21664.363281
7728.262207
5908.218750
1016.373657
17573.359375
-5793.040039
-5393.842285
-14781.955078
4902.611816
-15537.287109
-16168.361328
-8653.360352
-1.019396
-1.007997
9.098465
-13.471188
-130.573059
209.657181
16.965780
17.243856
-141.937546
-19.955853
-48.537071
186.508881
-134.756668
-3.158982
-125.842888
2.511411
3.115241
-0.062941
-8.094967
7.176127
77.067360
-109.155029
-10.261270
-9.496466
85.779472
15.628721
32.244846
-109.399895
84.074135
1.334269
72.804672
-6.598932
36.685242
-7.603249
-109.324570
-870.511047
-12588.947266
-4354.158691
-3438.891113
-585.392456
-10161.163086
3435.479004
3183.551758
8521.982422
-2755.192871
9048.432617
9417.915039
4961.983398
4.408739
1.620550
2.646590
-39.843357
-658.240356
-424.177582
-191.115265
-74.670784
-619.194885
58.451515
67.969643
527.348877
-278.139160
466.900269
461.808655
394.762451
7.245705
-3.702828
-71.737495
-174.909607
-3055.106934
-881.809509
-821.526855
-76.538101
-2364.787598
963.619324
883.154297
1999.268433
-533.536377
2176.986816
2311.512451
1022.896973
3.293185
-1.392300
-2.818534
-89.015671
-1212.842163
-686.163940
-341.531128
-118.752907
-1106.747559
164.963501
171.728287
939.365845
-455.501068
874.486206
874.029846
680.006348
-0.766661
-0.186920
-0.035734
-0.535917
-0.507912
-0.896635
-0.492916
-0.218491
-1.596738
-0.452105
-0.319768
0.960514
-1.191453
0.363024
0.767351
1.752143
-0.766661
-0.186920
-0.035734
-0.535917
-0.507912
-0.896635
-0.492916
-0.218491
-1.596738
-0.452105
-0.319768
0.960514
-1.191453
0.363024
0.767351
1.752143
-0.766661
-0.186920
-0.035734
-0.535917
-0.507912
-0.896635
-0.492916
-0.218491
-1.596738
-0.452105
-0.319768
0.960514
-1.191453
0.363024
0.767351
1.752143
-0.766661
-0.186920
-0.035734
-0.535917
-0.507912
-0.896635
-0.492916
-0.218491
-1.596738
-0.452105
-0.319768
0.960514
-1.191453
0.363024
0.767351
1.752143
-0.766661
-0.186920
-0.035734
-0.535917
-0.507912
-0.896635
-0.492916
-0.218491
-1.596738
-0.452105
-0.319768
0.960514
-1.191453
0.363024
0.767351
1.752143
-0.766661
-0.186920
-0.035734
-0.535917
-0.507912
-0.896635
-0.492916
-0.218491
-1.596738
-0.452105
-0.319768
0.960514
-1.191453
0.363024
0.767351
1.752143
-0.766661
-0.186920
-0.035734
-0.535917
-0.507912
-0.896635
-0.492916
-0.218491
-1.596738
-0.452105
-0.319768
0.960514
-1.191453
0.363024
0.767351
1.752143
-0.766661
-0.186920
-0.035734
-0.535917
-0.507912
-0.896635
-0.492916
-0.218491
-1.596738
-0.452105
-0.319768
0.960514
-1.191453
0.363024
0.767351
1.752143
-0.766661
-0.186920
-0.035734
-0.535917
-0.507912
-0.896635
-0.492916
-0.218491
-1.596738
-0.452105
-0.319768
0.960514
-1.191453
0.363024
0.767351
1.752143
-0.766661
-0.186920
-0.035734
-0.535917
-0.507912
-0.896635
-0.492916
-0.218491
-1.596738
-0.452105
-0.319768
0.960514
-1.191453
0.363024
0.767351
1.752143
-0.766661
-0.186920
-0.035734
-0.535917
-0.507912
-0.896635
-0.492916
-0.218491
-1.596738
-0.452105
-0.319768
0.960514
-1.191453
0.363024
0.767351
1.752143
-0.766661
-0.186920
-0.035734
-0.535917
-0.507912
-0.896635
-0.492916
-0.218491
-1.596738
-0.452105
-0.319768
0.960514
-1.191453
0.363024
0.767351
1.752143
-0.766661
-0.186920
-0.035734
-0.535917
-0.507912
-0.896635
-0.492916
-0.218491
-1.596738
-0.452105
-0.319768
0.960514
-1.191453
0.363024
0.767351
1.752143
