31.120186
44.805801
1995.592407
-1504.005493
-3620.613770
-19020.373047
-1826.115234
-3624.324219
-10934.251953
-10428.201172
-8336.118164
10102.280273
-13039.129883
2713.578613
-53.724651
14781.087891
-2.071651
-0.301391
14.844241
19.274649
-94.806107
-180.591736
-16.470064
4.078861
72.965004
-93.113228
-112.677689
-118.104782
60.601803
-98.627792
39.985664
-92.452339
0.784695
-0.209382
-13.806944
-18.235014
90.578407
164.031021
15.181199
-4.334276
-65.334778
84.846596
104.427742
110.009140
-59.458797
88.576393
-41.590977
90.193062
-31.742310
-39.904686
-1830.304077
1423.401978
3387.059570
17740.593750
1683.127197
3382.082764
10202.118164
9741.365234
7777.309570
-9425.448242
12147.047852
-2541.991211
50.943211
-13808.887695
-0.643482
-1.133811
0.808905
0.498148
0.972330
-2.553820
0.410133
-0.868123
-0.253954
-2.410101
-1.644128
0.711108
-1.917206
-0.487228
-0.712110
1.636220
-0.643482
-1.133811
0.808905
0.498148
0.972330
-2.553820
0.410133
-0.868123
-0.253954
-2.410101
-1.644128
0.711108
-1.917206
-0.487228
-0.712110
1.636220
-0.643482
-1.133811
0.808905
0.498148
0.972330
-2.553820
0.410133
-0.868123
-0.253954
-2.410101
-1.644128
0.711108
-1.917206
-0.487228
-0.712110
1.636220
-0.643482
-1.133811
0.808905
0.498148
0.972330
-2.553820
0.410133
-0.868123
-0.253954
-2.410101
-1.644128
0.711108
-1.917206
-0.487228
-0.712110
1.636220
-0.643482
-1.133811
0.808905
0.498148
0.972330
-2.553820
0.410133
-0.868123
-0.253954
-2.410101
-1.644128
0.711108
-1.917206
-0.487228
-0.712110
1.636220
-0.643482
-1.133811
0.808905
0.498148
0.972330
-2.553820
0.410133
-0.868123
-0.253954
-2.410101
-1.644128
0.711108
-1.917206
-0.487228
-0.712110
1.636220
-0.643482
-1.133811
0.808905
0.498148
0.972330
-2.553820
0.410133
-0.868123
-0.253954
-2.410101
-1.644128
0.711108
-1.917206
-0.487228
-0.712110
1.636220
-0.643482
-1.133811
0.808905
0.498148
0.972330
-2.553820
0.410133
-0.868123
-0.253954
-2.410101
-1.644128
0.711108
-1.917206
-0.487228
-0.712110
1.636220
-0.643482
-1.133811
0.808905
0.498148
0.972330
-2.553820
0.410133
-0.868123
-0.253954
-2.410101
-1.644128
0.711108
-1.917206
-0.487228
-0.712110
1.636220
-0.643482
-1.133811
0.808905
0.498148
0.972330
-2.553820
0.410133
-0.868123
-0.253954
-2.410101
-1.644128
0.711108
-1.917206
-0.487228
-0.712110
1.636220
-0.643482
-1.133811
0.808905
0.498148
0.972330
-2.553820
0.410133
-0.868123
-0.253954
-2.410101
-1.644128
0.711108
-1.917206
-0.487228
-0.712110
1.636220
-0.643482
-1.133811
0.808905
0.498148
0.972330
-2.553820
0.410133
-0.868123
-0.253954
-2.410101
-1.644128
0.711108
-1.917206
-0.487228
-0.712110
1.636220
-0.643482
-1.133811
0.808905
0.498148
0.972330
-2.553820
0.410133
-0.868123
-0.253954
-2.410101
-1.644128
0.711108
-1.917206
-0.487228
-0.712110
1.636220
-0.643482
-1.133811
0.808905
0.498148
0.972330
-2.553820
0.410133
-0.868123
-0.253954
-2.410101
-1.644128
0.711108
-1.917206
-0.487228
-0.712110
1.636220
-0.643482
-1.133811
0.808905
0.498148
0.972330
-2.553820
0.410133
-0.868123
-0.253954
-2.410101
-1.644128
0.711108
-1.917206
-0.487228
-0.712110
1.636220
-0.643482
-1.133811
0.808905
0.498148
0.972330
-2.553820
0.410133
-0.868123
-0.253954
-2.410101
-1.644128
0.711108
-1.917206
-0.487228
-0.712110
1.636220
