49.293331
16.946259
1398.345093
-1597.912476
-10860.024414
-14488.301758
-3436.512695
-3012.321777
-12538.751953
-2150.421143
-2134.201660
11585.250000
-9399.685547
8597.697266
7318.936523
10787.744141
-1.727191
0.087756
5.138091
16.244572
-3.697609
-191.263474
-16.434439
-3.881357
89.727448
-34.639713
-35.565819
-131.814987
97.501945
-50.985249
72.672729
-34.672901
0.347039
-0.746396
-4.326389
-16.453583
5.070891
180.489075
17.202166
1.811475
-84.999458
29.316532
30.272076
125.730629
-93.224205
47.162853
-72.576653
33.537014
-47.867622
-16.974285
-1335.479492
1557.255981
10369.933594
13707.303711
3275.169189
2852.389648
11930.782227
2012.751343
2015.227173
-11010.040039
8900.902344
-8200.024414
-7003.435547
-10252.124023
0.354738
0.080532
0.265378
0.213519
0.631529
-2.563499
-0.367338
-0.870262
-0.625017
-1.673560
-1.566835
0.849411
-1.834477
-0.142793
-0.357040
1.979139
0.354738
0.080532
0.265378
0.213519
0.631529
-2.563499
-0.367338
-0.870262
-0.625017
-1.673560
-1.566835
0.849411
-1.834477
-0.142793
-0.357040
1.979139
0.354738
0.080532
0.265378
0.213519
0.631529
-2.563499
-0.367338
-0.870262
-0.625017
-1.673560
-1.566835
0.849411
-1.834477
-0.142793
-0.357040
1.979139
0.354738
0.080532
0.265378
0.213519
0.631529
-2.563499
-0.367338
-0.870262
-0.625017
-1.673560
-1.566835
0.849411
-1.834477
-0.142793
-0.357040
1.979139
0.354738
0.080532
0.265378
0.213519
0.631529
-2.563499
-0.367338
-0.870262
-0.625017
-1.673560
-1.566835
0.849411
-1.834477
-0.142793
-0.357040
1.979139
0.354738
0.080532
0.265378
0.213519
0.631529
-2.563499
-0.367338
-0.870262
-0.625017
-1.673560
-1.566835
0.849411
-1.834477
-0.142793
-0.357040
1.979139
0.354738
0.080532
0.265378
0.213519
0.631529
-2.563499
-0.367338
-0.870262
-0.625017
-1.673560
-1.566835
0.849411
-1.834477
-0.142793
-0.357040
1.979139
0.354738
0.080532
0.265378
0.213519
0.631529
-2.563499
-0.367338
-0.870262
-0.625017
-1.673560
-1.566835
0.849411
-1.834477
-0.142793
-0.357040
1.979139
0.354738
0.080532
0.265378
0.213519
0.631529
-2.563499
-0.367338
-0.870262
-0.625017
-1.673560
-1.566835
0.849411
-1.834477
-0.142793
-0.357040
1.979139
0.354738
0.080532
0.265378
0.213519
0.631529
-2.563499
-0.367338
-0.870262
-0.625017
-1.673560
-1.566835
0.849411
-1.834477
-0.142793
-0.357040
1.979139
0.354738
0.080532
0.265378
0.213519
0.631529
-2.563499
-0.367338
-0.870262
-0.625017
-1.673560
-1.566835
0.849411
-1.834477
-0.142793
-0.357040
1.979139
0.354738
0.080532
0.265378
0.213519
0.631529
-2.563499
-0.367338
-0.870262
-0.625017
-1.673560
-1.566835
0.849411
-1.834477
-0.142793
-0.357040
1.979139
0.354738
0.080532
0.265378
0.213519
0.631529
-2.563499
-0.367338
-0.870262
-0.625017
-1.673560
-1.566835
0.849411
-1.834477
-0.142793
-0.357040
1.979139
0.354738
0.080532
0.265378
0.213519
0.631529
-2.563499
-0.367338
-0.870262
-0.625017
-1.673560
-1.566835
0.849411
-1.834477
-0.142793
-0.357040
1.979139
0.354738
0.080532
0.265378
0.213519
0.631529
-2.563499
-0.367338
-0.870262
-0.625017
-1.673560
-1.566835
0.849411
-1.834477
-0.142793
-0.357040
1.979139
0.354738
0.080532
0.265378
0.213519
0.631529
-2.563499
-0.367338
-0.870262
-0.625017
-1.673560
-1.566835
0.849411
-1.834477
-0.142793
-0.357040
1.979139
