-3.599412
12.453098
-6441.077148
9410.480469
13275.994141
-21936.316406
-8118.669434
-9351.317383
-1703.286133
-5180.540527
-1210.772339
18686.464844
-7502.219727
2235.951904
21760.126953
19356.955078
0.028401
2.747523
-26.160677
-106.198006
-253.166290
-93.983482
-47.556160
3.110089
7.469961
-40.704567
-30.485945
-234.112259
38.463272
-53.456516
190.789917
-57.980179
-0.464786
-2.344958
3.604227
47.550152
121.163055
42.428337
22.480806
-4.290574
-3.834111
19.222929
6.125427
105.651482
-17.278955
17.687763
-87.604858
29.840992
2.929850
-4.652506
2839.164063
-4273.576660
-5804.449707
9881.638672
3682.031738
4131.582520
799.318481
2331.433350
436.748596
-8346.043945
3330.814453
-1047.388794
-9880.471680
-8518.154297
0.400748
-2.518426
335.174744
-481.503265
-681.662354
1131.166870
413.681824
472.719147
89.158524
256.482269
60.457108
-983.201416
394.320984
-102.458931
-1119.112549
-989.900757
0.911631
0.689465
378.021454
-494.472168
-779.779480
1167.671509
420.232513
535.372681
80.328018
288.894135
119.183182
-1008.267883
415.288910
-108.112068
-1133.887207
-1119.124390
-1.496059
-3.962716
1276.365356
-2028.372803
-2634.822754
4775.876465
1811.220581
1912.922485
401.548187
1056.771484
93.236450
-3995.685059
1583.227905
-527.497498
-4749.226074
-3925.569580
-0.313494
0.555508
2.323113
-0.011618
-5.845414
1.755094
0.472267
3.712389
-0.333180
1.209948
3.706429
-3.097562
1.158557
1.082130
-0.480048
-7.314519
-0.313494
0.555508
2.323113
-0.011618
-5.845414
1.755094
0.472267
3.712389
-0.333180
1.209948
3.706429
-3.097562
1.158557
1.082130
-0.480048
-7.314519
-0.313494
0.555508
2.323113
-0.011618
-5.845414
1.755094
0.472267
3.712389
-0.333180
1.209948
3.706429
-3.097562
1.158557
1.082130
-0.480048
-7.314519
-0.313494
0.555508
2.323113
-0.011618
-5.845414
1.755094
0.472267
3.712389
-0.333180
1.209948
3.706429
-3.097562
1.158557
1.082130
-0.480048
-7.314519
-0.313494
0.555508
2.323113
-0.011618
-5.845414
1.755094
0.472267
3.712389
-0.333180
1.209948
3.706429
-3.097562
1.158557
1.082130
-0.480048
-7.314519
-0.313494
0.555508
2.323113
-0.011618
-5.845414
1.755094
0.472267
3.712389
-0.333180
1.209948
3.706429
-3.097562
1.158557
1.082130
-0.480048
-7.314519
-0.313494
0.555508
2.323113
-0.011618
-5.845414
1.755094
0.472267
3.712389
-0.333180
1.209948
3.706429
-3.097562
1.158557
1.082130
-0.480048
-7.314519
-0.313494
0.555508
2.323113
-0.011618
-5.845414
1.755094
0.472267
3.712389
-0.333180
1.209948
3.706429
-3.097562
1.158557
1.082130
-0.480048
-7.314519
-0.313494
0.555508
2.323113
-0.011618
-5.845414
1.755094
0.472267
3.712389
-0.333180
1.209948
3.706429
-3.097562
1.158557
1.082130
-0.480048
-7.314519
-0.313494
0.555508
2.323113
-0.011618
-5.845414
1.755094
0.472267
3.712389
-0.333180
1.209948
3.706429
-3.097562
1.158557
1.082130
-0.480048
-7.314519
-0.313494
0.555508
2.323113
-0.011618
-5.845414
1.755094
0.472267
3.712389
-0.333180
1.209948
3.706429
-3.097562
1.158557
1.082130
-0.480048
-7.314519
-0.313494
0.555508
2.323113
-0.011618
-5.845414
1.755094
0.472267
3.712389
-0.333180
1.209948
3.706429
-3.097562
1.158557
1.082130
-0.480048
-7.314519
-0.313494
0.555508
2.323113
-0.011618
-5.845414
1.755094
0.472267
3.712389
-0.333180
1.209948
3.706429
-3.097562
1.158557
1.082130
-0.480048
-7.314519
