3.066521
14.488599
-879.512512
9719.132813
997.989746
-24819.449219
-11340.475586
-4276.539063
-2581.707764
-4718.674805
7659.331543
15742.816406
-4549.841797
5523.937988
26780.357422
7760.731934
0.317006
2.302092
20.333029
-88.987823
-166.651962
-201.396500
-45.772369
-20.460794
11.585036
-39.073132
80.940117
-199.706909
54.595215
-21.057343
189.944321
32.176605
-1.969727
-0.963425
-8.012066
38.804119
86.268227
101.827797
29.633162
7.629217
-5.155915
23.461319
-38.978489
96.959976
-24.523191
9.750318
-96.714447
-10.905597
-2.960910
-9.884778
498.176544
-4753.454102
-704.216431
12238.974609
5569.374023
2197.160400
1254.831177
2353.297852
-3658.080811
-7815.519043
2297.039063
-2700.721924
-13162.981445
-4038.548340
1.686822
-0.599818
20.375715
-328.794373
15.015428
818.970093
374.881439
112.982559
90.497757
143.365204
-288.611053
-527.034729
148.017700
-179.183472
-895.015259
-200.037552
2.059496
0.787313
11.978740
-701.896118
64.204353
1776.369995
837.708923
249.408401
205.011688
322.036438
-626.249878
-1082.332886
298.327026
-421.693542
-1946.692505
-410.739777
-0.272703
0.263730
266.910034
-1838.482910
-402.697845
4689.822754
2107.049561
903.385864
443.803619
906.103577
-1302.894287
-3060.847168
905.436768
-994.892517
-5002.841309
-1705.041504
0.280328
-1.118325
2.120961
-1.971786
-3.903177
5.257504
1.413197
2.987932
-0.338808
1.290259
0.667273
-4.417924
1.868067
-0.546647
-5.028657
-6.265856
0.280328
-1.118325
2.120961
-1.971786
-3.903177
5.257504
1.413197
2.987932
-0.338808
1.290259
0.667273
-4.417924
1.868067
-0.546647
-5.028657
-6.265856
0.280328
-1.118325
2.120961
-1.971786
-3.903177
5.257504
1.413197
2.987932
-0.338808
1.290259
0.667273
-4.417924
1.868067
-0.546647
-5.028657
-6.265856
0.280328
-1.118325
2.120961
-1.971786
-3.903177
5.257504
1.413197
2.987932
-0.338808
1.290259
0.667273
-4.417924
1.868067
-0.546647
-5.028657
-6.265856
0.280328
-1.118325
2.120961
-1.971786
-3.903177
5.257504
1.413197
2.987932
-0.338808
1.290259
0.667273
-4.417924
1.868067
-0.546647
-5.028657
-6.265856
0.280328
-1.118325
2.120961
-1.971786
-3.903177
5.257504
1.413197
2.987932
-0.338808
1.290259
0.667273
-4.417924
1.868067
-0.546647
-5.028657
-6.265856
0.280328
-1.118325
2.120961
-1.971786
-3.903177
5.257504
1.413197
2.987932
-0.338808
1.290259
0.667273
-4.417924
1.868067
-0.546647
-5.028657
-6.265856
0.280328
-1.118325
2.120961
-1.971786
-3.903177
5.257504
1.413197
2.987932
-0.338808
1.290259
0.667273
-4.417924
1.868067
-0.546647
-5.028657
-6.265856
0.280328
-1.118325
2.120961
-1.971786
-3.903177
5.257504
1.413197
2.987932
-0.338808
1.290259
0.667273
-4.417924
1.868067
-0.546647
-5.028657
-6.265856
0.280328
-1.118325
2.120961
-1.971786
-3.903177
5.257504
1.413197
2.987932
-0.338808
1.290259
0.667273
-4.417924
1.868067
-0.546647
-5.028657
-6.265856
0.280328
-1.118325
2.120961
-1.971786
-3.903177
5.257504
1.413197
2.987932
-0.338808
1.290259
0.667273
-4.417924
1.868067
-0.546647
-5.028657
-6.265856
0.280328
-1.118325
2.120961
-1.971786
-3.903177
5.257504
1.413197
2.987932
-0.338808
1.290259
0.667273
-4.417924
1.868067
-0.546647
-5.028657
-6.265856
0.280328
-1.118325
2.120961
-1.971786
-3.903177
5.257504
1.413197
2.987932
-0.338808
1.290259
0.667273
-4.417924
1.868067
-0.546647
-5.028657
-6.265856
