-15.953232
10.091434
-10466.781250
-8384.927734
22993.394531
6397.413574
6550.357910
-6913.386719
7213.371582
-2211.342285
-17619.722656
2006.487305
-1692.905884
-3753.145508
-16477.406250
28096.509766
1.612461
0.021466
-123.130287
36.368271
-145.325546
208.444916
1.952771
35.939201
-55.958126
-4.610186
-223.511581
-15.152077
-23.517843
-25.151747
-27.654184
-227.326096
-1.583009
0.624373
59.213970
-21.322008
69.405144
-96.416672
3.737540
-16.971207
29.688540
2.101700
105.334305
1.192780
10.207419
9.960328
4.724533
108.338722
7.843198
-0.238942
4921.205078
4055.109131
-11009.618164
-3143.801025
-3150.142090
3331.736084
-3556.305176
987.553467
8412.939453
-856.889587
892.527588
1825.031982
8117.991699
-13336.334961
0.864878
-4.156265
1937.883057
1706.196655
-4299.836914
-1468.771484
-1330.843994
1219.682251
-1337.185669
367.495331
3392.900146
-221.243240
204.297134
726.254700
3361.670410
-5215.401367
1.117271
-4.679684
604.388672
433.676361
-1293.871948
-307.604858
-353.538391
391.178406
-380.047058
154.065247
965.654541
-155.097519
92.391449
211.459412
824.093506
-1594.595337
1.340772
2.209437
512.487427
406.220856
-1066.240479
-309.464966
-298.811188
307.180084
-338.327515
104.596794
859.794006
-101.734489
57.205395
170.638931
786.896484
-1338.655151
-0.361803
0.373110
0.399938
2.369055
-2.336953
-3.005301
-1.135876
0.346802
-1.212390
-0.518576
2.781768
1.199393
-0.267667
0.181385
5.258196
-2.348523
-0.361803
0.373110
0.399938
2.369055
-2.336953
-3.005301
-1.135876
0.346802
-1.212390
-0.518576
2.781768
1.199393
-0.267667
0.181385
5.258196
-2.348523
-0.361803
0.373110
0.399938
2.369055
-2.336953
-3.005301
-1.135876
0.346802
-1.212390
-0.518576
2.781768
1.199393
-0.267667
0.181385
5.258196
-2.348523
-0.361803
0.373110
0.399938
2.369055
-2.336953
-3.005301
-1.135876
0.346802
-1.212390
-0.518576
2.781768
1.199393
-0.267667
0.181385
5.258196
-2.348523
-0.361803
0.373110
0.399938
2.369055
-2.336953
-3.005301
-1.135876
0.346802
-1.212390
-0.518576
2.781768
1.199393
-0.267667
0.181385
5.258196
-2.348523
-0.361803
0.373110
0.399938
2.369055
-2.336953
-3.005301
-1.135876
0.346802
-1.212390
-0.518576
2.781768
1.199393
-0.267667
0.181385
5.258196
-2.348523
-0.361803
0.373110
0.399938
2.369055
-2.336953
-3.005301
-1.135876
0.346802
-1.212390
-0.518576
2.781768
1.199393
-0.267667
0.181385
5.258196
-2.348523
-0.361803
0.373110
0.399938
2.369055
-2.336953
-3.005301
-1.135876
0.346802
-1.212390
-0.518576
2.781768
1.199393
-0.267667
0.181385
5.258196
-2.348523
-0.361803
0.373110
0.399938
2.369055
-2.336953
-3.005301
-1.135876
0.346802
-1.212390
-0.518576
2.781768
1.199393
-0.267667
0.181385
5.258196
-2.348523
-0.361803
0.373110
0.399938
2.369055
-2.336953
-3.005301
-1.135876
0.346802
-1.212390
-0.518576
2.781768
1.199393
-0.267667
0.181385
5.258196
-2.348523
-0.361803
0.373110
0.399938
2.369055
-2.336953
-3.005301
-1.135876
0.346802
-1.212390
-0.518576
2.781768
1.199393
-0.267667
0.181385
5.258196
-2.348523
-0.361803
0.373110
0.399938
2.369055
-2.336953
-3.005301
-1.135876
0.346802
-1.212390
-0.518576
2.781768
1.199393
-0.267667
0.181385
5.258196
-2.348523
-0.361803
0.373110
0.399938
2.369055
-2.336953
-3.005301
-1.135876
0.346802
-1.212390
-0.518576
2.781768
1.199393
-0.267667
0.181385
5.258196
-2.348523
