9.818041
-13.128299
9843.411133
2157.668701
-23349.462891
4334.286621
-3462.546875
10315.272461
-6038.965332
5012.502930
10561.563477
-9403.177734
6354.532227
3488.496582
1149.571289
-27828.009766
1.831389
0.939731
94.811813
6.376630
221.939209
-120.610519
15.297742
-43.002121
53.642242
31.832333
137.401077
108.758705
9.574057
62.875854
-71.290146
177.603699
-0.151892
0.672932
-60.505611
-1.872401
-130.466949
66.453339
-10.893310
23.074621
-33.465092
-19.364710
-80.097954
-59.421432
-7.116108
-36.418133
48.820484
-103.182251
-5.697715
6.755701
-5916.222656
-1246.858154
13794.475586
-2552.377197
2042.416992
-6089.583984
3532.142822
-2973.807861
-6316.138184
5566.333008
-3664.099854
-2010.208740
-682.681396
16513.718750
0.942427
1.303415
-1143.992310
-289.043274
2852.876465
-514.355103
429.460663
-1259.332764
759.554749
-596.258667
-1251.420410
1136.939575
-826.464966
-455.600159
-150.567505
3343.165039
0.506581
-0.246050
-380.201050
-88.613091
910.697144
-150.922180
142.954514
-380.785065
246.715210
-188.658417
-406.319458
382.359497
-251.267166
-159.414856
-53.258362
1083.792725
-1.811214
1.166571
-428.437683
-104.144951
1025.666626
-183.396194
150.766861
-450.214050
265.433258
-220.369370
-466.999817
410.058838
-277.366699
-161.998581
-54.743591
1220.653442
-0.054637
0.367810
-1.132804
-1.191977
2.383643
1.517249
0.806315
0.161271
1.012739
0.497269
-1.864308
0.317570
-0.227930
-1.167679
-2.611864
2.751705
-0.054637
0.367810
-1.132804
-1.191977
2.383643
1.517249
0.806315
0.161271
1.012739
0.497269
-1.864308
0.317570
-0.227930
-1.167679
-2.611864
2.751705
-0.054637
0.367810
-1.132804
-1.191977
2.383643
1.517249
0.806315
0.161271
1.012739
0.497269
-1.864308
0.317570
-0.227930
-1.167679
-2.611864
2.751705
-0.054637
0.367810
-1.132804
-1.191977
2.383643
1.517249
0.806315
0.161271
1.012739
0.497269
-1.864308
0.317570
-0.227930
-1.167679
-2.611864
2.751705
-0.054637
0.367810
-1.132804
-1.191977
2.383643
1.517249
0.806315
0.161271
1.012739
0.497269
-1.864308
0.317570
-0.227930
-1.167679
-2.611864
2.751705
-0.054637
0.367810
-1.132804
-1.191977
2.383643
1.517249
0.806315
0.161271
1.012739
0.497269
-1.864308
0.317570
-0.227930
-1.167679
-2.611864
2.751705
-0.054637
0.367810
-1.132804
-1.191977
2.383643
1.517249
0.806315
0.161271
1.012739
0.497269
-1.864308
0.317570
-0.227930
-1.167679
-2.611864
2.751705
-0.054637
0.367810
-1.132804
-1.191977
2.383643
1.517249
0.806315
0.161271
1.012739
0.497269
-1.864308
0.317570
-0.227930
-1.167679
-2.611864
2.751705
-0.054637
0.367810
-1.132804
-1.191977
2.383643
1.517249
0.806315
0.161271
1.012739
0.497269
-1.864308
0.317570
-0.227930
-1.167679
-2.611864
2.751705
-0.054637
0.367810
-1.132804
-1.191977
2.383643
1.517249
0.806315
0.161271
1.012739
0.497269
-1.864308
0.317570
-0.227930
-1.167679
-2.611864
2.751705
-0.054637
0.367810
-1.132804
-1.191977
2.383643
1.517249
0.806315
0.161271
1.012739
0.497269
-1.864308
0.317570
-0.227930
-1.167679
-2.611864
2.751705
-0.054637
0.367810
-1.132804
-1.191977
2.383643
1.517249
0.806315
0.161271
1.012739
0.497269
-1.864308
0.317570
-0.227930
-1.167679
-2.611864
2.751705
-0.054637
0.367810
-1.132804
-1.191977
2.383643
1.517249
0.806315
0.161271
1.012739
0.497269
-1.864308
0.317570
-0.227930
-1.167679
-2.611864
2.751705
