-10.652479
1.666572
-7636.540527
-8539.457031
18322.953125
15364.527344
9486.983398
-4280.170410
6386.891602
904.737366
-16139.280273
-2707.538330
-1215.475220
-5677.443359
-24003.876953
19045.968750
-2.587789
1.576723
-94.010513
52.284615
-56.756248
248.405304
17.295979
44.226997
-48.779350
16.717167
-197.788696
44.607277
-39.081039
-28.704885
-100.698624
-195.709595
3.600814
-1.374652
46.900055
-27.874281
19.786661
-107.917374
-5.641584
-19.989115
19.881210
-6.665836
92.036285
-25.261496
21.818562
10.881496
41.102139
81.428772
6.584561
-1.790386
3643.834473
3869.428467
-8197.103516
-7244.905273
-4449.693848
1948.187988
-2783.830322
-417.213806
7523.469727
1319.471436
507.099182
2678.456543
11108.238281
-8691.130859
3.020613
2.621184
1438.411621
1884.762207
-3776.218262
-3252.472656
-1960.497559
805.073120
-1401.542969
-235.688354
3285.193359
689.694031
233.808365
1147.410645
5132.921387
-3780.959473
-1.520324
-0.107528
511.198639
487.979645
-1229.174194
-870.796509
-567.589111
319.795990
-406.947784
-25.869514
1011.664185
84.646179
102.925339
346.925293
1399.387085
-1303.167603
0.537928
-1.702348
354.930389
377.328674
-876.085510
-630.887390
-399.543457
212.467819
-299.933197
-31.112213
732.502869
74.735878
60.298939
242.418854
1033.685181
-921.891235
-0.374511
0.738024
0.062273
1.824122
-1.383015
-4.491055
-1.530533
-0.400568
-0.641600
-1.156982
2.013394
2.166453
-0.153211
1.502644
5.656825
-0.222077
-0.374511
0.738024
0.062273
1.824122
-1.383015
-4.491055
-1.530533
-0.400568
-0.641600
-1.156982
2.013394
2.166453
-0.153211
1.502644
5.656825
-0.222077
-0.374511
0.738024
0.062273
1.824122
-1.383015
-4.491055
-1.530533
-0.400568
-0.641600
-1.156982
2.013394
2.166453
-0.153211
1.502644
5.656825
-0.222077
-0.374511
0.738024
0.062273
1.824122
-1.383015
-4.491055
-1.530533
-0.400568
-0.641600
-1.156982
2.013394
2.166453
-0.153211
1.502644
5.656825
-0.222077
-0.374511
0.738024
0.062273
1.824122
-1.383015
-4.491055
-1.530533
-0.400568
-0.641600
-1.156982
2.013394
2.166453
-0.153211
1.502644
5.656825
-0.222077
-0.374511
0.738024
0.062273
1.824122
-1.383015
-4.491055
-1.530533
-0.400568
-0.641600
-1.156982
2.013394
2.166453
-0.153211
1.502644
5.656825
-0.222077
-0.374511
0.738024
0.062273
1.824122
-1.383015
-4.491055
-1.530533
-0.400568
-0.641600
-1.156982
2.013394
2.166453
-0.153211
1.502644
5.656825
-0.222077
-0.374511
0.738024
0.062273
1.824122
-1.383015
-4.491055
-1.530533
-0.400568
-0.641600
-1.156982
2.013394
2.166453
-0.153211
1.502644
5.656825
-0.222077
-0.374511
0.738024
0.062273
1.824122
-1.383015
-4.491055
-1.530533
-0.400568
-0.641600
-1.156982
2.013394
2.166453
-0.153211
1.502644
5.656825
-0.222077
-0.374511
0.738024
0.062273
1.824122
-1.383015
-4.491055
-1.530533
-0.400568
-0.641600
-1.156982
2.013394
2.166453
-0.153211
1.502644
5.656825
-0.222077
-0.374511
0.738024
0.062273
1.824122
-1.383015
-4.491055
-1.530533
-0.400568
-0.641600
-1.156982
2.013394
2.166453
-0.153211
1.502644
5.656825
-0.222077
-0.374511
0.738024
0.062273
1.824122
-1.383015
-4.491055
-1.530533
-0.400568
-0.641600
-1.156982
2.013394
2.166453
-0.153211
1.502644
5.656825
-0.222077
-0.374511
0.738024
0.062273
1.824122
-1.383015
-4.491055
-1.530533
-0.400568
-0.641600
-1.156982
2.013394
2.166453
-0.153211
1.502644
5.656825
-0.222077
