-2.155149
-1.370767
-5.506802
4.836691
8.454556
-2.327030
6.279193
-1.670873
-3.243590
-1.256468
-4.118258
3.043993
0.560126
2.497424
-2.258752
-2.911977
0.021767
0.795652
551.320496
-696.593689
-260.151886
20.611849
-448.216705
64.261559
85.303543
442.381958
-124.454193
278.214539
-253.919815
700.676819
-462.130859
175.954224
1.600061
-0.521084
-498.763733
630.696838
224.071121
-24.331961
406.347382
-48.273937
-68.730568
-395.672119
114.284348
-243.864914
232.017319
-635.198975
410.993500
-158.922501
-0.082589
-0.399709
0.286602
-0.046809
0.292466
-0.108910
-0.460055
-0.174331
-0.725308
-0.097157
-0.059281
0.193379
-0.398747
-0.216982
-0.095785
0.308130
-0.082589
-0.399709
0.286602
-0.046809
0.292466
-0.108910
-0.460055
-0.174331
-0.725308
-0.097157
-0.059281
0.193379
-0.398747
-0.216982
-0.095785
0.308130
-0.082589
-0.399709
0.286602
-0.046809
0.292466
-0.108910
-0.460055
-0.174331
-0.725308
-0.097157
-0.059281
0.193379
-0.398747
-0.216982
-0.095785
0.308130
-0.082589
-0.399709
0.286602
-0.046809
0.292466
-0.108910
-0.460055
-0.174331
-0.725308
-0.097157
-0.059281
0.193379
-0.398747
-0.216982
-0.095785
0.308130
-0.082589
-0.399709
0.286602
-0.046809
0.292466
-0.108910
-0.460055
-0.174331
-0.725308
-0.097157
-0.059281
0.193379
-0.398747
-0.216982
-0.095785
0.308130
-0.082589
-0.399709
0.286602
-0.046809
0.292466
-0.108910
-0.460055
-0.174331
-0.725308
-0.097157
-0.059281
0.193379
-0.398747
-0.216982
-0.095785
0.308130
-0.082589
-0.399709
0.286602
-0.046809
0.292466
-0.108910
-0.460055
-0.174331
-0.725308
-0.097157
-0.059281
0.193379
-0.398747
-0.216982
-0.095785
0.308130
-0.082589
-0.399709
0.286602
-0.046809
0.292466
-0.108910
-0.460055
-0.174331
-0.725308
-0.097157
-0.059281
0.193379
-0.398747
-0.216982
-0.095785
0.308130
-0.082589
-0.399709
0.286602
-0.046809
0.292466
-0.108910
-0.460055
-0.174331
-0.725308
-0.097157
-0.059281
0.193379
-0.398747
-0.216982
-0.095785
0.308130
-0.082589
-0.399709
0.286602
-0.046809
0.292466
-0.108910
-0.460055
-0.174331
-0.725308
-0.097157
-0.059281
0.193379
-0.398747
-0.216982
-0.095785
0.308130
-0.082589
-0.399709
0.286602
-0.046809
0.292466
-0.108910
-0.460055
-0.174331
-0.725308
-0.097157
-0.059281
0.193379
-0.398747
-0.216982
-0.095785
0.308130
-0.082589
-0.399709
0.286602
-0.046809
0.292466
-0.108910
-0.460055
-0.174331
-0.725308
-0.097157
-0.059281
0.193379
-0.398747
-0.216982
-0.095785
0.308130
-0.082589
-0.399709
0.286602
-0.046809
0.292466
-0.108910
-0.460055
-0.174331
-0.725308
-0.097157
-0.059281
0.193379
-0.398747
-0.216982
-0.095785
0.308130
-0.082589
-0.399709
0.286602
-0.046809
0.292466
-0.108910
-0.460055
-0.174331
-0.725308
-0.097157
-0.059281
0.193379
-0.398747
-0.216982
-0.095785
0.308130
-0.082589
-0.399709
0.286602
-0.046809
0.292466
-0.108910
-0.460055
-0.174331
-0.725308
-0.097157
-0.059281
0.193379
-0.398747
-0.216982
-0.095785
0.308130
-0.082589
-0.399709
0.286602
-0.046809
0.292466
-0.108910
-0.460055
-0.174331
-0.725308
-0.097157
-0.059281
0.193379
-0.398747
-0.216982
-0.095785
0.308130
-0.082589
-0.399709
0.286602
-0.046809
0.292466
-0.108910
-0.460055
-0.174331
-0.725308
-0.097157
-0.059281
0.193379
-0.398747
-0.216982
-0.095785
0.308130
