-1.747136
1.227745
43.340080
-36.668774
116.385994
-34.224926
40.257160
76.573181
-155.482758
80.330963
19.873470
-186.741196
-32.442402
52.456944
-31.565069
-40.995052
-169.977478
-15.613446
3288.487793
5229.265137
-10446.430664
4405.012695
19815.527344
-4993.511719
21349.216797
6261.951172
2902.410889
15058.070313
6993.172363
-1307.175171
-6460.756836
3401.097412
1.008491
2.485737
-20.849407
16.093964
-56.490353
8.941244
-19.642422
-31.588255
71.599815
-28.280500
-15.470430
89.015274
17.265224
-21.004345
15.219110
17.651783
80.673157
4.802450
-1635.800415
-2412.421875
4859.721680
-2248.673340
-9264.809570
2694.572510
-10179.420898
-2605.242188
-1619.057373
-7065.113770
-3277.771484
733.074219
2998.367920
-1711.883423
9.906496
0.435855
-95.575966
-235.744278
446.222382
-96.849419
-829.896240
54.896534
-803.953857
-408.227570
-8.555962
-622.437195
-288.544830
-1.660674
282.903046
-89.304123
13.336719
1.027417
-134.784439
-400.247742
757.544434
-132.360977
-1387.103271
27.896042
-1318.019165
-738.862488
43.904186
-1041.289185
-484.980255
-21.526390
479.943298
-123.702988
30.195108
0.386032
-774.789307
-970.284668
1994.537109
-1120.401978
-3859.848145
1438.586060
-4420.942383
-772.233643
-918.004333
-2945.603271
-1371.012085
419.768036
1214.082275
-826.208557
-0.597424
-0.057674
-0.228476
-1.307267
1.980834
0.446292
-3.761738
-1.651045
-1.570771
-2.799884
1.566111
-2.195477
-1.010399
-0.958359
0.903291
0.776182
-0.597424
-0.057674
-0.228476
-1.307267
1.980834
0.446292
-3.761738
-1.651045
-1.570771
-2.799884
1.566111
-2.195477
-1.010399
-0.958359
0.903291
0.776182
-0.597424
-0.057674
-0.228476
-1.307267
1.980834
0.446292
-3.761738
-1.651045
-1.570771
-2.799884
1.566111
-2.195477
-1.010399
-0.958359
0.903291
0.776182
-0.597424
-0.057674
-0.228476
-1.307267
1.980834
0.446292
-3.761738
-1.651045
-1.570771
-2.799884
1.566111
-2.195477
-1.010399
-0.958359
0.903291
0.776182
-0.597424
-0.057674
-0.228476
-1.307267
1.980834
0.446292
-3.761738
-1.651045
-1.570771
-2.799884
1.566111
-2.195477
-1.010399
-0.958359
0.903291
0.776182
-0.597424
-0.057674
-0.228476
-1.307267
1.980834
0.446292
-3.761738
-1.651045
-1.570771
-2.799884
1.566111
-2.195477
-1.010399
-0.958359
0.903291
0.776182
-0.597424
-0.057674
-0.228476
-1.307267
1.980834
0.446292
-3.761738
-1.651045
-1.570771
-2.799884
1.566111
-2.195477
-1.010399
-0.958359
0.903291
0.776182
-0.597424
-0.057674
-0.228476
-1.307267
1.980834
0.446292
-3.761738
-1.651045
-1.570771
-2.799884
1.566111
-2.195477
-1.010399
-0.958359
0.903291
0.776182
-0.597424
-0.057674
-0.228476
-1.307267
1.980834
0.446292
-3.761738
-1.651045
-1.570771
-2.799884
1.566111
-2.195477
-1.010399
-0.958359
0.903291
0.776182
-0.597424
-0.057674
-0.228476
-1.307267
1.980834
0.446292
-3.761738
-1.651045
-1.570771
-2.799884
1.566111
-2.195477
-1.010399
-0.958359
0.903291
0.776182
-0.597424
-0.057674
-0.228476
-1.307267
1.980834
0.446292
-3.761738
-1.651045
-1.570771
-2.799884
1.566111
-2.195477
-1.010399
-0.958359
0.903291
0.776182
-0.597424
-0.057674
-0.228476
-1.307267
1.980834
0.446292
-3.761738
-1.651045
-1.570771
-2.799884
1.566111
-2.195477
-1.010399
-0.958359
0.903291
0.776182
-0.597424
-0.057674
-0.228476
-1.307267
1.980834
0.446292
-3.761738
-1.651045
-1.570771
-2.799884
1.566111
-2.195477
-1.010399
-0.958359
0.903291
0.776182
