-152.024460
-48.751419
2229.573486
5514.190430
-10340.623047
2108.529297
19223.626953
-1036.758545
18332.960938
9676.151367
-327.504944
14380.690430
6763.830566
284.833496
-6690.455566
1970.240601
-1.212073
1.797322
35.188835
-51.876423
99.455185
-47.062378
53.354507
65.039902
-129.307541
104.726692
-23.371054
-180.064468
-14.023557
52.634846
-39.206703
-34.125874
1.909336
0.471211
-26.573351
30.974962
-62.855442
26.746622
-30.696018
-36.494015
82.268890
-58.822151
8.180521
115.698341
9.953217
-34.453869
20.793846
22.190878
97.612633
34.750961
-1465.827515
-3487.060791
6585.826172
-1416.406006
-12249.500977
791.653687
-11750.673828
-6064.161621
113.226463
-9174.090820
-4318.952637
-146.388626
4260.580078
-1304.623413
17.389980
3.923308
-312.242188
-604.811890
1146.391724
-357.691467
-2167.157227
331.331573
-2189.000977
-881.072876
-124.044876
-1633.012695
-768.742737
49.565636
733.885864
-296.549774
7.313501
1.628592
-79.349251
-356.586975
641.879333
-28.194832
-1174.267944
-115.033524
-1021.708801
-758.650085
159.208984
-868.018311
-403.695282
-83.352722
419.854492
-55.621544
-0.710752
-0.328464
0.169576
-0.803157
0.569645
0.391145
-1.009070
-0.678093
-0.542827
-1.558310
0.230511
-0.803447
-0.324444
-0.414690
0.767702
0.175212
-0.710752
-0.328464
0.169576
-0.803157
0.569645
0.391145
-1.009070
-0.678093
-0.542827
-1.558310
0.230511
-0.803447
-0.324444
-0.414690
0.767702
0.175212
-0.710752
-0.328464
0.169576
-0.803157
0.569645
0.391145
-1.009070
-0.678093
-0.542827
-1.558310
0.230511
-0.803447
-0.324444
-0.414690
0.767702
0.175212
-0.710752
-0.328464
0.169576
-0.803157
0.569645
0.391145
-1.009070
-0.678093
-0.542827
-1.558310
0.230511
-0.803447
-0.324444
-0.414690
0.767702
0.175212
-0.710752
-0.328464
0.169576
-0.803157
0.569645
0.391145
-1.009070
-0.678093
-0.542827
-1.558310
0.230511
-0.803447
-0.324444
-0.414690
0.767702
0.175212
-0.710752
-0.328464
0.169576
-0.803157
0.569645
0.391145
-1.009070
-0.678093
-0.542827
-1.558310
0.230511
-0.803447
-0.324444
-0.414690
0.767702
0.175212
-0.710752
-0.328464
0.169576
-0.803157
0.569645
0.391145
-1.009070
-0.678093
-0.542827
-1.558310
0.230511
-0.803447
-0.324444
-0.414690
0.767702
0.175212
-0.710752
-0.328464
0.169576
-0.803157
0.569645
0.391145
-1.009070
-0.678093
-0.542827
-1.558310
0.230511
-0.803447
-0.324444
-0.414690
0.767702
0.175212
-0.710752
-0.328464
0.169576
-0.803157
0.569645
0.391145
-1.009070
-0.678093
-0.542827
-1.558310
0.230511
-0.803447
-0.324444
-0.414690
0.767702
0.175212
-0.710752
-0.328464
0.169576
-0.803157
0.569645
0.391145
-1.009070
-0.678093
-0.542827
-1.558310
0.230511
-0.803447
-0.324444
-0.414690
0.767702
0.175212
-0.710752
-0.328464
0.169576
-0.803157
0.569645
0.391145
-1.009070
-0.678093
-0.542827
-1.558310
0.230511
-0.803447
-0.324444
-0.414690
0.767702
0.175212
-0.710752
-0.328464
0.169576
-0.803157
0.569645
0.391145
-1.009070
-0.678093
-0.542827
-1.558310
0.230511
-0.803447
-0.324444
-0.414690
0.767702
0.175212
-0.710752
-0.328464
0.169576
-0.803157
0.569645
0.391145
-1.009070
-0.678093
-0.542827
-1.558310
0.230511
-0.803447
-0.324444
-0.414690
0.767702
0.175212
-0.710752
-0.328464
0.169576
-0.803157
0.569645
0.391145
-1.009070
-0.678093
-0.542827
-1.558310
0.230511
-0.803447
-0.324444
-0.414690
0.767702
0.175212
