-0.889189
0.821361
7.633959
1.934533
-5.232157
-5.788202
-2.319820
-3.363433
0.198753
3.969192
4.072400
1.674433
2.517858
-3.802168
-3.603476
3.184009
-1.431279
1.451548
562.697388
730.690552
145.911087
-252.377563
-50.435810
-508.691803
-523.877136
-153.321747
-268.563904
-261.030121
-624.193970
-395.502289
60.641132
-438.805237
1.050246
0.008336
-520.258789
-675.204834
-131.601089
222.556061
35.107674
466.890045
473.676239
136.549591
248.275070
258.001251
575.248108
367.600830
-48.479317
400.773407
-0.081361
0.361489
0.531825
-0.340631
0.086179
0.384839
0.092848
0.035829
-0.288170
-0.332111
0.280266
0.166810
-0.405750
0.135588
-0.456110
0.348815
-0.081361
0.361489
0.531825
-0.340631
0.086179
0.384839
0.092848
0.035829
-0.288170
-0.332111
0.280266
0.166810
-0.405750
0.135588
-0.456110
0.348815
-0.081361
0.361489
0.531825
-0.340631
0.086179
0.384839
0.092848
0.035829
-0.288170
-0.332111
0.280266
0.166810
-0.405750
0.135588
-0.456110
0.348815
-0.081361
0.361489
0.531825
-0.340631
0.086179
0.384839
0.092848
0.035829
-0.288170
-0.332111
0.280266
0.166810
-0.405750
0.135588
-0.456110
0.348815
-0.081361
0.361489
0.531825
-0.340631
0.086179
0.384839
0.092848
0.035829
-0.288170
-0.332111
0.280266
0.166810
-0.405750
0.135588
-0.456110
0.348815
-0.081361
0.361489
0.531825
-0.340631
0.086179
0.384839
0.092848
0.035829
-0.288170
-0.332111
0.280266
0.166810
-0.405750
0.135588
-0.456110
0.348815
-0.081361
0.361489
0.531825
-0.340631
0.086179
0.384839
0.092848
0.035829
-0.288170
-0.332111
0.280266
0.166810
-0.405750
0.135588
-0.456110
0.348815
-0.081361
0.361489
0.531825
-0.340631
0.086179
0.384839
0.092848
0.035829
-0.288170
-0.332111
0.280266
0.166810
-0.405750
0.135588
-0.456110
0.348815
-0.081361
0.361489
0.531825
-0.340631
0.086179
0.384839
0.092848
0.035829
-0.288170
-0.332111
0.280266
0.166810
-0.405750
0.135588
-0.456110
0.348815
-0.081361
0.361489
0.531825
-0.340631
0.086179
0.384839
0.092848
0.035829
-0.288170
-0.332111
0.280266
0.166810
-0.405750
0.135588
-0.456110
0.348815
-0.081361
0.361489
0.531825
-0.340631
0.086179
0.384839
0.092848
0.035829
-0.288170
-0.332111
0.280266
0.166810
-0.405750
0.135588
-0.456110
0.348815
-0.081361
0.361489
0.531825
-0.340631
0.086179
0.384839
0.092848
0.035829
-0.288170
-0.332111
0.280266
0.166810
-0.405750
0.135588
-0.456110
0.348815
-0.081361
0.361489
0.531825
-0.340631
0.086179
0.384839
0.092848
0.035829
-0.288170
-0.332111
0.280266
0.166810
-0.405750
0.135588
-0.456110
0.348815
-0.081361
0.361489
0.531825
-0.340631
0.086179
0.384839
0.092848
0.035829
-0.288170
-0.332111
0.280266
0.166810
-0.405750
0.135588
-0.456110
0.348815
-0.081361
0.361489
0.531825
-0.340631
0.086179
0.384839
0.092848
0.035829
-0.288170
-0.332111
0.280266
0.166810
-0.405750
0.135588
-0.456110
0.348815
-0.081361
0.361489
0.531825
-0.340631
0.086179
0.384839
0.092848
0.035829
-0.288170
-0.332111
0.280266
0.166810
-0.405750
0.135588
-0.456110
0.348815
-0.081361
0.361489
0.531825
-0.340631
0.086179
0.384839
0.092848
0.035829
-0.288170
-0.332111
0.280266
0.166810
-0.405750
0.135588
-0.456110
0.348815
