-3.600337
-3.217537
1566.035278
2636.801270
3234.564941
-3604.790039
1386.302979
-2784.419678
3199.920898
861.063171
539.635559
2285.978271
-898.943176
-6804.294434
1630.539795
7177.007813
-1.559906
-0.725643
23.522245
-19.735641
-52.646481
-6.456956
-1.546770
12.537278
-23.604439
11.429043
5.322034
-29.382978
-50.315250
-28.775627
31.673199
-39.509083
-1.122070
0.198513
-19.384573
13.668525
29.357956
-0.854534
-0.817340
-11.103421
13.676128
-5.191487
-6.577165
16.281233
21.464758
13.110573
-16.401159
22.414888
-0.222179
4.305202
-772.262268
-1263.404907
-1541.371338
1787.006226
-609.851868
1418.826416
-1612.016724
-352.037201
-302.492523
-1100.087646
544.823853
3303.827148
-884.319031
-3465.052979
-0.227149
-2.047286
-86.684723
-197.566635
-255.395966
224.727448
-133.368317
184.008041
-216.986633
-91.339584
-14.232687
-164.543091
-4.240809
481.400848
-49.950024
-515.467041
4.500121
-1.731231
-54.734970
-96.131744
-118.353180
128.549850
-54.045567
93.119644
-110.237839
-33.831974
-15.534424
-82.405731
28.282543
245.623993
-54.060230
-259.058197
-1.463265
0.043385
-363.996643
-481.229370
-554.368591
760.275330
-223.916382
546.415710
-609.777283
-120.933502
-146.946899
-435.202606
302.255310
1298.071167
-451.960968
-1359.264893
0.433530
-0.126585
0.377340
-1.196798
-1.676889
0.039196
-0.896921
0.431442
-0.714018
-0.588338
0.768319
-0.945835
-0.886887
1.553601
0.953322
-1.931587
0.433530
-0.126585
0.377340
-1.196798
-1.676889
0.039196
-0.896921
0.431442
-0.714018
-0.588338
0.768319
-0.945835
-0.886887
1.553601
0.953322
-1.931587
0.433530
-0.126585
0.377340
-1.196798
-1.676889
0.039196
-0.896921
0.431442
-0.714018
-0.588338
0.768319
-0.945835
-0.886887
1.553601
0.953322
-1.931587
0.433530
-0.126585
0.377340
-1.196798
-1.676889
0.039196
-0.896921
0.431442
-0.714018
-0.588338
0.768319
-0.945835
-0.886887
1.553601
0.953322
-1.931587
0.433530
-0.126585
0.377340
-1.196798
-1.676889
0.039196
-0.896921
0.431442
-0.714018
-0.588338
0.768319
-0.945835
-0.886887
1.553601
0.953322
-1.931587
0.433530
-0.126585
0.377340
-1.196798
-1.676889
0.039196
-0.896921
0.431442
-0.714018
-0.588338
0.768319
-0.945835
-0.886887
1.553601
0.953322
-1.931587
0.433530
-0.126585
0.377340
-1.196798
-1.676889
0.039196
-0.896921
0.431442
-0.714018
-0.588338
0.768319
-0.945835
-0.886887
1.553601
0.953322
-1.931587
0.433530
-0.126585
0.377340
-1.196798
-1.676889
0.039196
-0.896921
0.431442
-0.714018
-0.588338
0.768319
-0.945835
-0.886887
1.553601
0.953322
-1.931587
0.433530
-0.126585
0.377340
-1.196798
-1.676889
0.039196
-0.896921
0.431442
-0.714018
-0.588338
0.768319
-0.945835
-0.886887
1.553601
0.953322
-1.931587
0.433530
-0.126585
0.377340
-1.196798
-1.676889
0.039196
-0.896921
0.431442
-0.714018
-0.588338
0.768319
-0.945835
-0.886887
1.553601
0.953322
-1.931587
0.433530
-0.126585
0.377340
-1.196798
-1.676889
0.039196
-0.896921
0.431442
-0.714018
-0.588338
0.768319
-0.945835
-0.886887
1.553601
0.953322
-1.931587
0.433530
-0.126585
0.377340
-1.196798
-1.676889
0.039196
-0.896921
0.431442
-0.714018
-0.588338
0.768319
-0.945835
-0.886887
1.553601
0.953322
-1.931587
0.433530
-0.126585
0.377340
-1.196798
-1.676889
0.039196
-0.896921
0.431442
-0.714018
-0.588338
0.768319
-0.945835
-0.886887
1.553601
0.953322
-1.931587
