3.552854
4.254958
2588.419922
-1178.237183
-3489.283691
-3171.986084
-3462.005127
-1807.278809
1907.852173
-2615.110840
2759.035400
-336.985077
-7001.121094
1369.237183
6904.547363
-1514.038086
2.794490
-1.533587
21.015129
18.868988
6.095770
-47.457008
-16.841030
-6.099999
-19.914211
-18.542171
34.674080
0.406457
31.583643
-51.535236
37.601563
29.958040
-1.508029
-0.092050
-15.649852
-9.573577
-2.542313
24.803400
6.541032
1.794276
14.172421
10.900298
-19.350985
0.794456
-18.341938
29.087687
-19.042648
-14.881824
-2.530433
-3.282415
-1473.032227
748.900696
1944.438354
1906.944458
1980.928467
1060.420532
-1135.766479
1516.959473
-1550.256104
223.753540
4047.619385
-708.518127
-3933.503418
763.023315
-1.132510
2.491457
-400.317688
42.275082
415.924347
471.354828
421.625275
329.805023
-306.917206
288.899536
-406.614655
-53.144051
974.406921
-34.197056
-998.497314
76.754532
-1.236557
-3.222067
-102.685692
34.853329
137.064865
116.231812
130.197784
69.719154
-72.916649
97.930931
-111.098839
7.160409
266.054047
-58.343636
-273.768738
65.379257
0.419658
-1.023982
-113.987862
92.057152
225.518585
121.635139
202.799515
50.347752
-65.918198
161.365005
-138.069885
51.212345
347.857819
-159.692001
-341.407043
165.678757
-0.303593
1.077959
-0.923156
-0.357302
0.453322
1.560875
0.313205
0.878169
-0.924576
-0.126312
-0.902350
-0.432928
1.734527
0.715043
-2.107014
-0.828352
-0.303593
1.077959
-0.923156
-0.357302
0.453322
1.560875
0.313205
0.878169
-0.924576
-0.126312
-0.902350
-0.432928
1.734527
0.715043
-2.107014
-0.828352
-0.303593
1.077959
-0.923156
-0.357302
0.453322
1.560875
0.313205
0.878169
-0.924576
-0.126312
-0.902350
-0.432928
1.734527
0.715043
-2.107014
-0.828352
-0.303593
1.077959
-0.923156
-0.357302
0.453322
1.560875
0.313205
0.878169
-0.924576
-0.126312
-0.902350
-0.432928
1.734527
0.715043
-2.107014
-0.828352
-0.303593
1.077959
-0.923156
-0.357302
0.453322
1.560875
0.313205
0.878169
-0.924576
-0.126312
-0.902350
-0.432928
1.734527
0.715043
-2.107014
-0.828352
-0.303593
1.077959
-0.923156
-0.357302
0.453322
1.560875
0.313205
0.878169
-0.924576
-0.126312
-0.902350
-0.432928
1.734527
0.715043
-2.107014
-0.828352
-0.303593
1.077959
-0.923156
-0.357302
0.453322
1.560875
0.313205
0.878169
-0.924576
-0.126312
-0.902350
-0.432928
1.734527
0.715043
-2.107014
-0.828352
-0.303593
1.077959
-0.923156
-0.357302
0.453322
1.560875
0.313205
0.878169
-0.924576
-0.126312
-0.902350
-0.432928
1.734527
0.715043
-2.107014
-0.828352
-0.303593
1.077959
-0.923156
-0.357302
0.453322
1.560875
0.313205
0.878169
-0.924576
-0.126312
-0.902350
-0.432928
1.734527
0.715043
-2.107014
-0.828352
-0.303593
1.077959
-0.923156
-0.357302
0.453322
1.560875
0.313205
0.878169
-0.924576
-0.126312
-0.902350
-0.432928
1.734527
0.715043
-2.107014
-0.828352
-0.303593
1.077959
-0.923156
-0.357302
0.453322
1.560875
0.313205
0.878169
-0.924576
-0.126312
-0.902350
-0.432928
1.734527
0.715043
-2.107014
-0.828352
-0.303593
1.077959
-0.923156
-0.357302
0.453322
1.560875
0.313205
0.878169
-0.924576
-0.126312
-0.902350
-0.432928
1.734527
0.715043
-2.107014
-0.828352
-0.303593
1.077959
-0.923156
-0.357302
0.453322
1.560875
0.313205
0.878169
-0.924576
-0.126312
-0.902350
-0.432928
1.734527
0.715043
-2.107014
-0.828352
