8.402170
4.472953
-1384.216187
-2650.061523
-3921.309082
2609.536133
-2506.204102
2719.208008
-2113.648438
-2403.953613
7.511678
-2595.999023
382.005219
6534.195313
90.032867
-6972.151855
-1.542147
-1.888043
-22.589228
18.690767
49.821045
-5.434456
-1.216670
-16.948326
13.805382
-21.544907
-0.438056
30.637003
51.292469
25.721895
-21.405493
42.744598
3.676368
-1.344566
13.656382
-11.926517
-23.181746
4.632233
2.171990
13.942539
-5.030886
10.351543
1.554196
-17.800222
-21.565844
-12.111974
8.236888
-19.662313
-5.560396
-4.178261
595.236023
1218.059082
1747.971436
-1170.780029
1116.926392
-1201.648438
915.529846
1080.365356
-19.454706
1168.716553
-139.718048
-2889.440430
-54.058781
3128.474365
-1.313270
-0.880498
308.968414
557.999573
865.669312
-556.777954
556.946838
-597.006653
472.997192
525.892761
-0.268345
562.430176
-85.952209
-1445.849976
-33.285156
1514.604126
2.236888
0.126553
96.863464
186.272156
272.140900
-174.698257
174.714447
-182.088989
144.641235
168.727722
-0.683590
178.881866
-17.925026
-455.504669
-11.437953
485.306519
-1.107222
-1.118839
51.244938
101.394875
158.378433
-92.826851
103.750687
-102.414581
80.760017
97.862473
-3.616166
100.862206
-6.312271
-255.031097
-17.061575
265.983582
0.944447
-0.494423
-0.158453
0.876372
1.382322
0.278786
1.045082
-0.250735
0.274599
0.916440
-0.264000
0.535498
0.790226
-1.943761
-1.266460
1.528414
0.944447
-0.494423
-0.158453
0.876372
1.382322
0.278786
1.045082
-0.250735
0.274599
0.916440
-0.264000
0.535498
0.790226
-1.943761
-1.266460
1.528414
0.944447
-0.494423
-0.158453
0.876372
1.382322
0.278786
1.045082
-0.250735
0.274599
0.916440
-0.264000
0.535498
0.790226
-1.943761
-1.266460
1.528414
0.944447
-0.494423
-0.158453
0.876372
1.382322
0.278786
1.045082
-0.250735
0.274599
0.916440
-0.264000
0.535498
0.790226
-1.943761
-1.266460
1.528414
0.944447
-0.494423
-0.158453
0.876372
1.382322
0.278786
1.045082
-0.250735
0.274599
0.916440
-0.264000
0.535498
0.790226
-1.943761
-1.266460
1.528414
0.944447
-0.494423
-0.158453
0.876372
1.382322
0.278786
1.045082
-0.250735
0.274599
0.916440
-0.264000
0.535498
0.790226
-1.943761
-1.266460
1.528414
0.944447
-0.494423
-0.158453
0.876372
1.382322
0.278786
1.045082
-0.250735
0.274599
0.916440
-0.264000
0.535498
0.790226
-1.943761
-1.266460
1.528414
0.944447
-0.494423
-0.158453
0.876372
1.382322
0.278786
1.045082
-0.250735
0.274599
0.916440
-0.264000
0.535498
0.790226
-1.943761
-1.266460
1.528414
0.944447
-0.494423
-0.158453
0.876372
1.382322
0.278786
1.045082
-0.250735
0.274599
0.916440
-0.264000
0.535498
0.790226
-1.943761
-1.266460
1.528414
0.944447
-0.494423
-0.158453
0.876372
1.382322
0.278786
1.045082
-0.250735
0.274599
0.916440
-0.264000
0.535498
0.790226
-1.943761
-1.266460
1.528414
0.944447
-0.494423
-0.158453
0.876372
1.382322
0.278786
1.045082
-0.250735
0.274599
0.916440
-0.264000
0.535498
0.790226
-1.943761
-1.266460
1.528414
0.944447
-0.494423
-0.158453
0.876372
1.382322
0.278786
1.045082
-0.250735
0.274599
0.916440
-0.264000
0.535498
0.790226
-1.943761
-1.266460
1.528414
0.944447
-0.494423
-0.158453
0.876372
1.382322
0.278786
1.045082
-0.250735
0.274599
0.916440
-0.264000
0.535498
0.790226
-1.943761
-1.266460
1.528414
