8.489550
-2.612167
-2359.237305
-2418.241211
-2312.821045
4630.645508
-409.529694
3288.602783
-2283.620361
-837.426575
-642.277039
-3086.869629
3593.969971
6365.586426
-2609.843994
-6641.151367
2.426670
1.293311
-27.610012
13.433405
46.440083
22.380030
7.570524
-8.626571
18.273445
-7.455276
-2.393895
38.446651
40.733208
48.473030
-35.426918
35.262157
-0.813160
-0.482862
7.622011
-10.695298
-18.421272
-11.546222
-5.687442
0.314371
-6.377455
3.208916
-2.275079
-19.091656
-20.547316
-23.402746
17.921577
-15.765238
-3.530685
-0.997004
1088.004517
1137.428101
1095.328247
-2159.724121
194.941315
-1534.366455
1076.753662
395.704529
277.719208
1437.286255
-1650.218262
-2977.499756
1194.736328
3088.979004
-0.785922
2.234877
94.910973
96.029793
86.829666
-186.053436
12.257305
-129.709930
85.400459
33.079113
27.437231
126.274994
-149.391556
-251.873383
108.705482
266.230774
-2.897009
1.270427
483.987732
500.289215
486.627502
-927.445251
104.200195
-668.158203
457.723999
181.475143
128.126968
634.401733
-716.485352
-1320.469482
511.416260
1381.569580
1.884014
2.144462
163.435440
159.439850
145.871124
-317.730865
21.083185
-221.304413
154.530777
51.167427
50.516132
205.939926
-256.578186
-421.708710
190.760025
440.716461
-0.547643
0.759182
-0.025219
0.632344
1.443665
-0.174095
0.689590
0.124339
-0.096219
0.758639
-0.500862
1.001977
0.304473
-2.453621
-0.902959
1.744595
-0.547643
0.759182
-0.025219
0.632344
1.443665
-0.174095
0.689590
0.124339
-0.096219
0.758639
-0.500862
1.001977
0.304473
-2.453621
-0.902959
1.744595
-0.547643
0.759182
-0.025219
0.632344
1.443665
-0.174095
0.689590
0.124339
-0.096219
0.758639
-0.500862
1.001977
0.304473
-2.453621
-0.902959
1.744595
-0.547643
0.759182
-0.025219
0.632344
1.443665
-0.174095
0.689590
0.124339
-0.096219
0.758639
-0.500862
1.001977
0.304473
-2.453621
-0.902959
1.744595
-0.547643
0.759182
-0.025219
0.632344
1.443665
-0.174095
0.689590
0.124339
-0.096219
0.758639
-0.500862
1.001977
0.304473
-2.453621
-0.902959
1.744595
-0.547643
0.759182
-0.025219
0.632344
1.443665
-0.174095
0.689590
0.124339
-0.096219
0.758639
-0.500862
1.001977
0.304473
-2.453621
-0.902959
1.744595
-0.547643
0.759182
-0.025219
0.632344
1.443665
-0.174095
0.689590
0.124339
-0.096219
0.758639
-0.500862
1.001977
0.304473
-2.453621
-0.902959
1.744595
-0.547643
0.759182
-0.025219
0.632344
1.443665
-0.174095
0.689590
0.124339
-0.096219
0.758639
-0.500862
1.001977
0.304473
-2.453621
-0.902959
1.744595
-0.547643
0.759182
-0.025219
0.632344
1.443665
-0.174095
0.689590
0.124339
-0.096219
0.758639
-0.500862
1.001977
0.304473
-2.453621
-0.902959
1.744595
-0.547643
0.759182
-0.025219
0.632344
1.443665
-0.174095
0.689590
0.124339
-0.096219
0.758639
-0.500862
1.001977
0.304473
-2.453621
-0.902959
1.744595
-0.547643
0.759182
-0.025219
0.632344
1.443665
-0.174095
0.689590
0.124339
-0.096219
0.758639
-0.500862
1.001977
0.304473
-2.453621
-0.902959
1.744595
-0.547643
0.759182
-0.025219
0.632344
1.443665
-0.174095
0.689590
0.124339
-0.096219
0.758639
-0.500862
1.001977
0.304473
-2.453621
-0.902959
1.744595
-0.547643
0.759182
-0.025219
0.632344
1.443665
-0.174095
0.689590
0.124339
-0.096219
0.758639
-0.500862
1.001977
0.304473
-2.453621
-0.902959
1.744595
