-1.089992
10.077432
2076.719482
-1023.427490
-2950.562744
-4162.577148
-2708.476563
-1919.464844
1900.326294
-1637.335327
2637.903564
419.741089
-6817.481445
626.366150
6150.836914
-23.572275
4.747963
-4.024879
18.368809
14.290286
-2.945819
-52.920254
-12.530996
-2.403569
-17.332300
-8.735826
33.533981
-6.570359
25.447317
-53.035252
32.422745
19.825586
-3.342410
-0.192090
-6.209445
-10.045150
-0.158289
25.910315
7.189056
2.286726
7.328122
4.087887
-15.650182
2.665441
-10.014239
23.096172
-17.741596
-9.001960
0.367811
-4.344697
-967.988525
466.674194
1357.620117
1943.395508
1254.760376
894.321045
-894.198425
754.945313
-1218.812500
-200.867142
3166.656006
-261.088440
-2854.036377
-12.801422
1.727680
0.992977
-76.648544
54.875275
140.503784
149.788055
117.734489
63.570763
-66.401581
75.646164
-109.203491
-1.098263
269.320496
-61.142807
-247.615173
34.816677
1.625718
1.089658
-126.957420
76.076866
217.749222
255.097275
185.049820
109.006340
-113.211868
118.278526
-174.662003
-14.004238
443.399139
-83.565392
-401.566193
37.072571
-1.108078
-3.396194
-433.575500
198.821411
580.106995
870.550842
544.005554
412.947815
-394.128601
324.685455
-541.889954
-102.677513
1400.740356
-98.810638
-1260.222168
-26.432316
0.513221
0.676663
-0.564422
-0.185520
-0.262389
1.303231
0.432838
0.553627
-0.577948
0.213732
-0.589230
-0.561199
1.237695
0.498033
-0.805031
-0.842994
0.513221
0.676663
-0.564422
-0.185520
-0.262389
1.303231
0.432838
0.553627
-0.577948
0.213732
-0.589230
-0.561199
1.237695
0.498033
-0.805031
-0.842994
0.513221
0.676663
-0.564422
-0.185520
-0.262389
1.303231
0.432838
0.553627
-0.577948
0.213732
-0.589230
-0.561199
1.237695
0.498033
-0.805031
-0.842994
0.513221
0.676663
-0.564422
-0.185520
-0.262389
1.303231
0.432838
0.553627
-0.577948
0.213732
-0.589230
-0.561199
1.237695
0.498033
-0.805031
-0.842994
0.513221
0.676663
-0.564422
-0.185520
-0.262389
1.303231
0.432838
0.553627
-0.577948
0.213732
-0.589230
-0.561199
1.237695
0.498033
-0.805031
-0.842994
0.513221
0.676663
-0.564422
-0.185520
-0.262389
1.303231
0.432838
0.553627
-0.577948
0.213732
-0.589230
-0.561199
1.237695
0.498033
-0.805031
-0.842994
0.513221
0.676663
-0.564422
-0.185520
-0.262389
1.303231
0.432838
0.553627
-0.577948
0.213732
-0.589230
-0.561199
1.237695
0.498033
-0.805031
-0.842994
0.513221
0.676663
-0.564422
-0.185520
-0.262389
1.303231
0.432838
0.553627
-0.577948
0.213732
-0.589230
-0.561199
1.237695
0.498033
-0.805031
-0.842994
0.513221
0.676663
-0.564422
-0.185520
-0.262389
1.303231
0.432838
0.553627
-0.577948
0.213732
-0.589230
-0.561199
1.237695
0.498033
-0.805031
-0.842994
0.513221
0.676663
-0.564422
-0.185520
-0.262389
1.303231
0.432838
0.553627
-0.577948
0.213732
-0.589230
-0.561199
1.237695
0.498033
-0.805031
-0.842994
0.513221
0.676663
-0.564422
-0.185520
-0.262389
1.303231
0.432838
0.553627
-0.577948
0.213732
-0.589230
-0.561199
1.237695
0.498033
-0.805031
-0.842994
0.513221
0.676663
-0.564422
-0.185520
-0.262389
1.303231
0.432838
0.553627
-0.577948
0.213732
-0.589230
-0.561199
1.237695
0.498033
-0.805031
-0.842994
0.513221
0.676663
-0.564422
-0.185520
-0.262389
1.303231
0.432838
0.553627
-0.577948
0.213732
-0.589230
-0.561199
1.237695
0.498033
-0.805031
-0.842994
