-41.659748
8.353252
-4588.219727
13512.854492
6977.662109
-9107.241211
19685.330078
14785.394531
-3932.948975
-10710.330078
2215.358154
10491.460938
18210.107422
-10146.838867
1533.831787
7181.206055
0.758156
-2.034047
-2.144212
-135.389984
-115.290298
-29.330204
100.466652
18.240725
15.223654
-89.444588
18.823299
-125.105698
-141.937851
119.972366
28.573019
-37.418373
1.618803
1.453660
-2.518283
58.292831
51.972698
11.655581
-45.448765
-4.959770
-3.711308
38.320930
-8.905516
54.895386
61.502346
-52.999100
-10.070332
18.217672
17.334715
0.756765
2183.580322
-5774.590332
-3159.924805
3815.067871
-8204.333984
-6707.649414
1487.785522
4693.258789
-793.582031
-4544.352051
-7984.757813
4096.515625
-556.377441
-3152.694092
1.015136
-0.072840
134.922974
-636.131409
-269.072327
453.926147
-982.444336
-572.594299
240.049438
466.019836
-156.157288
-462.163422
-782.680176
556.449402
-106.850174
-315.932007
11.115000
-2.914760
1365.454956
-2969.933594
-1797.103271
1922.244019
-4193.342773
-3804.239990
686.002625
2521.175293
-263.361420
-2464.107422
-4401.218750
1894.932007
-179.357025
-1648.520386
4.714055
-3.004264
128.303711
-915.429749
-334.140411
665.612183
-1432.284058
-711.854004
378.474792
639.746094
-268.667664
-641.550781
-1044.241333
874.010559
-187.229401
-442.518402
0.333039
0.099654
3.122765
-2.143930
-3.257740
0.480473
-1.900010
-6.054600
-0.898081
2.901151
0.940574
-2.903840
-5.914654
-0.904326
0.773856
-2.045772
0.333039
0.099654
3.122765
-2.143930
-3.257740
0.480473
-1.900010
-6.054600
-0.898081
2.901151
0.940574
-2.903840
-5.914654
-0.904326
0.773856
-2.045772
0.333039
0.099654
3.122765
-2.143930
-3.257740
0.480473
-1.900010
-6.054600
-0.898081
2.901151
0.940574
-2.903840
-5.914654
-0.904326
0.773856
-2.045772
0.333039
0.099654
3.122765
-2.143930
-3.257740
0.480473
-1.900010
-6.054600
-0.898081
2.901151
0.940574
-2.903840
-5.914654
-0.904326
0.773856
-2.045772
0.333039
0.099654
3.122765
-2.143930
-3.257740
0.480473
-1.900010
-6.054600
-0.898081
2.901151
0.940574
-2.903840
-5.914654
-0.904326
0.773856
-2.045772
0.333039
0.099654
3.122765
-2.143930
-3.257740
0.480473
-1.900010
-6.054600
-0.898081
2.901151
0.940574
-2.903840
-5.914654
-0.904326
0.773856
-2.045772
0.333039
0.099654
3.122765
-2.143930
-3.257740
0.480473
-1.900010
-6.054600
-0.898081
2.901151
0.940574
-2.903840
-5.914654
-0.904326
0.773856
-2.045772
0.333039
0.099654
3.122765
-2.143930
-3.257740
0.480473
-1.900010
-6.054600
-0.898081
2.901151
0.940574
-2.903840
-5.914654
-0.904326
0.773856
-2.045772
0.333039
0.099654
3.122765
-2.143930
-3.257740
0.480473
-1.900010
-6.054600
-0.898081
2.901151
0.940574
-2.903840
-5.914654
-0.904326
0.773856
-2.045772
0.333039
0.099654
3.122765
-2.143930
-3.257740
0.480473
-1.900010
-6.054600
-0.898081
2.901151
0.940574
-2.903840
-5.914654
-0.904326
0.773856
-2.045772
0.333039
0.099654
3.122765
-2.143930
-3.257740
0.480473
-1.900010
-6.054600
-0.898081
2.901151
0.940574
-2.903840
-5.914654
-0.904326
0.773856
-2.045772
0.333039
0.099654
3.122765
-2.143930
-3.257740
0.480473
-1.900010
-6.054600
-0.898081
2.901151
0.940574
-2.903840
-5.914654
-0.904326
0.773856
-2.045772
0.333039
0.099654
3.122765
-2.143930
-3.257740
0.480473
-1.900010
-6.054600
-0.898081
2.901151
0.940574
-2.903840
-5.914654
-0.904326
0.773856
-2.045772
