31.901236
9.532580
8312.051758
-9150.965820
-9160.160156
5088.410156
-9169.080078
-17508.570313
-2240.986572
9646.662109
1858.890137
-9451.156250
-18596.339844
1347.647583
1294.998047
-7124.257324
-0.505490
-2.005553
49.526295
107.192184
107.112259
-17.603426
-75.406113
21.185892
28.647964
72.767670
31.128283
113.862755
61.030102
-147.047607
-13.885253
48.464993
-1.108087
-0.469080
-39.921070
-98.096413
-99.723343
10.893768
76.645180
-25.063622
-28.762844
-66.224327
-25.415005
-104.354828
-58.976200
129.707001
13.567776
-43.925091
-28.362125
-9.980234
-7649.411621
8398.837891
8417.115234
-4692.068359
8369.041016
16065.637695
2071.313965
-8861.468750
-1740.436768
8673.416992
17070.927734
-1218.567261
-1213.875854
6549.393555
-0.433148
0.451465
0.834365
0.329107
-0.511631
0.162624
-0.056699
-0.813406
-0.789349
0.446849
0.616994
-0.228395
-0.995439
-1.199211
0.334107
-0.468565
-0.433148
0.451465
0.834365
0.329107
-0.511631
0.162624
-0.056699
-0.813406
-0.789349
0.446849
0.616994
-0.228395
-0.995439
-1.199211
0.334107
-0.468565
-0.433148
0.451465
0.834365
0.329107
-0.511631
0.162624
-0.056699
-0.813406
-0.789349
0.446849
0.616994
-0.228395
-0.995439
-1.199211
0.334107
-0.468565
-0.433148
0.451465
0.834365
0.329107
-0.511631
0.162624
-0.056699
-0.813406
-0.789349
0.446849
0.616994
-0.228395
-0.995439
-1.199211
0.334107
-0.468565
-0.433148
0.451465
0.834365
0.329107
-0.511631
0.162624
-0.056699
-0.813406
-0.789349
0.446849
0.616994
-0.228395
-0.995439
-1.199211
0.334107
-0.468565
-0.433148
0.451465
0.834365
0.329107
-0.511631
0.162624
-0.056699
-0.813406
-0.789349
0.446849
0.616994
-0.228395
-0.995439
-1.199211
0.334107
-0.468565
-0.433148
0.451465
0.834365
0.329107
-0.511631
0.162624
-0.056699
-0.813406
-0.789349
0.446849
0.616994
-0.228395
-0.995439
-1.199211
0.334107
-0.468565
-0.433148
0.451465
0.834365
0.329107
-0.511631
0.162624
-0.056699
-0.813406
-0.789349
0.446849
0.616994
-0.228395
-0.995439
-1.199211
0.334107
-0.468565
-0.433148
0.451465
0.834365
0.329107
-0.511631
0.162624
-0.056699
-0.813406
-0.789349
0.446849
0.616994
-0.228395
-0.995439
-1.199211
0.334107
-0.468565
-0.433148
0.451465
0.834365
0.329107
-0.511631
0.162624
-0.056699
-0.813406
-0.789349
0.446849
0.616994
-0.228395
-0.995439
-1.199211
0.334107
-0.468565
-0.433148
0.451465
0.834365
0.329107
-0.511631
0.162624
-0.056699
-0.813406
-0.789349
0.446849
0.616994
-0.228395
-0.995439
-1.199211
0.334107
-0.468565
-0.433148
0.451465
0.834365
0.329107
-0.511631
0.162624
-0.056699
-0.813406
-0.789349
0.446849
0.616994
-0.228395
-0.995439
-1.199211
0.334107
-0.468565
-0.433148
0.451465
0.834365
0.329107
-0.511631
0.162624
-0.056699
-0.813406
-0.789349
0.446849
0.616994
-0.228395
-0.995439
-1.199211
0.334107
-0.468565
-0.433148
0.451465
0.834365
0.329107
-0.511631
0.162624
-0.056699
-0.813406
-0.789349
0.446849
0.616994
-0.228395
-0.995439
-1.199211
0.334107
-0.468565
-0.433148
0.451465
0.834365
0.329107
-0.511631
0.162624
-0.056699
-0.813406
-0.789349
0.446849
0.616994
-0.228395
-0.995439
-1.199211
0.334107
-0.468565
-0.433148
0.451465
0.834365
0.329107
-0.511631
0.162624
-0.056699
-0.813406
-0.789349
0.446849
0.616994
-0.228395
-0.995439
-1.199211
0.334107
-0.468565
