-30.966162
-7.874785
-9225.316406
10685.321289
10154.907227
-6167.761230
11883.588867
17381.488281
2302.590820
-9338.133789
-1018.510864
10487.754883
20591.785156
-3966.546631
-1644.833008
7256.330078
-0.340551
0.598843
-52.311565
-126.580215
-121.773727
15.020654
92.228607
-15.247438
-30.543697
-66.860390
-20.971363
-129.632523
-88.832199
147.143143
10.774051
-48.875919
1.779363
-0.205680
39.441360
96.197845
88.064354
-13.087857
-65.473480
8.397959
20.742416
47.884018
18.438931
95.252365
60.046043
-110.235001
-6.978321
36.665001
22.026075
7.591023
6708.819336
-7784.359863
-7392.151855
4494.746582
-8645.187500
-12667.446289
-1683.985107
6781.230957
735.972717
-7640.128906
-14979.458984
2909.819336
1202.346558
-5281.883301
-0.877307
-0.682092
535.236450
-579.995178
-581.004211
332.214264
-649.301697
-992.373657
-141.366318
527.378113
70.287125
-580.317017
-1161.189087
190.174698
102.040802
-403.509735
3.002203
-0.787872
750.983337
-874.811829
-822.018555
507.230743
-984.195068
-1399.281250
-176.903900
765.648193
78.908340
-854.408813
-1678.494263
335.358795
126.802505
-595.160767
0.113337
0.304644
2.707618
-0.332306
-2.415474
-0.075161
0.715211
-4.634294
-1.379611
1.330472
1.825502
-1.625350
-3.693839
-2.904293
1.173956
-1.306199
0.113337
0.304644
2.707618
-0.332306
-2.415474
-0.075161
0.715211
-4.634294
-1.379611
1.330472
1.825502
-1.625350
-3.693839
-2.904293
1.173956
-1.306199
0.113337
0.304644
2.707618
-0.332306
-2.415474
-0.075161
0.715211
-4.634294
-1.379611
1.330472
1.825502
-1.625350
-3.693839
-2.904293
1.173956
-1.306199
0.113337
0.304644
2.707618
-0.332306
-2.415474
-0.075161
0.715211
-4.634294
-1.379611
1.330472
1.825502
-1.625350
-3.693839
-2.904293
1.173956
-1.306199
0.113337
0.304644
2.707618
-0.332306
-2.415474
-0.075161
0.715211
-4.634294
-1.379611
1.330472
1.825502
-1.625350
-3.693839
-2.904293
1.173956
-1.306199
0.113337
0.304644
2.707618
-0.332306
-2.415474
-0.075161
0.715211
-4.634294
-1.379611
1.330472
1.825502
-1.625350
-3.693839
-2.904293
1.173956
-1.306199
0.113337
0.304644
2.707618
-0.332306
-2.415474
-0.075161
0.715211
-4.634294
-1.379611
1.330472
1.825502
-1.625350
-3.693839
-2.904293
1.173956
-1.306199
0.113337
0.304644
2.707618
-0.332306
-2.415474
-0.075161
0.715211
-4.634294
-1.379611
1.330472
1.825502
-1.625350
-3.693839
-2.904293
1.173956
-1.306199
0.113337
0.304644
2.707618
-0.332306
-2.415474
-0.075161
0.715211
-4.634294
-1.379611
1.330472
1.825502
-1.625350
-3.693839
-2.904293
1.173956
-1.306199
0.113337
0.304644
2.707618
-0.332306
-2.415474
-0.075161
0.715211
-4.634294
-1.379611
1.330472
1.825502
-1.625350
-3.693839
-2.904293
1.173956
-1.306199
0.113337
0.304644
2.707618
-0.332306
-2.415474
-0.075161
0.715211
-4.634294
-1.379611
1.330472
1.825502
-1.625350
-3.693839
-2.904293
1.173956
-1.306199
0.113337
0.304644
2.707618
-0.332306
-2.415474
-0.075161
0.715211
-4.634294
-1.379611
1.330472
1.825502
-1.625350
-3.693839
-2.904293
1.173956
-1.306199
0.113337
0.304644
2.707618
-0.332306
-2.415474
-0.075161
0.715211
-4.634294
-1.379611
1.330472
1.825502
-1.625350
-3.693839
-2.904293
1.173956
-1.306199
0.113337
0.304644
2.707618
-0.332306
-2.415474
-0.075161
0.715211
-4.634294
-1.379611
1.330472
1.825502
-1.625350
-3.693839
-2.904293
1.173956
-1.306199
