34.906811
7.328036
10191.970703
-11193.943359
-11649.062500
6000.850586
-12572.704102
-19260.402344
-2807.105225
9863.634766
1391.592407
-11545.154297
-23316.083984
4113.791504
2181.510742
-7688.816406
-0.110631
3.993940
59.132481
134.289322
134.488754
-25.375601
-92.370186
11.306947
33.450546
69.963745
28.835804
141.917694
97.185715
-175.141495
-9.852205
53.966541
0.044387
-2.199738
-20.238827
-56.445103
-59.207829
6.090192
39.736912
-3.812832
-14.437547
-29.460402
-6.613612
-60.005444
-44.960094
68.140984
5.781321
-23.665508
-15.250829
-3.648502
-4073.323730
4880.405762
4788.293457
-2691.437744
5597.426270
7864.529785
1022.640869
-4163.396484
-400.996399
4894.154297
9713.774414
-2113.693604
-784.085876
3267.329102
-1.152332
-0.124048
-274.986237
225.018341
289.425079
-93.815361
219.177383
516.976257
113.450050
-227.030441
-80.242134
266.618347
577.923096
6.804746
-80.254066
172.874634
-1.376437
0.446201
-506.398590
530.766663
571.517944
-274.393616
584.069641
957.182434
148.807541
-477.091187
-77.681923
562.007446
1143.193115
-176.313004
-117.713493
371.792511
-3.613364
0.752963
-717.830750
622.142883
765.858582
-296.311951
653.711853
1276.480713
238.720795
-592.013794
-165.839249
703.644165
1475.204346
-98.725861
-190.376724
464.115967
-10.173699
-1.521316
-2220.120850
2815.456787
2642.170410
-1643.049561
3305.176270
4332.397949
478.871613
-2399.148193
-120.314766
2734.537109
5435.115723
-1382.934692
-379.852661
1852.601440
-0.056799
-0.781847
-3.790477
-0.139086
2.864403
1.133025
-1.250237
5.213657
1.669810
-0.878048
-2.380923
2.106432
4.394777
3.585019
-1.660417
0.926607
-0.056799
-0.781847
-3.790477
-0.139086
2.864403
1.133025
-1.250237
5.213657
1.669810
-0.878048
-2.380923
2.106432
4.394777
3.585019
-1.660417
0.926607
-0.056799
-0.781847
-3.790477
-0.139086
2.864403
1.133025
-1.250237
5.213657
1.669810
-0.878048
-2.380923
2.106432
4.394777
3.585019
-1.660417
0.926607
-0.056799
-0.781847
-3.790477
-0.139086
2.864403
1.133025
-1.250237
5.213657
1.669810
-0.878048
-2.380923
2.106432
4.394777
3.585019
-1.660417
0.926607
-0.056799
-0.781847
-3.790477
-0.139086
2.864403
1.133025
-1.250237
5.213657
1.669810
-0.878048
-2.380923
2.106432
4.394777
3.585019
-1.660417
0.926607
-0.056799
-0.781847
-3.790477
-0.139086
2.864403
1.133025
-1.250237
5.213657
1.669810
-0.878048
-2.380923
2.106432
4.394777
3.585019
-1.660417
0.926607
-0.056799
-0.781847
-3.790477
-0.139086
2.864403
1.133025
-1.250237
5.213657
1.669810
-0.878048
-2.380923
2.106432
4.394777
3.585019
-1.660417
0.926607
-0.056799
-0.781847
-3.790477
-0.139086
2.864403
1.133025
-1.250237
5.213657
1.669810
-0.878048
-2.380923
2.106432
4.394777
3.585019
-1.660417
0.926607
-0.056799
-0.781847
-3.790477
-0.139086
2.864403
1.133025
-1.250237
5.213657
1.669810
-0.878048
-2.380923
2.106432
4.394777
3.585019
-1.660417
0.926607
-0.056799
-0.781847
-3.790477
-0.139086
2.864403
1.133025
-1.250237
5.213657
1.669810
-0.878048
-2.380923
2.106432
4.394777
3.585019
-1.660417
0.926607
-0.056799
-0.781847
-3.790477
-0.139086
2.864403
1.133025
-1.250237
5.213657
1.669810
-0.878048
-2.380923
2.106432
4.394777
3.585019
-1.660417
0.926607
-0.056799
-0.781847
-3.790477
-0.139086
2.864403
1.133025
-1.250237
5.213657
1.669810
-0.878048
-2.380923
2.106432
4.394777
3.585019
-1.660417
0.926607
