0.594850
-1.907698
49.843174
-133.870636
-111.261337
-81.114449
80.289116
56.411747
29.817286
-75.022614
77.650124
-117.383904
-183.733353
56.134735
43.476322
-32.582310
-28.675844
20.080328
729.064575
14927.563477
3788.256836
-12641.803711
22109.490234
5016.595703
-4999.454102
-8487.151367
7021.340820
9146.200195
13448.158203
-18815.908203
3765.732910
7042.373535
0.370215
1.158003
-26.108898
61.408936
54.866028
36.999756
-36.444630
-23.051367
-12.581899
29.938635
-37.513733
56.354088
87.299324
-25.716702
-20.811836
16.985069
12.836776
-10.290801
-220.413559
-6721.287598
-1788.581909
5666.331055
-9905.265625
-2424.197021
2187.359131
3851.625488
-3088.214355
-4184.805664
-6206.188477
8355.531250
-1636.574463
-3198.403809
1.302213
1.478058
-22.851751
-652.930969
-175.434387
554.331177
-962.751770
-241.142227
212.622681
380.521179
-301.221436
-404.211517
-603.601807
811.968445
-160.015305
-310.899719
4.153120
-4.895350
-21.899591
-3211.019043
-926.163696
2671.778564
-4702.420898
-1265.960938
997.368103
1862.283691
-1431.534058
-2012.131226
-3036.892822
3927.885254
-750.869019
-1545.339111
3.223506
1.926906
-80.957474
-947.210449
-214.041443
812.302429
-1419.481934
-273.738983
337.397247
531.328857
-466.161407
-567.682678
-819.171448
1229.283569
-254.820328
-437.153320
-0.003570
-0.796803
1.767360
-3.252491
-2.169673
1.708152
-3.732396
-3.933036
-0.645101
2.036101
-0.070080
-2.527019
-4.343732
1.637233
-0.159709
-1.621611
-0.003570
-0.796803
1.767360
-3.252491
-2.169673
1.708152
-3.732396
-3.933036
-0.645101
2.036101
-0.070080
-2.527019
-4.343732
1.637233
-0.159709
-1.621611
-0.003570
-0.796803
1.767360
-3.252491
-2.169673
1.708152
-3.732396
-3.933036
-0.645101
2.036101
-0.070080
-2.527019
-4.343732
1.637233
-0.159709
-1.621611
-0.003570
-0.796803
1.767360
-3.252491
-2.169673
1.708152
-3.732396
-3.933036
-0.645101
2.036101
-0.070080
-2.527019
-4.343732
1.637233
-0.159709
-1.621611
-0.003570
-0.796803
1.767360
-3.252491
-2.169673
1.708152
-3.732396
-3.933036
-0.645101
2.036101
-0.070080
-2.527019
-4.343732
1.637233
-0.159709
-1.621611
-0.003570
-0.796803
1.767360
-3.252491
-2.169673
1.708152
-3.732396
-3.933036
-0.645101
2.036101
-0.070080
-2.527019
-4.343732
1.637233
-0.159709
-1.621611
-0.003570
-0.796803
1.767360
-3.252491
-2.169673
1.708152
-3.732396
-3.933036
-0.645101
2.036101
-0.070080
-2.527019
-4.343732
1.637233
-0.159709
-1.621611
-0.003570
-0.796803
1.767360
-3.252491
-2.169673
1.708152
-3.732396
-3.933036
-0.645101
2.036101
-0.070080
-2.527019
-4.343732
1.637233
-0.159709
-1.621611
-0.003570
-0.796803
1.767360
-3.252491
-2.169673
1.708152
-3.732396
-3.933036
-0.645101
2.036101
-0.070080
-2.527019
-4.343732
1.637233
-0.159709
-1.621611
-0.003570
-0.796803
1.767360
-3.252491
-2.169673
1.708152
-3.732396
-3.933036
-0.645101
2.036101
-0.070080
-2.527019
-4.343732
1.637233
-0.159709
-1.621611
-0.003570
-0.796803
1.767360
-3.252491
-2.169673
1.708152
-3.732396
-3.933036
-0.645101
2.036101
-0.070080
-2.527019
-4.343732
1.637233
-0.159709
-1.621611
-0.003570
-0.796803
1.767360
-3.252491
-2.169673
1.708152
-3.732396
-3.933036
-0.645101
2.036101
-0.070080
-2.527019
-4.343732
1.637233
-0.159709
-1.621611
-0.003570
-0.796803
1.767360
-3.252491
-2.169673
1.708152
-3.732396
-3.933036
-0.645101
2.036101
-0.070080
-2.527019
-4.343732
1.637233
-0.159709
-1.621611
