-4.281035
-0.964009
200.634521
184.518631
882.016174
585.472229
-299.301331
1098.481323
665.666687
-1855.122070
644.835205
745.091248
-1809.864868
-496.288269
694.937561
-1252.732056
2.871152
-3.946081
-12.495748
-12.063643
-17.265121
-11.456465
-2.901695
-5.650093
11.287214
-6.336088
-10.957234
3.437294
-2.010991
0.729694
8.808509
-1.542938
0.367338
-2.383376
-2.049981
-4.537564
-1.330566
11.657098
0.610915
-1.729573
-6.042508
-12.338939
6.903421
-6.792531
2.403023
-17.748205
0.949296
10.177982
5.102617
4.393417
-181.770706
-158.267715
-753.753479
-499.885010
258.684052
-943.587524
-554.344299
1601.911133
-566.486145
-638.500977
1560.634644
400.949280
-594.271240
1075.384521
0.597694
-2.488492
3.767542
-9.083153
-12.251346
-31.295328
31.962103
-24.655888
-58.508221
35.761593
-0.808483
-35.664669
36.425613
59.356941
-47.631008
21.397409
-0.012935
0.658086
0.019415
-0.074946
-0.552919
0.140687
-0.282236
-0.546623
-0.377120
0.549574
-0.215238
-0.601480
-0.434593
0.515950
-0.038391
0.178373
-0.012935
0.658086
0.019415
-0.074946
-0.552919
0.140687
-0.282236
-0.546623
-0.377120
0.549574
-0.215238
-0.601480
-0.434593
0.515950
-0.038391
0.178373
-0.012935
0.658086
0.019415
-0.074946
-0.552919
0.140687
-0.282236
-0.546623
-0.377120
0.549574
-0.215238
-0.601480
-0.434593
0.515950
-0.038391
0.178373
-0.012935
0.658086
0.019415
-0.074946
-0.552919
0.140687
-0.282236
-0.546623
-0.377120
0.549574
-0.215238
-0.601480
-0.434593
0.515950
-0.038391
0.178373
-0.012935
0.658086
0.019415
-0.074946
-0.552919
0.140687
-0.282236
-0.546623
-0.377120
0.549574
-0.215238
-0.601480
-0.434593
0.515950
-0.038391
0.178373
-0.012935
0.658086
0.019415
-0.074946
-0.552919
0.140687
-0.282236
-0.546623
-0.377120
0.549574
-0.215238
-0.601480
-0.434593
0.515950
-0.038391
0.178373
-0.012935
0.658086
0.019415
-0.074946
-0.552919
0.140687
-0.282236
-0.546623
-0.377120
0.549574
-0.215238
-0.601480
-0.434593
0.515950
-0.038391
0.178373
-0.012935
0.658086
0.019415
-0.074946
-0.552919
0.140687
-0.282236
-0.546623
-0.377120
0.549574
-0.215238
-0.601480
-0.434593
0.515950
-0.038391
0.178373
-0.012935
0.658086
0.019415
-0.074946
-0.552919
0.140687
-0.282236
-0.546623
-0.377120
0.549574
-0.215238
-0.601480
-0.434593
0.515950
-0.038391
0.178373
-0.012935
0.658086
0.019415
-0.074946
-0.552919
0.140687
-0.282236
-0.546623
-0.377120
0.549574
-0.215238
-0.601480
-0.434593
0.515950
-0.038391
0.178373
-0.012935
0.658086
0.019415
-0.074946
-0.552919
0.140687
-0.282236
-0.546623
-0.377120
0.549574
-0.215238
-0.601480
-0.434593
0.515950
-0.038391
0.178373
-0.012935
0.658086
0.019415
-0.074946
-0.552919
0.140687
-0.282236
-0.546623
-0.377120
0.549574
-0.215238
-0.601480
-0.434593
0.515950
-0.038391
0.178373
-0.012935
0.658086
0.019415
-0.074946
-0.552919
0.140687
-0.282236
-0.546623
-0.377120
0.549574
-0.215238
-0.601480
-0.434593
0.515950
-0.038391
0.178373
-0.012935
0.658086
0.019415
-0.074946
-0.552919
0.140687
-0.282236
-0.546623
-0.377120
0.549574
-0.215238
-0.601480
-0.434593
0.515950
-0.038391
0.178373
-0.012935
0.658086
0.019415
-0.074946
-0.552919
0.140687
-0.282236
-0.546623
-0.377120
0.549574
-0.215238
-0.601480
-0.434593
0.515950
-0.038391
0.178373
