0.237127
0.967125
60.035835
113.798698
117.462814
-29.329140
-82.256294
23.282005
32.237869
58.217274
31.686037
119.831604
70.070274
-147.814667
-7.941066
44.807304
26.393747
7.520181
9500.803711
-9113.125977
-10538.701172
4359.287109
-9315.834961
-17141.500000
-2602.538086
8133.170410
1908.493896
-9790.604492
-19964.576172
2097.016846
2267.213623
-6406.010742
0.602825
2.176847
-47.360832
-93.813866
-92.848480
26.476883
60.090698
-16.107018
-24.011642
-47.455093
-26.994598
-98.487572
-54.659946
124.694153
4.866574
-38.186867
-22.524046
-2.638786
-7632.450684
7318.708496
8468.451172
-3506.676514
7485.464355
13781.065430
2083.011963
-6529.993164
-1526.765137
7869.453613
16024.252930
-1688.740601
-1813.401978
5149.166992
-1.558680
-2.348998
-543.725281
538.302246
610.763672
-261.075470
554.246826
991.254150
149.225449
-480.052765
-103.746376
568.758118
1172.661987
-135.230499
-131.562408
375.057983
0.041813
-0.926902
-467.763977
454.799713
521.399475
-208.812622
453.023926
844.420898
131.035339
-399.879761
-95.781685
483.884308
987.258118
-98.478027
-116.393028
316.334869
0.750839
0.388229
-2.409394
0.904951
1.884708
0.233200
-0.135195
2.540191
1.601302
-1.243892
-1.445526
1.172860
2.433389
2.063644
-0.619189
0.746036
0.750839
0.388229
-2.409394
0.904951
1.884708
0.233200
-0.135195
2.540191
1.601302
-1.243892
-1.445526
1.172860
2.433389
2.063644
-0.619189
0.746036
0.750839
0.388229
-2.409394
0.904951
1.884708
0.233200
-0.135195
2.540191
1.601302
-1.243892
-1.445526
1.172860
2.433389
2.063644
-0.619189
0.746036
0.750839
0.388229
-2.409394
0.904951
1.884708
0.233200
-0.135195
2.540191
1.601302
-1.243892
-1.445526
1.172860
2.433389
2.063644
-0.619189
0.746036
0.750839
0.388229
-2.409394
0.904951
1.884708
0.233200
-0.135195
2.540191
1.601302
-1.243892
-1.445526
1.172860
2.433389
2.063644
-0.619189
0.746036
0.750839
0.388229
-2.409394
0.904951
1.884708
0.233200
-0.135195
2.540191
1.601302
-1.243892
-1.445526
1.172860
2.433389
2.063644
-0.619189
0.746036
0.750839
0.388229
-2.409394
0.904951
1.884708
0.233200
-0.135195
2.540191
1.601302
-1.243892
-1.445526
1.172860
2.433389
2.063644
-0.619189
0.746036
0.750839
0.388229
-2.409394
0.904951
1.884708
0.233200
-0.135195
2.540191
1.601302
-1.243892
-1.445526
1.172860
2.433389
2.063644
-0.619189
0.746036
0.750839
0.388229
-2.409394
0.904951
1.884708
0.233200
-0.135195
2.540191
1.601302
-1.243892
-1.445526
1.172860
2.433389
2.063644
-0.619189
0.746036
0.750839
0.388229
-2.409394
0.904951
1.884708
0.233200
-0.135195
2.540191
1.601302
-1.243892
-1.445526
1.172860
2.433389
2.063644
-0.619189
0.746036
0.750839
0.388229
-2.409394
0.904951
1.884708
0.233200
-0.135195
2.540191
1.601302
-1.243892
-1.445526
1.172860
2.433389
2.063644
-0.619189
0.746036
0.750839
0.388229
-2.409394
0.904951
1.884708
0.233200
-0.135195
2.540191
1.601302
-1.243892
-1.445526
1.172860
2.433389
2.063644
-0.619189
0.746036
0.750839
0.388229
-2.409394
0.904951
1.884708
0.233200
-0.135195
2.540191
1.601302
-1.243892
-1.445526
1.172860
2.433389
2.063644
-0.619189
0.746036
0.750839
0.388229
-2.409394
0.904951
1.884708
0.233200
-0.135195
2.540191
1.601302
-1.243892
-1.445526
1.172860
2.433389
2.063644
-0.619189
0.746036
