-16.448584
2.762469
6536.859863
-572.730591
-2562.693848
-711.783081
3775.109131
-776.249268
2223.374023
3011.505615
1220.801270
-3358.377197
3030.053467
2019.119629
-461.240845
1866.414429
-2.043084
-1.280036
58.006622
27.821449
18.254095
-21.340755
7.445343
13.251308
-14.055377
26.846754
18.859074
39.085896
6.819857
28.708944
5.019002
-12.866944
-2.564532
4.512302
-30.532930
-16.489540
-11.282607
11.801981
-6.052719
-7.324931
6.658499
-15.369106
-11.967675
-21.012291
-3.309827
-16.963354
-2.652975
6.050556
6.733508
-1.768367
-3700.939697
195.908310
1458.810059
421.930511
-2144.640381
342.349060
-1199.560791
-1763.775146
-799.173950
1867.000366
-1665.992188
-1187.719360
258.056427
-1037.527710
-0.911326
-0.363369
-168.073944
55.911674
64.151321
8.738382
-96.219528
48.011265
-79.204391
-62.960388
-8.015974
96.223312
-88.894249
-35.768063
2.013182
-54.148697
6.263901
2.272262
-1012.015198
-124.254532
364.278778
205.142075
-597.839783
7.398068
-241.402115
-519.734558
-271.903961
473.079376
-401.121674
-406.698303
152.239136
-272.571259
-0.243542
-2.847620
-448.272797
186.977203
188.904251
-4.850916
-250.237213
142.121170
-222.860397
-160.864120
-5.244028
265.375641
-260.073822
-77.652443
-6.102558
-146.358078
-0.695379
1.226961
-1.287914
-0.607430
0.531713
0.477406
-1.120762
0.096082
-0.142396
-0.716088
-0.612773
0.258598
-0.198144
-0.520766
0.467950
-0.450656
-0.695379
1.226961
-1.287914
-0.607430
0.531713
0.477406
-1.120762
0.096082
-0.142396
-0.716088
-0.612773
0.258598
-0.198144
-0.520766
0.467950
-0.450656
-0.695379
1.226961
-1.287914
-0.607430
0.531713
0.477406
-1.120762
0.096082
-0.142396
-0.716088
-0.612773
0.258598
-0.198144
-0.520766
0.467950
-0.450656
-0.695379
1.226961
-1.287914
-0.607430
0.531713
0.477406
-1.120762
0.096082
-0.142396
-0.716088
-0.612773
0.258598
-0.198144
-0.520766
0.467950
-0.450656
-0.695379
1.226961
-1.287914
-0.607430
0.531713
0.477406
-1.120762
0.096082
-0.142396
-0.716088
-0.612773
0.258598
-0.198144
-0.520766
0.467950
-0.450656
-0.695379
1.226961
-1.287914
-0.607430
0.531713
0.477406
-1.120762
0.096082
-0.142396
-0.716088
-0.612773
0.258598
-0.198144
-0.520766
0.467950
-0.450656
-0.695379
1.226961
-1.287914
-0.607430
0.531713
0.477406
-1.120762
0.096082
-0.142396
-0.716088
-0.612773
0.258598
-0.198144
-0.520766
0.467950
-0.450656
-0.695379
1.226961
-1.287914
-0.607430
0.531713
0.477406
-1.120762
0.096082
-0.142396
-0.716088
-0.612773
0.258598
-0.198144
-0.520766
0.467950
-0.450656
-0.695379
1.226961
-1.287914
-0.607430
0.531713
0.477406
-1.120762
0.096082
-0.142396
-0.716088
-0.612773
0.258598
-0.198144
-0.520766
0.467950
-0.450656
-0.695379
1.226961
-1.287914
-0.607430
0.531713
0.477406
-1.120762
0.096082
-0.142396
-0.716088
-0.612773
0.258598
-0.198144
-0.520766
0.467950
-0.450656
-0.695379
1.226961
-1.287914
-0.607430
0.531713
0.477406
-1.120762
0.096082
-0.142396
-0.716088
-0.612773
0.258598
-0.198144
-0.520766
0.467950
-0.450656
-0.695379
1.226961
-1.287914
-0.607430
0.531713
0.477406
-1.120762
0.096082
-0.142396
-0.716088
-0.612773
0.258598
-0.198144
-0.520766
0.467950
-0.450656
-0.695379
1.226961
-1.287914
-0.607430
0.531713
0.477406
-1.120762
0.096082
-0.142396
-0.716088
-0.612773
0.258598
-0.198144
-0.520766
0.467950
-0.450656
