13.731313
-1.162016
-5711.887695
-1527.160400
1273.801270
684.347900
-3573.284180
-65.256477
-1526.225220
-2310.583984
-1814.732300
2780.999512
-1174.959351
-2586.043213
1303.691040
-1074.345337
2.710807
-1.108674
-56.426003
-3.560294
-7.275593
12.875968
-10.056879
-8.269973
10.287790
-19.158514
-24.549095
-35.340572
-17.575241
-16.897049
4.878103
9.885564
0.128790
0.042943
42.197624
5.273278
2.977283
-10.229403
4.657040
8.574819
-7.030843
13.036320
19.688128
23.835587
13.078241
14.276037
-1.967749
-10.584681
-10.406596
1.526079
3917.028076
1094.227173
-878.170532
-472.390656
2459.857910
68.626282
1035.072998
1603.867554
1274.442139
-1901.284180
787.872559
1784.393921
-901.670532
723.226379
-2.140287
-1.374974
512.815674
254.546997
-106.176048
-90.996696
337.812408
74.818596
100.486473
246.159012
221.253555
-231.288284
65.244026
268.543091
-146.352768
78.760010
-0.509245
-0.387404
362.586975
-2.862866
-84.946365
-20.674469
212.370270
-54.063999
125.850594
111.176376
62.307007
-193.690308
111.420792
133.797668
-60.123642
85.972351
0.257652
-0.029104
0.947024
1.310251
-0.349999
-0.546673
0.626642
0.454495
-0.018684
0.491582
0.852660
-0.334458
0.120393
0.649153
-0.312194
0.032768
0.257652
-0.029104
0.947024
1.310251
-0.349999
-0.546673
0.626642
0.454495
-0.018684
0.491582
0.852660
-0.334458
0.120393
0.649153
-0.312194
0.032768
0.257652
-0.029104
0.947024
1.310251
-0.349999
-0.546673
0.626642
0.454495
-0.018684
0.491582
0.852660
-0.334458
0.120393
0.649153
-0.312194
0.032768
0.257652
-0.029104
0.947024
1.310251
-0.349999
-0.546673
0.626642
0.454495
-0.018684
0.491582
0.852660
-0.334458
0.120393
0.649153
-0.312194
0.032768
0.257652
-0.029104
0.947024
1.310251
-0.349999
-0.546673
0.626642
0.454495
-0.018684
0.491582
0.852660
-0.334458
0.120393
0.649153
-0.312194
0.032768
0.257652
-0.029104
0.947024
1.310251
-0.349999
-0.546673
0.626642
0.454495
-0.018684
0.491582
0.852660
-0.334458
0.120393
0.649153
-0.312194
0.032768
0.257652
-0.029104
0.947024
1.310251
-0.349999
-0.546673
0.626642
0.454495
-0.018684
0.491582
0.852660
-0.334458
0.120393
0.649153
-0.312194
0.032768
0.257652
-0.029104
0.947024
1.310251
-0.349999
-0.546673
0.626642
0.454495
-0.018684
0.491582
0.852660
-0.334458
0.120393
0.649153
-0.312194
0.032768
0.257652
-0.029104
0.947024
1.310251
-0.349999
-0.546673
0.626642
0.454495
-0.018684
0.491582
0.852660
-0.334458
0.120393
0.649153
-0.312194
0.032768
0.257652
-0.029104
0.947024
1.310251
-0.349999
-0.546673
0.626642
0.454495
-0.018684
0.491582
0.852660
-0.334458
0.120393
0.649153
-0.312194
0.032768
0.257652
-0.029104
0.947024
1.310251
-0.349999
-0.546673
0.626642
0.454495
-0.018684
0.491582
0.852660
-0.334458
0.120393
0.649153
-0.312194
0.032768
0.257652
-0.029104
0.947024
1.310251
-0.349999
-0.546673
0.626642
0.454495
-0.018684
0.491582
0.852660
-0.334458
0.120393
0.649153
-0.312194
0.032768
0.257652
-0.029104
0.947024
1.310251
-0.349999
-0.546673
0.626642
0.454495
-0.018684
0.491582
0.852660
-0.334458
0.120393
0.649153
-0.312194
0.032768
0.257652
-0.029104
0.947024
1.310251
-0.349999
-0.546673
0.626642
0.454495
-0.018684
0.491582
0.852660
-0.334458
0.120393
0.649153
-0.312194
0.032768
