0.029128
1.037232
37.215965
17.250996
17.020903
-12.952631
8.261356
8.063996
-9.054332
12.629428
17.997463
27.869844
10.728243
20.924910
2.815631
-7.822029
-17.767395
0.878060
4847.087891
-46.263531
-1740.092407
12.146701
3529.054932
194.319077
1793.621704
1828.071899
1552.169556
-2550.096436
1503.809692
2082.811035
-554.268799
1199.966797
-0.602581
-1.473978
-32.691235
-18.593000
-13.847540
17.027309
-5.347880
-7.400571
7.488101
-13.309604
-16.393553
-27.425848
-7.268973
-19.613382
-3.539321
7.078911
13.494028
-0.542821
-4233.122070
35.111290
1517.604614
-6.687804
-3075.357178
-173.099014
-1562.482300
-1597.771240
-1357.723633
2228.927979
-1317.328613
-1817.064331
480.145599
-1041.029785
0.188894
0.126139
-0.585646
-0.087044
0.372462
-0.094264
-0.460117
0.072513
-0.184465
-0.346274
-0.096533
0.191166
-0.052835
-0.055874
0.373471
0.089080
0.188894
0.126139
-0.585646
-0.087044
0.372462
-0.094264
-0.460117
0.072513
-0.184465
-0.346274
-0.096533
0.191166
-0.052835
-0.055874
0.373471
0.089080
0.188894
0.126139
-0.585646
-0.087044
0.372462
-0.094264
-0.460117
0.072513
-0.184465
-0.346274
-0.096533
0.191166
-0.052835
-0.055874
0.373471
0.089080
0.188894
0.126139
-0.585646
-0.087044
0.372462
-0.094264
-0.460117
0.072513
-0.184465
-0.346274
-0.096533
0.191166
-0.052835
-0.055874
0.373471
0.089080
0.188894
0.126139
-0.585646
-0.087044
0.372462
-0.094264
-0.460117
0.072513
-0.184465
-0.346274
-0.096533
0.191166
-0.052835
-0.055874
0.373471
0.089080
0.188894
0.126139
-0.585646
-0.087044
0.372462
-0.094264
-0.460117
0.072513
-0.184465
-0.346274
-0.096533
0.191166
-0.052835
-0.055874
0.373471
0.089080
0.188894
0.126139
-0.585646
-0.087044
0.372462
-0.094264
-0.460117
0.072513
-0.184465
-0.346274
-0.096533
0.191166
-0.052835
-0.055874
0.373471
0.089080
0.188894
0.126139
-0.585646
-0.087044
0.372462
-0.094264
-0.460117
0.072513
-0.184465
-0.346274
-0.096533
0.191166
-0.052835
-0.055874
0.373471
0.089080
0.188894
0.126139
-0.585646
-0.087044
0.372462
-0.094264
-0.460117
0.072513
-0.184465
-0.346274
-0.096533
0.191166
-0.052835
-0.055874
0.373471
0.089080
0.188894
0.126139
-0.585646
-0.087044
0.372462
-0.094264
-0.460117
0.072513
-0.184465
-0.346274
-0.096533
0.191166
-0.052835
-0.055874
0.373471
0.089080
0.188894
0.126139
-0.585646
-0.087044
0.372462
-0.094264
-0.460117
0.072513
-0.184465
-0.346274
-0.096533
0.191166
-0.052835
-0.055874
0.373471
0.089080
0.188894
0.126139
-0.585646
-0.087044
0.372462
-0.094264
-0.460117
0.072513
-0.184465
-0.346274
-0.096533
0.191166
-0.052835
-0.055874
0.373471
0.089080
0.188894
0.126139
-0.585646
-0.087044
0.372462
-0.094264
-0.460117
0.072513
-0.184465
-0.346274
-0.096533
0.191166
-0.052835
-0.055874
0.373471
0.089080
0.188894
0.126139
-0.585646
-0.087044
0.372462
-0.094264
-0.460117
0.072513
-0.184465
-0.346274
-0.096533
0.191166
-0.052835
-0.055874
0.373471
0.089080
0.188894
0.126139
-0.585646
-0.087044
0.372462
-0.094264
-0.460117
0.072513
-0.184465
-0.346274
-0.096533
0.191166
-0.052835
-0.055874
0.373471
0.089080
0.188894
0.126139
-0.585646
-0.087044
0.372462
-0.094264
-0.460117
0.072513
-0.184465
-0.346274
-0.096533
0.191166
-0.052835
-0.055874
0.373471
0.089080
