-6.367150
-5.594958
3498.264893
-2465.810791
-1271.934204
5507.560547
4838.604004
289.946594
1665.881470
-1500.912354
3552.964600
-2394.795166
929.262268
561.400696
3580.565674
-2065.497070
1.130684
2.497324
23.182997
31.058065
47.221817
36.728527
14.449960
12.970525
-15.496067
-9.181355
44.796555
25.588005
3.099391
7.874893
16.137646
23.846807
0.849608
-1.856355
-8.387460
-8.831437
-22.991386
-18.915783
-7.995631
-3.450105
7.531896
3.697465
-17.795061
-9.847581
-2.034490
-0.827629
-4.261372
-11.614831
2.595129
5.339530
-1552.082642
1048.560669
620.053223
-2415.718262
-2111.268555
-173.414124
-725.728333
629.504089
-1622.342285
1005.381470
-420.603546
-262.751953
-1599.990356
881.002136
-0.891910
1.079227
-809.495605
492.617706
349.346283
-1189.497070
-1069.151855
-130.486847
-404.335602
322.547394
-781.017090
485.330383
-182.826004
-132.439255
-809.457153
400.276001
0.981184
-1.135547
-161.543716
124.719513
48.190125
-259.933716
-228.665527
-3.525513
-75.570374
73.309441
-157.569199
120.352608
-40.791519
-23.874743
-161.805176
102.950371
2.079936
-1.434027
-200.229706
175.871048
42.451607
-347.690247
-302.664825
13.091463
-93.296967
100.304031
-204.200897
171.808060
-61.252998
-26.981714
-211.348953
150.150360
0.443470
0.262819
-0.979060
0.154249
1.157028
-1.013949
-1.110085
-0.817999
-0.564911
-0.213714
-1.184688
-0.046153
-0.197964
-0.387847
-0.685598
-0.121916
0.443470
0.262819
-0.979060
0.154249
1.157028
-1.013949
-1.110085
-0.817999
-0.564911
-0.213714
-1.184688
-0.046153
-0.197964
-0.387847
-0.685598
-0.121916
0.443470
0.262819
-0.979060
0.154249
1.157028
-1.013949
-1.110085
-0.817999
-0.564911
-0.213714
-1.184688
-0.046153
-0.197964
-0.387847
-0.685598
-0.121916
0.443470
0.262819
-0.979060
0.154249
1.157028
-1.013949
-1.110085
-0.817999
-0.564911
-0.213714
-1.184688
-0.046153
-0.197964
-0.387847
-0.685598
-0.121916
0.443470
0.262819
-0.979060
0.154249
1.157028
-1.013949
-1.110085
-0.817999
-0.564911
-0.213714
-1.184688
-0.046153
-0.197964
-0.387847
-0.685598
-0.121916
0.443470
0.262819
-0.979060
0.154249
1.157028
-1.013949
-1.110085
-0.817999
-0.564911
-0.213714
-1.184688
-0.046153
-0.197964
-0.387847
-0.685598
-0.121916
0.443470
0.262819
-0.979060
0.154249
1.157028
-1.013949
-1.110085
-0.817999
-0.564911
-0.213714
-1.184688
-0.046153
-0.197964
-0.387847
-0.685598
-0.121916
0.443470
0.262819
-0.979060
0.154249
1.157028
-1.013949
-1.110085
-0.817999
-0.564911
-0.213714
-1.184688
-0.046153
-0.197964
-0.387847
-0.685598
-0.121916
0.443470
0.262819
-0.979060
0.154249
1.157028
-1.013949
-1.110085
-0.817999
-0.564911
-0.213714
-1.184688
-0.046153
-0.197964
-0.387847
-0.685598
-0.121916
0.443470
0.262819
-0.979060
0.154249
1.157028
-1.013949
-1.110085
-0.817999
-0.564911
-0.213714
-1.184688
-0.046153
-0.197964
-0.387847
-0.685598
-0.121916
0.443470
0.262819
-0.979060
0.154249
1.157028
-1.013949
-1.110085
-0.817999
-0.564911
-0.213714
-1.184688
-0.046153
-0.197964
-0.387847
-0.685598
-0.121916
0.443470
0.262819
-0.979060
0.154249
1.157028
-1.013949
-1.110085
-0.817999
-0.564911
-0.213714
-1.184688
-0.046153
-0.197964
-0.387847
-0.685598
-0.121916
0.443470
0.262819
-0.979060
0.154249
1.157028
-1.013949
-1.110085
-0.817999
-0.564911
-0.213714
-1.184688
-0.046153
-0.197964
-0.387847
-0.685598
-0.121916
