-10.058334
5.525702
-915.346680
-3828.581787
4391.922363
2382.066650
2353.638916
-3644.838867
-274.421204
-2042.876099
-878.430420
-4991.246094
1077.957397
-719.633911
-1234.262451
-4005.171143
0.482143
-4.359229
-21.253305
34.915123
-23.915382
48.848228
-4.738549
19.443960
-1.469191
-15.335702
-6.710376
63.466843
-8.889806
6.435751
-17.212416
21.543221
2.572899
2.927028
7.753091
-16.660259
11.583239
-18.526411
3.839110
-8.455032
0.850655
6.737570
2.226475
-25.752005
1.823877
-5.267796
4.271787
-5.086919
1.937854
-1.828739
328.434143
1495.175293
-1683.957642
-981.454834
-961.411804
1398.889038
94.604355
781.513611
296.495148
1976.046509
-448.364777
283.737946
424.049469
1569.377930
1.085319
3.507724
65.618950
180.229050
-223.039932
-89.920860
-93.292526
187.232376
21.492964
94.676392
69.930458
229.608459
-45.085255
39.493240
86.518623
183.974136
3.384946
-1.974634
193.401627
1003.211426
-1116.574585
-650.704346
-636.014648
919.435669
47.610901
551.256470
178.407166
1282.444092
-268.827362
165.045441
293.880798
1054.154297
3.295120
-0.792692
87.965691
239.075439
-300.089813
-121.059334
-125.812897
251.520630
31.615669
129.364685
93.291008
316.308868
-64.656517
53.889927
108.487061
245.165253
-0.008531
-0.623141
-0.421132
1.246085
-0.490222
-1.047093
-1.635686
0.104633
-0.344911
0.261013
-0.804461
1.319318
-0.336831
-0.264170
-0.457161
1.054830
-0.008531
-0.623141
-0.421132
1.246085
-0.490222
-1.047093
-1.635686
0.104633
-0.344911
0.261013
-0.804461
1.319318
-0.336831
-0.264170
-0.457161
1.054830
-0.008531
-0.623141
-0.421132
1.246085
-0.490222
-1.047093
-1.635686
0.104633
-0.344911
0.261013
-0.804461
1.319318
-0.336831
-0.264170
-0.457161
1.054830
-0.008531
-0.623141
-0.421132
1.246085
-0.490222
-1.047093
-1.635686
0.104633
-0.344911
0.261013
-0.804461
1.319318
-0.336831
-0.264170
-0.457161
1.054830
-0.008531
-0.623141
-0.421132
1.246085
-0.490222
-1.047093
-1.635686
0.104633
-0.344911
0.261013
-0.804461
1.319318
-0.336831
-0.264170
-0.457161
1.054830
-0.008531
-0.623141
-0.421132
1.246085
-0.490222
-1.047093
-1.635686
0.104633
-0.344911
0.261013
-0.804461
1.319318
-0.336831
-0.264170
-0.457161
1.054830
-0.008531
-0.623141
-0.421132
1.246085
-0.490222
-1.047093
-1.635686
0.104633
-0.344911
0.261013
-0.804461
1.319318
-0.336831
-0.264170
-0.457161
1.054830
-0.008531
-0.623141
-0.421132
1.246085
-0.490222
-1.047093
-1.635686
0.104633
-0.344911
0.261013
-0.804461
1.319318
-0.336831
-0.264170
-0.457161
1.054830
-0.008531
-0.623141
-0.421132
1.246085
-0.490222
-1.047093
-1.635686
0.104633
-0.344911
0.261013
-0.804461
1.319318
-0.336831
-0.264170
-0.457161
1.054830
-0.008531
-0.623141
-0.421132
1.246085
-0.490222
-1.047093
-1.635686
0.104633
-0.344911
0.261013
-0.804461
1.319318
-0.336831
-0.264170
-0.457161
1.054830
-0.008531
-0.623141
-0.421132
1.246085
-0.490222
-1.047093
-1.635686
0.104633
-0.344911
0.261013
-0.804461
1.319318
-0.336831
-0.264170
-0.457161
1.054830
-0.008531
-0.623141
-0.421132
1.246085
-0.490222
-1.047093
-1.635686
0.104633
-0.344911
0.261013
-0.804461
1.319318
-0.336831
-0.264170
-0.457161
1.054830
-0.008531
-0.623141
-0.421132
1.246085
-0.490222
-1.047093
-1.635686
0.104633
-0.344911
0.261013
-0.804461
1.319318
-0.336831
-0.264170
-0.457161
1.054830
