7.050467
-1.716301
-1013.042542
3683.023193
-2334.771729
-3778.581055
-3034.609131
1973.604858
-949.842957
1726.338013
-1914.212036
4277.201172
-981.421936
-273.807770
-846.224060
3456.845947
-3.274909
1.101056
2.840411
-35.192734
-5.133796
-47.829472
-2.470341
-14.904331
8.356517
11.514920
-26.546490
-51.063198
-1.733466
-6.779170
6.183969
-22.096518
-0.123907
-0.646371
-2.079176
33.304436
2.163633
39.904694
2.091833
13.499147
-6.444232
-9.439695
24.762867
46.146172
0.271513
8.102324
-2.319896
20.706739
-8.044579
0.732696
873.170837
-3083.302002
1926.617554
3189.262207
2564.184570
-1627.724365
822.811218
-1437.422974
1639.118652
-3572.837158
822.605957
223.999268
740.859192
-2893.976074
-0.806756
0.784069
-56.523548
-147.238281
172.511948
66.141350
48.472725
-141.653000
-13.523814
-82.017494
-42.216030
-187.588730
40.365223
-12.067722
-58.639587
-132.824722
-0.860918
1.074969
148.933289
-108.849945
-17.619879
216.172073
173.891342
11.404243
84.521217
-43.464039
199.515701
-110.660110
31.274479
43.748238
134.049515
-110.330009
-0.566396
-0.094239
0.606765
-0.344445
0.078863
1.220005
1.090378
-0.178084
0.021858
-0.409785
0.933513
-0.548904
-0.100424
-0.252101
0.022824
-0.483566
-0.566396
-0.094239
0.606765
-0.344445
0.078863
1.220005
1.090378
-0.178084
0.021858
-0.409785
0.933513
-0.548904
-0.100424
-0.252101
0.022824
-0.483566
-0.566396
-0.094239
0.606765
-0.344445
0.078863
1.220005
1.090378
-0.178084
0.021858
-0.409785
0.933513
-0.548904
-0.100424
-0.252101
0.022824
-0.483566
-0.566396
-0.094239
0.606765
-0.344445
0.078863
1.220005
1.090378
-0.178084
0.021858
-0.409785
0.933513
-0.548904
-0.100424
-0.252101
0.022824
-0.483566
-0.566396
-0.094239
0.606765
-0.344445
0.078863
1.220005
1.090378
-0.178084
0.021858
-0.409785
0.933513
-0.548904
-0.100424
-0.252101
0.022824
-0.483566
-0.566396
-0.094239
0.606765
-0.344445
0.078863
1.220005
1.090378
-0.178084
0.021858
-0.409785
0.933513
-0.548904
-0.100424
-0.252101
0.022824
-0.483566
-0.566396
-0.094239
0.606765
-0.344445
0.078863
1.220005
1.090378
-0.178084
0.021858
-0.409785
0.933513
-0.548904
-0.100424
-0.252101
0.022824
-0.483566
-0.566396
-0.094239
0.606765
-0.344445
0.078863
1.220005
1.090378
-0.178084
0.021858
-0.409785
0.933513
-0.548904
-0.100424
-0.252101
0.022824
-0.483566
-0.566396
-0.094239
0.606765
-0.344445
0.078863
1.220005
1.090378
-0.178084
0.021858
-0.409785
0.933513
-0.548904
-0.100424
-0.252101
0.022824
-0.483566
-0.566396
-0.094239
0.606765
-0.344445
0.078863
1.220005
1.090378
-0.178084
0.021858
-0.409785
0.933513
-0.548904
-0.100424
-0.252101
0.022824
-0.483566
-0.566396
-0.094239
0.606765
-0.344445
0.078863
1.220005
1.090378
-0.178084
0.021858
-0.409785
0.933513
-0.548904
-0.100424
-0.252101
0.022824
-0.483566
-0.566396
-0.094239
0.606765
-0.344445
0.078863
1.220005
1.090378
-0.178084
0.021858
-0.409785
0.933513
-0.548904
-0.100424
-0.252101
0.022824
-0.483566
-0.566396
-0.094239
0.606765
-0.344445
0.078863
1.220005
1.090378
-0.178084
0.021858
-0.409785
0.933513
-0.548904
-0.100424
-0.252101
0.022824
-0.483566
-0.566396
-0.094239
0.606765
-0.344445
0.078863
1.220005
1.090378
-0.178084
0.021858
-0.409785
0.933513
-0.548904
-0.100424
-0.252101
0.022824
-0.483566
