0.417664
18.607189
-11.275585
4.605663
-17.274473
22.456472
3.609195
3.785338
-17.370567
16.794455
-29.852730
34.270031
-112.885262
163.965210
-7.092237
11.226019
-7.632294
12.819640
-10.930364
-6.714015
28.402073
-9.895245
14.639305
-0.023119
24.012581
3.893517
37.836468
-16.023062
180.590210
-88.009132
13.228767
9.682596
9.736075
-16.668428
0.335653
-1.414393
-12.343635
-0.469177
-3.081547
1.824164
-3.948823
-5.863040
-16.858500
-6.423973
-70.222023
-26.644960
-6.501836
-7.030966
13.337698
-6.165318
4.129085
-4.343423
-2.573455
-11.714669
-4.881656
-2.570333
1.246184
-9.156828
-0.390547
-18.655819
-12.153631
-76.219757
-0.974530
-3.840268
-0.273744
-0.602144
13.767619
-31.067871
12.473976
-39.316929
2.234402
-13.052499
0.424719
11.287507
-9.374059
-36.471729
-1.270468
-4.577552
11.429094
-18.058775
10.114728
-7.149174
257.198914
3394.484619
-3142.889648
-2065.263184
-2032.172119
2699.389404
233.538910
1563.040039
-573.991882
3321.650635
-394.731476
-329.036652
345.992615
3389.000977
-10.317882
-0.550851
7.698984
3.462235
1.494432
1.162268
-5.391216
1.116093
-1.660682
5.218123
8.516297
10.421954
29.931021
41.630554
4.726758
2.591274
0.423911
2.233668
-11.436551
22.985674
-11.982480
35.343349
-0.130167
12.893475
0.437944
-9.409900
2.926594
30.923590
0.699643
1.985745
-11.469193
12.694454
2.032708
-0.707339
57.076466
-141.006058
55.278435
201.605316
117.456718
-77.283356
48.645187
-73.636414
146.350143
-115.364754
2.630602
38.196598
58.431213
-144.461121
-7.987072
6.698249
-302.282074
-2821.373535
2795.018066
1570.542236
1642.142090
-2266.379883
-308.722992
-1302.705933
278.458374
-2865.473633
384.737732
239.537613
-393.069672
-2813.863037
-0.573402
-0.367413
-0.166389
-0.579026
0.204784
1.096792
0.614330
-0.073663
0.243312
-0.303192
0.480540
-0.349893
-0.030061
-0.097349
0.242204
-0.247513
-0.573402
-0.367413
-0.166389
-0.579026
0.204784
1.096792
0.614330
-0.073663
0.243312
-0.303192
0.480540
-0.349893
-0.030061
-0.097349
0.242204
-0.247513
-0.573402
-0.367413
-0.166389
-0.579026
0.204784
1.096792
0.614330
-0.073663
0.243312
-0.303192
0.480540
-0.349893
-0.030061
-0.097349
0.242204
-0.247513
-0.573402
-0.367413
-0.166389
-0.579026
0.204784
1.096792
0.614330
-0.073663
0.243312
-0.303192
0.480540
-0.349893
-0.030061
-0.097349
0.242204
-0.247513
-0.573402
-0.367413
-0.166389
-0.579026
0.204784
1.096792
0.614330
-0.073663
0.243312
-0.303192
0.480540
-0.349893
-0.030061
-0.097349
0.242204
-0.247513
-0.573402
-0.367413
-0.166389
-0.579026
0.204784
1.096792
0.614330
-0.073663
0.243312
-0.303192
0.480540
-0.349893
-0.030061
-0.097349
0.242204
-0.247513
-0.573402
-0.367413
-0.166389
-0.579026
0.204784
1.096792
0.614330
-0.073663
0.243312
-0.303192
0.480540
-0.349893
-0.030061
-0.097349
0.242204
-0.247513
-0.573402
-0.367413
-0.166389
-0.579026
0.204784
1.096792
0.614330
-0.073663
0.243312
-0.303192
0.480540
-0.349893
-0.030061
-0.097349
0.242204
-0.247513
-0.573402
-0.367413
-0.166389
-0.579026
0.204784
1.096792
0.614330
-0.073663
0.243312
-0.303192
0.480540
-0.349893
-0.030061
-0.097349
0.242204
-0.247513
-0.573402
-0.367413
-0.166389
-0.579026
0.204784
1.096792
0.614330
-0.073663
0.243312
-0.303192
0.480540
-0.349893
-0.030061
-0.097349
0.242204
-0.247513
