-1.363902
0.741483
3.052476
33.136337
-1.215149
16.553791
-3.854606
12.300496
16.764442
4.139255
6.908641
8.113287
-4.857552
2.000767
10.842000
13.909209
-1.143109
10.691720
1002.601990
-3024.355469
1263.521484
1213.341187
1227.957031
-2541.804443
-1911.605835
770.353271
336.667053
-707.996094
368.778564
-281.885712
1998.748535
-1034.781860
-0.054438
-0.703395
-2.228470
-19.297041
1.425312
-4.894057
3.826423
-7.548556
-7.641522
-4.216200
-4.297393
-5.714622
4.622465
-4.235304
-6.812138
-6.877733
0.712244
-6.789197
-481.331696
1396.164673
-580.740601
-568.309998
-576.697937
1170.765991
885.730896
-344.962769
-158.592972
327.847321
-177.357697
127.521019
-929.348572
470.085724
-1.319205
-0.429362
-44.172161
124.968773
-53.845764
-52.696117
-56.474506
106.955856
84.002998
-29.446404
-15.118125
29.193329
-13.402773
10.634376
-86.161972
39.109764
1.482236
0.457076
-60.910393
195.740875
-82.487511
-79.637367
-78.071587
166.944458
123.978340
-51.275146
-20.374712
46.022491
-24.201330
19.230997
-129.401978
65.987343
-0.052239
-0.462742
-229.348419
616.559570
-248.833511
-257.172485
-271.834900
513.656494
401.282837
-149.482758
-78.310387
143.741241
-74.843170
54.449879
-419.118683
203.128128
1.180192
-0.165895
-0.633581
0.448592
-0.244074
-0.393080
-0.847751
0.424047
0.550496
0.695771
-0.016727
-0.020997
0.104525
0.135133
-0.604460
-0.062017
1.180192
-0.165895
-0.633581
0.448592
-0.244074
-0.393080
-0.847751
0.424047
0.550496
0.695771
-0.016727
-0.020997
0.104525
0.135133
-0.604460
-0.062017
1.180192
-0.165895
-0.633581
0.448592
-0.244074
-0.393080
-0.847751
0.424047
0.550496
0.695771
-0.016727
-0.020997
0.104525
0.135133
-0.604460
-0.062017
1.180192
-0.165895
-0.633581
0.448592
-0.244074
-0.393080
-0.847751
0.424047
0.550496
0.695771
-0.016727
-0.020997
0.104525
0.135133
-0.604460
-0.062017
1.180192
-0.165895
-0.633581
0.448592
-0.244074
-0.393080
-0.847751
0.424047
0.550496
0.695771
-0.016727
-0.020997
0.104525
0.135133
-0.604460
-0.062017
1.180192
-0.165895
-0.633581
0.448592
-0.244074
-0.393080
-0.847751
0.424047
0.550496
0.695771
-0.016727
-0.020997
0.104525
0.135133
-0.604460
-0.062017
1.180192
-0.165895
-0.633581
0.448592
-0.244074
-0.393080
-0.847751
0.424047
0.550496
0.695771
-0.016727
-0.020997
0.104525
0.135133
-0.604460
-0.062017
1.180192
-0.165895
-0.633581
0.448592
-0.244074
-0.393080
-0.847751
0.424047
0.550496
0.695771
-0.016727
-0.020997
0.104525
0.135133
-0.604460
-0.062017
1.180192
-0.165895
-0.633581
0.448592
-0.244074
-0.393080
-0.847751
0.424047
0.550496
0.695771
-0.016727
-0.020997
0.104525
0.135133
-0.604460
-0.062017
1.180192
-0.165895
-0.633581
0.448592
-0.244074
-0.393080
-0.847751
0.424047
0.550496
0.695771
-0.016727
-0.020997
0.104525
0.135133
-0.604460
-0.062017
1.180192
-0.165895
-0.633581
0.448592
-0.244074
-0.393080
-0.847751
0.424047
0.550496
0.695771
-0.016727
-0.020997
0.104525
0.135133
-0.604460
-0.062017
1.180192
-0.165895
-0.633581
0.448592
-0.244074
-0.393080
-0.847751
0.424047
0.550496
0.695771
-0.016727
-0.020997
0.104525
0.135133
-0.604460
-0.062017
1.180192
-0.165895
-0.633581
0.448592
-0.244074
-0.393080
-0.847751
0.424047
0.550496
0.695771
-0.016727
-0.020997
0.104525
0.135133
-0.604460
-0.062017
