5.802550
4.061235
-1421.307739
-1711.443970
1415.347046
-47.641163
-820.846130
-1933.377930
-583.270386
1373.060181
-246.466400
-429.027283
40.984734
-249.089279
416.857971
-1609.772095
0.788328
1.957232
15.160947
-10.968269
12.104440
-8.575074
7.687406
-2.643943
-6.355795
-10.773557
2.031363
-6.066964
2.507575
-0.227882
0.966214
-11.013872
-2.429849
-0.496320
-14.180113
8.249165
-12.213823
8.947874
-6.659020
2.685525
5.272656
9.314269
-0.060730
4.230761
-1.346186
-0.625635
-3.041886
11.042939
-5.674085
-5.288841
1358.689331
1637.689453
-1350.291260
51.140533
782.078186
1850.083496
573.155151
-1324.005737
214.778091
434.333038
-65.046646
229.333603
-417.449036
1556.662964
-0.153332
0.339420
-0.446474
-0.292908
0.048204
0.359698
0.508772
0.003650
0.177769
0.308132
0.125440
-0.366752
0.269766
-0.094655
0.502405
-0.053867
-0.153332
0.339420
-0.446474
-0.292908
0.048204
0.359698
0.508772
0.003650
0.177769
0.308132
0.125440
-0.366752
0.269766
-0.094655
0.502405
-0.053867
-0.153332
0.339420
-0.446474
-0.292908
0.048204
0.359698
0.508772
0.003650
0.177769
0.308132
0.125440
-0.366752
0.269766
-0.094655
0.502405
-0.053867
-0.153332
0.339420
-0.446474
-0.292908
0.048204
0.359698
0.508772
0.003650
0.177769
0.308132
0.125440
-0.366752
0.269766
-0.094655
0.502405
-0.053867
-0.153332
0.339420
-0.446474
-0.292908
0.048204
0.359698
0.508772
0.003650
0.177769
0.308132
0.125440
-0.366752
0.269766
-0.094655
0.502405
-0.053867
-0.153332
0.339420
-0.446474
-0.292908
0.048204
0.359698
0.508772
0.003650
0.177769
0.308132
0.125440
-0.366752
0.269766
-0.094655
0.502405
-0.053867
-0.153332
0.339420
-0.446474
-0.292908
0.048204
0.359698
0.508772
0.003650
0.177769
0.308132
0.125440
-0.366752
0.269766
-0.094655
0.502405
-0.053867
-0.153332
0.339420
-0.446474
-0.292908
0.048204
0.359698
0.508772
0.003650
0.177769
0.308132
0.125440
-0.366752
0.269766
-0.094655
0.502405
-0.053867
-0.153332
0.339420
-0.446474
-0.292908
0.048204
0.359698
0.508772
0.003650
0.177769
0.308132
0.125440
-0.366752
0.269766
-0.094655
0.502405
-0.053867
-0.153332
0.339420
-0.446474
-0.292908
0.048204
0.359698
0.508772
0.003650
0.177769
0.308132
0.125440
-0.366752
0.269766
-0.094655
0.502405
-0.053867
-0.153332
0.339420
-0.446474
-0.292908
0.048204
0.359698
0.508772
0.003650
0.177769
0.308132
0.125440
-0.366752
0.269766
-0.094655
0.502405
-0.053867
-0.153332
0.339420
-0.446474
-0.292908
0.048204
0.359698
0.508772
0.003650
0.177769
0.308132
0.125440
-0.366752
0.269766
-0.094655
0.502405
-0.053867
-0.153332
0.339420
-0.446474
-0.292908
0.048204
0.359698
0.508772
0.003650
0.177769
0.308132
0.125440
-0.366752
0.269766
-0.094655
0.502405
-0.053867
-0.153332
0.339420
-0.446474
-0.292908
0.048204
0.359698
0.508772
0.003650
0.177769
0.308132
0.125440
-0.366752
0.269766
-0.094655
0.502405
-0.053867
-0.153332
0.339420
-0.446474
-0.292908
0.048204
0.359698
0.508772
0.003650
0.177769
0.308132
0.125440
-0.366752
0.269766
-0.094655
0.502405
-0.053867
-0.153332
0.339420
-0.446474
-0.292908
0.048204
0.359698
0.508772
0.003650
0.177769
0.308132
0.125440
-0.366752
0.269766
-0.094655
0.502405
-0.053867
