-13.232614
1.367017
3103.001953
-523.709229
-725.981628
1383.989136
2244.762939
199.317230
-884.434875
-1682.456787
499.579193
-431.239014
-303.917328
-132.738205
1209.774170
1282.208496
-0.146328
-0.233980
28.900848
12.427290
12.590752
6.180867
6.302179
6.203502
3.802315
-13.251767
7.698023
5.041459
-0.100130
-0.247235
10.386650
-4.030464
1.757105
0.040432
-1432.850464
186.829239
347.778259
-588.480652
-1045.141724
-131.951828
365.336578
799.850281
-194.506470
183.873993
229.311554
77.457153
-484.786591
-622.787659
5.133201
0.045825
-186.207687
75.369164
21.864992
-102.976189
-142.376709
25.299536
80.503731
88.876671
-27.293423
43.183628
12.430011
9.789284
-95.726311
-55.919003
4.589987
2.229378
-643.962524
80.402512
174.690628
-292.757324
-446.627594
-71.725609
167.285110
355.156342
-129.175735
78.460648
19.685938
14.483508
-262.340149
-278.768616
1.351294
-0.120015
-133.528564
52.918358
19.833715
-69.791039
-98.277046
12.944491
57.595390
64.035545
-21.964014
22.804583
6.729248
1.698284
-71.863190
-40.201359
-0.906293
-0.250806
-0.750723
-0.551249
0.125172
-0.334043
-1.081177
-0.637659
-0.070027
0.191665
0.042074
-0.279785
0.165554
0.624109
-0.039922
-0.659060
-0.906293
-0.250806
-0.750723
-0.551249
0.125172
-0.334043
-1.081177
-0.637659
-0.070027
0.191665
0.042074
-0.279785
0.165554
0.624109
-0.039922
-0.659060
-0.906293
-0.250806
-0.750723
-0.551249
0.125172
-0.334043
-1.081177
-0.637659
-0.070027
0.191665
0.042074
-0.279785
0.165554
0.624109
-0.039922
-0.659060
-0.906293
-0.250806
-0.750723
-0.551249
0.125172
-0.334043
-1.081177
-0.637659
-0.070027
0.191665
0.042074
-0.279785
0.165554
0.624109
-0.039922
-0.659060
-0.906293
-0.250806
-0.750723
-0.551249
0.125172
-0.334043
-1.081177
-0.637659
-0.070027
0.191665
0.042074
-0.279785
0.165554
0.624109
-0.039922
-0.659060
-0.906293
-0.250806
-0.750723
-0.551249
0.125172
-0.334043
-1.081177
-0.637659
-0.070027
0.191665
0.042074
-0.279785
0.165554
0.624109
-0.039922
-0.659060
-0.906293
-0.250806
-0.750723
-0.551249
0.125172
-0.334043
-1.081177
-0.637659
-0.070027
0.191665
0.042074
-0.279785
0.165554
0.624109
-0.039922
-0.659060
-0.906293
-0.250806
-0.750723
-0.551249
0.125172
-0.334043
-1.081177
-0.637659
-0.070027
0.191665
0.042074
-0.279785
0.165554
0.624109
-0.039922
-0.659060
-0.906293
-0.250806
-0.750723
-0.551249
0.125172
-0.334043
-1.081177
-0.637659
-0.070027
0.191665
0.042074
-0.279785
0.165554
0.624109
-0.039922
-0.659060
-0.906293
-0.250806
-0.750723
-0.551249
0.125172
-0.334043
-1.081177
-0.637659
-0.070027
0.191665
0.042074
-0.279785
0.165554
0.624109
-0.039922
-0.659060
-0.906293
-0.250806
-0.750723
-0.551249
0.125172
-0.334043
-1.081177
-0.637659
-0.070027
0.191665
0.042074
-0.279785
0.165554
0.624109
-0.039922
-0.659060
-0.906293
-0.250806
-0.750723
-0.551249
0.125172
-0.334043
-1.081177
-0.637659
-0.070027
0.191665
0.042074
-0.279785
0.165554
0.624109
-0.039922
-0.659060
-0.906293
-0.250806
-0.750723
-0.551249
0.125172
-0.334043
-1.081177
-0.637659
-0.070027
0.191665
0.042074
-0.279785
0.165554
0.624109
-0.039922
-0.659060
-0.906293
-0.250806
-0.750723
-0.551249
0.125172
-0.334043
-1.081177
-0.637659
-0.070027
0.191665
0.042074
-0.279785
0.165554
0.624109
-0.039922
-0.659060
