-1.378514
-8.578169
424.966034
1899.896362
-692.473633
218.432587
461.070618
1390.333740
1539.421753
-42.707264
1210.312012
287.044373
613.557617
-331.634186
-648.693848
210.952271
3.149839
1.251670
10.511918
-14.478004
8.314917
-3.501570
3.795862
-2.460653
-11.322727
1.855405
15.956105
-5.119122
-4.131217
3.137183
-2.912130
-5.845789
-0.980858
1.082373
-9.467914
12.395257
-5.131245
2.066181
-4.509216
1.773472
9.608377
-2.357883
-11.072550
5.735851
4.336707
-3.997071
4.859210
1.949286
-0.736308
6.744358
-240.588226
-1248.934814
450.913879
-132.680527
-269.338440
-915.691650
-1005.646423
-4.287364
-791.643921
-175.491272
-407.351318
202.460892
435.222900
-86.084541
2.538718
2.379219
35.462864
-209.042786
80.675842
6.046741
7.149677
-160.646820
-157.734299
-55.504925
-107.370735
-92.182159
-79.645645
13.275764
69.898048
-13.516579
3.088242
-1.095413
-78.845284
-84.680649
30.153011
-33.816017
-67.506470
-58.724449
-80.237099
50.821365
-67.116226
20.175865
-21.483217
36.153175
32.630962
-34.826778
-0.676520
0.194328
-0.125881
-0.925251
0.159412
0.480414
-0.205244
-0.336336
-0.555951
-0.405726
-0.039546
-0.232932
0.025032
-0.530587
-0.000377
0.030749
-0.676520
0.194328
-0.125881
-0.925251
0.159412
0.480414
-0.205244
-0.336336
-0.555951
-0.405726
-0.039546
-0.232932
0.025032
-0.530587
-0.000377
0.030749
-0.676520
0.194328
-0.125881
-0.925251
0.159412
0.480414
-0.205244
-0.336336
-0.555951
-0.405726
-0.039546
-0.232932
0.025032
-0.530587
-0.000377
0.030749
-0.676520
0.194328
-0.125881
-0.925251
0.159412
0.480414
-0.205244
-0.336336
-0.555951
-0.405726
-0.039546
-0.232932
0.025032
-0.530587
-0.000377
0.030749
-0.676520
0.194328
-0.125881
-0.925251
0.159412
0.480414
-0.205244
-0.336336
-0.555951
-0.405726
-0.039546
-0.232932
0.025032
-0.530587
-0.000377
0.030749
-0.676520
0.194328
-0.125881
-0.925251
0.159412
0.480414
-0.205244
-0.336336
-0.555951
-0.405726
-0.039546
-0.232932
0.025032
-0.530587
-0.000377
0.030749
-0.676520
0.194328
-0.125881
-0.925251
0.159412
0.480414
-0.205244
-0.336336
-0.555951
-0.405726
-0.039546
-0.232932
0.025032
-0.530587
-0.000377
0.030749
-0.676520
0.194328
-0.125881
-0.925251
0.159412
0.480414
-0.205244
-0.336336
-0.555951
-0.405726
-0.039546
-0.232932
0.025032
-0.530587
-0.000377
0.030749
-0.676520
0.194328
-0.125881
-0.925251
0.159412
0.480414
-0.205244
-0.336336
-0.555951
-0.405726
-0.039546
-0.232932
0.025032
-0.530587
-0.000377
0.030749
-0.676520
0.194328
-0.125881
-0.925251
0.159412
0.480414
-0.205244
-0.336336
-0.555951
-0.405726
-0.039546
-0.232932
0.025032
-0.530587
-0.000377
0.030749
-0.676520
0.194328
-0.125881
-0.925251
0.159412
0.480414
-0.205244
-0.336336
-0.555951
-0.405726
-0.039546
-0.232932
0.025032
-0.530587
-0.000377
0.030749
-0.676520
0.194328
-0.125881
-0.925251
0.159412
0.480414
-0.205244
-0.336336
-0.555951
-0.405726
-0.039546
-0.232932
0.025032
-0.530587
-0.000377
0.030749
-0.676520
0.194328
-0.125881
-0.925251
0.159412
0.480414
-0.205244
-0.336336
-0.555951
-0.405726
-0.039546
-0.232932
0.025032
-0.530587
-0.000377
0.030749
-0.676520
0.194328
-0.125881
-0.925251
0.159412
0.480414
-0.205244
-0.336336
-0.555951
-0.405726
-0.039546
-0.232932
0.025032
-0.530587
-0.000377
0.030749
