0.973657
1.674479
15.351579
8.194156
-17.383408
-15.815021
0.102929
-1.658342
-4.826138
2.512343
13.512898
0.395065
4.917455
-0.398525
2.758645
5.620234
-3.874849
-3.965879
2.663334
20.891668
2.663701
-21.981247
10.329478
-16.476950
-4.911150
6.456325
7.388223
20.278524
12.180397
3.100572
-7.061649
5.356363
-9.331595
0.985886
2379.319824
-545.395203
-140.904739
877.190918
1643.876587
-250.875397
-756.911987
-1436.016479
387.018036
-306.408722
-114.744591
21.743391
967.943787
989.386230
0.881693
2.045160
-19.740372
-15.546205
-5.143557
-4.634849
0.127773
-6.446237
-6.180434
13.845429
-4.886509
-4.447852
-1.776866
-0.868764
-10.867109
4.818196
-2.261819
2.486716
18.364483
10.831493
6.883812
6.123001
1.716640
6.229016
4.806126
-14.205071
3.737416
3.308344
3.049621
-2.009465
9.000180
-2.952458
8.184085
-0.950589
-2257.280762
523.328064
123.309883
-829.031982
-1556.353760
245.609055
721.094360
1365.233887
-361.039215
294.629120
114.456589
-22.401041
-915.620667
-935.917358
0.333026
0.240896
-0.215742
-0.096158
0.178127
-0.235732
0.006423
-0.148116
-0.140756
-0.014915
-0.185448
-0.027737
0.117491
0.001659
0.235817
-0.419136
0.333026
0.240896
-0.215742
-0.096158
0.178127
-0.235732
0.006423
-0.148116
-0.140756
-0.014915
-0.185448
-0.027737
0.117491
0.001659
0.235817
-0.419136
0.333026
0.240896
-0.215742
-0.096158
0.178127
-0.235732
0.006423
-0.148116
-0.140756
-0.014915
-0.185448
-0.027737
0.117491
0.001659
0.235817
-0.419136
0.333026
0.240896
-0.215742
-0.096158
0.178127
-0.235732
0.006423
-0.148116
-0.140756
-0.014915
-0.185448
-0.027737
0.117491
0.001659
0.235817
-0.419136
0.333026
0.240896
-0.215742
-0.096158
0.178127
-0.235732
0.006423
-0.148116
-0.140756
-0.014915
-0.185448
-0.027737
0.117491
0.001659
0.235817
-0.419136
0.333026
0.240896
-0.215742
-0.096158
0.178127
-0.235732
0.006423
-0.148116
-0.140756
-0.014915
-0.185448
-0.027737
0.117491
0.001659
0.235817
-0.419136
0.333026
0.240896
-0.215742
-0.096158
0.178127
-0.235732
0.006423
-0.148116
-0.140756
-0.014915
-0.185448
-0.027737
0.117491
0.001659
0.235817
-0.419136
0.333026
0.240896
-0.215742
-0.096158
0.178127
-0.235732
0.006423
-0.148116
-0.140756
-0.014915
-0.185448
-0.027737
0.117491
0.001659
0.235817
-0.419136
0.333026
0.240896
-0.215742
-0.096158
0.178127
-0.235732
0.006423
-0.148116
-0.140756
-0.014915
-0.185448
-0.027737
0.117491
0.001659
0.235817
-0.419136
0.333026
0.240896
-0.215742
-0.096158
0.178127
-0.235732
0.006423
-0.148116
-0.140756
-0.014915
-0.185448
-0.027737
0.117491
0.001659
0.235817
-0.419136
0.333026
0.240896
-0.215742
-0.096158
0.178127
-0.235732
0.006423
-0.148116
-0.140756
-0.014915
-0.185448
-0.027737
0.117491
0.001659
0.235817
-0.419136
0.333026
0.240896
-0.215742
-0.096158
0.178127
-0.235732
0.006423
-0.148116
-0.140756
-0.014915
-0.185448
-0.027737
0.117491
0.001659
0.235817
-0.419136
0.333026
0.240896
-0.215742
-0.096158
0.178127
-0.235732
0.006423
-0.148116
-0.140756
-0.014915
-0.185448
-0.027737
0.117491
0.001659
0.235817
-0.419136
0.333026
0.240896
-0.215742
-0.096158
0.178127
-0.235732
0.006423
-0.148116
-0.140756
-0.014915
-0.185448
-0.027737
0.117491
0.001659
0.235817
-0.419136
