-9.229894
1.754046
2393.979248
-540.723572
-438.292328
1474.703979
2286.978516
192.467194
-550.572266
-1596.777466
470.539276
-195.189621
-13.393042
-88.515091
858.033936
1248.798096
-0.368941
-1.577128
18.866938
15.207736
14.954735
5.726431
4.888088
5.860562
1.337848
-11.579285
8.010213
2.973418
-3.786994
-0.030130
9.087384
-1.177624
6.791421
-0.831634
-1368.932861
264.956360
276.694824
-829.220642
-1303.040649
-150.413757
291.155823
925.636292
-267.164612
95.324051
7.633679
57.703346
-474.299103
-731.898621
-0.861994
-1.885529
-155.919159
83.876213
1.922148
-113.015984
-160.991470
32.317890
67.577507
97.742683
-29.292994
23.621897
2.005214
2.946661
-83.616173
-67.713531
-0.756010
-1.784467
-375.077393
11.822543
106.674477
-208.485687
-332.399261
-95.421341
31.338102
250.325500
-78.982071
19.026138
-1.619570
9.557101
-87.810593
-207.212784
0.436588
0.246976
-0.372080
0.198202
-0.319692
0.147852
0.355411
0.000883
-0.089181
-0.117535
-0.196869
0.294071
0.616945
-0.206620
-0.126354
-0.184053
0.436588
0.246976
-0.372080
0.198202
-0.319692
0.147852
0.355411
0.000883
-0.089181
-0.117535
-0.196869
0.294071
0.616945
-0.206620
-0.126354
-0.184053
0.436588
0.246976
-0.372080
0.198202
-0.319692
0.147852
0.355411
0.000883
-0.089181
-0.117535
-0.196869
0.294071
0.616945
-0.206620
-0.126354
-0.184053
0.436588
0.246976
-0.372080
0.198202
-0.319692
0.147852
0.355411
0.000883
-0.089181
-0.117535
-0.196869
0.294071
0.616945
-0.206620
-0.126354
-0.184053
0.436588
0.246976
-0.372080
0.198202
-0.319692
0.147852
0.355411
0.000883
-0.089181
-0.117535
-0.196869
0.294071
0.616945
-0.206620
-0.126354
-0.184053
0.436588
0.246976
-0.372080
0.198202
-0.319692
0.147852
0.355411
0.000883
-0.089181
-0.117535
-0.196869
0.294071
0.616945
-0.206620
-0.126354
-0.184053
0.436588
0.246976
-0.372080
0.198202
-0.319692
0.147852
0.355411
0.000883
-0.089181
-0.117535
-0.196869
0.294071
0.616945
-0.206620
-0.126354
-0.184053
0.436588
0.246976
-0.372080
0.198202
-0.319692
0.147852
0.355411
0.000883
-0.089181
-0.117535
-0.196869
0.294071
0.616945
-0.206620
-0.126354
-0.184053
0.436588
0.246976
-0.372080
0.198202
-0.319692
0.147852
0.355411
0.000883
-0.089181
-0.117535
-0.196869
0.294071
0.616945
-0.206620
-0.126354
-0.184053
0.436588
0.246976
-0.372080
0.198202
-0.319692
0.147852
0.355411
0.000883
-0.089181
-0.117535
-0.196869
0.294071
0.616945
-0.206620
-0.126354
-0.184053
0.436588
0.246976
-0.372080
0.198202
-0.319692
0.147852
0.355411
0.000883
-0.089181
-0.117535
-0.196869
0.294071
0.616945
-0.206620
-0.126354
-0.184053
0.436588
0.246976
-0.372080
0.198202
-0.319692
0.147852
0.355411
0.000883
-0.089181
-0.117535
-0.196869
0.294071
0.616945
-0.206620
-0.126354
-0.184053
0.436588
0.246976
-0.372080
0.198202
-0.319692
0.147852
0.355411
0.000883
-0.089181
-0.117535
-0.196869
0.294071
0.616945
-0.206620
-0.126354
-0.184053
0.436588
0.246976
-0.372080
0.198202
-0.319692
0.147852
0.355411
0.000883
-0.089181
-0.117535
-0.196869
0.294071
0.616945
-0.206620
-0.126354
-0.184053
0.436588
0.246976
-0.372080
0.198202
-0.319692
0.147852
0.355411
0.000883
-0.089181
-0.117535
-0.196869
0.294071
0.616945
-0.206620
-0.126354
-0.184053
