-3.066738
-0.699655
-13.549472
-4.280366
16.064638
6.881153
-1.636378
-3.672188
2.148324
-6.616907
-8.888391
-5.404255
-2.237158
2.388285
-5.756912
-0.703338
-3.414250
1.145702
-13.553752
-27.251730
17.883595
-23.368387
4.075038
-3.073586
-3.126611
5.562679
-12.553414
-8.721249
5.586449
-11.927063
-3.823896
-1.022560
19.400225
-6.706783
-2178.269775
2329.889160
-2639.336426
-499.229645
284.202698
1752.616211
414.758087
672.379883
-948.820740
930.630371
-1501.403442
-55.247013
-561.923767
-217.311386
2.320062
2.102365
8.704164
15.131414
-9.741797
15.597827
-1.274230
3.553396
2.893353
-2.670850
7.935970
5.157784
0.084845
4.788272
1.759574
-1.034538
-9.473571
3.670963
1195.442871
-1282.308350
1446.975098
272.583252
-157.191940
-957.588379
-226.185654
-370.222473
519.084534
-514.111572
820.125488
26.704967
306.996429
116.737587
-0.428107
3.156106
68.902733
-61.738972
80.072594
21.059198
-3.508064
-52.963543
-10.575767
-21.777620
31.714338
-23.257793
42.556587
4.754933
16.891808
9.649751
-1.788044
2.374502
155.192108
-149.876297
180.258423
43.053047
-13.632281
-121.896812
-24.483841
-47.723503
69.008759
-60.651371
102.291069
6.628746
38.156120
17.610125
-1.887420
-2.626520
341.361542
-371.864990
419.047455
72.830528
-48.786373
-279.848785
-68.734512
-104.587929
148.127975
-148.264328
240.875610
10.291566
90.992279
33.922417
0.159573
-0.197534
0.928638
-0.090999
0.901515
0.706309
-0.438844
-1.229557
0.076837
-0.213523
0.327705
-0.005967
0.406833
-0.076573
-0.055747
0.422877
0.159573
-0.197534
0.928638
-0.090999
0.901515
0.706309
-0.438844
-1.229557
0.076837
-0.213523
0.327705
-0.005967
0.406833
-0.076573
-0.055747
0.422877
0.159573
-0.197534
0.928638
-0.090999
0.901515
0.706309
-0.438844
-1.229557
0.076837
-0.213523
0.327705
-0.005967
0.406833
-0.076573
-0.055747
0.422877
0.159573
-0.197534
0.928638
-0.090999
0.901515
0.706309
-0.438844
-1.229557
0.076837
-0.213523
0.327705
-0.005967
0.406833
-0.076573
-0.055747
0.422877
0.159573
-0.197534
0.928638
-0.090999
0.901515
0.706309
-0.438844
-1.229557
0.076837
-0.213523
0.327705
-0.005967
0.406833
-0.076573
-0.055747
0.422877
0.159573
-0.197534
0.928638
-0.090999
0.901515
0.706309
-0.438844
-1.229557
0.076837
-0.213523
0.327705
-0.005967
0.406833
-0.076573
-0.055747
0.422877
0.159573
-0.197534
0.928638
-0.090999
0.901515
0.706309
-0.438844
-1.229557
0.076837
-0.213523
0.327705
-0.005967
0.406833
-0.076573
-0.055747
0.422877
0.159573
-0.197534
0.928638
-0.090999
0.901515
0.706309
-0.438844
-1.229557
0.076837
-0.213523
0.327705
-0.005967
0.406833
-0.076573
-0.055747
0.422877
0.159573
-0.197534
0.928638
-0.090999
0.901515
0.706309
-0.438844
-1.229557
0.076837
-0.213523
0.327705
-0.005967
0.406833
-0.076573
-0.055747
0.422877
0.159573
-0.197534
0.928638
-0.090999
0.901515
0.706309
-0.438844
-1.229557
0.076837
-0.213523
0.327705
-0.005967
0.406833
-0.076573
-0.055747
0.422877
0.159573
-0.197534
0.928638
-0.090999
0.901515
0.706309
-0.438844
-1.229557
0.076837
-0.213523
0.327705
-0.005967
0.406833
-0.076573
-0.055747
0.422877
0.159573
-0.197534
0.928638
-0.090999
0.901515
0.706309
-0.438844
-1.229557
0.076837
-0.213523
0.327705
-0.005967
0.406833
-0.076573
-0.055747
0.422877
