-1.670037
0.972823
8.985991
-11.970718
-11.741869
12.980402
2.572620
-0.483529
5.849349
8.093929
6.510341
-3.808594
0.615631
-7.285151
2.801864
-2.265676
-17.424490
-9.143008
2878.904053
598.126770
808.214111
2435.965820
1322.184937
-1033.662476
486.518066
-647.480286
1200.369751
354.390228
740.361816
1381.734253
149.693069
585.294983
0.086281
2.423686
29.487110
3.946020
10.707581
24.708206
0.454946
6.969946
-6.752195
-5.739228
15.296904
-4.345706
8.217538
9.711591
1.324066
-4.362386
-0.335729
-1.318568
-26.530119
-6.292185
-6.673883
-17.070520
2.436150
-8.552591
5.658159
5.116308
-15.531368
1.950923
-7.043883
-12.103015
-4.677512
5.686514
14.116897
7.156565
-2432.580322
-506.896576
-683.913757
-2059.885254
-1120.019653
873.935120
-406.435730
542.965515
-1012.708618
-304.242188
-621.724609
-1167.598877
-124.166924
-496.297852
0.282954
-0.049572
-0.498858
-0.297100
0.163872
-0.863965
-0.004635
0.079963
-0.148815
-0.138406
-0.035708
-0.205946
-0.167843
-0.340604
0.246262
-0.072214
0.282954
-0.049572
-0.498858
-0.297100
0.163872
-0.863965
-0.004635
0.079963
-0.148815
-0.138406
-0.035708
-0.205946
-0.167843
-0.340604
0.246262
-0.072214
0.282954
-0.049572
-0.498858
-0.297100
0.163872
-0.863965
-0.004635
0.079963
-0.148815
-0.138406
-0.035708
-0.205946
-0.167843
-0.340604
0.246262
-0.072214
0.282954
-0.049572
-0.498858
-0.297100
0.163872
-0.863965
-0.004635
0.079963
-0.148815
-0.138406
-0.035708
-0.205946
-0.167843
-0.340604
0.246262
-0.072214
0.282954
-0.049572
-0.498858
-0.297100
0.163872
-0.863965
-0.004635
0.079963
-0.148815
-0.138406
-0.035708
-0.205946
-0.167843
-0.340604
0.246262
-0.072214
0.282954
-0.049572
-0.498858
-0.297100
0.163872
-0.863965
-0.004635
0.079963
-0.148815
-0.138406
-0.035708
-0.205946
-0.167843
-0.340604
0.246262
-0.072214
0.282954
-0.049572
-0.498858
-0.297100
0.163872
-0.863965
-0.004635
0.079963
-0.148815
-0.138406
-0.035708
-0.205946
-0.167843
-0.340604
0.246262
-0.072214
0.282954
-0.049572
-0.498858
-0.297100
0.163872
-0.863965
-0.004635
0.079963
-0.148815
-0.138406
-0.035708
-0.205946
-0.167843
-0.340604
0.246262
-0.072214
0.282954
-0.049572
-0.498858
-0.297100
0.163872
-0.863965
-0.004635
0.079963
-0.148815
-0.138406
-0.035708
-0.205946
-0.167843
-0.340604
0.246262
-0.072214
0.282954
-0.049572
-0.498858
-0.297100
0.163872
-0.863965
-0.004635
0.079963
-0.148815
-0.138406
-0.035708
-0.205946
-0.167843
-0.340604
0.246262
-0.072214
0.282954
-0.049572
-0.498858
-0.297100
0.163872
-0.863965
-0.004635
0.079963
-0.148815
-0.138406
-0.035708
-0.205946
-0.167843
-0.340604
0.246262
-0.072214
0.282954
-0.049572
-0.498858
-0.297100
0.163872
-0.863965
-0.004635
0.079963
-0.148815
-0.138406
-0.035708
-0.205946
-0.167843
-0.340604
0.246262
-0.072214
0.282954
-0.049572
-0.498858
-0.297100
0.163872
-0.863965
-0.004635
0.079963
-0.148815
-0.138406
-0.035708
-0.205946
-0.167843
-0.340604
0.246262
-0.072214
0.282954
-0.049572
-0.498858
-0.297100
0.163872
-0.863965
-0.004635
0.079963
-0.148815
-0.138406
-0.035708
-0.205946
-0.167843
-0.340604
0.246262
-0.072214
0.282954
-0.049572
-0.498858
-0.297100
0.163872
-0.863965
-0.004635
0.079963
-0.148815
-0.138406
-0.035708
-0.205946
-0.167843
-0.340604
0.246262
-0.072214
