-1.234474
-0.032785
-13.105437
20.769175
16.081930
-23.053209
11.028221
6.445710
-12.947964
-1.163200
-7.927158
15.662081
1.925943
10.197618
-10.594736
-0.619262
-0.650546
-2.420646
-24.821192
5.910997
-13.360241
-23.403030
-1.268373
-8.707818
5.958637
4.114099
-6.330554
6.500484
-8.823992
-3.765229
1.736711
2.144241
14.577010
11.160755
-2508.845947
-1084.545532
-317.881622
-2427.053467
-1522.760010
815.276489
-429.838715
601.539429
-741.815979
-476.566620
-394.144897
-1160.454712
132.148560
-526.978943
-1.562451
1.596481
23.636492
-2.413622
12.712208
19.555351
1.864543
9.083013
-4.484558
-4.761653
8.754048
-6.139976
6.854181
5.510451
0.205660
-2.917997
-12.145034
-11.789404
2309.123535
1011.113892
282.942780
2237.851807
1406.374512
-743.874878
395.461212
-548.473816
682.175415
446.387115
364.671143
1071.572266
-120.483269
486.335815
0.792808
0.516508
0.021222
-0.746710
0.409394
-0.296625
-0.667669
-0.138369
-0.268582
0.487362
-0.337219
-0.096169
0.092161
0.016995
0.020876
-0.329024
0.792808
0.516508
0.021222
-0.746710
0.409394
-0.296625
-0.667669
-0.138369
-0.268582
0.487362
-0.337219
-0.096169
0.092161
0.016995
0.020876
-0.329024
0.792808
0.516508
0.021222
-0.746710
0.409394
-0.296625
-0.667669
-0.138369
-0.268582
0.487362
-0.337219
-0.096169
0.092161
0.016995
0.020876
-0.329024
0.792808
0.516508
0.021222
-0.746710
0.409394
-0.296625
-0.667669
-0.138369
-0.268582
0.487362
-0.337219
-0.096169
0.092161
0.016995
0.020876
-0.329024
0.792808
0.516508
0.021222
-0.746710
0.409394
-0.296625
-0.667669
-0.138369
-0.268582
0.487362
-0.337219
-0.096169
0.092161
0.016995
0.020876
-0.329024
0.792808
0.516508
0.021222
-0.746710
0.409394
-0.296625
-0.667669
-0.138369
-0.268582
0.487362
-0.337219
-0.096169
0.092161
0.016995
0.020876
-0.329024
0.792808
0.516508
0.021222
-0.746710
0.409394
-0.296625
-0.667669
-0.138369
-0.268582
0.487362
-0.337219
-0.096169
0.092161
0.016995
0.020876
-0.329024
0.792808
0.516508
0.021222
-0.746710
0.409394
-0.296625
-0.667669
-0.138369
-0.268582
0.487362
-0.337219
-0.096169
0.092161
0.016995
0.020876
-0.329024
0.792808
0.516508
0.021222
-0.746710
0.409394
-0.296625
-0.667669
-0.138369
-0.268582
0.487362
-0.337219
-0.096169
0.092161
0.016995
0.020876
-0.329024
0.792808
0.516508
0.021222
-0.746710
0.409394
-0.296625
-0.667669
-0.138369
-0.268582
0.487362
-0.337219
-0.096169
0.092161
0.016995
0.020876
-0.329024
0.792808
0.516508
0.021222
-0.746710
0.409394
-0.296625
-0.667669
-0.138369
-0.268582
0.487362
-0.337219
-0.096169
0.092161
0.016995
0.020876
-0.329024
0.792808
0.516508
0.021222
-0.746710
0.409394
-0.296625
-0.667669
-0.138369
-0.268582
0.487362
-0.337219
-0.096169
0.092161
0.016995
0.020876
-0.329024
0.792808
0.516508
0.021222
-0.746710
0.409394
-0.296625
-0.667669
-0.138369
-0.268582
0.487362
-0.337219
-0.096169
0.092161
0.016995
0.020876
-0.329024
0.792808
0.516508
0.021222
-0.746710
0.409394
-0.296625
-0.667669
-0.138369
-0.268582
0.487362
-0.337219
-0.096169
0.092161
0.016995
0.020876
-0.329024
0.792808
0.516508
0.021222
-0.746710
0.409394
-0.296625
-0.667669
-0.138369
-0.268582
0.487362
-0.337219
-0.096169
0.092161
0.016995
0.020876
-0.329024
