-2.199586
-1.477182
12.239424
-24.044119
-18.084618
21.157833
-18.293091
-1.192150
9.863524
2.550434
6.897025
-17.403700
-8.038305
-10.947194
11.234515
1.343096
-9.273293
19.625219
435.137207
-3349.947510
2712.534912
-1377.402466
-1400.272339
-1445.783813
-913.815918
-406.480530
329.280457
-1272.532593
1630.237061
-960.535034
874.550964
-216.960510
0.523011
4.307528
-4.682463
29.935009
-31.135199
6.804383
-10.052526
-2.996642
7.467680
-4.955927
3.884187
13.433923
-12.101043
10.546168
5.848872
3.725958
3.192468
-4.251481
-175.273087
1065.431763
-877.879700
410.485748
430.401062
476.959686
287.631378
138.815521
-121.277115
402.306427
-535.208374
287.307465
-282.673401
59.683197
0.021369
-5.741897
-174.154144
1078.102173
-892.418274
416.213745
433.246399
484.482300
291.202637
141.854446
-116.903961
408.403503
-533.081970
292.152374
-285.367249
59.392696
1.642895
-2.496318
-0.377248
172.329834
-131.337891
88.140648
83.372017
64.674278
49.881359
17.176306
-6.814921
67.353249
-73.572800
63.527100
-43.334145
18.809437
1.441703
-0.518427
-5.023536
212.755875
-157.958298
103.349953
99.708214
77.875809
59.944599
19.783587
-9.970181
83.772430
-96.842964
71.341705
-51.473190
19.919706
0.997178
-0.554000
-0.510892
0.837676
-0.804775
-0.491843
0.242799
0.801697
0.443182
-0.187969
-0.193928
0.599968
-0.310967
0.273511
-0.314787
0.165940
0.997178
-0.554000
-0.510892
0.837676
-0.804775
-0.491843
0.242799
0.801697
0.443182
-0.187969
-0.193928
0.599968
-0.310967
0.273511
-0.314787
0.165940
0.997178
-0.554000
-0.510892
0.837676
-0.804775
-0.491843
0.242799
0.801697
0.443182
-0.187969
-0.193928
0.599968
-0.310967
0.273511
-0.314787
0.165940
0.997178
-0.554000
-0.510892
0.837676
-0.804775
-0.491843
0.242799
0.801697
0.443182
-0.187969
-0.193928
0.599968
-0.310967
0.273511
-0.314787
0.165940
0.997178
-0.554000
-0.510892
0.837676
-0.804775
-0.491843
0.242799
0.801697
0.443182
-0.187969
-0.193928
0.599968
-0.310967
0.273511
-0.314787
0.165940
0.997178
-0.554000
-0.510892
0.837676
-0.804775
-0.491843
0.242799
0.801697
0.443182
-0.187969
-0.193928
0.599968
-0.310967
0.273511
-0.314787
0.165940
0.997178
-0.554000
-0.510892
0.837676
-0.804775
-0.491843
0.242799
0.801697
0.443182
-0.187969
-0.193928
0.599968
-0.310967
0.273511
-0.314787
0.165940
0.997178
-0.554000
-0.510892
0.837676
-0.804775
-0.491843
0.242799
0.801697
0.443182
-0.187969
-0.193928
0.599968
-0.310967
0.273511
-0.314787
0.165940
0.997178
-0.554000
-0.510892
0.837676
-0.804775
-0.491843
0.242799
0.801697
0.443182
-0.187969
-0.193928
0.599968
-0.310967
0.273511
-0.314787
0.165940
0.997178
-0.554000
-0.510892
0.837676
-0.804775
-0.491843
0.242799
0.801697
0.443182
-0.187969
-0.193928
0.599968
-0.310967
0.273511
-0.314787
0.165940
0.997178
-0.554000
-0.510892
0.837676
-0.804775
-0.491843
0.242799
0.801697
0.443182
-0.187969
-0.193928
0.599968
-0.310967
0.273511
-0.314787
0.165940
0.997178
-0.554000
-0.510892
0.837676
-0.804775
-0.491843
0.242799
0.801697
0.443182
-0.187969
-0.193928
0.599968
-0.310967
0.273511
-0.314787
0.165940
0.997178
-0.554000
-0.510892
0.837676
-0.804775
-0.491843
0.242799
0.801697
0.443182
-0.187969
-0.193928
0.599968
-0.310967
0.273511
-0.314787
0.165940
