0.211345
-1.057606
-3.243514
28.629881
-31.428122
7.753671
-7.111365
-0.845361
1.106750
-4.038513
7.387921
18.758837
-9.730099
9.093646
5.087118
4.076662
-0.290749
1.166665
1.845960
-12.926151
19.523926
-5.992548
0.258437
0.303937
-0.997492
2.767817
-2.215252
-9.465811
3.504726
-0.753249
0.420038
-1.819139
-8.241175
17.152536
324.254761
-3212.574951
2739.939697
-1336.645386
-1283.648438
-1441.259644
-694.912170
-656.920654
225.877579
-1501.535278
1413.684448
-798.095276
756.627563
-191.886520
6.090700
-10.222128
-201.651398
1748.758179
-1502.065918
707.564209
687.131775
796.189392
375.351074
362.996674
-134.355362
815.793701
-777.410522
424.746796
-414.672058
100.183792
2.201928
-3.659523
16.244143
88.873878
-62.925304
55.258793
44.005581
27.508595
22.463923
13.489268
5.188543
42.649593
-32.548134
33.544804
-17.439247
11.499074
0.687470
1.016537
-93.345161
515.838928
-462.514191
182.230316
191.074554
251.011429
103.502419
117.393433
-55.408787
239.829865
-237.843811
107.942635
-126.917839
22.396357
-0.118713
-0.860519
16.873808
234.666306
-181.406708
132.850906
110.625465
89.651299
59.407074
39.586292
3.463111
111.979530
-92.776184
76.493141
-52.260822
21.579756
0.497635
0.418339
0.088522
0.709007
-1.370808
-0.588912
-0.625100
0.640948
-0.006371
0.658087
-0.195544
0.429723
-0.749898
0.655653
-0.181956
-0.541028
0.497635
0.418339
0.088522
0.709007
-1.370808
-0.588912
-0.625100
0.640948
-0.006371
0.658087
-0.195544
0.429723
-0.749898
0.655653
-0.181956
-0.541028
0.497635
0.418339
0.088522
0.709007
-1.370808
-0.588912
-0.625100
0.640948
-0.006371
0.658087
-0.195544
0.429723
-0.749898
0.655653
-0.181956
-0.541028
0.497635
0.418339
0.088522
0.709007
-1.370808
-0.588912
-0.625100
0.640948
-0.006371
0.658087
-0.195544
0.429723
-0.749898
0.655653
-0.181956
-0.541028
0.497635
0.418339
0.088522
0.709007
-1.370808
-0.588912
-0.625100
0.640948
-0.006371
0.658087
-0.195544
0.429723
-0.749898
0.655653
-0.181956
-0.541028
0.497635
0.418339
0.088522
0.709007
-1.370808
-0.588912
-0.625100
0.640948
-0.006371
0.658087
-0.195544
0.429723
-0.749898
0.655653
-0.181956
-0.541028
0.497635
0.418339
0.088522
0.709007
-1.370808
-0.588912
-0.625100
0.640948
-0.006371
0.658087
-0.195544
0.429723
-0.749898
0.655653
-0.181956
-0.541028
0.497635
0.418339
0.088522
0.709007
-1.370808
-0.588912
-0.625100
0.640948
-0.006371
0.658087
-0.195544
0.429723
-0.749898
0.655653
-0.181956
-0.541028
0.497635
0.418339
0.088522
0.709007
-1.370808
-0.588912
-0.625100
0.640948
-0.006371
0.658087
-0.195544
0.429723
-0.749898
0.655653
-0.181956
-0.541028
0.497635
0.418339
0.088522
0.709007
-1.370808
-0.588912
-0.625100
0.640948
-0.006371
0.658087
-0.195544
0.429723
-0.749898
0.655653
-0.181956
-0.541028
0.497635
0.418339
0.088522
0.709007
-1.370808
-0.588912
-0.625100
0.640948
-0.006371
0.658087
-0.195544
0.429723
-0.749898
0.655653
-0.181956
-0.541028
0.497635
0.418339
0.088522
0.709007
-1.370808
-0.588912
-0.625100
0.640948
-0.006371
0.658087
-0.195544
0.429723
-0.749898
0.655653
-0.181956
-0.541028
0.497635
0.418339
0.088522
0.709007
-1.370808
-0.588912
-0.625100
0.640948
-0.006371
0.658087
-0.195544
0.429723
-0.749898
0.655653
-0.181956
-0.541028
