4.563180
-0.331097
-1343.587891
-349.541046
1676.116943
36.225525
2235.094238
300.984222
2425.854004
-984.305054
-169.778580
-1107.455444
1425.086792
-1464.186768
431.870972
55.956280
2.196952
-3.574287
-12.182927
-3.483529
-13.739498
13.029676
7.886883
6.202956
-20.735086
-2.158295
-1.872572
10.995411
-16.266909
8.280033
3.028279
-0.026554
-0.796967
1.193822
10.653823
3.869358
10.706967
-11.808723
-7.883441
-3.602818
18.899387
0.183530
1.631206
-10.001234
13.335392
-4.471254
-1.410015
-1.164638
-6.261240
-0.309168
1044.241699
278.869995
-1307.041748
-32.643562
-1747.584717
-244.522552
-1901.010620
758.685913
126.986725
865.478394
-1116.889526
1141.065552
-336.052063
-48.091133
1.701862
0.272516
97.873131
38.422867
-125.019043
-18.721096
-163.452560
-43.047359
-190.601837
53.788414
1.501770
87.275337
-121.108849
94.634766
-31.714361
-7.010128
0.741413
-0.778949
90.213776
9.753243
-107.164619
12.005759
-141.411285
1.617111
-146.300446
83.961861
19.964287
68.300652
-77.304092
103.189369
-28.115089
0.855356
-0.240350
-0.744250
-0.100339
0.684290
-0.177868
-0.268191
0.158651
-0.251171
-0.770335
-0.315819
-0.236401
0.736808
-0.557616
0.347923
0.049036
0.066711
-0.240350
-0.744250
-0.100339
0.684290
-0.177868
-0.268191
0.158651
-0.251171
-0.770335
-0.315819
-0.236401
0.736808
-0.557616
0.347923
0.049036
0.066711
-0.240350
-0.744250
-0.100339
0.684290
-0.177868
-0.268191
0.158651
-0.251171
-0.770335
-0.315819
-0.236401
0.736808
-0.557616
0.347923
0.049036
0.066711
-0.240350
-0.744250
-0.100339
0.684290
-0.177868
-0.268191
0.158651
-0.251171
-0.770335
-0.315819
-0.236401
0.736808
-0.557616
0.347923
0.049036
0.066711
-0.240350
-0.744250
-0.100339
0.684290
-0.177868
-0.268191
0.158651
-0.251171
-0.770335
-0.315819
-0.236401
0.736808
-0.557616
0.347923
0.049036
0.066711
-0.240350
-0.744250
-0.100339
0.684290
-0.177868
-0.268191
0.158651
-0.251171
-0.770335
-0.315819
-0.236401
0.736808
-0.557616
0.347923
0.049036
0.066711
-0.240350
-0.744250
-0.100339
0.684290
-0.177868
-0.268191
0.158651
-0.251171
-0.770335
-0.315819
-0.236401
0.736808
-0.557616
0.347923
0.049036
0.066711
-0.240350
-0.744250
-0.100339
0.684290
-0.177868
-0.268191
0.158651
-0.251171
-0.770335
-0.315819
-0.236401
0.736808
-0.557616
0.347923
0.049036
0.066711
-0.240350
-0.744250
-0.100339
0.684290
-0.177868
-0.268191
0.158651
-0.251171
-0.770335
-0.315819
-0.236401
0.736808
-0.557616
0.347923
0.049036
0.066711
-0.240350
-0.744250
-0.100339
0.684290
-0.177868
-0.268191
0.158651
-0.251171
-0.770335
-0.315819
-0.236401
0.736808
-0.557616
0.347923
0.049036
0.066711
-0.240350
-0.744250
-0.100339
0.684290
-0.177868
-0.268191
0.158651
-0.251171
-0.770335
-0.315819
-0.236401
0.736808
-0.557616
0.347923
0.049036
0.066711
-0.240350
-0.744250
-0.100339
0.684290
-0.177868
-0.268191
0.158651
-0.251171
-0.770335
-0.315819
-0.236401
0.736808
-0.557616
0.347923
0.049036
0.066711
-0.240350
-0.744250
-0.100339
0.684290
-0.177868
-0.268191
0.158651
-0.251171
-0.770335
-0.315819
-0.236401
0.736808
-0.557616
0.347923
0.049036
0.066711
-0.240350
-0.744250
-0.100339
0.684290
-0.177868
-0.268191
0.158651
-0.251171
-0.770335
-0.315819
-0.236401
0.736808
-0.557616
0.347923
0.049036
0.066711
