1.973321
0.457049
-2.491168
-10.916847
1.774585
15.983581
0.382061
-2.846217
8.674330
-1.265129
0.291227
-8.802197
-3.827050
0.106042
-0.061289
-6.715743
-0.242526
-1.506012
6.928600
-10.527397
-7.280791
-13.226040
-8.779644
5.097521
9.693391
-16.167152
-7.427951
-5.103891
-6.830117
-21.111235
-1.170138
5.462457
-3.719511
-2.219125
370.975128
1255.772583
-204.889450
-1644.273804
-544.570068
-2356.107422
-1504.702515
-2112.766846
-678.425598
434.320282
-1935.420288
-1436.401245
250.796036
-639.723145
3.002501
0.733207
-3.503407
7.376868
4.997792
12.363421
8.231979
-2.811262
-7.226522
11.619920
6.896924
2.486174
5.769364
14.629025
0.245008
-5.322905
2.989014
2.324847
-287.230103
-987.009644
159.788498
1282.326660
435.043701
1829.684326
1161.538452
1618.616211
523.270020
-342.281769
1490.702271
1096.856201
-196.910416
493.877686
2.966751
1.512843
-12.690260
-60.731754
2.312198
82.421577
14.961543
120.097435
65.941902
115.312775
36.965370
-17.473709
92.687057
84.725403
-11.004350
32.343044
1.750417
-6.330721
-32.650661
-74.995979
26.079111
106.814674
50.288845
149.406326
113.090721
134.306915
42.291523
-31.457949
139.921356
84.456123
-12.204219
43.423698
0.039883
-1.055911
0.095763
-0.484815
-0.581783
0.147351
-0.864853
0.269316
-0.505236
0.841605
0.012295
0.323716
-0.078003
1.117300
-0.278530
0.257260
0.039883
-1.055911
0.095763
-0.484815
-0.581783
0.147351
-0.864853
0.269316
-0.505236
0.841605
0.012295
0.323716
-0.078003
1.117300
-0.278530
0.257260
0.039883
-1.055911
0.095763
-0.484815
-0.581783
0.147351
-0.864853
0.269316
-0.505236
0.841605
0.012295
0.323716
-0.078003
1.117300
-0.278530
0.257260
0.039883
-1.055911
0.095763
-0.484815
-0.581783
0.147351
-0.864853
0.269316
-0.505236
0.841605
0.012295
0.323716
-0.078003
1.117300
-0.278530
0.257260
0.039883
-1.055911
0.095763
-0.484815
-0.581783
0.147351
-0.864853
0.269316
-0.505236
0.841605
0.012295
0.323716
-0.078003
1.117300
-0.278530
0.257260
0.039883
-1.055911
0.095763
-0.484815
-0.581783
0.147351
-0.864853
0.269316
-0.505236
0.841605
0.012295
0.323716
-0.078003
1.117300
-0.278530
0.257260
0.039883
-1.055911
0.095763
-0.484815
-0.581783
0.147351
-0.864853
0.269316
-0.505236
0.841605
0.012295
0.323716
-0.078003
1.117300
-0.278530
0.257260
0.039883
-1.055911
0.095763
-0.484815
-0.581783
0.147351
-0.864853
0.269316
-0.505236
0.841605
0.012295
0.323716
-0.078003
1.117300
-0.278530
0.257260
0.039883
-1.055911
0.095763
-0.484815
-0.581783
0.147351
-0.864853
0.269316
-0.505236
0.841605
0.012295
0.323716
-0.078003
1.117300
-0.278530
0.257260
0.039883
-1.055911
0.095763
-0.484815
-0.581783
0.147351
-0.864853
0.269316
-0.505236
0.841605
0.012295
0.323716
-0.078003
1.117300
-0.278530
0.257260
0.039883
-1.055911
0.095763
-0.484815
-0.581783
0.147351
-0.864853
0.269316
-0.505236
0.841605
0.012295
0.323716
-0.078003
1.117300
-0.278530
0.257260
0.039883
-1.055911
0.095763
-0.484815
-0.581783
0.147351
-0.864853
0.269316
-0.505236
0.841605
0.012295
0.323716
-0.078003
1.117300
-0.278530
0.257260
0.039883
-1.055911
0.095763
-0.484815
-0.581783
0.147351
-0.864853
0.269316
-0.505236
0.841605
0.012295
0.323716
-0.078003
1.117300
-0.278530
0.257260
