-3.337355
-11.361359
-30.803265
5.584357
22.812151
-2.947026
4.870793
-16.668068
4.885746
8.898321
-17.000750
6.913054
-22.771889
-17.547268
4.106475
14.393240
-0.050837
2.713621
3.466634
15.314515
1.227963
-20.161507
-3.686319
2.440476
-11.704220
0.249935
0.723590
11.899598
1.384430
3.684891
0.126819
7.191021
-3.149669
4.905364
763.820496
-577.441040
-1386.228638
1004.934082
-2019.667603
1949.899902
-1512.956299
2698.882324
204.481689
1233.125122
-21.327368
3012.255859
-818.625366
605.460449
-2.555405
2.197621
6.766419
10.421196
17.898273
-3.382689
-0.823556
-12.699586
14.089468
20.784946
2.861143
-15.037793
21.405159
10.075048
-0.255582
-4.388528
2.906132
1.125699
-6.756246
-4.589064
-12.835263
0.529909
-2.287903
10.027677
-12.479368
-16.609335
-3.149812
11.263826
-21.704475
-8.956054
0.063249
4.734310
2.177560
-5.712927
-619.848999
457.612061
1094.790283
-782.440491
1614.534424
-1536.584229
1211.701172
-2128.119385
-162.036621
-981.951294
36.128464
-2376.855957
652.397583
-468.231110
0.503670
2.136894
-14.403853
36.186718
31.976770
-69.647133
33.293690
-109.582512
2.777668
-133.911758
-29.902594
-42.300663
-61.151630
-115.773956
16.716190
-40.849876
-2.323353
2.192048
-47.349510
16.478287
94.989494
-21.995295
145.142838
-56.438461
136.464432
-105.599213
13.811313
-65.181160
66.212753
-156.936050
55.574780
-14.852200
0.840206
-0.092963
0.156038
0.140580
-0.521565
0.143549
-0.398650
-0.089542
-0.186461
-0.237595
-0.090138
0.531521
-0.133596
0.965724
-0.131120
0.085886
0.840206
-0.092963
0.156038
0.140580
-0.521565
0.143549
-0.398650
-0.089542
-0.186461
-0.237595
-0.090138
0.531521
-0.133596
0.965724
-0.131120
0.085886
0.840206
-0.092963
0.156038
0.140580
-0.521565
0.143549
-0.398650
-0.089542
-0.186461
-0.237595
-0.090138
0.531521
-0.133596
0.965724
-0.131120
0.085886
0.840206
-0.092963
0.156038
0.140580
-0.521565
0.143549
-0.398650
-0.089542
-0.186461
-0.237595
-0.090138
0.531521
-0.133596
0.965724
-0.131120
0.085886
0.840206
-0.092963
0.156038
0.140580
-0.521565
0.143549
-0.398650
-0.089542
-0.186461
-0.237595
-0.090138
0.531521
-0.133596
0.965724
-0.131120
0.085886
0.840206
-0.092963
0.156038
0.140580
-0.521565
0.143549
-0.398650
-0.089542
-0.186461
-0.237595
-0.090138
0.531521
-0.133596
0.965724
-0.131120
0.085886
0.840206
-0.092963
0.156038
0.140580
-0.521565
0.143549
-0.398650
-0.089542
-0.186461
-0.237595
-0.090138
0.531521
-0.133596
0.965724
-0.131120
0.085886
0.840206
-0.092963
0.156038
0.140580
-0.521565
0.143549
-0.398650
-0.089542
-0.186461
-0.237595
-0.090138
0.531521
-0.133596
0.965724
-0.131120
0.085886
0.840206
-0.092963
0.156038
0.140580
-0.521565
0.143549
-0.398650
-0.089542
-0.186461
-0.237595
-0.090138
0.531521
-0.133596
0.965724
-0.131120
0.085886
0.840206
-0.092963
0.156038
0.140580
-0.521565
0.143549
-0.398650
-0.089542
-0.186461
-0.237595
-0.090138
0.531521
-0.133596
0.965724
-0.131120
0.085886
0.840206
-0.092963
0.156038
0.140580
-0.521565
0.143549
-0.398650
-0.089542
-0.186461
-0.237595
-0.090138
0.531521
-0.133596
0.965724
-0.131120
0.085886
0.840206
-0.092963
0.156038
0.140580
-0.521565
0.143549
-0.398650
-0.089542
-0.186461
-0.237595
-0.090138
0.531521
-0.133596
0.965724
-0.131120
0.085886
