0.189920
-0.118935
-10.549187
7.246456
15.649016
-8.833437
-2.437494
-1.286979
-3.166022
-11.011866
-10.920662
5.586524
1.565251
1.834731
-3.796692
1.838501
1.431708
2.826634
-282.912354
-951.101196
542.737488
1488.707520
1051.725342
2293.050537
1947.152954
2006.340088
1149.146851
8.181257
2493.496338
803.894409
305.347839
800.145874
1.992092
-1.646907
-8.126183
5.538029
6.634902
16.118258
11.845658
-4.473010
-10.864870
17.584122
14.056973
-3.332712
-0.221020
21.405842
3.274225
-2.379493
0.813152
1.008906
5.571970
-7.839980
-3.850458
-12.132229
-10.388753
3.772799
9.303539
-16.346024
-13.784563
1.681270
3.086349
-22.524672
-5.600618
3.118678
0.722300
-4.347089
267.128571
925.280090
-526.852478
-1438.971924
-1013.648499
-2226.952393
-1884.547607
-1946.402710
-1111.099731
-15.793909
-2414.961426
-786.580261
-289.195129
-771.254089
0.084764
-1.233555
-0.217964
-0.733451
0.004412
0.766772
-0.293626
0.616951
0.018967
0.956306
-0.525339
-0.105988
0.563217
0.297588
-0.493415
0.181290
0.084764
-1.233555
-0.217964
-0.733451
0.004412
0.766772
-0.293626
0.616951
0.018967
0.956306
-0.525339
-0.105988
0.563217
0.297588
-0.493415
0.181290
0.084764
-1.233555
-0.217964
-0.733451
0.004412
0.766772
-0.293626
0.616951
0.018967
0.956306
-0.525339
-0.105988
0.563217
0.297588
-0.493415
0.181290
0.084764
-1.233555
-0.217964
-0.733451
0.004412
0.766772
-0.293626
0.616951
0.018967
0.956306
-0.525339
-0.105988
0.563217
0.297588
-0.493415
0.181290
0.084764
-1.233555
-0.217964
-0.733451
0.004412
0.766772
-0.293626
0.616951
0.018967
0.956306
-0.525339
-0.105988
0.563217
0.297588
-0.493415
0.181290
0.084764
-1.233555
-0.217964
-0.733451
0.004412
0.766772
-0.293626
0.616951
0.018967
0.956306
-0.525339
-0.105988
0.563217
0.297588
-0.493415
0.181290
0.084764
-1.233555
-0.217964
-0.733451
0.004412
0.766772
-0.293626
0.616951
0.018967
0.956306
-0.525339
-0.105988
0.563217
0.297588
-0.493415
0.181290
0.084764
-1.233555
-0.217964
-0.733451
0.004412
0.766772
-0.293626
0.616951
0.018967
0.956306
-0.525339
-0.105988
0.563217
0.297588
-0.493415
0.181290
0.084764
-1.233555
-0.217964
-0.733451
0.004412
0.766772
-0.293626
0.616951
0.018967
0.956306
-0.525339
-0.105988
0.563217
0.297588
-0.493415
0.181290
0.084764
-1.233555
-0.217964
-0.733451
0.004412
0.766772
-0.293626
0.616951
0.018967
0.956306
-0.525339
-0.105988
0.563217
0.297588
-0.493415
0.181290
0.084764
-1.233555
-0.217964
-0.733451
0.004412
0.766772
-0.293626
0.616951
0.018967
0.956306
-0.525339
-0.105988
0.563217
0.297588
-0.493415
0.181290
0.084764
-1.233555
-0.217964
-0.733451
0.004412
0.766772
-0.293626
0.616951
0.018967
0.956306
-0.525339
-0.105988
0.563217
0.297588
-0.493415
0.181290
0.084764
-1.233555
-0.217964
-0.733451
0.004412
0.766772
-0.293626
0.616951
0.018967
0.956306
-0.525339
-0.105988
0.563217
0.297588
-0.493415
0.181290
0.084764
-1.233555
-0.217964
-0.733451
0.004412
0.766772
-0.293626
0.616951
0.018967
0.956306
-0.525339
-0.105988
0.563217
0.297588
-0.493415
0.181290
0.084764
-1.233555
-0.217964
-0.733451
0.004412
0.766772
-0.293626
0.616951
0.018967
0.956306
-0.525339
-0.105988
0.563217
0.297588
-0.493415
0.181290
