4.568061
0.319497
6.385543
9.417791
-5.160638
10.179564
-0.297239
10.370692
-3.447918
-6.418792
14.485610
4.150962
-5.414075
13.179314
-0.570267
5.725057
-9.462239
7.180120
908.691467
-1026.097168
800.251709
658.888733
1704.099854
-1321.325806
-41.542828
-1099.129761
1185.632690
-512.873779
1537.745850
-391.286713
684.024231
-1002.611694
7.680376
-5.505078
-556.223267
653.213013
-510.600189
-402.404327
-1047.289795
847.477905
38.951889
689.937378
-735.305420
336.000946
-959.889893
266.055267
-418.936401
635.188782
-0.168211
0.826535
-69.165009
37.203270
-29.577080
-50.650173
-118.781494
36.215153
-20.077875
59.605820
-73.589180
6.286988
-89.714203
-10.487216
-55.367863
41.789417
1.130160
-3.725345
-77.533615
135.612717
-105.628967
-52.625870
-161.074585
189.133621
32.246723
119.733368
-122.205742
83.359123
-163.670166
78.190742
-51.648430
129.097916
-0.564463
0.023625
-0.060197
-0.501213
0.437373
0.147781
0.024437
-0.337218
-0.146114
-0.306362
-0.089993
-0.249555
-0.442462
-0.078062
-0.460076
0.396077
-0.564463
0.023625
-0.060197
-0.501213
0.437373
0.147781
0.024437
-0.337218
-0.146114
-0.306362
-0.089993
-0.249555
-0.442462
-0.078062
-0.460076
0.396077
-0.564463
0.023625
-0.060197
-0.501213
0.437373
0.147781
0.024437
-0.337218
-0.146114
-0.306362
-0.089993
-0.249555
-0.442462
-0.078062
-0.460076
0.396077
-0.564463
0.023625
-0.060197
-0.501213
0.437373
0.147781
0.024437
-0.337218
-0.146114
-0.306362
-0.089993
-0.249555
-0.442462
-0.078062
-0.460076
0.396077
-0.564463
0.023625
-0.060197
-0.501213
0.437373
0.147781
0.024437
-0.337218
-0.146114
-0.306362
-0.089993
-0.249555
-0.442462
-0.078062
-0.460076
0.396077
-0.564463
0.023625
-0.060197
-0.501213
0.437373
0.147781
0.024437
-0.337218
-0.146114
-0.306362
-0.089993
-0.249555
-0.442462
-0.078062
-0.460076
0.396077
-0.564463
0.023625
-0.060197
-0.501213
0.437373
0.147781
0.024437
-0.337218
-0.146114
-0.306362
-0.089993
-0.249555
-0.442462
-0.078062
-0.460076
0.396077
-0.564463
0.023625
-0.060197
-0.501213
0.437373
0.147781
0.024437
-0.337218
-0.146114
-0.306362
-0.089993
-0.249555
-0.442462
-0.078062
-0.460076
0.396077
-0.564463
0.023625
-0.060197
-0.501213
0.437373
0.147781
0.024437
-0.337218
-0.146114
-0.306362
-0.089993
-0.249555
-0.442462
-0.078062
-0.460076
0.396077
-0.564463
0.023625
-0.060197
-0.501213
0.437373
0.147781
0.024437
-0.337218
-0.146114
-0.306362
-0.089993
-0.249555
-0.442462
-0.078062
-0.460076
0.396077
-0.564463
0.023625
-0.060197
-0.501213
0.437373
0.147781
0.024437
-0.337218
-0.146114
-0.306362
-0.089993
-0.249555
-0.442462
-0.078062
-0.460076
0.396077
-0.564463
0.023625
-0.060197
-0.501213
0.437373
0.147781
0.024437
-0.337218
-0.146114
-0.306362
-0.089993
-0.249555
-0.442462
-0.078062
-0.460076
0.396077
-0.564463
0.023625
-0.060197
-0.501213
0.437373
0.147781
0.024437
-0.337218
-0.146114
-0.306362
-0.089993
-0.249555
-0.442462
-0.078062
-0.460076
0.396077
-0.564463
0.023625
-0.060197
-0.501213
0.437373
0.147781
0.024437
-0.337218
-0.146114
-0.306362
-0.089993
-0.249555
-0.442462
-0.078062
-0.460076
0.396077
-0.564463
0.023625
-0.060197
-0.501213
0.437373
0.147781
0.024437
-0.337218
-0.146114
-0.306362
-0.089993
-0.249555
-0.442462
-0.078062
-0.460076
0.396077
