-0.702199
-0.506910
-20.501060
3.531523
9.710444
-1.480265
-3.254212
8.076018
-5.223875
11.888079
-10.122749
9.228073
-9.629649
12.936738
9.493979
8.141233
2.061092
-6.467935
-1414.385742
-714.181335
-381.362762
158.271591
735.370667
-419.658997
1637.725464
2073.102783
-1113.219727
-538.760315
2501.595459
-737.860901
881.782410
-353.931213
-0.509012
1.339861
-37.199924
-4.009710
-25.808502
18.002651
18.661112
10.288077
-7.269118
-14.398561
-3.732386
28.770105
-3.933411
22.428991
12.265702
-8.463016
0.367050
4.619149
892.194885
453.161652
245.545319
-96.042664
-454.909698
278.456940
-1041.711426
-1312.431152
702.025635
329.521912
-1577.419922
481.844818
-556.691528
222.435638
-0.457206
1.999421
77.276207
44.628510
23.319487
-8.923115
-46.910748
19.142857
-84.724739
-119.061348
61.433949
33.053696
-141.827957
33.345558
-51.510864
19.693933
-0.227835
3.651217
169.311523
68.104698
39.605316
-24.557108
-82.087776
50.026997
-200.879745
-220.705627
128.121460
57.204567
-277.610565
99.351776
-94.772774
49.874527
0.594598
0.204834
0.770781
-0.086709
0.146384
-0.470990
-0.017052
-0.443934
0.394376
-0.050974
-0.682731
0.236222
-0.672152
-0.524442
0.977601
-0.337258
0.594598
0.204834
0.770781
-0.086709
0.146384
-0.470990
-0.017052
-0.443934
0.394376
-0.050974
-0.682731
0.236222
-0.672152
-0.524442
0.977601
-0.337258
0.594598
0.204834
0.770781
-0.086709
0.146384
-0.470990
-0.017052
-0.443934
0.394376
-0.050974
-0.682731
0.236222
-0.672152
-0.524442
0.977601
-0.337258
0.594598
0.204834
0.770781
-0.086709
0.146384
-0.470990
-0.017052
-0.443934
0.394376
-0.050974
-0.682731
0.236222
-0.672152
-0.524442
0.977601
-0.337258
0.594598
0.204834
0.770781
-0.086709
0.146384
-0.470990
-0.017052
-0.443934
0.394376
-0.050974
-0.682731
0.236222
-0.672152
-0.524442
0.977601
-0.337258
0.594598
0.204834
0.770781
-0.086709
0.146384
-0.470990
-0.017052
-0.443934
0.394376
-0.050974
-0.682731
0.236222
-0.672152
-0.524442
0.977601
-0.337258
0.594598
0.204834
0.770781
-0.086709
0.146384
-0.470990
-0.017052
-0.443934
0.394376
-0.050974
-0.682731
0.236222
-0.672152
-0.524442
0.977601
-0.337258
0.594598
0.204834
0.770781
-0.086709
0.146384
-0.470990
-0.017052
-0.443934
0.394376
-0.050974
-0.682731
0.236222
-0.672152
-0.524442
0.977601
-0.337258
0.594598
0.204834
0.770781
-0.086709
0.146384
-0.470990
-0.017052
-0.443934
0.394376
-0.050974
-0.682731
0.236222
-0.672152
-0.524442
0.977601
-0.337258
0.594598
0.204834
0.770781
-0.086709
0.146384
-0.470990
-0.017052
-0.443934
0.394376
-0.050974
-0.682731
0.236222
-0.672152
-0.524442
0.977601
-0.337258
0.594598
0.204834
0.770781
-0.086709
0.146384
-0.470990
-0.017052
-0.443934
0.394376
-0.050974
-0.682731
0.236222
-0.672152
-0.524442
0.977601
-0.337258
0.594598
0.204834
0.770781
-0.086709
0.146384
-0.470990
-0.017052
-0.443934
0.394376
-0.050974
-0.682731
0.236222
-0.672152
-0.524442
0.977601
-0.337258
0.594598
0.204834
0.770781
-0.086709
0.146384
-0.470990
-0.017052
-0.443934
0.394376
-0.050974
-0.682731
0.236222
-0.672152
-0.524442
0.977601
-0.337258
0.594598
0.204834
0.770781
-0.086709
0.146384
-0.470990
-0.017052
-0.443934
0.394376
-0.050974
-0.682731
0.236222
-0.672152
-0.524442
0.977601
-0.337258
