3.061718
5.367672
-411.656403
1726.322998
-1355.340332
408.887207
-264.994934
627.356323
-685.841553
2736.027588
-3258.572021
1777.306396
-2252.555664
-1935.644165
-3610.281494
-1454.605225
1.507915
0.590762
-3.637536
13.342034
9.697365
-13.748138
-3.412117
2.119102
-12.643265
-6.672329
-6.839137
9.039303
-0.081717
3.093497
-7.372297
3.309111
-1.278059
0.876518
-4.870866
-18.393009
21.226219
-4.858645
-0.543644
-4.914948
8.930799
19.333822
-44.084431
-18.106550
-12.123601
-26.250118
-26.050072
1.576040
-1.959259
-0.847187
-1.429160
12.074079
-11.460004
4.632557
-0.307687
3.896971
-2.828441
-11.700912
31.347591
13.209015
6.770426
14.849507
19.198898
0.340529
-2.302205
-3.882914
271.631256
-1270.910889
980.055969
-292.541840
197.203842
-463.433167
504.459930
-1990.704712
2362.808105
-1263.727051
1612.755249
1432.251343
2599.314697
1085.267700
-0.077749
-0.618629
74.439293
-123.304550
113.614479
-12.071827
30.419472
-37.662197
98.764832
-198.893082
287.024963
-95.878204
152.062622
181.000931
264.597107
162.086975
-1.708874
-1.813355
1.966608
-91.238091
66.894608
-36.517483
2.857730
-38.325008
1.554535
-148.769028
150.017670
-129.587540
142.928574
72.497147
208.161011
32.360786
-0.225079
-0.284140
-0.164573
0.181191
-0.413798
-0.462349
-0.386015
0.087837
-0.656469
0.259971
-0.439969
0.052279
-0.075365
-0.925731
-0.909232
-0.578220
-0.225079
-0.284140
-0.164573
0.181191
-0.413798
-0.462349
-0.386015
0.087837
-0.656469
0.259971
-0.439969
0.052279
-0.075365
-0.925731
-0.909232
-0.578220
-0.225079
-0.284140
-0.164573
0.181191
-0.413798
-0.462349
-0.386015
0.087837
-0.656469
0.259971
-0.439969
0.052279
-0.075365
-0.925731
-0.909232
-0.578220
-0.225079
-0.284140
-0.164573
0.181191
-0.413798
-0.462349
-0.386015
0.087837
-0.656469
0.259971
-0.439969
0.052279
-0.075365
-0.925731
-0.909232
-0.578220
-0.225079
-0.284140
-0.164573
0.181191
-0.413798
-0.462349
-0.386015
0.087837
-0.656469
0.259971
-0.439969
0.052279
-0.075365
-0.925731
-0.909232
-0.578220
-0.225079
-0.284140
-0.164573
0.181191
-0.413798
-0.462349
-0.386015
0.087837
-0.656469
0.259971
-0.439969
0.052279
-0.075365
-0.925731
-0.909232
-0.578220
-0.225079
-0.284140
-0.164573
0.181191
-0.413798
-0.462349
-0.386015
0.087837
-0.656469
0.259971
-0.439969
0.052279
-0.075365
-0.925731
-0.909232
-0.578220
-0.225079
-0.284140
-0.164573
0.181191
-0.413798
-0.462349
-0.386015
0.087837
-0.656469
0.259971
-0.439969
0.052279
-0.075365
-0.925731
-0.909232
-0.578220
-0.225079
-0.284140
-0.164573
0.181191
-0.413798
-0.462349
-0.386015
0.087837
-0.656469
0.259971
-0.439969
0.052279
-0.075365
-0.925731
-0.909232
-0.578220
-0.225079
-0.284140
-0.164573
0.181191
-0.413798
-0.462349
-0.386015
0.087837
-0.656469
0.259971
-0.439969
0.052279
-0.075365
-0.925731
-0.909232
-0.578220
-0.225079
-0.284140
-0.164573
0.181191
-0.413798
-0.462349
-0.386015
0.087837
-0.656469
0.259971
-0.439969
0.052279
-0.075365
-0.925731
-0.909232
-0.578220
-0.225079
-0.284140
-0.164573
0.181191
-0.413798
-0.462349
-0.386015
0.087837
-0.656469
0.259971
-0.439969
0.052279
-0.075365
-0.925731
-0.909232
-0.578220
-0.225079
-0.284140
-0.164573
0.181191
-0.413798
-0.462349
-0.386015
0.087837
-0.656469
0.259971
-0.439969
0.052279
-0.075365
-0.925731
-0.909232
-0.578220
