4.222351
0.689698
-2.182231
-15.385423
0.866083
17.447031
1.960263
5.151580
10.534152
-0.387317
0.781071
-11.316813
-4.935459
-3.555608
0.128024
-7.985093
-2.228321
1.543669
-1224.387695
-932.093994
926.895874
-1280.403809
-866.058105
-878.315125
-1595.435303
-2670.217285
2182.210938
-2809.193848
2905.130615
874.306946
4401.437500
-391.358917
2.449290
2.456390
-14.309508
9.686829
-17.461775
-10.087536
-4.855256
-0.800589
7.357736
-25.690233
29.695084
38.434643
-2.551514
27.123417
30.039932
13.659425
-1.279655
-3.487887
6.974594
-4.743050
11.388631
3.486104
1.671944
1.559529
-4.342137
18.338282
-22.602787
-23.432983
0.652841
-19.532253
-18.663450
-9.957689
1.566379
-1.532232
830.339478
634.380371
-642.201477
864.659973
587.722412
600.881470
1074.978638
1830.198730
-1499.953613
1901.292114
-1971.067261
-613.014648
-3003.540039
246.196548
3.285098
-0.709682
84.361893
44.876167
-45.079998
87.329842
58.843212
45.467216
119.694977
141.448288
-102.707382
191.003983
-181.651794
-19.436081
-261.258179
66.709137
0.028865
0.410842
105.106255
108.394981
-102.062828
114.608269
72.628288
98.995239
124.585556
278.704742
-248.327438
252.103775
-276.467072
-120.334259
-432.853058
-11.204830
1.094381
0.057403
0.143298
-0.193644
0.074400
-0.291969
0.005277
-0.651281
0.070198
-0.835603
1.027441
-0.100231
0.621227
0.397737
0.587318
0.169362
1.094381
0.057403
0.143298
-0.193644
0.074400
-0.291969
0.005277
-0.651281
0.070198
-0.835603
1.027441
-0.100231
0.621227
0.397737
0.587318
0.169362
1.094381
0.057403
0.143298
-0.193644
0.074400
-0.291969
0.005277
-0.651281
0.070198
-0.835603
1.027441
-0.100231
0.621227
0.397737
0.587318
0.169362
1.094381
0.057403
0.143298
-0.193644
0.074400
-0.291969
0.005277
-0.651281
0.070198
-0.835603
1.027441
-0.100231
0.621227
0.397737
0.587318
0.169362
1.094381
0.057403
0.143298
-0.193644
0.074400
-0.291969
0.005277
-0.651281
0.070198
-0.835603
1.027441
-0.100231
0.621227
0.397737
0.587318
0.169362
1.094381
0.057403
0.143298
-0.193644
0.074400
-0.291969
0.005277
-0.651281
0.070198
-0.835603
1.027441
-0.100231
0.621227
0.397737
0.587318
0.169362
1.094381
0.057403
0.143298
-0.193644
0.074400
-0.291969
0.005277
-0.651281
0.070198
-0.835603
1.027441
-0.100231
0.621227
0.397737
0.587318
0.169362
1.094381
0.057403
0.143298
-0.193644
0.074400
-0.291969
0.005277
-0.651281
0.070198
-0.835603
1.027441
-0.100231
0.621227
0.397737
0.587318
0.169362
1.094381
0.057403
0.143298
-0.193644
0.074400
-0.291969
0.005277
-0.651281
0.070198
-0.835603
1.027441
-0.100231
0.621227
0.397737
0.587318
0.169362
1.094381
0.057403
0.143298
-0.193644
0.074400
-0.291969
0.005277
-0.651281
0.070198
-0.835603
1.027441
-0.100231
0.621227
0.397737
0.587318
0.169362
1.094381
0.057403
0.143298
-0.193644
0.074400
-0.291969
0.005277
-0.651281
0.070198
-0.835603
1.027441
-0.100231
0.621227
0.397737
0.587318
0.169362
1.094381
0.057403
0.143298
-0.193644
0.074400
-0.291969
0.005277
-0.651281
0.070198
-0.835603
1.027441
-0.100231
0.621227
0.397737
0.587318
0.169362
1.094381
0.057403
0.143298
-0.193644
0.074400
-0.291969
0.005277
-0.651281
0.070198
-0.835603
1.027441
-0.100231
0.621227
0.397737
0.587318
0.169362
