0.033867
2.995036
-17.435383
3.004283
-14.075538
-10.046875
-3.196211
0.916965
17.314974
-15.481318
16.723825
40.900856
-11.776418
23.066515
15.939512
26.956579
-1.056981
-2.346659
-1513.054688
-541.492676
396.257324
-1449.489136
-1054.494141
-520.725281
-2241.982422
-1652.033325
1034.207520
-3341.920166
2938.925049
-555.058655
3733.459473
-2164.257080
0.468087
-3.675833
9.256945
-9.603085
12.936526
9.998538
5.112402
-1.148019
-12.091634
14.495179
-15.087834
-34.688690
9.990044
-21.067915
-15.817322
-17.101608
4.865337
-3.027081
54.751820
40.831467
-26.267214
46.587994
34.228371
27.313286
68.910759
80.780190
-65.885147
119.656708
-116.474594
-2.547124
-153.644760
50.132069
-1.530279
4.402919
1180.140381
411.378174
-304.663940
1130.478882
823.770264
402.728088
1752.753418
1278.337769
-796.015076
2608.892578
-2284.671143
442.834869
-2907.330322
1700.755371
-1.583434
-0.091056
82.792557
17.355986
-6.755637
80.517426
58.528183
20.540424
132.660583
70.928116
-27.514658
180.929062
-151.327957
52.394135
-177.220963
143.325928
0.231698
-0.560337
0.983277
-0.237828
-0.719365
0.620356
-0.082185
0.106845
0.263416
1.090501
-0.827411
0.513575
-0.457183
-0.489129
-1.558772
-0.960411
0.231698
-0.560337
0.983277
-0.237828
-0.719365
0.620356
-0.082185
0.106845
0.263416
1.090501
-0.827411
0.513575
-0.457183
-0.489129
-1.558772
-0.960411
0.231698
-0.560337
0.983277
-0.237828
-0.719365
0.620356
-0.082185
0.106845
0.263416
1.090501
-0.827411
0.513575
-0.457183
-0.489129
-1.558772
-0.960411
0.231698
-0.560337
0.983277
-0.237828
-0.719365
0.620356
-0.082185
0.106845
0.263416
1.090501
-0.827411
0.513575
-0.457183
-0.489129
-1.558772
-0.960411
0.231698
-0.560337
0.983277
-0.237828
-0.719365
0.620356
-0.082185
0.106845
0.263416
1.090501
-0.827411
0.513575
-0.457183
-0.489129
-1.558772
-0.960411
0.231698
-0.560337
0.983277
-0.237828
-0.719365
0.620356
-0.082185
0.106845
0.263416
1.090501
-0.827411
0.513575
-0.457183
-0.489129
-1.558772
-0.960411
0.231698
-0.560337
0.983277
-0.237828
-0.719365
0.620356
-0.082185
0.106845
0.263416
1.090501
-0.827411
0.513575
-0.457183
-0.489129
-1.558772
-0.960411
0.231698
-0.560337
0.983277
-0.237828
-0.719365
0.620356
-0.082185
0.106845
0.263416
1.090501
-0.827411
0.513575
-0.457183
-0.489129
-1.558772
-0.960411
0.231698
-0.560337
0.983277
-0.237828
-0.719365
0.620356
-0.082185
0.106845
0.263416
1.090501
-0.827411
0.513575
-0.457183
-0.489129
-1.558772
-0.960411
0.231698
-0.560337
0.983277
-0.237828
-0.719365
0.620356
-0.082185
0.106845
0.263416
1.090501
-0.827411
0.513575
-0.457183
-0.489129
-1.558772
-0.960411
0.231698
-0.560337
0.983277
-0.237828
-0.719365
0.620356
-0.082185
0.106845
0.263416
1.090501
-0.827411
0.513575
-0.457183
-0.489129
-1.558772
-0.960411
0.231698
-0.560337
0.983277
-0.237828
-0.719365
0.620356
-0.082185
0.106845
0.263416
1.090501
-0.827411
0.513575
-0.457183
-0.489129
-1.558772
-0.960411
0.231698
-0.560337
0.983277
-0.237828
-0.719365
0.620356
-0.082185
0.106845
0.263416
1.090501
-0.827411
0.513575
-0.457183
-0.489129
-1.558772
-0.960411
0.231698
-0.560337
0.983277
-0.237828
-0.719365
0.620356
-0.082185
0.106845
0.263416
1.090501
-0.827411
0.513575
-0.457183
-0.489129
-1.558772
-0.960411
