-1.687238
-0.136671
-1226.586060
1092.255981
-978.173401
-1228.999512
-1242.861328
740.022034
-2875.838867
963.905273
-2098.720215
-2687.021484
1409.428223
-2674.803955
565.914551
-4319.842773
-0.395302
-2.048636
-8.236806
-14.872924
-1.177321
-17.014389
-2.456603
-7.578628
22.485044
3.470907
-23.100109
34.012402
-23.756527
3.734429
-8.298961
27.416187
1.882618
1.277440
4.702470
16.691122
1.726516
6.332517
-0.165670
1.677784
-14.834828
-5.408948
16.705835
-22.793705
11.102775
-0.111758
11.358656
-19.296133
-0.402014
1.521162
852.442200
-744.183533
670.424500
848.429993
855.784912
-509.732941
1984.222900
-658.542969
1435.564331
1856.229248
-975.805542
1839.972778
-402.088287
2972.881348
-1.213676
-1.002091
71.341431
-79.788422
74.014732
73.754082
81.270119
-57.194077
178.124069
-80.924797
158.351089
161.826218
-77.165588
183.223633
-4.280093
284.707062
4.485675
0.089557
123.461952
-105.582176
90.613106
130.281204
131.424637
-63.215683
292.279114
-74.876740
187.365662
282.843597
-159.572739
252.150574
-91.249367
428.590973
-0.451146
-0.055983
0.098205
0.022440
0.664797
0.094359
0.322528
0.144287
1.124813
0.288536
-0.141050
1.356990
-0.883880
0.243428
-0.932814
1.211921
-0.451146
-0.055983
0.098205
0.022440
0.664797
0.094359
0.322528
0.144287
1.124813
0.288536
-0.141050
1.356990
-0.883880
0.243428
-0.932814
1.211921
-0.451146
-0.055983
0.098205
0.022440
0.664797
0.094359
0.322528
0.144287
1.124813
0.288536
-0.141050
1.356990
-0.883880
0.243428
-0.932814
1.211921
-0.451146
-0.055983
0.098205
0.022440
0.664797
0.094359
0.322528
0.144287
1.124813
0.288536
-0.141050
1.356990
-0.883880
0.243428
-0.932814
1.211921
-0.451146
-0.055983
0.098205
0.022440
0.664797
0.094359
0.322528
0.144287
1.124813
0.288536
-0.141050
1.356990
-0.883880
0.243428
-0.932814
1.211921
-0.451146
-0.055983
0.098205
0.022440
0.664797
0.094359
0.322528
0.144287
1.124813
0.288536
-0.141050
1.356990
-0.883880
0.243428
-0.932814
1.211921
-0.451146
-0.055983
0.098205
0.022440
0.664797
0.094359
0.322528
0.144287
1.124813
0.288536
-0.141050
1.356990
-0.883880
0.243428
-0.932814
1.211921
-0.451146
-0.055983
0.098205
0.022440
0.664797
0.094359
0.322528
0.144287
1.124813
0.288536
-0.141050
1.356990
-0.883880
0.243428
-0.932814
1.211921
-0.451146
-0.055983
0.098205
0.022440
0.664797
0.094359
0.322528
0.144287
1.124813
0.288536
-0.141050
1.356990
-0.883880
0.243428
-0.932814
1.211921
-0.451146
-0.055983
0.098205
0.022440
0.664797
0.094359
0.322528
0.144287
1.124813
0.288536
-0.141050
1.356990
-0.883880
0.243428
-0.932814
1.211921
-0.451146
-0.055983
0.098205
0.022440
0.664797
0.094359
0.322528
0.144287
1.124813
0.288536
-0.141050
1.356990
-0.883880
0.243428
-0.932814
1.211921
-0.451146
-0.055983
0.098205
0.022440
0.664797
0.094359
0.322528
0.144287
1.124813
0.288536
-0.141050
1.356990
-0.883880
0.243428
-0.932814
1.211921
-0.451146
-0.055983
0.098205
0.022440
0.664797
0.094359
0.322528
0.144287
1.124813
0.288536
-0.141050
1.356990
-0.883880
0.243428
-0.932814
1.211921
-0.451146
-0.055983
0.098205
0.022440
0.664797
0.094359
0.322528
0.144287
1.124813
0.288536
-0.141050
1.356990
-0.883880
0.243428
-0.932814
1.211921
