-4.022327
-3.884362
1703.701660
3350.104736
-420.901550
-7807.842773
-7745.549805
5025.812012
-1443.400391
-8685.215820
-4456.025879
-4987.485352
-5808.593750
-2799.518066
-2822.282471
-1777.104370
1.681945
-0.506221
27.356543
-28.032967
-46.003002
-65.754623
-7.369558
-38.046173
0.614137
-65.725227
-48.706753
65.164497
-5.099153
-52.074512
-22.197451
2.596947
-1.333188
0.449593
-14.906600
19.249720
26.864836
30.510342
1.970104
17.521681
3.654199
36.362568
28.933184
-33.708908
0.775589
29.400219
13.695524
-3.112351
3.744561
2.766776
-934.575012
-1879.437012
215.566162
4282.231445
4219.046875
-2654.638428
732.891296
4729.001465
2318.248291
2699.941895
3074.969482
1558.580566
1398.182373
962.966797
-0.848748
1.563142
-181.031113
-531.003601
-133.022781
1196.769897
1322.558105
-610.026672
21.704611
1388.805420
609.158569
897.422791
869.186768
568.235901
454.990723
345.905457
3.555437
0.084238
-140.095703
-168.948380
127.655823
451.169281
394.650665
-402.348938
199.260498
490.636658
336.368866
235.100540
383.010956
91.868553
200.124054
70.275818
0.880893
-0.813752
-78.601173
-123.534012
43.596519
290.452911
270.260254
-217.371140
89.391724
321.435242
193.780243
168.946991
236.694885
77.360634
126.403961
50.246956
0.455232
-0.134898
0.348274
-0.802960
-1.392671
1.408618
2.437889
-0.257127
-0.953850
1.679395
0.524186
1.757585
0.644216
1.466226
0.501420
0.794932
0.455232
-0.134898
0.348274
-0.802960
-1.392671
1.408618
2.437889
-0.257127
-0.953850
1.679395
0.524186
1.757585
0.644216
1.466226
0.501420
0.794932
0.455232
-0.134898
0.348274
-0.802960
-1.392671
1.408618
2.437889
-0.257127
-0.953850
1.679395
0.524186
1.757585
0.644216
1.466226
0.501420
0.794932
0.455232
-0.134898
0.348274
-0.802960
-1.392671
1.408618
2.437889
-0.257127
-0.953850
1.679395
0.524186
1.757585
0.644216
1.466226
0.501420
0.794932
0.455232
-0.134898
0.348274
-0.802960
-1.392671
1.408618
2.437889
-0.257127
-0.953850
1.679395
0.524186
1.757585
0.644216
1.466226
0.501420
0.794932
0.455232
-0.134898
0.348274
-0.802960
-1.392671
1.408618
2.437889
-0.257127
-0.953850
1.679395
0.524186
1.757585
0.644216
1.466226
0.501420
0.794932
0.455232
-0.134898
0.348274
-0.802960
-1.392671
1.408618
2.437889
-0.257127
-0.953850
1.679395
0.524186
1.757585
0.644216
1.466226
0.501420
0.794932
0.455232
-0.134898
0.348274
-0.802960
-1.392671
1.408618
2.437889
-0.257127
-0.953850
1.679395
0.524186
1.757585
0.644216
1.466226
0.501420
0.794932
0.455232
-0.134898
0.348274
-0.802960
-1.392671
1.408618
2.437889
-0.257127
-0.953850
1.679395
0.524186
1.757585
0.644216
1.466226
0.501420
0.794932
0.455232
-0.134898
0.348274
-0.802960
-1.392671
1.408618
2.437889
-0.257127
-0.953850
1.679395
0.524186
1.757585
0.644216
1.466226
0.501420
0.794932
0.455232
-0.134898
0.348274
-0.802960
-1.392671
1.408618
2.437889
-0.257127
-0.953850
1.679395
0.524186
1.757585
0.644216
1.466226
0.501420
0.794932
0.455232
-0.134898
0.348274
-0.802960
-1.392671
1.408618
2.437889
-0.257127
-0.953850
1.679395
0.524186
1.757585
0.644216
1.466226
0.501420
0.794932
0.455232
-0.134898
0.348274
-0.802960
-1.392671
1.408618
2.437889
-0.257127
-0.953850
1.679395
0.524186
1.757585
0.644216
1.466226
0.501420
0.794932
