12.182923
1.079967
-2938.743896
-4409.846680
3979.090820
4258.437012
1414.546265
-14666.072266
3432.408691
7332.667480
-44.169331
-302.161560
1873.963623
-1776.872437
994.510681
-1400.627319
2.573482
-1.169283
-37.636627
27.106874
-7.785393
61.189587
-39.498596
41.046741
-14.435057
58.957195
0.198260
3.842115
-17.942276
8.644438
0.079583
11.410743
-0.251356
2.121753
38.064648
-26.772438
6.674439
-53.545971
41.574463
-39.042370
12.986945
-56.635319
-0.284754
-5.479336
20.318857
-8.955862
-1.745800
-11.153523
-11.295499
-1.002239
2749.574707
4155.187012
-3731.173828
-4007.042969
-1366.210083
13793.735352
-3215.379639
-6909.258789
40.126568
295.794434
-1777.555786
1679.173096
-925.996765
1309.921753
-0.212647
-0.230379
-0.058773
1.681676
-0.407369
-2.006106
-2.774468
3.720409
0.324816
-2.181943
0.070535
-0.224024
-0.638604
0.260963
-0.262666
0.382833
-0.212647
-0.230379
-0.058773
1.681676
-0.407369
-2.006106
-2.774468
3.720409
0.324816
-2.181943
0.070535
-0.224024
-0.638604
0.260963
-0.262666
0.382833
-0.212647
-0.230379
-0.058773
1.681676
-0.407369
-2.006106
-2.774468
3.720409
0.324816
-2.181943
0.070535
-0.224024
-0.638604
0.260963
-0.262666
0.382833
-0.212647
-0.230379
-0.058773
1.681676
-0.407369
-2.006106
-2.774468
3.720409
0.324816
-2.181943
0.070535
-0.224024
-0.638604
0.260963
-0.262666
0.382833
-0.212647
-0.230379
-0.058773
1.681676
-0.407369
-2.006106
-2.774468
3.720409
0.324816
-2.181943
0.070535
-0.224024
-0.638604
0.260963
-0.262666
0.382833
-0.212647
-0.230379
-0.058773
1.681676
-0.407369
-2.006106
-2.774468
3.720409
0.324816
-2.181943
0.070535
-0.224024
-0.638604
0.260963
-0.262666
0.382833
-0.212647
-0.230379
-0.058773
1.681676
-0.407369
-2.006106
-2.774468
3.720409
0.324816
-2.181943
0.070535
-0.224024
-0.638604
0.260963
-0.262666
0.382833
-0.212647
-0.230379
-0.058773
1.681676
-0.407369
-2.006106
-2.774468
3.720409
0.324816
-2.181943
0.070535
-0.224024
-0.638604
0.260963
-0.262666
0.382833
-0.212647
-0.230379
-0.058773
1.681676
-0.407369
-2.006106
-2.774468
3.720409
0.324816
-2.181943
0.070535
-0.224024
-0.638604
0.260963
-0.262666
0.382833
-0.212647
-0.230379
-0.058773
1.681676
-0.407369
-2.006106
-2.774468
3.720409
0.324816
-2.181943
0.070535
-0.224024
-0.638604
0.260963
-0.262666
0.382833
-0.212647
-0.230379
-0.058773
1.681676
-0.407369
-2.006106
-2.774468
3.720409
0.324816
-2.181943
0.070535
-0.224024
-0.638604
0.260963
-0.262666
0.382833
-0.212647
-0.230379
-0.058773
1.681676
-0.407369
-2.006106
-2.774468
3.720409
0.324816
-2.181943
0.070535
-0.224024
-0.638604
0.260963
-0.262666
0.382833
-0.212647
-0.230379
-0.058773
1.681676
-0.407369
-2.006106
-2.774468
3.720409
0.324816
-2.181943
0.070535
-0.224024
-0.638604
0.260963
-0.262666
0.382833
-0.212647
-0.230379
-0.058773
1.681676
-0.407369
-2.006106
-2.774468
3.720409
0.324816
-2.181943
0.070535
-0.224024
-0.638604
0.260963
-0.262666
0.382833
-0.212647
-0.230379
-0.058773
1.681676
-0.407369
-2.006106
-2.774468
3.720409
0.324816
-2.181943
0.070535
-0.224024
-0.638604
0.260963
-0.262666
0.382833
-0.212647
-0.230379
-0.058773
1.681676
-0.407369
-2.006106
-2.774468
3.720409
0.324816
-2.181943
0.070535
-0.224024
-0.638604
0.260963
-0.262666
0.382833
