-12.396690
0.804901
4715.306641
6173.784180
-5511.395020
-4314.175781
1904.517212
17833.773438
-6046.290039
-8427.240234
-163.934372
-32.926373
-1342.401978
2500.171875
-1243.961060
1809.267456
1.486862
3.244325
62.471149
-39.505051
16.725973
-73.479553
55.331036
-44.949043
39.500023
-74.303253
-1.698170
0.921257
22.610332
-1.084315
-0.185088
-18.183994
-1.361597
-3.912861
-29.242771
19.001322
-6.117540
34.828838
-29.503687
23.076996
-16.728893
35.735939
-0.103932
-0.449818
-9.584092
1.251294
-0.899936
7.407746
8.590987
0.414838
-2238.548340
-2960.252441
2621.419678
2067.338867
-872.756958
-8512.326172
2875.422607
4041.714600
75.130508
16.575020
643.101563
-1193.058960
598.707703
-860.379395
-1.747850
-1.372057
-291.662842
-385.490601
339.163422
277.501984
-103.972099
-1114.565674
371.320313
528.539307
12.655277
1.294450
87.280876
-156.530914
75.822502
-112.194969
0.926226
0.342575
-187.674057
-269.032898
221.686172
196.520889
-40.932404
-749.959045
235.785294
364.682465
6.071320
0.893156
62.450394
-102.878136
54.384964
-75.073898
1.565491
-0.652487
-908.453247
-1218.357300
1069.419067
859.648071
-337.971588
-3493.137939
1159.812134
1654.740723
32.432789
6.763676
266.492004
-485.629364
247.645279
-350.104187
-0.536391
0.021333
-0.767250
-0.273071
0.074401
-0.153831
0.120923
0.010361
-0.122427
0.031340
-0.594536
-0.247649
-0.258618
-0.097614
-0.480194
0.313215
-0.536391
0.021333
-0.767250
-0.273071
0.074401
-0.153831
0.120923
0.010361
-0.122427
0.031340
-0.594536
-0.247649
-0.258618
-0.097614
-0.480194
0.313215
-0.536391
0.021333
-0.767250
-0.273071
0.074401
-0.153831
0.120923
0.010361
-0.122427
0.031340
-0.594536
-0.247649
-0.258618
-0.097614
-0.480194
0.313215
-0.536391
0.021333
-0.767250
-0.273071
0.074401
-0.153831
0.120923
0.010361
-0.122427
0.031340
-0.594536
-0.247649
-0.258618
-0.097614
-0.480194
0.313215
-0.536391
0.021333
-0.767250
-0.273071
0.074401
-0.153831
0.120923
0.010361
-0.122427
0.031340
-0.594536
-0.247649
-0.258618
-0.097614
-0.480194
0.313215
-0.536391
0.021333
-0.767250
-0.273071
0.074401
-0.153831
0.120923
0.010361
-0.122427
0.031340
-0.594536
-0.247649
-0.258618
-0.097614
-0.480194
0.313215
-0.536391
0.021333
-0.767250
-0.273071
0.074401
-0.153831
0.120923
0.010361
-0.122427
0.031340
-0.594536
-0.247649
-0.258618
-0.097614
-0.480194
0.313215
-0.536391
0.021333
-0.767250
-0.273071
0.074401
-0.153831
0.120923
0.010361
-0.122427
0.031340
-0.594536
-0.247649
-0.258618
-0.097614
-0.480194
0.313215
-0.536391
0.021333
-0.767250
-0.273071
0.074401
-0.153831
0.120923
0.010361
-0.122427
0.031340
-0.594536
-0.247649
-0.258618
-0.097614
-0.480194
0.313215
-0.536391
0.021333
-0.767250
-0.273071
0.074401
-0.153831
0.120923
0.010361
-0.122427
0.031340
-0.594536
-0.247649
-0.258618
-0.097614
-0.480194
0.313215
-0.536391
0.021333
-0.767250
-0.273071
0.074401
-0.153831
0.120923
0.010361
-0.122427
0.031340
-0.594536
-0.247649
-0.258618
-0.097614
-0.480194
0.313215
-0.536391
0.021333
-0.767250
-0.273071
0.074401
-0.153831
0.120923
0.010361
-0.122427
0.031340
-0.594536
-0.247649
-0.258618
-0.097614
-0.480194
0.313215
-0.536391
0.021333
-0.767250
-0.273071
0.074401
-0.153831
0.120923
0.010361
-0.122427
0.031340
-0.594536
-0.247649
-0.258618
-0.097614
-0.480194
0.313215
