8.041710
-7.092738
-6010.121094
-2345.281006
5709.601074
468.580383
-8955.992188
-12335.928711
7949.992676
3407.330566
225.390610
-131.555420
-75.141144
-2538.798340
177.933350
-2013.131470
0.024796
0.714654
-57.645012
2.403156
-44.085823
40.669437
-57.822262
9.554676
-56.854736
38.086235
2.104662
-0.190313
-17.168514
-5.691760
-4.882214
9.525212
0.919300
0.671310
57.004993
-5.822554
38.603436
-36.214230
55.823223
-5.791293
51.870213
-31.994654
-2.484003
-1.003858
18.993345
8.668694
5.267893
-10.647364
-7.676747
4.887799
5526.939453
2165.264893
-5249.912598
-446.287598
8231.239258
11341.747070
-7301.625488
-3139.716797
-193.921234
122.162056
68.804726
2327.698486
-158.327530
1854.931885
0.376882
0.552757
-1.346619
-2.122187
0.805597
1.387141
-0.114354
-3.664793
1.152816
1.482750
-0.263517
-0.171716
0.803975
-0.652377
-0.118657
-0.717353
0.376882
0.552757
-1.346619
-2.122187
0.805597
1.387141
-0.114354
-3.664793
1.152816
1.482750
-0.263517
-0.171716
0.803975
-0.652377
-0.118657
-0.717353
0.376882
0.552757
-1.346619
-2.122187
0.805597
1.387141
-0.114354
-3.664793
1.152816
1.482750
-0.263517
-0.171716
0.803975
-0.652377
-0.118657
-0.717353
0.376882
0.552757
-1.346619
-2.122187
0.805597
1.387141
-0.114354
-3.664793
1.152816
1.482750
-0.263517
-0.171716
0.803975
-0.652377
-0.118657
-0.717353
0.376882
0.552757
-1.346619
-2.122187
0.805597
1.387141
-0.114354
-3.664793
1.152816
1.482750
-0.263517
-0.171716
0.803975
-0.652377
-0.118657
-0.717353
0.376882
0.552757
-1.346619
-2.122187
0.805597
1.387141
-0.114354
-3.664793
1.152816
1.482750
-0.263517
-0.171716
0.803975
-0.652377
-0.118657
-0.717353
0.376882
0.552757
-1.346619
-2.122187
0.805597
1.387141
-0.114354
-3.664793
1.152816
1.482750
-0.263517
-0.171716
0.803975
-0.652377
-0.118657
-0.717353
0.376882
0.552757
-1.346619
-2.122187
0.805597
1.387141
-0.114354
-3.664793
1.152816
1.482750
-0.263517
-0.171716
0.803975
-0.652377
-0.118657
-0.717353
0.376882
0.552757
-1.346619
-2.122187
0.805597
1.387141
-0.114354
-3.664793
1.152816
1.482750
-0.263517
-0.171716
0.803975
-0.652377
-0.118657
-0.717353
0.376882
0.552757
-1.346619
-2.122187
0.805597
1.387141
-0.114354
-3.664793
1.152816
1.482750
-0.263517
-0.171716
0.803975
-0.652377
-0.118657
-0.717353
0.376882
0.552757
-1.346619
-2.122187
0.805597
1.387141
-0.114354
-3.664793
1.152816
1.482750
-0.263517
-0.171716
0.803975
-0.652377
-0.118657
-0.717353
0.376882
0.552757
-1.346619
-2.122187
0.805597
1.387141
-0.114354
-3.664793
1.152816
1.482750
-0.263517
-0.171716
0.803975
-0.652377
-0.118657
-0.717353
0.376882
0.552757
-1.346619
-2.122187
0.805597
1.387141
-0.114354
-3.664793
1.152816
1.482750
-0.263517
-0.171716
0.803975
-0.652377
-0.118657
-0.717353
0.376882
0.552757
-1.346619
-2.122187
0.805597
1.387141
-0.114354
-3.664793
1.152816
1.482750
-0.263517
-0.171716
0.803975
-0.652377
-0.118657
-0.717353
0.376882
0.552757
-1.346619
-2.122187
0.805597
1.387141
-0.114354
-3.664793
1.152816
1.482750
-0.263517
-0.171716
0.803975
-0.652377
-0.118657
-0.717353
0.376882
0.552757
-1.346619
-2.122187
0.805597
1.387141
-0.114354
-3.664793
1.152816
1.482750
-0.263517
-0.171716
0.803975
-0.652377
-0.118657
-0.717353
