-1.321511
-1.087485
-4.110255
43.414852
39.666897
46.156681
1.386869
59.025192
32.690304
50.371849
3.745990
2.617280
-7.238355
25.709475
9.654740
6.580019
5.179243
7.604749
1271.378784
-4965.064453
-452.881897
5742.900391
12097.371094
-8324.593750
-3149.591309
7586.721191
175.720734
-134.842850
2747.750244
84.321556
1749.141846
-187.927185
2.462963
1.658789
4.717099
-38.660496
-38.940010
-42.811466
-3.395270
-52.543339
-28.959826
-44.474251
-0.919783
-1.763658
5.517782
-18.946140
-8.412477
-6.140948
-3.798615
-4.934228
-1164.542480
4428.246094
450.378082
-5122.891113
-10857.974609
7370.140137
2867.298340
-6758.844727
-156.825119
110.727905
-2449.268311
-95.887657
-1563.509521
153.645798
1.418057
0.784266
-233.939957
81.300896
231.340607
-133.768997
-650.074341
-262.960846
378.658020
-79.190659
-11.416585
1.459316
-71.058464
-110.189011
-50.816326
-66.269432
-4.261425
-4.851924
145.005341
169.857773
-196.832001
-165.828690
-9.097329
644.348633
-193.791885
-305.789429
1.291661
11.034430
-72.216850
96.758965
-37.000355
69.096611
0.276896
-0.148585
0.801892
-0.414659
-0.976876
1.143079
3.914799
-0.285446
-1.615708
1.228825
0.491715
0.033985
0.525721
0.457237
0.330629
0.438352
0.276896
-0.148585
0.801892
-0.414659
-0.976876
1.143079
3.914799
-0.285446
-1.615708
1.228825
0.491715
0.033985
0.525721
0.457237
0.330629
0.438352
0.276896
-0.148585
0.801892
-0.414659
-0.976876
1.143079
3.914799
-0.285446
-1.615708
1.228825
0.491715
0.033985
0.525721
0.457237
0.330629
0.438352
0.276896
-0.148585
0.801892
-0.414659
-0.976876
1.143079
3.914799
-0.285446
-1.615708
1.228825
0.491715
0.033985
0.525721
0.457237
0.330629
0.438352
0.276896
-0.148585
0.801892
-0.414659
-0.976876
1.143079
3.914799
-0.285446
-1.615708
1.228825
0.491715
0.033985
0.525721
0.457237
0.330629
0.438352
0.276896
-0.148585
0.801892
-0.414659
-0.976876
1.143079
3.914799
-0.285446
-1.615708
1.228825
0.491715
0.033985
0.525721
0.457237
0.330629
0.438352
0.276896
-0.148585
0.801892
-0.414659
-0.976876
1.143079
3.914799
-0.285446
-1.615708
1.228825
0.491715
0.033985
0.525721
0.457237
0.330629
0.438352
0.276896
-0.148585
0.801892
-0.414659
-0.976876
1.143079
3.914799
-0.285446
-1.615708
1.228825
0.491715
0.033985
0.525721
0.457237
0.330629
0.438352
0.276896
-0.148585
0.801892
-0.414659
-0.976876
1.143079
3.914799
-0.285446
-1.615708
1.228825
0.491715
0.033985
0.525721
0.457237
0.330629
0.438352
0.276896
-0.148585
0.801892
-0.414659
-0.976876
1.143079
3.914799
-0.285446
-1.615708
1.228825
0.491715
0.033985
0.525721
0.457237
0.330629
0.438352
0.276896
-0.148585
0.801892
-0.414659
-0.976876
1.143079
3.914799
-0.285446
-1.615708
1.228825
0.491715
0.033985
0.525721
0.457237
0.330629
0.438352
0.276896
-0.148585
0.801892
-0.414659
-0.976876
1.143079
3.914799
-0.285446
-1.615708
1.228825
0.491715
0.033985
0.525721
0.457237
0.330629
0.438352
0.276896
-0.148585
0.801892
-0.414659
-0.976876
1.143079
3.914799
-0.285446
-1.615708
1.228825
0.491715
0.033985
0.525721
0.457237
0.330629
0.438352
0.276896
-0.148585
0.801892
-0.414659
-0.976876
1.143079
3.914799
-0.285446
-1.615708
1.228825
0.491715
0.033985
0.525721
0.457237
0.330629
0.438352
