-0.682126
1.827167
-38.978336
-46.857113
-57.371277
-8.800328
-43.667149
-42.498756
-66.585793
-20.963236
-1.158212
2.845211
-9.222538
-21.955063
-15.267887
2.940304
-1.546316
-14.684884
-5411.713379
3130.256348
3980.091553
-3879.153564
-14697.550781
-1360.865723
7801.982910
-3790.948975
-156.197327
-146.850143
-2178.940674
-1827.150879
-1528.669189
-1120.410767
-0.809413
-0.882180
38.765305
39.598404
55.204102
10.546525
44.549831
40.874355
61.899250
20.418610
2.721342
-2.862420
9.060461
18.590616
11.303041
-3.385506
-1.079452
12.057386
5137.452148
-2982.835205
-3780.095459
3686.465332
13971.289063
1285.707031
-7403.168457
3616.324219
162.028519
115.773102
2070.928711
1731.249023
1458.595825
1084.431152
0.605924
-0.166859
-2.073669
-0.378890
1.094642
-0.006156
-2.725450
-2.568779
2.308982
0.632872
-0.146048
0.048031
0.196408
-0.700930
-0.157261
-0.472904
0.605924
-0.166859
-2.073669
-0.378890
1.094642
-0.006156
-2.725450
-2.568779
2.308982
0.632872
-0.146048
0.048031
0.196408
-0.700930
-0.157261
-0.472904
0.605924
-0.166859
-2.073669
-0.378890
1.094642
-0.006156
-2.725450
-2.568779
2.308982
0.632872
-0.146048
0.048031
0.196408
-0.700930
-0.157261
-0.472904
0.605924
-0.166859
-2.073669
-0.378890
1.094642
-0.006156
-2.725450
-2.568779
2.308982
0.632872
-0.146048
0.048031
0.196408
-0.700930
-0.157261
-0.472904
0.605924
-0.166859
-2.073669
-0.378890
1.094642
-0.006156
-2.725450
-2.568779
2.308982
0.632872
-0.146048
0.048031
0.196408
-0.700930
-0.157261
-0.472904
0.605924
-0.166859
-2.073669
-0.378890
1.094642
-0.006156
-2.725450
-2.568779
2.308982
0.632872
-0.146048
0.048031
0.196408
-0.700930
-0.157261
-0.472904
0.605924
-0.166859
-2.073669
-0.378890
1.094642
-0.006156
-2.725450
-2.568779
2.308982
0.632872
-0.146048
0.048031
0.196408
-0.700930
-0.157261
-0.472904
0.605924
-0.166859
-2.073669
-0.378890
1.094642
-0.006156
-2.725450
-2.568779
2.308982
0.632872
-0.146048
0.048031
0.196408
-0.700930
-0.157261
-0.472904
0.605924
-0.166859
-2.073669
-0.378890
1.094642
-0.006156
-2.725450
-2.568779
2.308982
0.632872
-0.146048
0.048031
0.196408
-0.700930
-0.157261
-0.472904
0.605924
-0.166859
-2.073669
-0.378890
1.094642
-0.006156
-2.725450
-2.568779
2.308982
0.632872
-0.146048
0.048031
0.196408
-0.700930
-0.157261
-0.472904
0.605924
-0.166859
-2.073669
-0.378890
1.094642
-0.006156
-2.725450
-2.568779
2.308982
0.632872
-0.146048
0.048031
0.196408
-0.700930
-0.157261
-0.472904
0.605924
-0.166859
-2.073669
-0.378890
1.094642
-0.006156
-2.725450
-2.568779
2.308982
0.632872
-0.146048
0.048031
0.196408
-0.700930
-0.157261
-0.472904
0.605924
-0.166859
-2.073669
-0.378890
1.094642
-0.006156
-2.725450
-2.568779
2.308982
0.632872
-0.146048
0.048031
0.196408
-0.700930
-0.157261
-0.472904
0.605924
-0.166859
-2.073669
-0.378890
1.094642
-0.006156
-2.725450
-2.568779
2.308982
0.632872
-0.146048
0.048031
0.196408
-0.700930
-0.157261
-0.472904
0.605924
-0.166859
-2.073669
-0.378890
1.094642
-0.006156
-2.725450
-2.568779
2.308982
0.632872
-0.146048
0.048031
0.196408
-0.700930
-0.157261
-0.472904
0.605924
-0.166859
-2.073669
-0.378890
1.094642
-0.006156
-2.725450
-2.568779
2.308982
0.632872
-0.146048
0.048031
0.196408
-0.700930
-0.157261
-0.472904
