1.295250
-1.491165
10.285464
-11.290247
-20.467306
-29.216097
-3.330336
-12.549276
-42.147461
-25.649206
22.351871
39.325932
30.177582
-15.580688
15.996084
10.035043
-3.440831
-2.544683
-5.873672
10.243447
10.556009
7.817927
-2.244742
2.857562
19.899559
9.453602
-6.912501
-12.033602
-16.704710
8.163333
-3.544541
-3.162218
-1.528146
-4.802617
516.156128
1158.349121
-113.276192
-3228.511963
-2889.444092
1564.418701
4997.905273
-4350.711914
1281.607178
-3355.370361
-2782.372803
2678.782227
2708.538330
-571.159058
-0.244807
0.121779
-203.044342
-478.045227
7.349686
1351.407471
1216.261597
-617.308716
-2125.558105
1765.457520
-558.257385
1372.462524
1186.003418
-1099.054688
-1126.708374
204.837006
-1.173576
0.370513
-33.114685
-59.448006
18.980211
166.901199
143.739944
-97.208168
-241.304352
250.066498
-53.825676
180.859863
133.608917
-150.212677
-140.706970
42.474251
-0.652816
-1.803881
-104.919907
-284.864410
-8.805320
762.204041
706.870850
-333.726776
-1239.261108
962.900085
-350.331116
784.734863
692.721985
-591.506531
-652.922668
103.418236
3.919930
5.479558
-38.531235
-63.349327
31.905785
183.886002
151.315994
-113.277626
-254.997314
286.493713
-46.867924
202.839691
140.172562
-175.431778
-151.579208
51.639435
0.111301
-0.251227
0.276538
-0.008404
-0.604018
0.163770
1.094404
0.595955
-1.214448
0.233944
-0.446792
0.362758
0.767852
0.026880
-0.407102
-0.043405
0.111301
-0.251227
0.276538
-0.008404
-0.604018
0.163770
1.094404
0.595955
-1.214448
0.233944
-0.446792
0.362758
0.767852
0.026880
-0.407102
-0.043405
0.111301
-0.251227
0.276538
-0.008404
-0.604018
0.163770
1.094404
0.595955
-1.214448
0.233944
-0.446792
0.362758
0.767852
0.026880
-0.407102
-0.043405
0.111301
-0.251227
0.276538
-0.008404
-0.604018
0.163770
1.094404
0.595955
-1.214448
0.233944
-0.446792
0.362758
0.767852
0.026880
-0.407102
-0.043405
0.111301
-0.251227
0.276538
-0.008404
-0.604018
0.163770
1.094404
0.595955
-1.214448
0.233944
-0.446792
0.362758
0.767852
0.026880
-0.407102
-0.043405
0.111301
-0.251227
0.276538
-0.008404
-0.604018
0.163770
1.094404
0.595955
-1.214448
0.233944
-0.446792
0.362758
0.767852
0.026880
-0.407102
-0.043405
0.111301
-0.251227
0.276538
-0.008404
-0.604018
0.163770
1.094404
0.595955
-1.214448
0.233944
-0.446792
0.362758
0.767852
0.026880
-0.407102
-0.043405
0.111301
-0.251227
0.276538
-0.008404
-0.604018
0.163770
1.094404
0.595955
-1.214448
0.233944
-0.446792
0.362758
0.767852
0.026880
-0.407102
-0.043405
0.111301
-0.251227
0.276538
-0.008404
-0.604018
0.163770
1.094404
0.595955
-1.214448
0.233944
-0.446792
0.362758
0.767852
0.026880
-0.407102
-0.043405
0.111301
-0.251227
0.276538
-0.008404
-0.604018
0.163770
1.094404
0.595955
-1.214448
0.233944
-0.446792
0.362758
0.767852
0.026880
-0.407102
-0.043405
0.111301
-0.251227
0.276538
-0.008404
-0.604018
0.163770
1.094404
0.595955
-1.214448
0.233944
-0.446792
0.362758
0.767852
0.026880
-0.407102
-0.043405
0.111301
-0.251227
0.276538
-0.008404
-0.604018
0.163770
1.094404
0.595955
-1.214448
0.233944
-0.446792
0.362758
0.767852
0.026880
-0.407102
-0.043405
0.111301
-0.251227
0.276538
-0.008404
-0.604018
0.163770
1.094404
0.595955
-1.214448
0.233944
-0.446792
0.362758
0.767852
0.026880
-0.407102
-0.043405
