1.159626
-1.231981
-5.639999
1.993855
6.364576
32.101997
-0.872031
11.032951
22.206184
30.574366
-0.352174
-33.510334
-28.274912
2.075717
-6.741970
-15.324714
1.758351
6.716826
-625.650757
-727.993408
1015.259338
2577.843994
1872.581055
-2221.077148
-2247.561523
4721.400879
242.003098
2765.461670
1420.632324
-2950.871094
-1571.816406
1331.440063
-3.144001
1.315663
5.735929
3.228286
-6.574555
-26.551115
0.372370
-9.103725
-16.819712
-25.461393
0.710229
27.984230
18.070148
1.060387
8.594587
9.929819
-2.297871
-7.403058
475.487793
563.320129
-779.159546
-1950.289551
-1391.799438
1683.596069
1673.085693
-3569.048340
-191.932846
-2066.735352
-1055.964966
2225.418213
1185.017944
-998.958679
1.759003
0.755658
17.673819
26.392349
-19.897949
-97.005455
-83.350670
71.832649
108.141960
-155.437454
4.101309
-106.942337
-67.211441
98.051895
62.959175
-41.956528
-0.935583
-2.450683
40.212669
31.347607
-75.313065
-135.722717
-98.419281
141.520340
100.043358
-291.912689
-34.876019
-165.437469
-61.295601
182.758118
81.005417
-90.778221
0.094097
-0.442788
0.021107
-0.158429
0.317153
-0.977990
-0.768551
0.578505
1.523779
-0.970739
0.625060
-0.715981
-1.254265
0.808366
0.538241
0.126976
0.094097
-0.442788
0.021107
-0.158429
0.317153
-0.977990
-0.768551
0.578505
1.523779
-0.970739
0.625060
-0.715981
-1.254265
0.808366
0.538241
0.126976
0.094097
-0.442788
0.021107
-0.158429
0.317153
-0.977990
-0.768551
0.578505
1.523779
-0.970739
0.625060
-0.715981
-1.254265
0.808366
0.538241
0.126976
0.094097
-0.442788
0.021107
-0.158429
0.317153
-0.977990
-0.768551
0.578505
1.523779
-0.970739
0.625060
-0.715981
-1.254265
0.808366
0.538241
0.126976
0.094097
-0.442788
0.021107
-0.158429
0.317153
-0.977990
-0.768551
0.578505
1.523779
-0.970739
0.625060
-0.715981
-1.254265
0.808366
0.538241
0.126976
0.094097
-0.442788
0.021107
-0.158429
0.317153
-0.977990
-0.768551
0.578505
1.523779
-0.970739
0.625060
-0.715981
-1.254265
0.808366
0.538241
0.126976
0.094097
-0.442788
0.021107
-0.158429
0.317153
-0.977990
-0.768551
0.578505
1.523779
-0.970739
0.625060
-0.715981
-1.254265
0.808366
0.538241
0.126976
0.094097
-0.442788
0.021107
-0.158429
0.317153
-0.977990
-0.768551
0.578505
1.523779
-0.970739
0.625060
-0.715981
-1.254265
0.808366
0.538241
0.126976
0.094097
-0.442788
0.021107
-0.158429
0.317153
-0.977990
-0.768551
0.578505
1.523779
-0.970739
0.625060
-0.715981
-1.254265
0.808366
0.538241
0.126976
0.094097
-0.442788
0.021107
-0.158429
0.317153
-0.977990
-0.768551
0.578505
1.523779
-0.970739
0.625060
-0.715981
-1.254265
0.808366
0.538241
0.126976
0.094097
-0.442788
0.021107
-0.158429
0.317153
-0.977990
-0.768551
0.578505
1.523779
-0.970739
0.625060
-0.715981
-1.254265
0.808366
0.538241
0.126976
0.094097
-0.442788
0.021107
-0.158429
0.317153
-0.977990
-0.768551
0.578505
1.523779
-0.970739
0.625060
-0.715981
-1.254265
0.808366
0.538241
0.126976
0.094097
-0.442788
0.021107
-0.158429
0.317153
-0.977990
-0.768551
0.578505
1.523779
-0.970739
0.625060
-0.715981
-1.254265
0.808366
0.538241
0.126976
0.094097
-0.442788
0.021107
-0.158429
0.317153
-0.977990
-0.768551
0.578505
1.523779
-0.970739
0.625060
-0.715981
-1.254265
0.808366
0.538241
0.126976
