4.117923
-1.230787
0.421281
2.861426
-11.152932
20.778862
-18.869658
46.151493
70.939453
50.682003
24.050335
31.808054
7.204131
-35.610588
-13.028026
-4.364200
-2.981064
5.367850
-0.003221
1.324535
-18.247255
-8.786630
-37.299965
-21.830122
-43.233643
73.782867
-26.914953
22.790834
31.078466
6.075404
5.605845
-8.080343
1.309570
0.158739
1.556686
-10.519580
-18.866146
-20.173977
-4.481037
-13.228139
-38.487213
-12.864679
24.895588
33.250179
34.198105
-17.922369
15.798501
14.018489
0.782906
-8.226775
-6.908661
824.577881
291.880310
-2789.483887
-3906.759033
1113.308228
4989.405762
-2717.645752
1904.879150
-2942.543457
-3190.294678
3018.378662
2892.827148
-522.537109
6.583200
-11.601501
-1.802902
-0.177720
14.046741
5.806048
30.398994
13.278571
36.865177
-55.610710
22.377832
-19.190340
-22.117920
-6.547949
-4.823460
10.499557
-2.787177
1.615613
1.291962
0.716147
4.532480
8.851569
18.212400
19.723742
43.861851
-30.779297
19.961796
-5.673837
-14.249990
-8.573628
-3.469727
7.190753
-1.748575
-1.191890
0.460211
-2.829247
9.757473
-12.777234
8.948723
-30.243196
-41.371193
-29.919949
-11.537724
-17.316771
-3.825366
21.463049
2.862188
6.729727
-2.139147
1.302221
-1.471082
-3.683733
8.978961
-15.362129
8.311152
-36.372318
-60.266197
-29.644361
-23.360764
-19.616928
-5.168250
24.004189
8.524326
-3.145650
-0.441289
0.593875
-2.313796
9.824694
11.225335
6.094794
-0.167360
5.051349
24.890007
9.113093
-13.661442
-16.242386
-22.891161
13.305591
-5.544002
-10.003635
-3.060813
3.740010
-2.637625
-482.784576
-148.199417
1633.677979
2283.977051
-675.917114
-2920.868408
1624.129639
-1099.996216
1749.402954
1857.708984
-1793.953369
-1695.439331
319.667908
2.093472
-1.604558
0.343931
-24.617260
-7.190080
77.227631
110.069847
-35.105042
-136.845840
77.316978
-54.214458
79.058495
90.945198
-81.539658
-80.334015
14.909350
1.920794
0.788473
5.932733
-55.582653
-36.480804
178.958023
265.952820
-49.977348
-338.847260
150.070801
-140.250885
178.303558
225.648483
-178.446030
-190.241592
20.973255
-0.632842
1.297769
-4.610128
-112.444115
-16.056473
393.655884
526.256653
-191.134628
-659.861877
426.457855
-233.077438
421.725830
410.732086
-447.271637
-394.470337
101.837143
0.471206
0.079433
-0.199460
0.380417
-0.613391
0.126679
0.542312
0.711178
-1.152026
-0.784804
-0.836935
0.352188
1.500042
0.095515
-0.212268
-0.657360
0.471206
0.079433
-0.199460
0.380417
-0.613391
0.126679
0.542312
0.711178
-1.152026
-0.784804
-0.836935
0.352188
1.500042
0.095515
-0.212268
-0.657360
0.471206
0.079433
-0.199460
0.380417
-0.613391
0.126679
0.542312
0.711178
-1.152026
-0.784804
-0.836935
0.352188
1.500042
0.095515
-0.212268
-0.657360
0.471206
0.079433
-0.199460
0.380417
-0.613391
0.126679
0.542312
0.711178
-1.152026
-0.784804
-0.836935
0.352188
1.500042
0.095515
-0.212268
-0.657360
0.471206
0.079433
-0.199460
0.380417
-0.613391
0.126679
0.542312
0.711178
-1.152026
-0.784804
-0.836935
0.352188
1.500042
0.095515
-0.212268
-0.657360
0.471206
0.079433
-0.199460
0.380417
-0.613391
0.126679
0.542312
0.711178
-1.152026
-0.784804
-0.836935
0.352188
1.500042
0.095515
-0.212268
-0.657360
0.471206
0.079433
-0.199460
0.380417
-0.613391
0.126679
0.542312
0.711178
-1.152026
-0.784804
-0.836935
0.352188
1.500042
0.095515
-0.212268
-0.657360
