8.870993
-10.779976
2005.673340
-4181.709473
-12354.622070
4744.343262
-5395.449219
-2963.267822
-792.379456
-4074.273193
-980.891052
-1725.144165
-11052.535156
-5930.812988
2184.314941
-4029.620850
20.590902
-6.522009
-38.820267
10.856232
30.892433
-10.560539
-5.366582
-17.692810
11.066977
5.068371
-19.976479
14.698953
-17.741817
-9.072419
8.128309
14.409579
0.257631
2.124519
8.920794
46.567196
129.412445
-41.136833
-24.581503
-7.185785
0.005429
-32.572376
-7.117035
23.230639
-13.287068
-105.064957
0.819747
31.112860
2.302338
-0.724039
-2.941027
-30.878469
-90.083046
25.555038
17.018511
4.623841
1.971144
22.385330
5.966880
-16.469604
9.139923
71.120659
-0.224214
-20.318293
-3.668838
8.611615
-1337.063354
2845.585693
8333.735352
-3235.356689
3692.780029
2030.785278
536.447693
2767.493164
671.490906
1175.397095
7510.144043
3993.566162
-1503.431396
2704.370605
2.355152
0.068428
-158.557892
393.064911
1105.888428
-518.049438
498.938202
222.238525
102.474586
363.047211
97.807327
147.466949
1038.437500
477.633789
-157.226364
388.956665
-1.421403
0.932908
-112.317772
199.651123
633.132935
-195.650375
257.803650
159.819458
28.106180
205.460541
44.218025
84.708130
534.969543
333.279968
-114.487740
199.208328
-0.685574
-0.070300
0.041019
-0.172185
-1.224763
-0.781451
-0.111574
-0.583436
-0.415345
-0.024608
0.179452
-0.067390
-0.399505
0.001077
0.642188
0.083445
-0.685574
-0.070300
0.041019
-0.172185
-1.224763
-0.781451
-0.111574
-0.583436
-0.415345
-0.024608
0.179452
-0.067390
-0.399505
0.001077
0.642188
0.083445
-0.685574
-0.070300
0.041019
-0.172185
-1.224763
-0.781451
-0.111574
-0.583436
-0.415345
-0.024608
0.179452
-0.067390
-0.399505
0.001077
0.642188
0.083445
-0.685574
-0.070300
0.041019
-0.172185
-1.224763
-0.781451
-0.111574
-0.583436
-0.415345
-0.024608
0.179452
-0.067390
-0.399505
0.001077
0.642188
0.083445
-0.685574
-0.070300
0.041019
-0.172185
-1.224763
-0.781451
-0.111574
-0.583436
-0.415345
-0.024608
0.179452
-0.067390
-0.399505
0.001077
0.642188
0.083445
-0.685574
-0.070300
0.041019
-0.172185
-1.224763
-0.781451
-0.111574
-0.583436
-0.415345
-0.024608
0.179452
-0.067390
-0.399505
0.001077
0.642188
0.083445
-0.685574
-0.070300
0.041019
-0.172185
-1.224763
-0.781451
-0.111574
-0.583436
-0.415345
-0.024608
0.179452
-0.067390
-0.399505
0.001077
0.642188
0.083445
-0.685574
-0.070300
0.041019
-0.172185
-1.224763
-0.781451
-0.111574
-0.583436
-0.415345
-0.024608
0.179452
-0.067390
-0.399505
0.001077
0.642188
0.083445
-0.685574
-0.070300
0.041019
-0.172185
-1.224763
-0.781451
-0.111574
-0.583436
-0.415345
-0.024608
0.179452
-0.067390
-0.399505
0.001077
0.642188
0.083445
-0.685574
-0.070300
0.041019
-0.172185
-1.224763
-0.781451
-0.111574
-0.583436
-0.415345
-0.024608
0.179452
-0.067390
-0.399505
0.001077
0.642188
0.083445
-0.685574
-0.070300
0.041019
-0.172185
-1.224763
-0.781451
-0.111574
-0.583436
-0.415345
-0.024608
0.179452
-0.067390
-0.399505
0.001077
0.642188
0.083445
-0.685574
-0.070300
0.041019
-0.172185
-1.224763
-0.781451
-0.111574
-0.583436
-0.415345
-0.024608
0.179452
-0.067390
-0.399505
0.001077
0.642188
0.083445
-0.685574
-0.070300
0.041019
-0.172185
-1.224763
-0.781451
-0.111574
-0.583436
-0.415345
-0.024608
0.179452
-0.067390
-0.399505
0.001077
0.642188
0.083445
