8.583220
-11.294027
2704.554443
-4033.175049
-13798.826172
3145.571045
-4456.770508
-3204.940430
-817.625671
-4769.402344
-1018.426392
-2056.363037
-10089.576172
-7130.022461
2599.700439
-4328.881836
1.154989
4.063186
8.592140
45.724415
136.539886
-63.059429
-22.846638
-6.544418
0.822762
-39.973183
-12.900708
29.223957
-28.866243
-100.896355
4.242950
34.108963
-0.698422
-1.962406
-5.119665
-22.259129
-67.444717
29.231157
12.848428
-1.458845
2.668525
21.580452
5.445975
-14.953485
17.149750
48.483887
0.650033
-17.193573
-4.525891
5.637267
-1423.593750
1996.053101
7027.204590
-1408.582031
2222.935303
1703.829468
332.322845
2409.811035
482.617615
1050.163208
5028.695801
3772.706055
-1360.054077
2153.976318
-1.819732
1.552125
-549.644531
662.046814
2485.368652
-303.331451
716.662964
629.002197
68.562393
867.230347
149.746948
384.196198
1628.010254
1413.350342
-542.810303
716.915894
1.458710
1.593830
-104.709297
190.332092
578.360229
-185.835678
203.725418
115.866913
54.841099
198.642059
49.814106
84.750793
459.101135
266.234100
-96.117958
194.373581
2.704281
2.211539
-111.176727
270.147949
774.105408
-349.167145
301.775757
137.855042
106.082863
271.722565
83.701553
108.128777
683.096558
300.776764
-105.677979
286.352051
-0.193038
0.494234
-0.149182
-0.561572
0.837673
0.658791
-0.022871
-0.076866
-0.255288
0.153480
-0.287348
0.278481
0.051027
0.699919
-0.314106
-0.240157
-0.193038
0.494234
-0.149182
-0.561572
0.837673
0.658791
-0.022871
-0.076866
-0.255288
0.153480
-0.287348
0.278481
0.051027
0.699919
-0.314106
-0.240157
-0.193038
0.494234
-0.149182
-0.561572
0.837673
0.658791
-0.022871
-0.076866
-0.255288
0.153480
-0.287348
0.278481
0.051027
0.699919
-0.314106
-0.240157
-0.193038
0.494234
-0.149182
-0.561572
0.837673
0.658791
-0.022871
-0.076866
-0.255288
0.153480
-0.287348
0.278481
0.051027
0.699919
-0.314106
-0.240157
-0.193038
0.494234
-0.149182
-0.561572
0.837673
0.658791
-0.022871
-0.076866
-0.255288
0.153480
-0.287348
0.278481
0.051027
0.699919
-0.314106
-0.240157
-0.193038
0.494234
-0.149182
-0.561572
0.837673
0.658791
-0.022871
-0.076866
-0.255288
0.153480
-0.287348
0.278481
0.051027
0.699919
-0.314106
-0.240157
-0.193038
0.494234
-0.149182
-0.561572
0.837673
0.658791
-0.022871
-0.076866
-0.255288
0.153480
-0.287348
0.278481
0.051027
0.699919
-0.314106
-0.240157
-0.193038
0.494234
-0.149182
-0.561572
0.837673
0.658791
-0.022871
-0.076866
-0.255288
0.153480
-0.287348
0.278481
0.051027
0.699919
-0.314106
-0.240157
-0.193038
0.494234
-0.149182
-0.561572
0.837673
0.658791
-0.022871
-0.076866
-0.255288
0.153480
-0.287348
0.278481
0.051027
0.699919
-0.314106
-0.240157
-0.193038
0.494234
-0.149182
-0.561572
0.837673
0.658791
-0.022871
-0.076866
-0.255288
0.153480
-0.287348
0.278481
0.051027
0.699919
-0.314106
-0.240157
-0.193038
0.494234
-0.149182
-0.561572
0.837673
0.658791
-0.022871
-0.076866
-0.255288
0.153480
-0.287348
0.278481
0.051027
0.699919
-0.314106
-0.240157
-0.193038
0.494234
-0.149182
-0.561572
0.837673
0.658791
-0.022871
-0.076866
-0.255288
0.153480
-0.287348
0.278481
0.051027
0.699919
-0.314106
-0.240157
-0.193038
0.494234
-0.149182
-0.561572
0.837673
0.658791
-0.022871
-0.076866
-0.255288
0.153480
-0.287348
0.278481
0.051027
0.699919
-0.314106
-0.240157
