-4.920340
-8.118629
-1.274272
-44.830746
6.022015
29.383451
17.445669
2.242937
-12.896990
11.775241
-7.484116
-26.291897
13.509070
-12.324496
-16.609507
7.400995
-2.193534
1.096555
41.014797
5.986605
-10.590048
-125.746559
-9.160803
17.612640
-29.368591
-11.645039
19.027885
15.706268
-90.858841
-3.158164
27.982430
4.908419
8.129842
5.303770
3937.159668
981.304565
-6645.346191
-9824.935547
1620.214722
-4602.969727
3258.832764
-1902.355103
1261.496948
-1275.023315
2961.899658
-10266.082031
4091.669189
791.981934
-0.557627
0.074147
-32.732697
-3.134206
7.181810
106.991707
9.503972
-13.968813
22.992210
9.897039
-16.649788
-12.790389
77.920135
4.609674
-25.939383
-7.953022
-1.708033
-0.744905
-106.319878
-117.274193
-15.201909
453.544830
-156.964386
103.365601
-143.875137
-15.076764
-68.007484
14.154243
-329.733978
251.014252
-111.785812
-116.909492
2.416968
0.397401
-157.745026
70.773636
477.279694
160.011902
62.594173
197.677216
-63.046650
147.341110
-9.178035
79.529961
166.750320
424.755096
-154.219223
74.508965
-5.964632
-4.968460
-3410.503418
-831.450806
5810.288086
8486.271484
-1377.873901
4001.903809
-2814.466064
1665.926758
-1090.062256
1111.124146
-2516.961914
8912.201172
-3554.162354
-662.860535
-0.342134
-0.029574
0.634507
0.923919
0.693997
-2.258065
0.712226
-0.494660
0.562685
-0.118799
0.125427
0.021429
1.474974
-1.095594
0.297181
0.705810
-0.342134
-0.029574
0.634507
0.923919
0.693997
-2.258065
0.712226
-0.494660
0.562685
-0.118799
0.125427
0.021429
1.474974
-1.095594
0.297181
0.705810
-0.342134
-0.029574
0.634507
0.923919
0.693997
-2.258065
0.712226
-0.494660
0.562685
-0.118799
0.125427
0.021429
1.474974
-1.095594
0.297181
0.705810
-0.342134
-0.029574
0.634507
0.923919
0.693997
-2.258065
0.712226
-0.494660
0.562685
-0.118799
0.125427
0.021429
1.474974
-1.095594
0.297181
0.705810
-0.342134
-0.029574
0.634507
0.923919
0.693997
-2.258065
0.712226
-0.494660
0.562685
-0.118799
0.125427
0.021429
1.474974
-1.095594
0.297181
0.705810
-0.342134
-0.029574
0.634507
0.923919
0.693997
-2.258065
0.712226
-0.494660
0.562685
-0.118799
0.125427
0.021429
1.474974
-1.095594
0.297181
0.705810
-0.342134
-0.029574
0.634507
0.923919
0.693997
-2.258065
0.712226
-0.494660
0.562685
-0.118799
0.125427
0.021429
1.474974
-1.095594
0.297181
0.705810
-0.342134
-0.029574
0.634507
0.923919
0.693997
-2.258065
0.712226
-0.494660
0.562685
-0.118799
0.125427
0.021429
1.474974
-1.095594
0.297181
0.705810
-0.342134
-0.029574
0.634507
0.923919
0.693997
-2.258065
0.712226
-0.494660
0.562685
-0.118799
0.125427
0.021429
1.474974
-1.095594
0.297181
0.705810
-0.342134
-0.029574
0.634507
0.923919
0.693997
-2.258065
0.712226
-0.494660
0.562685
-0.118799
0.125427
0.021429
1.474974
-1.095594
0.297181
0.705810
-0.342134
-0.029574
0.634507
0.923919
0.693997
-2.258065
0.712226
-0.494660
0.562685
-0.118799
0.125427
0.021429
1.474974
-1.095594
0.297181
0.705810
-0.342134
-0.029574
0.634507
0.923919
0.693997
-2.258065
0.712226
-0.494660
0.562685
-0.118799
0.125427
0.021429
1.474974
-1.095594
0.297181
0.705810
-0.342134
-0.029574
0.634507
0.923919
0.693997
-2.258065
0.712226
-0.494660
0.562685
-0.118799
0.125427
0.021429
1.474974
-1.095594
0.297181
0.705810
