8.758626
6.777995
26.954039
41.520401
-22.098820
-7.562469
-9.278316
13.891541
-7.793984
3.009962
17.764357
24.425257
1.845922
17.997858
3.810644
1.923611
17.624306
-5.492222
3344.227051
-1928.882568
-12511.710938
-4462.671387
-1602.692749
-4926.360840
1223.106079
-3742.788818
218.148575
-1825.277832
-4220.207031
-10544.959961
3750.694336
-2064.805908
2.116400
1.696657
19.292139
25.028561
74.807030
-120.413467
-16.614237
9.111929
-12.578992
-24.781315
6.243676
19.733673
-73.032280
-63.968636
12.375742
24.284983
0.655509
3.975241
-7.421887
-13.501075
-46.955307
68.794785
11.479406
-2.118236
8.261474
15.103832
-2.226107
-10.827017
45.465942
39.468307
-6.964879
-13.082593
-11.654313
4.616727
-1916.118530
1040.251343
7533.415527
2605.023926
957.951294
2917.724365
-728.337036
2179.536377
-135.489120
1066.303833
2505.079834
6235.787598
-2190.682129
1178.289795
0.602379
-1.682134
-295.648590
8.836120
754.504578
441.302002
25.494171
347.910156
-166.078064
218.162125
-61.929523
109.394768
93.848137
767.171631
-303.074707
43.448032
-2.504431
1.540865
-302.819092
319.974030
1683.225952
429.794739
281.444946
600.243591
-70.400154
478.976379
16.015558
220.006851
705.742615
1263.160278
-397.287689
327.883636
-0.916767
-0.117107
-0.893394
-0.421553
2.409098
3.164515
-0.441675
1.355339
-1.164747
0.686558
-0.325296
0.414344
-1.018202
3.127208
-1.139543
-0.557831
-0.916767
-0.117107
-0.893394
-0.421553
2.409098
3.164515
-0.441675
1.355339
-1.164747
0.686558
-0.325296
0.414344
-1.018202
3.127208
-1.139543
-0.557831
-0.916767
-0.117107
-0.893394
-0.421553
2.409098
3.164515
-0.441675
1.355339
-1.164747
0.686558
-0.325296
0.414344
-1.018202
3.127208
-1.139543
-0.557831
-0.916767
-0.117107
-0.893394
-0.421553
2.409098
3.164515
-0.441675
1.355339
-1.164747
0.686558
-0.325296
0.414344
-1.018202
3.127208
-1.139543
-0.557831
-0.916767
-0.117107
-0.893394
-0.421553
2.409098
3.164515
-0.441675
1.355339
-1.164747
0.686558
-0.325296
0.414344
-1.018202
3.127208
-1.139543
-0.557831
-0.916767
-0.117107
-0.893394
-0.421553
2.409098
3.164515
-0.441675
1.355339
-1.164747
0.686558
-0.325296
0.414344
-1.018202
3.127208
-1.139543
-0.557831
-0.916767
-0.117107
-0.893394
-0.421553
2.409098
3.164515
-0.441675
1.355339
-1.164747
0.686558
-0.325296
0.414344
-1.018202
3.127208
-1.139543
-0.557831
-0.916767
-0.117107
-0.893394
-0.421553
2.409098
3.164515
-0.441675
1.355339
-1.164747
0.686558
-0.325296
0.414344
-1.018202
3.127208
-1.139543
-0.557831
-0.916767
-0.117107
-0.893394
-0.421553
2.409098
3.164515
-0.441675
1.355339
-1.164747
0.686558
-0.325296
0.414344
-1.018202
3.127208
-1.139543
-0.557831
-0.916767
-0.117107
-0.893394
-0.421553
2.409098
3.164515
-0.441675
1.355339
-1.164747
0.686558
-0.325296
0.414344
-1.018202
3.127208
-1.139543
-0.557831
-0.916767
-0.117107
-0.893394
-0.421553
2.409098
3.164515
-0.441675
1.355339
-1.164747
0.686558
-0.325296
0.414344
-1.018202
3.127208
-1.139543
-0.557831
-0.916767
-0.117107
-0.893394
-0.421553
2.409098
3.164515
-0.441675
1.355339
-1.164747
0.686558
-0.325296
0.414344
-1.018202
3.127208
-1.139543
-0.557831
-0.916767
-0.117107
-0.893394
-0.421553
2.409098
3.164515
-0.441675
1.355339
-1.164747
0.686558
-0.325296
0.414344
-1.018202
3.127208
-1.139543
-0.557831
