-16.950205
-7.766066
-4364.143555
-2356.748535
4798.389160
13468.992188
-3156.038574
4930.102539
-4276.902832
1222.552979
-1971.078369
953.442871
-6443.322754
11005.040039
-4437.484863
-2199.839600
-0.457657
-0.577543
-46.341553
10.502485
44.348377
142.256683
4.994081
-23.745575
31.536175
4.345274
-23.736847
-8.095095
102.019646
-20.005344
-33.971107
-0.210653
2.095589
1.027950
19.074980
-4.052882
-19.354259
-50.664551
-0.633914
8.986320
-12.860006
-1.262384
8.617343
4.219614
-40.498089
4.638288
11.704966
-1.763853
7.298961
1.929698
1652.528809
818.915833
-1947.731689
-4954.858398
1116.338013
-1872.396851
1575.081665
-505.696869
720.571960
-379.142151
2272.868652
-4167.977051
1674.301147
764.589661
-1.702757
2.341168
253.891113
182.132599
-193.517181
-876.342407
234.765793
-282.844727
278.820038
-40.271408
129.919418
-46.662682
488.871857
-636.016846
260.709015
172.810837
2.998686
1.076025
207.263977
149.569595
-155.417618
-710.780090
194.733368
-230.801422
225.171234
-36.148270
104.568214
-38.841129
392.111420
-517.805054
211.275665
139.792664
4.308401
0.417106
1222.131226
590.026184
-1488.722046
-3616.524170
797.039429
-1388.794312
1154.384644
-391.123413
528.473083
-284.444397
1614.277832
-3100.626221
1245.637085
540.691345
-0.020196
-0.206690
0.046634
1.088198
0.888222
-2.310081
1.004667
-0.351765
1.106412
-0.188615
0.687940
-0.334053
2.016214
-0.495903
0.514164
1.221489
-0.020196
-0.206690
0.046634
1.088198
0.888222
-2.310081
1.004667
-0.351765
1.106412
-0.188615
0.687940
-0.334053
2.016214
-0.495903
0.514164
1.221489
-0.020196
-0.206690
0.046634
1.088198
0.888222
-2.310081
1.004667
-0.351765
1.106412
-0.188615
0.687940
-0.334053
2.016214
-0.495903
0.514164
1.221489
-0.020196
-0.206690
0.046634
1.088198
0.888222
-2.310081
1.004667
-0.351765
1.106412
-0.188615
0.687940
-0.334053
2.016214
-0.495903
0.514164
1.221489
-0.020196
-0.206690
0.046634
1.088198
0.888222
-2.310081
1.004667
-0.351765
1.106412
-0.188615
0.687940
-0.334053
2.016214
-0.495903
0.514164
1.221489
-0.020196
-0.206690
0.046634
1.088198
0.888222
-2.310081
1.004667
-0.351765
1.106412
-0.188615
0.687940
-0.334053
2.016214
-0.495903
0.514164
1.221489
-0.020196
-0.206690
0.046634
1.088198
0.888222
-2.310081
1.004667
-0.351765
1.106412
-0.188615
0.687940
-0.334053
2.016214
-0.495903
0.514164
1.221489
-0.020196
-0.206690
0.046634
1.088198
0.888222
-2.310081
1.004667
-0.351765
1.106412
-0.188615
0.687940
-0.334053
2.016214
-0.495903
0.514164
1.221489
-0.020196
-0.206690
0.046634
1.088198
0.888222
-2.310081
1.004667
-0.351765
1.106412
-0.188615
0.687940
-0.334053
2.016214
-0.495903
0.514164
1.221489
-0.020196
-0.206690
0.046634
1.088198
0.888222
-2.310081
1.004667
-0.351765
1.106412
-0.188615
0.687940
-0.334053
2.016214
-0.495903
0.514164
1.221489
-0.020196
-0.206690
0.046634
1.088198
0.888222
-2.310081
1.004667
-0.351765
1.106412
-0.188615
0.687940
-0.334053
2.016214
-0.495903
0.514164
1.221489
-0.020196
-0.206690
0.046634
1.088198
0.888222
-2.310081
1.004667
-0.351765
1.106412
-0.188615
0.687940
-0.334053
2.016214
-0.495903
0.514164
1.221489
-0.020196
-0.206690
0.046634
1.088198
0.888222
-2.310081
1.004667
-0.351765
1.106412
-0.188615
0.687940
-0.334053
2.016214
-0.495903
0.514164
1.221489
