12.433778
-9.085570
3104.770752
-3250.499512
-12949.004883
737.110046
-3153.721191
-3951.007568
6.843849
-3925.494873
-380.265228
-1995.553833
-7558.312500
-8776.157227
3101.570557
-3444.727295
-0.985406
-1.048204
16.923735
40.685295
114.151176
-80.815941
-19.375412
-0.115036
-4.142942
-28.865284
-0.771309
26.807407
-49.810677
-85.743599
10.523846
32.325253
-1.520848
0.701963
-12.519186
-25.566414
-73.149223
44.801250
11.962275
-2.556092
3.902606
18.680056
-0.772916
-16.445242
30.453568
54.678436
-3.362471
-17.394169
-10.484258
6.762765
-1929.124268
2158.148193
8321.334961
-759.276367
2120.317871
2473.138672
80.025238
2527.031006
291.217987
1278.560913
5067.489746
5482.810547
-1922.983398
2293.029297
-1.140938
1.011978
-115.676529
91.491577
418.004089
21.266811
86.419548
137.821121
-13.619479
126.080482
5.415881
63.543404
206.032166
313.197601
-112.701103
98.975060
2.076032
0.129471
-224.490524
50.603180
575.193420
347.393188
17.717060
261.313141
-112.566643
169.351563
-41.063984
95.127922
67.815445
592.138916
-231.615875
52.921883
-0.546763
-0.605753
-178.700394
446.562775
1256.115723
-580.974060
470.434387
269.823517
155.684372
389.169617
115.870567
182.621674
1096.748291
572.944519
-173.195908
461.411438
0.269946
-0.178306
-1.462844
0.427157
2.275112
2.021129
-0.520715
1.370269
-0.817834
0.752588
-0.080968
1.133603
-0.226930
3.892016
-1.184480
0.205684
0.269946
-0.178306
-1.462844
0.427157
2.275112
2.021129
-0.520715
1.370269
-0.817834
0.752588
-0.080968
1.133603
-0.226930
3.892016
-1.184480
0.205684
0.269946
-0.178306
-1.462844
0.427157
2.275112
2.021129
-0.520715
1.370269
-0.817834
0.752588
-0.080968
1.133603
-0.226930
3.892016
-1.184480
0.205684
0.269946
-0.178306
-1.462844
0.427157
2.275112
2.021129
-0.520715
1.370269
-0.817834
0.752588
-0.080968
1.133603
-0.226930
3.892016
-1.184480
0.205684
0.269946
-0.178306
-1.462844
0.427157
2.275112
2.021129
-0.520715
1.370269
-0.817834
0.752588
-0.080968
1.133603
-0.226930
3.892016
-1.184480
0.205684
0.269946
-0.178306
-1.462844
0.427157
2.275112
2.021129
-0.520715
1.370269
-0.817834
0.752588
-0.080968
1.133603
-0.226930
3.892016
-1.184480
0.205684
0.269946
-0.178306
-1.462844
0.427157
2.275112
2.021129
-0.520715
1.370269
-0.817834
0.752588
-0.080968
1.133603
-0.226930
3.892016
-1.184480
0.205684
0.269946
-0.178306
-1.462844
0.427157
2.275112
2.021129
-0.520715
1.370269
-0.817834
0.752588
-0.080968
1.133603
-0.226930
3.892016
-1.184480
0.205684
0.269946
-0.178306
-1.462844
0.427157
2.275112
2.021129
-0.520715
1.370269
-0.817834
0.752588
-0.080968
1.133603
-0.226930
3.892016
-1.184480
0.205684
0.269946
-0.178306
-1.462844
0.427157
2.275112
2.021129
-0.520715
1.370269
-0.817834
0.752588
-0.080968
1.133603
-0.226930
3.892016
-1.184480
0.205684
0.269946
-0.178306
-1.462844
0.427157
2.275112
2.021129
-0.520715
1.370269
-0.817834
0.752588
-0.080968
1.133603
-0.226930
3.892016
-1.184480
0.205684
0.269946
-0.178306
-1.462844
0.427157
2.275112
2.021129
-0.520715
1.370269
-0.817834
0.752588
-0.080968
1.133603
-0.226930
3.892016
-1.184480
0.205684
0.269946
-0.178306
-1.462844
0.427157
2.275112
2.021129
-0.520715
1.370269
-0.817834
0.752588
-0.080968
1.133603
-0.226930
3.892016
-1.184480
0.205684
