-2.629382
2.209840
37.584759
-99.116936
-113.717789
102.221771
121.738441
70.289551
20.920818
-74.587341
-165.666016
-3.377637
-35.693024
223.399246
-52.321220
-142.511047
-73.386673
23.746361
631.790649
11209.584961
14579.908203
711.434204
32188.689453
11604.990234
-4117.729492
-8810.564453
-13426.941406
1196.046021
25954.099609
4954.318359
-15292.206055
15155.877930
31.870462
-10.455130
-182.018524
-4847.940918
-6264.035156
-400.575928
-13739.393555
-5261.617676
1695.476929
3810.808594
5793.001953
-415.866211
-11095.391602
-2332.453613
6689.207520
-6389.666992
4.312058
-2.312265
-76.581451
-468.150879
-624.495056
35.087410
-1416.005249
-341.827637
214.089874
355.455048
562.307373
-109.411926
-1123.335083
-93.956680
573.219238
-705.343567
15.815308
-2.999984
-25.496212
-2572.656982
-3335.278320
-331.675842
-7266.783203
-2997.233398
850.127258
2073.380615
3102.256592
-125.869545
-5928.888184
-1420.056885
3687.328125
-3325.540527
3.304357
-3.969886
-126.891739
-737.337097
-978.678772
54.387600
-2233.357178
-537.677002
343.187897
559.922852
879.807739
-180.526291
-1763.628296
-136.596970
912.712097
-1124.347290
-0.289842
0.059673
1.946694
-2.638818
-3.137909
-2.542790
-4.766124
-7.251436
-0.548093
2.428108
2.875206
1.751284
-4.637497
-5.012202
5.625723
-0.502074
-0.289842
0.059673
1.946694
-2.638818
-3.137909
-2.542790
-4.766124
-7.251436
-0.548093
2.428108
2.875206
1.751284
-4.637497
-5.012202
5.625723
-0.502074
-0.289842
0.059673
1.946694
-2.638818
-3.137909
-2.542790
-4.766124
-7.251436
-0.548093
2.428108
2.875206
1.751284
-4.637497
-5.012202
5.625723
-0.502074
-0.289842
0.059673
1.946694
-2.638818
-3.137909
-2.542790
-4.766124
-7.251436
-0.548093
2.428108
2.875206
1.751284
-4.637497
-5.012202
5.625723
-0.502074
-0.289842
0.059673
1.946694
-2.638818
-3.137909
-2.542790
-4.766124
-7.251436
-0.548093
2.428108
2.875206
1.751284
-4.637497
-5.012202
5.625723
-0.502074
-0.289842
0.059673
1.946694
-2.638818
-3.137909
-2.542790
-4.766124
-7.251436
-0.548093
2.428108
2.875206
1.751284
-4.637497
-5.012202
5.625723
-0.502074
-0.289842
0.059673
1.946694
-2.638818
-3.137909
-2.542790
-4.766124
-7.251436
-0.548093
2.428108
2.875206
1.751284
-4.637497
-5.012202
5.625723
-0.502074
-0.289842
0.059673
1.946694
-2.638818
-3.137909
-2.542790
-4.766124
-7.251436
-0.548093
2.428108
2.875206
1.751284
-4.637497
-5.012202
5.625723
-0.502074
-0.289842
0.059673
1.946694
-2.638818
-3.137909
-2.542790
-4.766124
-7.251436
-0.548093
2.428108
2.875206
1.751284
-4.637497
-5.012202
5.625723
-0.502074
-0.289842
0.059673
1.946694
-2.638818
-3.137909
-2.542790
-4.766124
-7.251436
-0.548093
2.428108
2.875206
1.751284
-4.637497
-5.012202
5.625723
-0.502074
-0.289842
0.059673
1.946694
-2.638818
-3.137909
-2.542790
-4.766124
-7.251436
-0.548093
2.428108
2.875206
1.751284
-4.637497
-5.012202
5.625723
-0.502074
-0.289842
0.059673
1.946694
-2.638818
-3.137909
-2.542790
-4.766124
-7.251436
-0.548093
2.428108
2.875206
1.751284
-4.637497
-5.012202
5.625723
-0.502074
-0.289842
0.059673
1.946694
-2.638818
-3.137909
-2.542790
-4.766124
-7.251436
-0.548093
2.428108
2.875206
1.751284
-4.637497
-5.012202
5.625723
-0.502074
-0.289842
0.059673
1.946694
-2.638818
-3.137909
-2.542790
-4.766124
-7.251436
-0.548093
2.428108
2.875206
1.751284
-4.637497
-5.012202
5.625723
-0.502074
