2.265065
0.664235
-101.399025
38.934608
140.947647
7.315578
-49.707893
-137.406906
-61.351532
37.148743
115.102051
124.887367
170.588486
-131.813263
-57.596119
134.230545
37.205959
-68.610184
-8850.458008
-7302.784668
-10025.162109
8812.708008
-31199.744141
13542.360352
8520.215820
3290.342529
8220.958008
-10803.356445
-21562.880859
14497.181641
169.810410
-21142.515625
-14.067828
27.906681
3683.934814
2856.743896
3965.362305
-3678.011719
12490.562500
-5870.585449
-3503.019043
-1258.937134
-3214.913330
4459.850586
8558.719727
-6094.395996
179.933960
8579.814453
-2.217431
3.271465
357.581635
404.052490
523.673950
-349.138336
1541.358521
-432.392151
-378.606323
-203.530533
-458.830017
443.746033
1101.161499
-539.862427
-147.058228
982.975342
-1.821886
5.576227
515.872803
556.687012
736.303467
-483.556732
2162.159912
-602.467651
-523.597900
-291.256073
-629.265381
635.131592
1536.966309
-752.923584
-208.130234
1384.301636
-6.609333
17.993486
2294.493164
1673.427368
2356.890137
-2329.410645
7528.947266
-3783.395752
-2151.347656
-681.485474
-1875.254150
2809.654053
5143.920410
-3921.950928
271.388580
5233.915039
0.371698
-0.960071
-0.057060
1.039979
1.723279
0.233902
4.043396
1.808196
-0.698080
-1.359309
-1.936005
0.349685
4.228274
0.384732
-1.896126
2.439452
0.371698
-0.960071
-0.057060
1.039979
1.723279
0.233902
4.043396
1.808196
-0.698080
-1.359309
-1.936005
0.349685
4.228274
0.384732
-1.896126
2.439452
0.371698
-0.960071
-0.057060
1.039979
1.723279
0.233902
4.043396
1.808196
-0.698080
-1.359309
-1.936005
0.349685
4.228274
0.384732
-1.896126
2.439452
0.371698
-0.960071
-0.057060
1.039979
1.723279
0.233902
4.043396
1.808196
-0.698080
-1.359309
-1.936005
0.349685
4.228274
0.384732
-1.896126
2.439452
0.371698
-0.960071
-0.057060
1.039979
1.723279
0.233902
4.043396
1.808196
-0.698080
-1.359309
-1.936005
0.349685
4.228274
0.384732
-1.896126
2.439452
0.371698
-0.960071
-0.057060
1.039979
1.723279
0.233902
4.043396
1.808196
-0.698080
-1.359309
-1.936005
0.349685
4.228274
0.384732
-1.896126
2.439452
0.371698
-0.960071
-0.057060
1.039979
1.723279
0.233902
4.043396
1.808196
-0.698080
-1.359309
-1.936005
0.349685
4.228274
0.384732
-1.896126
2.439452
0.371698
-0.960071
-0.057060
1.039979
1.723279
0.233902
4.043396
1.808196
-0.698080
-1.359309
-1.936005
0.349685
4.228274
0.384732
-1.896126
2.439452
0.371698
-0.960071
-0.057060
1.039979
1.723279
0.233902
4.043396
1.808196
-0.698080
-1.359309
-1.936005
0.349685
4.228274
0.384732
-1.896126
2.439452
0.371698
-0.960071
-0.057060
1.039979
1.723279
0.233902
4.043396
1.808196
-0.698080
-1.359309
-1.936005
0.349685
4.228274
0.384732
-1.896126
2.439452
0.371698
-0.960071
-0.057060
1.039979
1.723279
0.233902
4.043396
1.808196
-0.698080
-1.359309
-1.936005
0.349685
4.228274
0.384732
-1.896126
2.439452
0.371698
-0.960071
-0.057060
1.039979
1.723279
0.233902
4.043396
1.808196
-0.698080
-1.359309
-1.936005
0.349685
4.228274
0.384732
-1.896126
2.439452
0.371698
-0.960071
-0.057060
1.039979
1.723279
0.233902
4.043396
1.808196
-0.698080
-1.359309
-1.936005
0.349685
4.228274
0.384732
-1.896126
2.439452
0.371698
-0.960071
-0.057060
1.039979
1.723279
0.233902
4.043396
1.808196
-0.698080
-1.359309
-1.936005
0.349685
4.228274
0.384732
-1.896126
2.439452
