-27.905231
-9.765078
-597.737671
-164.569763
3733.564209
-910.793579
1671.696289
7201.744141
-5062.793457
12269.059570
-3783.414795
2733.286133
6582.297363
-2000.133911
-5112.665039
-3027.301758
3.365722
-3.627746
-4.934111
-0.218497
-39.423119
15.079275
28.030333
-14.653660
51.762642
86.396729
-46.318806
-28.460030
-38.659088
49.725945
-39.531113
1.169212
0.461985
-2.391701
2.750733
-0.231250
28.507565
-9.965036
-18.764614
10.563418
-36.657238
-60.057701
28.972816
20.477833
26.963511
-33.995850
26.909430
-0.882086
19.544733
10.325557
420.421661
117.755844
-2569.900879
651.984131
-1169.163940
-4936.810059
3371.525635
-8462.373047
2549.366699
-1909.002319
-4541.125977
1407.887329
3510.059326
2042.815918
2.119082
-1.506120
47.126633
2.321047
-285.080994
119.622871
-237.191559
-563.026367
274.202850
-1058.442505
290.411804
-265.863861
-499.378937
246.185547
465.949921
183.713882
3.150163
-0.195393
13.693691
-1.725779
-112.855675
34.522217
-59.741325
-215.747040
142.710999
-382.477753
113.819572
-90.829300
-195.355011
74.084679
161.061142
85.103645
0.677494
-1.484512
22.548506
13.042059
-157.608658
1.787754
-7.900752
-302.768066
310.272583
-449.063751
177.361893
-74.157341
-273.654175
22.721386
180.882935
163.752533
-0.463761
-0.202142
-0.083251
0.338243
-0.694312
-0.549790
0.996970
-1.815278
3.354017
-1.690257
1.116095
0.186269
-1.944810
-1.051237
0.303568
2.186658
-0.463761
-0.202142
-0.083251
0.338243
-0.694312
-0.549790
0.996970
-1.815278
3.354017
-1.690257
1.116095
0.186269
-1.944810
-1.051237
0.303568
2.186658
-0.463761
-0.202142
-0.083251
0.338243
-0.694312
-0.549790
0.996970
-1.815278
3.354017
-1.690257
1.116095
0.186269
-1.944810
-1.051237
0.303568
2.186658
-0.463761
-0.202142
-0.083251
0.338243
-0.694312
-0.549790
0.996970
-1.815278
3.354017
-1.690257
1.116095
0.186269
-1.944810
-1.051237
0.303568
2.186658
-0.463761
-0.202142
-0.083251
0.338243
-0.694312
-0.549790
0.996970
-1.815278
3.354017
-1.690257
1.116095
0.186269
-1.944810
-1.051237
0.303568
2.186658
-0.463761
-0.202142
-0.083251
0.338243
-0.694312
-0.549790
0.996970
-1.815278
3.354017
-1.690257
1.116095
0.186269
-1.944810
-1.051237
0.303568
2.186658
-0.463761
-0.202142
-0.083251
0.338243
-0.694312
-0.549790
0.996970
-1.815278
3.354017
-1.690257
1.116095
0.186269
-1.944810
-1.051237
0.303568
2.186658
-0.463761
-0.202142
-0.083251
0.338243
-0.694312
-0.549790
0.996970
-1.815278
3.354017
-1.690257
1.116095
0.186269
-1.944810
-1.051237
0.303568
2.186658
-0.463761
-0.202142
-0.083251
0.338243
-0.694312
-0.549790
0.996970
-1.815278
3.354017
-1.690257
1.116095
0.186269
-1.944810
-1.051237
0.303568
2.186658
-0.463761
-0.202142
-0.083251
0.338243
-0.694312
-0.549790
0.996970
-1.815278
3.354017
-1.690257
1.116095
0.186269
-1.944810
-1.051237
0.303568
2.186658
-0.463761
-0.202142
-0.083251
0.338243
-0.694312
-0.549790
0.996970
-1.815278
3.354017
-1.690257
1.116095
0.186269
-1.944810
-1.051237
0.303568
2.186658
-0.463761
-0.202142
-0.083251
0.338243
-0.694312
-0.549790
0.996970
-1.815278
3.354017
-1.690257
1.116095
0.186269
-1.944810
-1.051237
0.303568
2.186658
-0.463761
-0.202142
-0.083251
0.338243
-0.694312
-0.549790
0.996970
-1.815278
3.354017
-1.690257
1.116095
0.186269
-1.944810
-1.051237
0.303568
2.186658
