-24.753683
-2.775212
-703.991089
-99.034637
3278.741455
-2226.700928
2906.370117
5688.187500
-25.838888
13334.220703
-2456.474121
3450.189209
6290.311035
-5034.842285
-5869.094727
-1617.341187
0.694892
-0.092392
-8.125529
-0.011039
-40.167549
4.478864
25.816875
-7.067256
15.092748
102.634323
-35.290852
-39.225586
-60.125500
35.163616
-41.988949
-7.062128
-1.237547
-4.028413
1.558051
0.746393
32.998791
-4.467797
-21.638895
3.758143
-11.667431
-78.116150
23.892366
29.615328
42.376141
-26.298290
31.739929
7.349316
19.705595
0.462157
522.540955
65.460594
-2439.903076
1666.974609
-2179.883545
-4242.683594
-28.082039
-9971.385742
1819.682129
-2579.154541
-4689.718750
3788.573975
4389.082520
1209.610596
-2.279991
0.889949
56.816547
1.424702
-225.848572
203.827225
-275.479156
-398.057312
-129.177231
-999.918030
150.296158
-285.117096
-420.456177
436.286346
455.699127
56.059769
0.653519
2.331102
40.131130
14.674864
-201.607132
88.860542
-103.080475
-340.194580
139.151657
-724.878418
167.849808
-163.243576
-389.711945
208.354340
301.504883
145.069290
0.017705
-0.223150
-0.298373
-0.170317
-1.051255
-0.178847
0.275460
-1.596848
2.432331
-2.796119
1.098272
-0.379666
-2.399094
-0.205880
1.070666
1.475041
0.017705
-0.223150
-0.298373
-0.170317
-1.051255
-0.178847
0.275460
-1.596848
2.432331
-2.796119
1.098272
-0.379666
-2.399094
-0.205880
1.070666
1.475041
0.017705
-0.223150
-0.298373
-0.170317
-1.051255
-0.178847
0.275460
-1.596848
2.432331
-2.796119
1.098272
-0.379666
-2.399094
-0.205880
1.070666
1.475041
0.017705
-0.223150
-0.298373
-0.170317
-1.051255
-0.178847
0.275460
-1.596848
2.432331
-2.796119
1.098272
-0.379666
-2.399094
-0.205880
1.070666
1.475041
0.017705
-0.223150
-0.298373
-0.170317
-1.051255
-0.178847
0.275460
-1.596848
2.432331
-2.796119
1.098272
-0.379666
-2.399094
-0.205880
1.070666
1.475041
0.017705
-0.223150
-0.298373
-0.170317
-1.051255
-0.178847
0.275460
-1.596848
2.432331
-2.796119
1.098272
-0.379666
-2.399094
-0.205880
1.070666
1.475041
0.017705
-0.223150
-0.298373
-0.170317
-1.051255
-0.178847
0.275460
-1.596848
2.432331
-2.796119
1.098272
-0.379666
-2.399094
-0.205880
1.070666
1.475041
0.017705
-0.223150
-0.298373
-0.170317
-1.051255
-0.178847
0.275460
-1.596848
2.432331
-2.796119
1.098272
-0.379666
-2.399094
-0.205880
1.070666
1.475041
0.017705
-0.223150
-0.298373
-0.170317
-1.051255
-0.178847
0.275460
-1.596848
2.432331
-2.796119
1.098272
-0.379666
-2.399094
-0.205880
1.070666
1.475041
0.017705
-0.223150
-0.298373
-0.170317
-1.051255
-0.178847
0.275460
-1.596848
2.432331
-2.796119
1.098272
-0.379666
-2.399094
-0.205880
1.070666
1.475041
0.017705
-0.223150
-0.298373
-0.170317
-1.051255
-0.178847
0.275460
-1.596848
2.432331
-2.796119
1.098272
-0.379666
-2.399094
-0.205880
1.070666
1.475041
0.017705
-0.223150
-0.298373
-0.170317
-1.051255
-0.178847
0.275460
-1.596848
2.432331
-2.796119
1.098272
-0.379666
-2.399094
-0.205880
1.070666
1.475041
0.017705
-0.223150
-0.298373
-0.170317
-1.051255
-0.178847
0.275460
-1.596848
2.432331
-2.796119
1.098272
-0.379666
-2.399094
-0.205880
1.070666
1.475041
0.017705
-0.223150
-0.298373
-0.170317
-1.051255
-0.178847
0.275460
-1.596848
2.432331
-2.796119
1.098272
-0.379666
-2.399094
-0.205880
1.070666
1.475041
