-0.383621
-33.358070
103.806343
-789.881897
2899.956543
4005.548340
-6244.165039
3590.547119
-14367.751953
489.053009
-3440.768311
-2809.726563
5494.487793
7044.143066
1027.807739
-6433.112793
-0.673101
0.495802
-0.417394
9.700323
-0.677225
53.772560
-8.747588
-30.465511
108.133369
-17.271145
-39.107098
39.149639
40.242630
66.379524
-13.020356
42.025997
1.978528
12.082085
-7.839828
229.078949
-982.357483
-1313.770386
2049.644531
-1183.843994
4780.775879
-190.786316
1157.881104
896.499573
-1846.086792
-2357.768311
-290.153900
2123.690186
-2.744506
9.954670
-44.919086
272.213470
-899.157959
-1242.739380
1947.004517
-1146.361206
4452.882813
-168.521774
1069.186890
905.871460
-1712.913452
-2159.146973
-330.662079
2022.486328
0.526354
1.757244
-12.865874
39.732811
-117.172821
-200.675095
311.543976
-146.341125
668.983826
33.861607
146.164703
148.775345
-227.522827
-348.484070
-77.676682
301.078674
-2.598325
2.668479
-10.109128
52.152927
-173.349335
-281.076660
431.279907
-215.382797
969.168030
27.898336
219.557465
197.065857
-343.125610
-497.836792
-98.508263
420.383850
0.742886
0.061992
0.602999
0.184504
-0.049673
-1.425410
1.495073
0.183489
2.739042
2.182027
0.335697
0.685911
0.248535
-1.998448
-0.958964
0.841411
0.742886
0.061992
0.602999
0.184504
-0.049673
-1.425410
1.495073
0.183489
2.739042
2.182027
0.335697
0.685911
0.248535
-1.998448
-0.958964
0.841411
0.742886
0.061992
0.602999
0.184504
-0.049673
-1.425410
1.495073
0.183489
2.739042
2.182027
0.335697
0.685911
0.248535
-1.998448
-0.958964
0.841411
0.742886
0.061992
0.602999
0.184504
-0.049673
-1.425410
1.495073
0.183489
2.739042
2.182027
0.335697
0.685911
0.248535
-1.998448
-0.958964
0.841411
0.742886
0.061992
0.602999
0.184504
-0.049673
-1.425410
1.495073
0.183489
2.739042
2.182027
0.335697
0.685911
0.248535
-1.998448
-0.958964
0.841411
0.742886
0.061992
0.602999
0.184504
-0.049673
-1.425410
1.495073
0.183489
2.739042
2.182027
0.335697
0.685911
0.248535
-1.998448
-0.958964
0.841411
0.742886
0.061992
0.602999
0.184504
-0.049673
-1.425410
1.495073
0.183489
2.739042
2.182027
0.335697
0.685911
0.248535
-1.998448
-0.958964
0.841411
0.742886
0.061992
0.602999
0.184504
-0.049673
-1.425410
1.495073
0.183489
2.739042
2.182027
0.335697
0.685911
0.248535
-1.998448
-0.958964
0.841411
0.742886
0.061992
0.602999
0.184504
-0.049673
-1.425410
1.495073
0.183489
2.739042
2.182027
0.335697
0.685911
0.248535
-1.998448
-0.958964
0.841411
0.742886
0.061992
0.602999
0.184504
-0.049673
-1.425410
1.495073
0.183489
2.739042
2.182027
0.335697
0.685911
0.248535
-1.998448
-0.958964
0.841411
0.742886
0.061992
0.602999
0.184504
-0.049673
-1.425410
1.495073
0.183489
2.739042
2.182027
0.335697
0.685911
0.248535
-1.998448
-0.958964
0.841411
0.742886
0.061992
0.602999
0.184504
-0.049673
-1.425410
1.495073
0.183489
2.739042
2.182027
0.335697
0.685911
0.248535
-1.998448
-0.958964
0.841411
0.742886
0.061992
0.602999
0.184504
-0.049673
-1.425410
1.495073
0.183489
2.739042
2.182027
0.335697
0.685911
0.248535
-1.998448
-0.958964
0.841411
0.742886
0.061992
0.602999
0.184504
-0.049673
-1.425410
1.495073
0.183489
2.739042
2.182027
0.335697
0.685911
0.248535
-1.998448
-0.958964
0.841411
