-2.217978
-3.034019
11.258936
1.671170
40.710358
7.267884
-30.156191
-0.343568
11.222098
-112.515709
23.700706
53.667625
70.224197
-26.412107
37.617840
16.043028
33.535851
-8.435205
1083.797974
299.001953
-2698.225098
3106.001709
-5125.417969
-4938.129883
-3454.432861
-14025.210938
1609.952271
-4321.265137
-5589.351074
6663.885742
5910.530273
-43.186646
2.849409
1.968604
-10.118942
-4.371786
-16.222471
-2.779195
15.009144
-2.910425
-2.164441
53.902676
-13.666335
-25.686686
-35.334293
10.791738
-20.021189
-4.546493
-16.565413
4.468808
-492.926849
-115.290726
1308.607300
-1445.451782
2371.157959
2422.532715
1537.414673
6760.177246
-872.725586
2094.232666
2724.892334
-3110.144531
-2893.041260
-16.821436
-7.979910
0.940391
-221.117203
-96.099899
575.164368
-587.053589
953.970825
1027.517944
483.595825
2795.730469
-327.099457
806.110413
1198.973877
-1249.942261
-1118.108643
-86.760818
-1.352127
1.897462
-44.804970
-22.456339
120.207268
-114.475571
194.465088
216.854111
84.393692
577.016907
-76.276421
161.525665
252.184036
-250.361084
-233.539444
-25.535248
-0.059817
0.277927
-72.674210
-18.320749
166.006531
-205.441071
351.433685
310.602448
259.754822
892.644348
-92.356529
284.329437
346.019562
-449.162781
-377.076935
22.518862
0.041141
-0.778594
-0.399578
0.162018
1.265511
-0.319916
0.655065
1.951567
-1.238544
3.402434
-0.884347
0.862279
2.239488
-0.645391
-1.099961
-0.982625
0.041141
-0.778594
-0.399578
0.162018
1.265511
-0.319916
0.655065
1.951567
-1.238544
3.402434
-0.884347
0.862279
2.239488
-0.645391
-1.099961
-0.982625
0.041141
-0.778594
-0.399578
0.162018
1.265511
-0.319916
0.655065
1.951567
-1.238544
3.402434
-0.884347
0.862279
2.239488
-0.645391
-1.099961
-0.982625
0.041141
-0.778594
-0.399578
0.162018
1.265511
-0.319916
0.655065
1.951567
-1.238544
3.402434
-0.884347
0.862279
2.239488
-0.645391
-1.099961
-0.982625
0.041141
-0.778594
-0.399578
0.162018
1.265511
-0.319916
0.655065
1.951567
-1.238544
3.402434
-0.884347
0.862279
2.239488
-0.645391
-1.099961
-0.982625
0.041141
-0.778594
-0.399578
0.162018
1.265511
-0.319916
0.655065
1.951567
-1.238544
3.402434
-0.884347
0.862279
2.239488
-0.645391
-1.099961
-0.982625
0.041141
-0.778594
-0.399578
0.162018
1.265511
-0.319916
0.655065
1.951567
-1.238544
3.402434
-0.884347
0.862279
2.239488
-0.645391
-1.099961
-0.982625
0.041141
-0.778594
-0.399578
0.162018
1.265511
-0.319916
0.655065
1.951567
-1.238544
3.402434
-0.884347
0.862279
2.239488
-0.645391
-1.099961
-0.982625
0.041141
-0.778594
-0.399578
0.162018
1.265511
-0.319916
0.655065
1.951567
-1.238544
3.402434
-0.884347
0.862279
2.239488
-0.645391
-1.099961
-0.982625
0.041141
-0.778594
-0.399578
0.162018
1.265511
-0.319916
0.655065
1.951567
-1.238544
3.402434
-0.884347
0.862279
2.239488
-0.645391
-1.099961
-0.982625
0.041141
-0.778594
-0.399578
0.162018
1.265511
-0.319916
0.655065
1.951567
-1.238544
3.402434
-0.884347
0.862279
2.239488
-0.645391
-1.099961
-0.982625
0.041141
-0.778594
-0.399578
0.162018
1.265511
-0.319916
0.655065
1.951567
-1.238544
3.402434
-0.884347
0.862279
2.239488
-0.645391
-1.099961
-0.982625
0.041141
-0.778594
-0.399578
0.162018
1.265511
-0.319916
0.655065
1.951567
-1.238544
3.402434
-0.884347
0.862279
2.239488
-0.645391
-1.099961
-0.982625
