12.540143
-9.044346
-5642.118652
2269.975342
2536.161621
576.460449
5932.551758
-1732.146118
83.335770
4240.549316
3397.761230
5696.202148
-2559.180420
4562.563965
3853.816650
1572.573975
-0.680610
0.231660
-47.525204
-37.683903
-16.912264
21.309530
11.073784
22.945633
6.235779
33.173332
34.536900
-73.941200
41.994686
-9.719261
27.722542
6.052776
-1.813956
-3.668899
24.793625
10.104746
2.658944
-5.281350
-0.510824
-4.037396
-1.962319
-10.950343
-10.075495
24.112120
-10.702618
6.373011
-11.406228
-4.739300
-6.007580
2.502013
2169.524414
-795.649536
-990.155518
-252.668930
-2300.159180
651.140381
13.852601
-1639.376343
-1288.200928
-2175.101074
963.709839
-1698.502930
-1449.679199
-615.190918
-2.694709
1.724310
1506.311035
-599.010742
-645.096802
-153.185867
-1552.520874
399.762054
0.313123
-1114.888428
-839.582520
-1562.260620
746.485596
-1222.354126
-1017.666992
-440.932953
-1.582040
-0.854023
303.815155
-112.727058
-131.311203
-31.233389
-315.909607
79.429672
-3.405146
-222.315399
-168.886276
-311.755249
150.772293
-242.233322
-201.826309
-94.716995
0.158572
2.802561
331.859131
-128.843658
-150.732941
-35.896557
-354.312561
102.046776
-4.059719
-250.059937
-203.369217
-331.006775
147.227661
-265.194214
-226.369263
-95.482605
-0.196771
0.115409
1.676121
0.489638
-0.497770
-0.435699
-1.279420
-0.443329
0.900082
-1.180017
0.071590
-1.889098
1.397720
-0.701270
-0.647854
-0.778566
-0.196771
0.115409
1.676121
0.489638
-0.497770
-0.435699
-1.279420
-0.443329
0.900082
-1.180017
0.071590
-1.889098
1.397720
-0.701270
-0.647854
-0.778566
-0.196771
0.115409
1.676121
0.489638
-0.497770
-0.435699
-1.279420
-0.443329
0.900082
-1.180017
0.071590
-1.889098
1.397720
-0.701270
-0.647854
-0.778566
-0.196771
0.115409
1.676121
0.489638
-0.497770
-0.435699
-1.279420
-0.443329
0.900082
-1.180017
0.071590
-1.889098
1.397720
-0.701270
-0.647854
-0.778566
-0.196771
0.115409
1.676121
0.489638
-0.497770
-0.435699
-1.279420
-0.443329
0.900082
-1.180017
0.071590
-1.889098
1.397720
-0.701270
-0.647854
-0.778566
-0.196771
0.115409
1.676121
0.489638
-0.497770
-0.435699
-1.279420
-0.443329
0.900082
-1.180017
0.071590
-1.889098
1.397720
-0.701270
-0.647854
-0.778566
-0.196771
0.115409
1.676121
0.489638
-0.497770
-0.435699
-1.279420
-0.443329
0.900082
-1.180017
0.071590
-1.889098
1.397720
-0.701270
-0.647854
-0.778566
-0.196771
0.115409
1.676121
0.489638
-0.497770
-0.435699
-1.279420
-0.443329
0.900082
-1.180017
0.071590
-1.889098
1.397720
-0.701270
-0.647854
-0.778566
-0.196771
0.115409
1.676121
0.489638
-0.497770
-0.435699
-1.279420
-0.443329
0.900082
-1.180017
0.071590
-1.889098
1.397720
-0.701270
-0.647854
-0.778566
-0.196771
0.115409
1.676121
0.489638
-0.497770
-0.435699
-1.279420
-0.443329
0.900082
-1.180017
0.071590
-1.889098
1.397720
-0.701270
-0.647854
-0.778566
-0.196771
0.115409
1.676121
0.489638
-0.497770
-0.435699
-1.279420
-0.443329
0.900082
-1.180017
0.071590
-1.889098
1.397720
-0.701270
-0.647854
-0.778566
-0.196771
0.115409
1.676121
0.489638
-0.497770
-0.435699
-1.279420
-0.443329
0.900082
-1.180017
0.071590
-1.889098
1.397720
-0.701270
-0.647854
-0.778566
-0.196771
0.115409
1.676121
0.489638
-0.497770
-0.435699
-1.279420
-0.443329
0.900082
-1.180017
0.071590
-1.889098
1.397720
-0.701270
-0.647854
-0.778566
