-3.060092
12.484211
4530.113770
-1115.629150
-1503.071777
-1304.159424
-6565.734863
778.963989
-640.370605
-3656.143066
-3162.690430
-4267.388184
1658.765747
-3336.681152
-4113.308105
-2245.073975
-3.258475
1.257007
37.670097
25.369005
3.275313
-21.837803
-16.490185
-23.514965
0.821300
-28.476175
-33.549004
52.753979
-32.863316
4.267807
-30.316996
-1.468385
3.147764
1.326679
-29.024944
-17.532101
0.732361
12.134264
11.509478
11.233665
0.483479
16.235310
15.761225
-32.070389
18.227509
-6.220830
16.102026
3.631262
0.386816
-7.939232
-2618.978271
620.698425
870.048523
748.916138
3768.561768
-421.433075
342.525299
2110.883057
1805.812500
2460.080322
-959.685120
1930.633789
2379.493408
1350.123779
-0.238655
-0.036600
-145.837402
57.976501
57.570969
36.876957
213.880951
-46.696766
41.120319
125.916855
121.335091
137.956818
-46.668228
112.723534
137.300705
59.144840
0.790100
-1.188627
-626.327393
130.818924
190.661697
190.441895
913.455566
-73.358665
77.555222
500.133179
410.766815
602.596191
-246.358444
438.924347
543.753357
308.957245
1.775679
-0.256630
-256.325470
87.399902
92.804077
70.196251
369.414124
-77.327644
48.704956
209.956390
197.685760
230.840408
-79.279472
199.749527
245.303726
102.527176
-0.723869
-0.378199
-1.148630
-0.848379
0.066441
0.683227
1.975261
1.414307
-0.509452
1.432915
-0.105636
1.690025
-0.750239
0.325566
0.236080
1.413742
-0.723869
-0.378199
-1.148630
-0.848379
0.066441
0.683227
1.975261
1.414307
-0.509452
1.432915
-0.105636
1.690025
-0.750239
0.325566
0.236080
1.413742
-0.723869
-0.378199
-1.148630
-0.848379
0.066441
0.683227
1.975261
1.414307
-0.509452
1.432915
-0.105636
1.690025
-0.750239
0.325566
0.236080
1.413742
-0.723869
-0.378199
-1.148630
-0.848379
0.066441
0.683227
1.975261
1.414307
-0.509452
1.432915
-0.105636
1.690025
-0.750239
0.325566
0.236080
1.413742
-0.723869
-0.378199
-1.148630
-0.848379
0.066441
0.683227
1.975261
1.414307
-0.509452
1.432915
-0.105636
1.690025
-0.750239
0.325566
0.236080
1.413742
-0.723869
-0.378199
-1.148630
-0.848379
0.066441
0.683227
1.975261
1.414307
-0.509452
1.432915
-0.105636
1.690025
-0.750239
0.325566
0.236080
1.413742
-0.723869
-0.378199
-1.148630
-0.848379
0.066441
0.683227
1.975261
1.414307
-0.509452
1.432915
-0.105636
1.690025
-0.750239
0.325566
0.236080
1.413742
-0.723869
-0.378199
-1.148630
-0.848379
0.066441
0.683227
1.975261
1.414307
-0.509452
1.432915
-0.105636
1.690025
-0.750239
0.325566
0.236080
1.413742
-0.723869
-0.378199
-1.148630
-0.848379
0.066441
0.683227
1.975261
1.414307
-0.509452
1.432915
-0.105636
1.690025
-0.750239
0.325566
0.236080
1.413742
-0.723869
-0.378199
-1.148630
-0.848379
0.066441
0.683227
1.975261
1.414307
-0.509452
1.432915
-0.105636
1.690025
-0.750239
0.325566
0.236080
1.413742
-0.723869
-0.378199
-1.148630
-0.848379
0.066441
0.683227
1.975261
1.414307
-0.509452
1.432915
-0.105636
1.690025
-0.750239
0.325566
0.236080
1.413742
-0.723869
-0.378199
-1.148630
-0.848379
0.066441
0.683227
1.975261
1.414307
-0.509452
1.432915
-0.105636
1.690025
-0.750239
0.325566
0.236080
1.413742
-0.723869
-0.378199
-1.148630
-0.848379
0.066441
0.683227
1.975261
1.414307
-0.509452
1.432915
-0.105636
1.690025
-0.750239
0.325566
0.236080
1.413742
