6.260626
-7.193988
-4208.275879
1956.062012
2062.606201
559.953491
5522.485352
-574.472534
366.288788
4590.772949
2584.652588
3493.352783
-910.893311
2189.285156
2163.495117
1046.467773
0.035081
1.709135
-33.008369
-31.123098
-12.100196
17.595997
13.193724
18.779406
3.329388
37.124722
29.201435
-46.442772
18.355402
-1.860892
14.154510
-0.157758
-0.583415
-0.460333
19.883329
21.899384
13.445994
-14.320112
-9.959832
-16.043997
-2.297979
-28.727028
-28.970263
38.301403
-15.694342
-2.137863
-13.929857
3.124018
-2.224945
2.188471
180.432648
-86.845100
-93.304283
-28.736629
-235.618698
28.922321
-23.884401
-212.631805
-108.721603
-164.000732
40.552731
-107.530128
-102.686516
-63.739044
-2.660021
5.272127
3400.293213
-1549.706543
-1646.961426
-435.763031
-4446.631348
438.566406
-248.353088
-3655.773193
-2069.279785
-2788.607178
750.555542
-1726.803589
-1708.838501
-809.169861
0.144853
0.368808
1.265901
0.299955
-0.358196
-0.262710
-1.656439
-0.697277
0.820722
-1.400800
0.026985
-1.247562
0.752937
-0.380147
-0.157200
-0.956796
0.144853
0.368808
1.265901
0.299955
-0.358196
-0.262710
-1.656439
-0.697277
0.820722
-1.400800
0.026985
-1.247562
0.752937
-0.380147
-0.157200
-0.956796
0.144853
0.368808
1.265901
0.299955
-0.358196
-0.262710
-1.656439
-0.697277
0.820722
-1.400800
0.026985
-1.247562
0.752937
-0.380147
-0.157200
-0.956796
0.144853
0.368808
1.265901
0.299955
-0.358196
-0.262710
-1.656439
-0.697277
0.820722
-1.400800
0.026985
-1.247562
0.752937
-0.380147
-0.157200
-0.956796
0.144853
0.368808
1.265901
0.299955
-0.358196
-0.262710
-1.656439
-0.697277
0.820722
-1.400800
0.026985
-1.247562
0.752937
-0.380147
-0.157200
-0.956796
0.144853
0.368808
1.265901
0.299955
-0.358196
-0.262710
-1.656439
-0.697277
0.820722
-1.400800
0.026985
-1.247562
0.752937
-0.380147
-0.157200
-0.956796
0.144853
0.368808
1.265901
0.299955
-0.358196
-0.262710
-1.656439
-0.697277
0.820722
-1.400800
0.026985
-1.247562
0.752937
-0.380147
-0.157200
-0.956796
0.144853
0.368808
1.265901
0.299955
-0.358196
-0.262710
-1.656439
-0.697277
0.820722
-1.400800
0.026985
-1.247562
0.752937
-0.380147
-0.157200
-0.956796
0.144853
0.368808
1.265901
0.299955
-0.358196
-0.262710
-1.656439
-0.697277
0.820722
-1.400800
0.026985
-1.247562
0.752937
-0.380147
-0.157200
-0.956796
0.144853
0.368808
1.265901
0.299955
-0.358196
-0.262710
-1.656439
-0.697277
0.820722
-1.400800
0.026985
-1.247562
0.752937
-0.380147
-0.157200
-0.956796
0.144853
0.368808
1.265901
0.299955
-0.358196
-0.262710
-1.656439
-0.697277
0.820722
-1.400800
0.026985
-1.247562
0.752937
-0.380147
-0.157200
-0.956796
0.144853
0.368808
1.265901
0.299955
-0.358196
-0.262710
-1.656439
-0.697277
0.820722
-1.400800
0.026985
-1.247562
0.752937
-0.380147
-0.157200
-0.956796
0.144853
0.368808
1.265901
0.299955
-0.358196
-0.262710
-1.656439
-0.697277
0.820722
-1.400800
0.026985
-1.247562
0.752937
-0.380147
-0.157200
-0.956796
0.144853
0.368808
1.265901
0.299955
-0.358196
-0.262710
-1.656439
-0.697277
0.820722
-1.400800
0.026985
-1.247562
0.752937
-0.380147
-0.157200
-0.956796
0.144853
0.368808
1.265901
0.299955
-0.358196
-0.262710
-1.656439
-0.697277
0.820722
-1.400800
0.026985
-1.247562
0.752937
-0.380147
-0.157200
-0.956796
