10.496603
2.047022
-2279.225830
-3246.908936
-578.489990
1781.241577
1692.260742
6348.888672
-3963.503418
913.664673
-4345.391113
4708.844727
-4144.601074
-68.863007
-1838.415161
4886.145020
-1.188411
0.379171
-31.593023
21.389231
18.214708
12.914638
24.471096
-12.381620
32.105267
2.972413
-60.729927
-57.021828
9.503253
-35.060497
1.495921
-33.162350
0.009990
0.262926
16.238285
-6.927792
-11.346852
-3.918627
-9.856798
8.169444
-11.780836
-3.233971
24.823423
19.356556
-1.811679
15.603270
0.903740
8.890932
-4.758655
-2.304205
845.981873
1229.667603
228.084930
-659.831665
-599.133545
-2379.661621
1497.854492
-333.547333
1634.385986
-1735.780518
1549.435303
44.962963
701.057373
-1788.892700
-0.726178
0.930260
129.257614
208.315414
41.081600
-112.453583
-85.666054
-393.137360
254.415802
-44.712772
282.381775
-269.089539
255.315857
19.153250
127.258629
-288.187500
-0.435407
-2.572664
105.542763
172.440628
36.259068
-90.039688
-64.585434
-326.800629
204.391678
-26.459227
239.553192
-221.616898
213.192383
20.929546
108.047600
-241.972595
-1.979463
0.196723
599.133118
888.952881
162.599365
-483.363007
-440.536926
-1738.937622
1068.397217
-227.789001
1210.572632
-1280.903809
1128.299438
30.361481
528.846802
-1359.435425
0.108271
1.206551
-0.327189
1.384600
0.706224
-0.040904
0.839578
-1.679688
0.817011
0.479438
1.487433
-0.031980
0.756781
0.506045
1.061384
-0.323864
0.108271
1.206551
-0.327189
1.384600
0.706224
-0.040904
0.839578
-1.679688
0.817011
0.479438
1.487433
-0.031980
0.756781
0.506045
1.061384
-0.323864
0.108271
1.206551
-0.327189
1.384600
0.706224
-0.040904
0.839578
-1.679688
0.817011
0.479438
1.487433
-0.031980
0.756781
0.506045
1.061384
-0.323864
0.108271
1.206551
-0.327189
1.384600
0.706224
-0.040904
0.839578
-1.679688
0.817011
0.479438
1.487433
-0.031980
0.756781
0.506045
1.061384
-0.323864
0.108271
1.206551
-0.327189
1.384600
0.706224
-0.040904
0.839578
-1.679688
0.817011
0.479438
1.487433
-0.031980
0.756781
0.506045
1.061384
-0.323864
0.108271
1.206551
-0.327189
1.384600
0.706224
-0.040904
0.839578
-1.679688
0.817011
0.479438
1.487433
-0.031980
0.756781
0.506045
1.061384
-0.323864
0.108271
1.206551
-0.327189
1.384600
0.706224
-0.040904
0.839578
-1.679688
0.817011
0.479438
1.487433
-0.031980
0.756781
0.506045
1.061384
-0.323864
0.108271
1.206551
-0.327189
1.384600
0.706224
-0.040904
0.839578
-1.679688
0.817011
0.479438
1.487433
-0.031980
0.756781
0.506045
1.061384
-0.323864
0.108271
1.206551
-0.327189
1.384600
0.706224
-0.040904
0.839578
-1.679688
0.817011
0.479438
1.487433
-0.031980
0.756781
0.506045
1.061384
-0.323864
0.108271
1.206551
-0.327189
1.384600
0.706224
-0.040904
0.839578
-1.679688
0.817011
0.479438
1.487433
-0.031980
0.756781
0.506045
1.061384
-0.323864
0.108271
1.206551
-0.327189
1.384600
0.706224
-0.040904
0.839578
-1.679688
0.817011
0.479438
1.487433
-0.031980
0.756781
0.506045
1.061384
-0.323864
0.108271
1.206551
-0.327189
1.384600
0.706224
-0.040904
0.839578
-1.679688
0.817011
0.479438
1.487433
-0.031980
0.756781
0.506045
1.061384
-0.323864
0.108271
1.206551
-0.327189
1.384600
0.706224
-0.040904
0.839578
-1.679688
0.817011
0.479438
1.487433
-0.031980
0.756781
0.506045
1.061384
-0.323864
