6.814303
-14.624332
-983.315430
408.924927
1031.101318
-1291.923828
-2427.704834
840.437378
1907.714966
-1182.976929
897.781494
-1568.204956
-259.936554
-399.371796
357.643311
-829.986633
0.809739
1.131881
-10.028979
-6.064647
-16.590694
-3.818198
-4.791147
-11.567773
-15.309206
-7.916174
12.228434
19.102621
-1.968437
-3.110905
0.076874
5.909506
-1.402551
1.601765
-10.166202
5.153255
14.330639
-4.726160
-3.863414
-2.667453
-2.179961
-8.723727
-11.513715
1.603076
-2.696871
2.168490
-5.036526
-1.195279
1.615820
0.239108
1.283671
0.405917
12.135726
1.052668
1.596501
5.855090
8.921676
4.432465
-8.980000
-10.425532
-0.352112
1.390317
0.659081
-0.529791
-3.009238
5.675280
529.677856
-225.130371
-555.084961
704.436768
1321.969971
-455.992310
-1036.753296
653.428589
-494.423523
853.398254
152.631927
206.793518
-194.199173
452.772766
-1.530158
-0.276864
39.988216
-11.655091
-44.217361
47.960430
96.048515
-23.898712
-74.955788
39.687134
-38.147751
59.175972
7.326561
16.504513
-15.933174
33.027809
-3.229221
2.493457
58.545311
-19.012688
-63.255585
70.276482
141.328476
-39.630180
-114.527390
58.399578
-58.896564
88.008896
13.587445
26.686298
-25.045109
45.679806
-1.014323
3.815506
153.668823
-68.893417
-156.630768
203.438034
371.014343
-142.361588
-289.040405
189.383713
-127.526527
242.999863
35.827023
65.494118
-51.522804
128.253998
0.305225
0.288523
0.214507
0.607914
-0.267269
0.156255
0.884613
0.334578
-0.725716
0.066440
-0.220450
0.263658
0.187008
-0.074352
-0.192294
0.092129
0.305225
0.288523
0.214507
0.607914
-0.267269
0.156255
0.884613
0.334578
-0.725716
0.066440
-0.220450
0.263658
0.187008
-0.074352
-0.192294
0.092129
0.305225
0.288523
0.214507
0.607914
-0.267269
0.156255
0.884613
0.334578
-0.725716
0.066440
-0.220450
0.263658
0.187008
-0.074352
-0.192294
0.092129
0.305225
0.288523
0.214507
0.607914
-0.267269
0.156255
0.884613
0.334578
-0.725716
0.066440
-0.220450
0.263658
0.187008
-0.074352
-0.192294
0.092129
0.305225
0.288523
0.214507
0.607914
-0.267269
0.156255
0.884613
0.334578
-0.725716
0.066440
-0.220450
0.263658
0.187008
-0.074352
-0.192294
0.092129
0.305225
0.288523
0.214507
0.607914
-0.267269
0.156255
0.884613
0.334578
-0.725716
0.066440
-0.220450
0.263658
0.187008
-0.074352
-0.192294
0.092129
0.305225
0.288523
0.214507
0.607914
-0.267269
0.156255
0.884613
0.334578
-0.725716
0.066440
-0.220450
0.263658
0.187008
-0.074352
-0.192294
0.092129
0.305225
0.288523
0.214507
0.607914
-0.267269
0.156255
0.884613
0.334578
-0.725716
0.066440
-0.220450
0.263658
0.187008
-0.074352
-0.192294
0.092129
0.305225
0.288523
0.214507
0.607914
-0.267269
0.156255
0.884613
0.334578
-0.725716
0.066440
-0.220450
0.263658
0.187008
-0.074352
-0.192294
0.092129
0.305225
0.288523
0.214507
0.607914
-0.267269
0.156255
0.884613
0.334578
-0.725716
0.066440
-0.220450
0.263658
0.187008
-0.074352
-0.192294
0.092129
0.305225
0.288523
0.214507
0.607914
-0.267269
0.156255
0.884613
0.334578
-0.725716
0.066440
-0.220450
0.263658
0.187008
-0.074352
-0.192294
0.092129
0.305225
0.288523
0.214507
0.607914
-0.267269
0.156255
0.884613
0.334578
-0.725716
0.066440
-0.220450
0.263658
0.187008
-0.074352
-0.192294
0.092129
