0.003175
-0.616410
-0.599545
-5.983542
-3.768093
5.731934
-1.508034
5.045683
0.974565
-3.799311
-0.776220
-3.560078
-4.424647
0.689670
4.190008
-2.022224
-16.922028
-11.473585
-39.958630
-11.519626
35.748772
5.951473
5.202329
-21.300495
4.692516
10.520495
-19.585686
1.684516
-2.659057
-20.938932
8.900112
19.968557
4.573448
0.240047
415.002228
-274.836060
-5.838656
713.777649
-1637.816772
-1693.365234
-1172.877686
-291.763733
668.263306
-654.760132
-141.882965
2079.701904
-1246.934937
880.361877
-3.377708
0.218869
-161.804916
106.962151
-1.134911
-279.427765
685.528259
665.010132
479.635406
110.978172
-254.776352
276.777618
31.659815
-840.805176
496.381378
-364.688751
0.034469
-1.126050
-24.514582
9.073599
3.106806
-39.811718
81.112007
105.768631
60.836994
25.400034
-46.137486
28.854706
23.206949
-111.184097
76.375053
-41.419746
2.912605
-1.050488
-22.385469
11.940273
4.472504
-39.503822
75.952187
106.422966
60.495502
27.381950
-46.735699
30.312750
28.258204
-110.048004
77.490112
-40.247410
-3.283866
-1.388954
-102.029633
79.032982
-7.773954
-182.427719
418.823120
395.666016
293.631287
53.937721
-155.934418
168.242584
8.606514
-516.043335
289.536133
-233.244278
0.518404
-0.338145
-0.264405
0.013631
-0.102488
0.120309
0.124082
0.984044
0.006661
0.559118
0.163989
0.042327
0.238404
-0.375417
0.680986
0.263729
0.518404
-0.338145
-0.264405
0.013631
-0.102488
0.120309
0.124082
0.984044
0.006661
0.559118
0.163989
0.042327
0.238404
-0.375417
0.680986
0.263729
0.518404
-0.338145
-0.264405
0.013631
-0.102488
0.120309
0.124082
0.984044
0.006661
0.559118
0.163989
0.042327
0.238404
-0.375417
0.680986
0.263729
0.518404
-0.338145
-0.264405
0.013631
-0.102488
0.120309
0.124082
0.984044
0.006661
0.559118
0.163989
0.042327
0.238404
-0.375417
0.680986
0.263729
0.518404
-0.338145
-0.264405
0.013631
-0.102488
0.120309
0.124082
0.984044
0.006661
0.559118
0.163989
0.042327
0.238404
-0.375417
0.680986
0.263729
0.518404
-0.338145
-0.264405
0.013631
-0.102488
0.120309
0.124082
0.984044
0.006661
0.559118
0.163989
0.042327
0.238404
-0.375417
0.680986
0.263729
0.518404
-0.338145
-0.264405
0.013631
-0.102488
0.120309
0.124082
0.984044
0.006661
0.559118
0.163989
0.042327
0.238404
-0.375417
0.680986
0.263729
0.518404
-0.338145
-0.264405
0.013631
-0.102488
0.120309
0.124082
0.984044
0.006661
0.559118
0.163989
0.042327
0.238404
-0.375417
0.680986
0.263729
0.518404
-0.338145
-0.264405
0.013631
-0.102488
0.120309
0.124082
0.984044
0.006661
0.559118
0.163989
0.042327
0.238404
-0.375417
0.680986
0.263729
0.518404
-0.338145
-0.264405
0.013631
-0.102488
0.120309
0.124082
0.984044
0.006661
0.559118
0.163989
0.042327
0.238404
-0.375417
0.680986
0.263729
0.518404
-0.338145
-0.264405
0.013631
-0.102488
0.120309
0.124082
0.984044
0.006661
0.559118
0.163989
0.042327
0.238404
-0.375417
0.680986
0.263729
0.518404
-0.338145
-0.264405
0.013631
-0.102488
0.120309
0.124082
0.984044
0.006661
0.559118
0.163989
0.042327
0.238404
-0.375417
0.680986
0.263729
0.518404
-0.338145
-0.264405
0.013631
-0.102488
0.120309
0.124082
0.984044
0.006661
0.559118
0.163989
0.042327
0.238404
-0.375417
0.680986
0.263729
