-5.543948
1.992576
-1291.189331
-1979.908081
2154.982422
1678.278442
239.276169
-2677.004395
1561.278076
889.580750
160.655472
-678.787720
-2782.589355
750.910461
-1940.724243
-1072.061279
3.513374
-2.577695
-19.205212
11.758992
-7.561945
29.524023
-7.125218
6.771109
-11.543679
7.280111
0.707265
10.815816
14.535110
-21.530640
-17.511654
-1.076656
4.208333
-0.508109
-7.842636
23.774660
16.805756
-19.961205
11.577771
4.581210
-8.150398
1.769997
-2.012177
19.832563
2.084534
11.899991
-12.656796
-2.203413
0.202098
-1.329172
8.223534
-5.248290
1.801282
-17.697865
2.290228
-1.911452
5.353213
-3.798090
-1.139240
-4.062310
-7.414793
11.826157
11.500372
-0.123118
2.590945
-1.254042
593.728882
984.889709
-1019.242249
-848.130737
-166.630188
1298.976563
-744.793640
-427.056458
-80.079475
339.015289
1374.447754
-318.045685
932.121521
541.257935
-3.666782
1.022423
43.609905
66.994591
-73.424545
-54.203285
-2.613511
90.131760
-52.019558
-31.671679
-5.645420
20.864223
92.709465
-27.717659
67.558220
36.125443
3.419195
2.051341
218.654266
414.338776
-392.579834
-370.968018
-97.344536
518.056763
-288.887787
-221.259781
-48.437672
126.125076
555.307434
-97.057205
359.551514
254.219681
0.902095
1.823906
113.323463
135.042419
-172.827164
-104.555885
7.365808
200.228195
-123.288719
-52.540070
-5.166195
52.573391
197.783157
-81.948250
151.963470
60.912727
1.220519
-0.989942
0.287385
0.835134
0.011953
-0.391330
-0.547103
0.263303
-0.108893
-0.667664
0.062200
-0.122646
0.436729
0.399408
-0.060993
0.458822
1.220519
-0.989942
0.287385
0.835134
0.011953
-0.391330
-0.547103
0.263303
-0.108893
-0.667664
0.062200
-0.122646
0.436729
0.399408
-0.060993
0.458822
1.220519
-0.989942
0.287385
0.835134
0.011953
-0.391330
-0.547103
0.263303
-0.108893
-0.667664
0.062200
-0.122646
0.436729
0.399408
-0.060993
0.458822
1.220519
-0.989942
0.287385
0.835134
0.011953
-0.391330
-0.547103
0.263303
-0.108893
-0.667664
0.062200
-0.122646
0.436729
0.399408
-0.060993
0.458822
1.220519
-0.989942
0.287385
0.835134
0.011953
-0.391330
-0.547103
0.263303
-0.108893
-0.667664
0.062200
-0.122646
0.436729
0.399408
-0.060993
0.458822
1.220519
-0.989942
0.287385
0.835134
0.011953
-0.391330
-0.547103
0.263303
-0.108893
-0.667664
0.062200
-0.122646
0.436729
0.399408
-0.060993
0.458822
1.220519
-0.989942
0.287385
0.835134
0.011953
-0.391330
-0.547103
0.263303
-0.108893
-0.667664
0.062200
-0.122646
0.436729
0.399408
-0.060993
0.458822
1.220519
-0.989942
0.287385
0.835134
0.011953
-0.391330
-0.547103
0.263303
-0.108893
-0.667664
0.062200
-0.122646
0.436729
0.399408
-0.060993
0.458822
1.220519
-0.989942
0.287385
0.835134
0.011953
-0.391330
-0.547103
0.263303
-0.108893
-0.667664
0.062200
-0.122646
0.436729
0.399408
-0.060993
0.458822
1.220519
-0.989942
0.287385
0.835134
0.011953
-0.391330
-0.547103
0.263303
-0.108893
-0.667664
0.062200
-0.122646
0.436729
0.399408
-0.060993
0.458822
1.220519
-0.989942
0.287385
0.835134
0.011953
-0.391330
-0.547103
0.263303
-0.108893
-0.667664
0.062200
-0.122646
0.436729
0.399408
-0.060993
0.458822
1.220519
-0.989942
0.287385
0.835134
0.011953
-0.391330
-0.547103
0.263303
-0.108893
-0.667664
0.062200
-0.122646
0.436729
0.399408
-0.060993
0.458822
