5.981227
1.739437
493.644226
1397.140137
-1512.786743
-1692.384888
-319.887543
2281.488037
-1135.110352
-88.447960
602.398621
-214.411469
2647.302734
80.097160
1713.348999
514.524170
0.666013
0.296904
8.454618
-9.865470
-1.277421
-23.947517
7.800827
-6.257703
10.335737
-3.893148
8.061719
-1.631505
-7.974073
21.963921
12.904126
2.626432
1.046845
1.534309
-8.095064
12.269779
-1.390559
21.461542
-7.977518
7.087128
-10.918658
3.221877
-4.238344
0.968199
7.011255
-18.047358
-11.007840
-3.160446
-6.457929
-0.183878
-543.205566
-1381.072144
1480.913086
1634.962158
338.548492
-2267.688965
1126.832520
166.805710
-502.067444
111.836082
-2479.708984
-40.009296
-1663.953613
-560.151306
-0.249686
-0.014428
-0.330984
-0.202959
-0.252942
0.622443
0.288762
0.098201
-0.133884
0.072055
-0.143785
0.287568
-0.253073
-0.592153
-0.223091
0.047396
-0.249686
-0.014428
-0.330984
-0.202959
-0.252942
0.622443
0.288762
0.098201
-0.133884
0.072055
-0.143785
0.287568
-0.253073
-0.592153
-0.223091
0.047396
-0.249686
-0.014428
-0.330984
-0.202959
-0.252942
0.622443
0.288762
0.098201
-0.133884
0.072055
-0.143785
0.287568
-0.253073
-0.592153
-0.223091
0.047396
-0.249686
-0.014428
-0.330984
-0.202959
-0.252942
0.622443
0.288762
0.098201
-0.133884
0.072055
-0.143785
0.287568
-0.253073
-0.592153
-0.223091
0.047396
-0.249686
-0.014428
-0.330984
-0.202959
-0.252942
0.622443
0.288762
0.098201
-0.133884
0.072055
-0.143785
0.287568
-0.253073
-0.592153
-0.223091
0.047396
-0.249686
-0.014428
-0.330984
-0.202959
-0.252942
0.622443
0.288762
0.098201
-0.133884
0.072055
-0.143785
0.287568
-0.253073
-0.592153
-0.223091
0.047396
-0.249686
-0.014428
-0.330984
-0.202959
-0.252942
0.622443
0.288762
0.098201
-0.133884
0.072055
-0.143785
0.287568
-0.253073
-0.592153
-0.223091
0.047396
-0.249686
-0.014428
-0.330984
-0.202959
-0.252942
0.622443
0.288762
0.098201
-0.133884
0.072055
-0.143785
0.287568
-0.253073
-0.592153
-0.223091
0.047396
-0.249686
-0.014428
-0.330984
-0.202959
-0.252942
0.622443
0.288762
0.098201
-0.133884
0.072055
-0.143785
0.287568
-0.253073
-0.592153
-0.223091
0.047396
-0.249686
-0.014428
-0.330984
-0.202959
-0.252942
0.622443
0.288762
0.098201
-0.133884
0.072055
-0.143785
0.287568
-0.253073
-0.592153
-0.223091
0.047396
-0.249686
-0.014428
-0.330984
-0.202959
-0.252942
0.622443
0.288762
0.098201
-0.133884
0.072055
-0.143785
0.287568
-0.253073
-0.592153
-0.223091
0.047396
-0.249686
-0.014428
-0.330984
-0.202959
-0.252942
0.622443
0.288762
0.098201
-0.133884
0.072055
-0.143785
0.287568
-0.253073
-0.592153
-0.223091
0.047396
-0.249686
-0.014428
-0.330984
-0.202959
-0.252942
0.622443
0.288762
0.098201
-0.133884
0.072055
-0.143785
0.287568
-0.253073
-0.592153
-0.223091
0.047396
-0.249686
-0.014428
-0.330984
-0.202959
-0.252942
0.622443
0.288762
0.098201
-0.133884
0.072055
-0.143785
0.287568
-0.253073
-0.592153
-0.223091
0.047396
-0.249686
-0.014428
-0.330984
-0.202959
-0.252942
0.622443
0.288762
0.098201
-0.133884
0.072055
-0.143785
0.287568
-0.253073
-0.592153
-0.223091
0.047396
-0.249686
-0.014428
-0.330984
-0.202959
-0.252942
0.622443
0.288762
0.098201
-0.133884
0.072055
-0.143785
0.287568
-0.253073
-0.592153
-0.223091
0.047396
