-0.913127
-2.546577
-25.326099
-13.074667
16.466496
13.958818
-3.874590
10.147378
3.666520
-12.394297
-18.814285
-6.072865
-14.200850
1.781446
4.308232
-10.129951
5.437739
2.800877
-868.056519
1666.214478
193.608017
-2223.196777
-2157.750977
1302.567749
-152.194733
-1530.202881
-185.219376
-26.103888
1606.707153
1875.057739
364.210327
1324.588745
0.045124
-0.904208
-2.680647
-18.567633
-14.581969
-17.153133
-0.753778
-9.168822
-1.875021
-11.213290
-0.814532
-0.644020
10.200152
17.373917
6.257005
-7.006101
-2.228713
0.746304
-0.928268
18.440741
15.946312
16.834614
1.898499
7.834742
1.381302
9.519033
-1.369810
1.694841
-11.267752
-16.692066
-6.641414
8.234200
-6.900901
0.456578
801.384155
-1568.802856
-161.677841
2106.798096
2026.903809
-1222.446045
134.324966
1437.548096
181.346298
14.996746
-1510.927612
-1723.374023
-328.984161
-1255.755127
1.242308
-0.999330
76.590691
-13.309213
-77.289520
45.486992
90.032135
29.540096
-40.213398
42.813717
4.905980
7.793202
15.771543
-97.870605
29.550676
-42.951977
-0.407999
-0.327436
1.126173
0.255109
-0.678823
-0.293524
0.395770
-0.020408
-0.191288
0.262840
0.412607
0.029841
-0.044548
-0.356433
0.387426
-0.558496
-0.407999
-0.327436
1.126173
0.255109
-0.678823
-0.293524
0.395770
-0.020408
-0.191288
0.262840
0.412607
0.029841
-0.044548
-0.356433
0.387426
-0.558496
-0.407999
-0.327436
1.126173
0.255109
-0.678823
-0.293524
0.395770
-0.020408
-0.191288
0.262840
0.412607
0.029841
-0.044548
-0.356433
0.387426
-0.558496
-0.407999
-0.327436
1.126173
0.255109
-0.678823
-0.293524
0.395770
-0.020408
-0.191288
0.262840
0.412607
0.029841
-0.044548
-0.356433
0.387426
-0.558496
-0.407999
-0.327436
1.126173
0.255109
-0.678823
-0.293524
0.395770
-0.020408
-0.191288
0.262840
0.412607
0.029841
-0.044548
-0.356433
0.387426
-0.558496
-0.407999
-0.327436
1.126173
0.255109
-0.678823
-0.293524
0.395770
-0.020408
-0.191288
0.262840
0.412607
0.029841
-0.044548
-0.356433
0.387426
-0.558496
-0.407999
-0.327436
1.126173
0.255109
-0.678823
-0.293524
0.395770
-0.020408
-0.191288
0.262840
0.412607
0.029841
-0.044548
-0.356433
0.387426
-0.558496
-0.407999
-0.327436
1.126173
0.255109
-0.678823
-0.293524
0.395770
-0.020408
-0.191288
0.262840
0.412607
0.029841
-0.044548
-0.356433
0.387426
-0.558496
-0.407999
-0.327436
1.126173
0.255109
-0.678823
-0.293524
0.395770
-0.020408
-0.191288
0.262840
0.412607
0.029841
-0.044548
-0.356433
0.387426
-0.558496
-0.407999
-0.327436
1.126173
0.255109
-0.678823
-0.293524
0.395770
-0.020408
-0.191288
0.262840
0.412607
0.029841
-0.044548
-0.356433
0.387426
-0.558496
-0.407999
-0.327436
1.126173
0.255109
-0.678823
-0.293524
0.395770
-0.020408
-0.191288
0.262840
0.412607
0.029841
-0.044548
-0.356433
0.387426
-0.558496
-0.407999
-0.327436
1.126173
0.255109
-0.678823
-0.293524
0.395770
-0.020408
-0.191288
0.262840
0.412607
0.029841
-0.044548
-0.356433
0.387426
-0.558496
-0.407999
-0.327436
1.126173
0.255109
-0.678823
-0.293524
0.395770
-0.020408
-0.191288
0.262840
0.412607
0.029841
-0.044548
-0.356433
0.387426
-0.558496
-0.407999
-0.327436
1.126173
0.255109
-0.678823
-0.293524
0.395770
-0.020408
-0.191288
0.262840
0.412607
0.029841
-0.044548
-0.356433
0.387426
-0.558496
