-26.046709
2.159136
18.812401
-31.229952
-12.429886
21.915695
10.815424
6.891562
-4.823599
1.404340
2.224968
-19.064880
15.098149
-0.592574
-8.488757
-3.465176
-2.166586
-2.016537
1685.634521
-1446.449829
-1407.412720
2487.229980
2810.392334
-412.001495
-391.422302
2086.416992
307.482544
147.532944
-810.112732
-2985.687012
181.845718
-2047.586670
-0.675334
0.975744
11.590967
18.363863
28.066936
10.651273
7.591484
9.784735
7.954955
15.416897
2.618940
-2.640804
-21.811193
-15.416353
-4.357998
12.285715
1.655867
1.313839
-573.500244
469.889679
489.822296
-823.491089
-947.710876
117.589890
146.207016
-696.799988
-98.169884
-54.295376
249.663971
1010.341736
-76.230667
683.455383
0.265025
1.337725
-75.744415
72.646072
56.813099
-120.365318
-128.416412
29.585056
11.614369
-98.730606
-15.621469
-6.446961
46.257442
135.241440
-3.404194
100.047974
-0.970931
-0.544393
-109.257195
105.729843
85.470055
-174.416702
-188.577515
38.213123
21.827314
-143.442123
-23.140039
-10.244081
67.610291
198.307602
-3.731298
139.848038
1.932579
-2.146989
-528.480408
435.602997
451.359985
-755.452759
-863.927979
105.173775
134.797775
-636.304504
-91.831787
-43.873158
227.509094
921.159973
-69.870628
627.484436
0.787426
-0.241068
-0.310181
-0.093148
0.466532
0.215610
-0.736776
0.031320
0.437323
-0.459341
-0.090710
-0.293950
-0.231008
0.163650
-0.654384
-0.023663
0.787426
-0.241068
-0.310181
-0.093148
0.466532
0.215610
-0.736776
0.031320
0.437323
-0.459341
-0.090710
-0.293950
-0.231008
0.163650
-0.654384
-0.023663
0.787426
-0.241068
-0.310181
-0.093148
0.466532
0.215610
-0.736776
0.031320
0.437323
-0.459341
-0.090710
-0.293950
-0.231008
0.163650
-0.654384
-0.023663
0.787426
-0.241068
-0.310181
-0.093148
0.466532
0.215610
-0.736776
0.031320
0.437323
-0.459341
-0.090710
-0.293950
-0.231008
0.163650
-0.654384
-0.023663
0.787426
-0.241068
-0.310181
-0.093148
0.466532
0.215610
-0.736776
0.031320
0.437323
-0.459341
-0.090710
-0.293950
-0.231008
0.163650
-0.654384
-0.023663
0.787426
-0.241068
-0.310181
-0.093148
0.466532
0.215610
-0.736776
0.031320
0.437323
-0.459341
-0.090710
-0.293950
-0.231008
0.163650
-0.654384
-0.023663
0.787426
-0.241068
-0.310181
-0.093148
0.466532
0.215610
-0.736776
0.031320
0.437323
-0.459341
-0.090710
-0.293950
-0.231008
0.163650
-0.654384
-0.023663
0.787426
-0.241068
-0.310181
-0.093148
0.466532
0.215610
-0.736776
0.031320
0.437323
-0.459341
-0.090710
-0.293950
-0.231008
0.163650
-0.654384
-0.023663
0.787426
-0.241068
-0.310181
-0.093148
0.466532
0.215610
-0.736776
0.031320
0.437323
-0.459341
-0.090710
-0.293950
-0.231008
0.163650
-0.654384
-0.023663
0.787426
-0.241068
-0.310181
-0.093148
0.466532
0.215610
-0.736776
0.031320
0.437323
-0.459341
-0.090710
-0.293950
-0.231008
0.163650
-0.654384
-0.023663
0.787426
-0.241068
-0.310181
-0.093148
0.466532
0.215610
-0.736776
0.031320
0.437323
-0.459341
-0.090710
-0.293950
-0.231008
0.163650
-0.654384
-0.023663
0.787426
-0.241068
-0.310181
-0.093148
0.466532
0.215610
-0.736776
0.031320
0.437323
-0.459341
-0.090710
-0.293950
-0.231008
0.163650
-0.654384
-0.023663
0.787426
-0.241068
-0.310181
-0.093148
0.466532
0.215610
-0.736776
0.031320
0.437323
-0.459341
-0.090710
-0.293950
-0.231008
0.163650
-0.654384
-0.023663
