-2.076406
-2.492114
1813.840088
-631.812012
-1960.152466
1718.083252
3294.676514
813.671021
-1308.763062
1886.575684
277.296539
-665.575378
248.008728
-2877.177734
1090.035645
-2519.236572
1.482827
0.705232
12.617977
11.852118
28.682890
2.428820
11.529702
9.233718
10.532597
15.142602
4.336224
7.934618
-24.677399
-6.331648
1.725748
20.799217
1.334203
-0.516349
-742.092651
252.311279
813.002075
-685.958862
-1344.666870
-350.245422
551.795593
-773.932312
-125.883263
290.796814
-141.039368
1167.947510
-463.869019
1034.712280
1.036628
0.343020
-104.479515
46.877632
103.617432
-117.775681
-204.375732
-29.067579
67.576683
-119.869942
-12.516296
38.949322
4.438035
174.583908
-48.423592
159.124954
-1.441315
-0.247246
-90.388222
42.479713
90.351913
-98.985138
-172.554977
-25.624680
58.131466
-102.587616
-10.879414
31.996679
5.242586
149.591568
-44.076347
129.450409
0.023368
-0.503819
-448.914734
135.361145
490.480988
-405.240845
-790.575928
-225.611374
327.489319
-441.876068
-65.509064
148.038834
-72.251793
705.647278
-281.804108
600.437012
-0.165728
0.084940
-0.183318
-0.465746
0.493117
0.123266
-0.216674
-0.695115
0.529816
-0.417730
-0.343039
-0.347530
-0.496679
0.458120
-1.033197
0.017222
-0.165728
0.084940
-0.183318
-0.465746
0.493117
0.123266
-0.216674
-0.695115
0.529816
-0.417730
-0.343039
-0.347530
-0.496679
0.458120
-1.033197
0.017222
-0.165728
0.084940
-0.183318
-0.465746
0.493117
0.123266
-0.216674
-0.695115
0.529816
-0.417730
-0.343039
-0.347530
-0.496679
0.458120
-1.033197
0.017222
-0.165728
0.084940
-0.183318
-0.465746
0.493117
0.123266
-0.216674
-0.695115
0.529816
-0.417730
-0.343039
-0.347530
-0.496679
0.458120
-1.033197
0.017222
-0.165728
0.084940
-0.183318
-0.465746
0.493117
0.123266
-0.216674
-0.695115
0.529816
-0.417730
-0.343039
-0.347530
-0.496679
0.458120
-1.033197
0.017222
-0.165728
0.084940
-0.183318
-0.465746
0.493117
0.123266
-0.216674
-0.695115
0.529816
-0.417730
-0.343039
-0.347530
-0.496679
0.458120
-1.033197
0.017222
-0.165728
0.084940
-0.183318
-0.465746
0.493117
0.123266
-0.216674
-0.695115
0.529816
-0.417730
-0.343039
-0.347530
-0.496679
0.458120
-1.033197
0.017222
-0.165728
0.084940
-0.183318
-0.465746
0.493117
0.123266
-0.216674
-0.695115
0.529816
-0.417730
-0.343039
-0.347530
-0.496679
0.458120
-1.033197
0.017222
-0.165728
0.084940
-0.183318
-0.465746
0.493117
0.123266
-0.216674
-0.695115
0.529816
-0.417730
-0.343039
-0.347530
-0.496679
0.458120
-1.033197
0.017222
-0.165728
0.084940
-0.183318
-0.465746
0.493117
0.123266
-0.216674
-0.695115
0.529816
-0.417730
-0.343039
-0.347530
-0.496679
0.458120
-1.033197
0.017222
-0.165728
0.084940
-0.183318
-0.465746
0.493117
0.123266
-0.216674
-0.695115
0.529816
-0.417730
-0.343039
-0.347530
-0.496679
0.458120
-1.033197
0.017222
-0.165728
0.084940
-0.183318
-0.465746
0.493117
0.123266
-0.216674
-0.695115
0.529816
-0.417730
-0.343039
-0.347530
-0.496679
0.458120
-1.033197
0.017222
-0.165728
0.084940
-0.183318
-0.465746
0.493117
0.123266
-0.216674
-0.695115
0.529816
-0.417730
-0.343039
-0.347530
-0.496679
0.458120
-1.033197
0.017222
-0.165728
0.084940
-0.183318
-0.465746
0.493117
0.123266
-0.216674
-0.695115
0.529816
-0.417730
-0.343039
-0.347530
-0.496679
0.458120
-1.033197
0.017222
