1.305224
1.578511
56.639637
1807.970337
1400.234131
2006.981079
1832.185303
-5773.942871
4056.490234
105.018021
-3408.330811
3001.362793
-2236.408691
200.319305
-1693.745728
3227.180420
0.935572
0.870429
3.517677
-16.123613
3.042466
23.988762
-13.224091
18.395082
-29.296267
7.159647
-45.799744
-31.212950
4.503678
-16.530161
0.457236
-25.332659
0.296873
-0.793022
-5.763858
17.171003
1.335696
-24.762764
10.460865
-19.871984
28.298531
-6.549256
42.800293
29.963411
-7.957217
15.454775
0.158914
26.657894
-1.098057
0.223219
-52.828899
-1655.499390
-1278.769165
-1825.497437
-1674.664185
5266.690430
-3719.459961
-99.829704
3118.180908
-2731.243164
2054.215576
-172.408127
1552.976563
-2963.236816
-0.277631
-0.072509
0.179071
0.089711
-0.722966
0.372142
0.612003
-0.910527
0.651628
0.530748
-0.924549
-0.647079
-0.234842
-0.306726
-0.588150
0.166220
-0.277631
-0.072509
0.179071
0.089711
-0.722966
0.372142
0.612003
-0.910527
0.651628
0.530748
-0.924549
-0.647079
-0.234842
-0.306726
-0.588150
0.166220
-0.277631
-0.072509
0.179071
0.089711
-0.722966
0.372142
0.612003
-0.910527
0.651628
0.530748
-0.924549
-0.647079
-0.234842
-0.306726
-0.588150
0.166220
-0.277631
-0.072509
0.179071
0.089711
-0.722966
0.372142
0.612003
-0.910527
0.651628
0.530748
-0.924549
-0.647079
-0.234842
-0.306726
-0.588150
0.166220
-0.277631
-0.072509
0.179071
0.089711
-0.722966
0.372142
0.612003
-0.910527
0.651628
0.530748
-0.924549
-0.647079
-0.234842
-0.306726
-0.588150
0.166220
-0.277631
-0.072509
0.179071
0.089711
-0.722966
0.372142
0.612003
-0.910527
0.651628
0.530748
-0.924549
-0.647079
-0.234842
-0.306726
-0.588150
0.166220
-0.277631
-0.072509
0.179071
0.089711
-0.722966
0.372142
0.612003
-0.910527
0.651628
0.530748
-0.924549
-0.647079
-0.234842
-0.306726
-0.588150
0.166220
-0.277631
-0.072509
0.179071
0.089711
-0.722966
0.372142
0.612003
-0.910527
0.651628
0.530748
-0.924549
-0.647079
-0.234842
-0.306726
-0.588150
0.166220
-0.277631
-0.072509
0.179071
0.089711
-0.722966
0.372142
0.612003
-0.910527
0.651628
0.530748
-0.924549
-0.647079
-0.234842
-0.306726
-0.588150
0.166220
-0.277631
-0.072509
0.179071
0.089711
-0.722966
0.372142
0.612003
-0.910527
0.651628
0.530748
-0.924549
-0.647079
-0.234842
-0.306726
-0.588150
0.166220
-0.277631
-0.072509
0.179071
0.089711
-0.722966
0.372142
0.612003
-0.910527
0.651628
0.530748
-0.924549
-0.647079
-0.234842
-0.306726
-0.588150
0.166220
-0.277631
-0.072509
0.179071
0.089711
-0.722966
0.372142
0.612003
-0.910527
0.651628
0.530748
-0.924549
-0.647079
-0.234842
-0.306726
-0.588150
0.166220
-0.277631
-0.072509
0.179071
0.089711
-0.722966
0.372142
0.612003
-0.910527
0.651628
0.530748
-0.924549
-0.647079
-0.234842
-0.306726
-0.588150
0.166220
-0.277631
-0.072509
0.179071
0.089711
-0.722966
0.372142
0.612003
-0.910527
0.651628
0.530748
-0.924549
-0.647079
-0.234842
-0.306726
-0.588150
0.166220
-0.277631
-0.072509
0.179071
0.089711
-0.722966
0.372142
0.612003
-0.910527
0.651628
0.530748
-0.924549
-0.647079
-0.234842
-0.306726
-0.588150
0.166220
-0.277631
-0.072509
0.179071
0.089711
-0.722966
0.372142
0.612003
-0.910527
0.651628
0.530748
-0.924549
-0.647079
-0.234842
-0.306726
-0.588150
0.166220
