3.673646
-5.835278
1544.142944
-1132.101685
785.064148
-3063.991943
-6348.125000
2848.445313
-2462.351563
-3380.797607
4715.375488
-113.361374
2205.762207
1645.040771
2949.600830
-1457.385254
1.970295
0.478738
9.122549
9.507555
-27.609730
-17.848663
-6.579611
-25.230396
12.828952
-27.716032
51.533237
-2.157811
8.968585
22.057276
9.360830
17.743229
-1.718809
2.241581
-667.005249
476.610291
-369.084045
1295.915161
2749.345947
-1142.265747
1018.028564
1470.500977
-2027.221313
1.277093
-923.157349
-725.148865
-1279.061523
597.536682
1.174103
0.089691
-103.159630
100.256012
-21.931772
233.925903
436.235992
-278.983887
214.849243
222.399124
-339.099762
63.058861
-178.835144
-95.952301
-198.592438
138.619278
-2.625360
-1.381809
-382.143585
237.718079
-229.812302
711.584229
1529.151245
-579.486877
526.890930
831.184937
-1105.854614
-46.859936
-495.158936
-419.182770
-714.816284
293.406586
1.621430
2.161227
-52.891117
56.592300
-7.842037
126.872627
227.985138
-161.869202
125.374893
117.540955
-183.197891
42.916286
-101.188423
-46.678036
-103.571609
79.446274
0.879557
-0.655607
-0.714800
0.070731
-0.207950
0.817055
1.570521
0.203406
-0.326923
0.965109
-1.046931
-1.018290
-0.531345
-0.863536
-0.820580
-0.044465
0.879557
-0.655607
-0.714800
0.070731
-0.207950
0.817055
1.570521
0.203406
-0.326923
0.965109
-1.046931
-1.018290
-0.531345
-0.863536
-0.820580
-0.044465
0.879557
-0.655607
-0.714800
0.070731
-0.207950
0.817055
1.570521
0.203406
-0.326923
0.965109
-1.046931
-1.018290
-0.531345
-0.863536
-0.820580
-0.044465
0.879557
-0.655607
-0.714800
0.070731
-0.207950
0.817055
1.570521
0.203406
-0.326923
0.965109
-1.046931
-1.018290
-0.531345
-0.863536
-0.820580
-0.044465
0.879557
-0.655607
-0.714800
0.070731
-0.207950
0.817055
1.570521
0.203406
-0.326923
0.965109
-1.046931
-1.018290
-0.531345
-0.863536
-0.820580
-0.044465
0.879557
-0.655607
-0.714800
0.070731
-0.207950
0.817055
1.570521
0.203406
-0.326923
0.965109
-1.046931
-1.018290
-0.531345
-0.863536
-0.820580
-0.044465
0.879557
-0.655607
-0.714800
0.070731
-0.207950
0.817055
1.570521
0.203406
-0.326923
0.965109
-1.046931
-1.018290
-0.531345
-0.863536
-0.820580
-0.044465
0.879557
-0.655607
-0.714800
0.070731
-0.207950
0.817055
1.570521
0.203406
-0.326923
0.965109
-1.046931
-1.018290
-0.531345
-0.863536
-0.820580
-0.044465
0.879557
-0.655607
-0.714800
0.070731
-0.207950
0.817055
1.570521
0.203406
-0.326923
0.965109
-1.046931
-1.018290
-0.531345
-0.863536
-0.820580
-0.044465
0.879557
-0.655607
-0.714800
0.070731
-0.207950
0.817055
1.570521
0.203406
-0.326923
0.965109
-1.046931
-1.018290
-0.531345
-0.863536
-0.820580
-0.044465
0.879557
-0.655607
-0.714800
0.070731
-0.207950
0.817055
1.570521
0.203406
-0.326923
0.965109
-1.046931
-1.018290
-0.531345
-0.863536
-0.820580
-0.044465
0.879557
-0.655607
-0.714800
0.070731
-0.207950
0.817055
1.570521
0.203406
-0.326923
0.965109
-1.046931
-1.018290
-0.531345
-0.863536
-0.820580
-0.044465
0.879557
-0.655607
-0.714800
0.070731
-0.207950
0.817055
1.570521
0.203406
-0.326923
0.965109
-1.046931
-1.018290
-0.531345
-0.863536
-0.820580
-0.044465
0.879557
-0.655607
-0.714800
0.070731
-0.207950
0.817055
1.570521
0.203406
-0.326923
0.965109
-1.046931
-1.018290
-0.531345
-0.863536
-0.820580
-0.044465
