-8.729898
-4.496561
-0.475383
-28.018860
-1.287868
25.256142
-15.137678
2.653952
9.580029
-8.765269
-9.451842
-18.550081
-9.911468
-6.314942
3.288948
-9.362885
2.766603
-2.556220
-2.851230
20.197460
6.352221
-36.657341
17.989845
-16.872618
30.582344
-3.473007
33.195835
46.554516
-15.874855
18.204969
-6.221262
19.994318
-4.202376
-2.865060
133.032562
-1946.409302
-2279.222656
-2173.254150
-319.719818
6176.979492
-3869.432129
230.037781
2289.721191
-3970.617188
2533.925293
-942.937256
285.533051
-3215.982666
-1.077679
0.906178
1.147245
-20.436670
0.068100
29.682219
-14.084653
9.556043
-23.675941
1.620409
-28.379719
-38.391518
11.147724
-16.752016
3.421368
-16.035929
3.446443
0.214002
-106.069214
1524.496826
1797.780396
1722.752319
265.729340
-4860.963379
3047.188477
-175.216782
-1804.536133
3121.267578
-1995.110718
741.511963
-229.298157
2533.382080
-1.570471
1.529771
6.236034
79.005379
96.941460
69.388870
-24.061039
-243.954208
150.296829
-33.628494
-67.698959
172.908783
-99.947853
48.083420
8.751767
129.541946
-1.237271
-1.034643
-19.892061
107.502579
110.963387
124.951752
48.715149
-329.335388
204.509262
8.095714
-144.384186
199.242126
-136.486725
37.393269
-35.514427
170.144699
0.755489
0.885220
-0.258412
0.880494
-0.320416
0.388579
1.265218
-1.516434
0.576350
0.722780
-1.006609
0.713842
-0.997767
-0.278847
-0.894888
0.525063
0.755489
0.885220
-0.258412
0.880494
-0.320416
0.388579
1.265218
-1.516434
0.576350
0.722780
-1.006609
0.713842
-0.997767
-0.278847
-0.894888
0.525063
0.755489
0.885220
-0.258412
0.880494
-0.320416
0.388579
1.265218
-1.516434
0.576350
0.722780
-1.006609
0.713842
-0.997767
-0.278847
-0.894888
0.525063
0.755489
0.885220
-0.258412
0.880494
-0.320416
0.388579
1.265218
-1.516434
0.576350
0.722780
-1.006609
0.713842
-0.997767
-0.278847
-0.894888
0.525063
0.755489
0.885220
-0.258412
0.880494
-0.320416
0.388579
1.265218
-1.516434
0.576350
0.722780
-1.006609
0.713842
-0.997767
-0.278847
-0.894888
0.525063
0.755489
0.885220
-0.258412
0.880494
-0.320416
0.388579
1.265218
-1.516434
0.576350
0.722780
-1.006609
0.713842
-0.997767
-0.278847
-0.894888
0.525063
0.755489
0.885220
-0.258412
0.880494
-0.320416
0.388579
1.265218
-1.516434
0.576350
0.722780
-1.006609
0.713842
-0.997767
-0.278847
-0.894888
0.525063
0.755489
0.885220
-0.258412
0.880494
-0.320416
0.388579
1.265218
-1.516434
0.576350
0.722780
-1.006609
0.713842
-0.997767
-0.278847
-0.894888
0.525063
0.755489
0.885220
-0.258412
0.880494
-0.320416
0.388579
1.265218
-1.516434
0.576350
0.722780
-1.006609
0.713842
-0.997767
-0.278847
-0.894888
0.525063
0.755489
0.885220
-0.258412
0.880494
-0.320416
0.388579
1.265218
-1.516434
0.576350
0.722780
-1.006609
0.713842
-0.997767
-0.278847
-0.894888
0.525063
0.755489
0.885220
-0.258412
0.880494
-0.320416
0.388579
1.265218
-1.516434
0.576350
0.722780
-1.006609
0.713842
-0.997767
-0.278847
-0.894888
0.525063
0.755489
0.885220
-0.258412
0.880494
-0.320416
0.388579
1.265218
-1.516434
0.576350
0.722780
-1.006609
0.713842
-0.997767
-0.278847
-0.894888
0.525063
0.755489
0.885220
-0.258412
0.880494
-0.320416
0.388579
1.265218
-1.516434
0.576350
0.722780
-1.006609
0.713842
-0.997767
-0.278847
-0.894888
0.525063
