0.500247
0.525604
-6.456470
4.355156
8.003521
-1.914628
4.493143
-1.386970
-0.989618
-0.624686
-3.018607
3.523749
1.764866
5.259974
-2.380162
-2.850619
-4.239521
-7.428917
36.040340
-25.634403
-26.599028
22.225025
13.148462
18.286142
-16.234140
-0.187880
15.676491
-25.451063
17.663412
9.656016
-11.018989
-21.249718
-3.236439
-2.468332
-323.114502
-62.912983
875.834473
-306.310181
-548.489563
1956.123901
199.128815
1379.644775
-758.814270
74.900337
1682.309204
-783.312439
1402.102539
831.846375
3.306869
3.728269
182.621292
34.290695
-487.250458
163.637115
320.735138
-1089.655029
-98.239311
-774.938049
422.769867
-30.244167
-949.370239
427.013489
-780.453613
-476.658630
-1.541833
-2.547166
21.577496
0.119254
-50.079586
28.780804
12.750247
-115.718307
-23.833366
-77.336151
43.958332
-12.623737
-87.775024
62.088501
-84.304520
-34.821213
-1.301026
-0.122832
12.219329
2.811538
-30.176840
13.882604
12.579131
-68.381615
-9.760128
-50.527645
27.217352
-2.741321
-56.975986
30.903925
-51.442608
-28.269562
2.050025
0.054123
44.374111
12.796911
-135.340149
31.177452
112.934998
-279.497955
-11.077518
-203.710480
111.699219
-7.723591
-256.046814
89.809799
-191.711090
-139.659531
-0.507657
1.095631
-0.129319
-0.449500
-0.387930
-0.185221
0.301981
-0.569887
0.273539
0.082364
0.365315
0.130319
-0.619681
-0.567917
-0.819432
-0.340800
-0.507657
1.095631
-0.129319
-0.449500
-0.387930
-0.185221
0.301981
-0.569887
0.273539
0.082364
0.365315
0.130319
-0.619681
-0.567917
-0.819432
-0.340800
-0.507657
1.095631
-0.129319
-0.449500
-0.387930
-0.185221
0.301981
-0.569887
0.273539
0.082364
0.365315
0.130319
-0.619681
-0.567917
-0.819432
-0.340800
-0.507657
1.095631
-0.129319
-0.449500
-0.387930
-0.185221
0.301981
-0.569887
0.273539
0.082364
0.365315
0.130319
-0.619681
-0.567917
-0.819432
-0.340800
-0.507657
1.095631
-0.129319
-0.449500
-0.387930
-0.185221
0.301981
-0.569887
0.273539
0.082364
0.365315
0.130319
-0.619681
-0.567917
-0.819432
-0.340800
-0.507657
1.095631
-0.129319
-0.449500
-0.387930
-0.185221
0.301981
-0.569887
0.273539
0.082364
0.365315
0.130319
-0.619681
-0.567917
-0.819432
-0.340800
-0.507657
1.095631
-0.129319
-0.449500
-0.387930
-0.185221
0.301981
-0.569887
0.273539
0.082364
0.365315
0.130319
-0.619681
-0.567917
-0.819432
-0.340800
-0.507657
1.095631
-0.129319
-0.449500
-0.387930
-0.185221
0.301981
-0.569887
0.273539
0.082364
0.365315
0.130319
-0.619681
-0.567917
-0.819432
-0.340800
-0.507657
1.095631
-0.129319
-0.449500
-0.387930
-0.185221
0.301981
-0.569887
0.273539
0.082364
0.365315
0.130319
-0.619681
-0.567917
-0.819432
-0.340800
-0.507657
1.095631
-0.129319
-0.449500
-0.387930
-0.185221
0.301981
-0.569887
0.273539
0.082364
0.365315
0.130319
-0.619681
-0.567917
-0.819432
-0.340800
-0.507657
1.095631
-0.129319
-0.449500
-0.387930
-0.185221
0.301981
-0.569887
0.273539
0.082364
0.365315
0.130319
-0.619681
-0.567917
-0.819432
-0.340800
-0.507657
1.095631
-0.129319
-0.449500
-0.387930
-0.185221
0.301981
-0.569887
0.273539
0.082364
0.365315
0.130319
-0.619681
-0.567917
-0.819432
-0.340800
-0.507657
1.095631
-0.129319
-0.449500
-0.387930
-0.185221
0.301981
-0.569887
0.273539
0.082364
0.365315
0.130319
-0.619681
-0.567917
-0.819432
-0.340800
