3.373792
7.819050
-107.769089
-738.970764
-764.713867
-216.883255
-409.415405
-446.418640
237.742126
1353.276611
736.620972
2290.785889
-865.429932
-84.607491
-2143.094238
495.819977
0.186207
0.207642
-0.116890
4.694346
6.149131
-5.641532
-1.441475
0.917155
-0.629890
11.425665
8.927929
-27.810514
0.181090
-7.554965
-10.901663
-10.411734
6.878489
0.570374
-7.628411
29.923141
18.004986
-19.486317
8.543242
0.483216
-12.184456
4.317272
-0.707587
23.697851
4.718879
9.727137
-7.411447
1.048165
-1.064690
-3.037686
42.349510
336.232025
332.059296
85.500725
176.814423
194.023712
-96.738594
-597.406677
-316.217804
-1003.805359
375.684509
34.012539
942.672180
-208.550385
-0.631272
0.383610
5.348138
30.081640
30.644670
8.436707
17.746428
18.348297
-11.224156
-50.666386
-26.947918
-90.251320
35.354038
2.787999
86.549232
-19.710836
-0.965211
-1.588056
9.597388
50.881439
52.110977
17.527020
30.180126
32.916660
-17.372179
-94.571602
-54.337982
-159.769760
61.398777
2.353643
151.318039
-39.025551
-0.290685
-0.835806
23.649147
157.966217
174.440994
56.988770
89.093918
99.143677
-52.851929
-302.210083
-158.052322
-522.046936
197.612839
27.531321
481.473785
-107.784836
0.130050
0.183547
0.375020
0.157388
-0.357792
-0.005033
0.418946
-0.185750
0.103287
-0.189718
0.403502
-0.070552
0.001267
0.187091
0.254463
-0.002595
0.130050
0.183547
0.375020
0.157388
-0.357792
-0.005033
0.418946
-0.185750
0.103287
-0.189718
0.403502
-0.070552
0.001267
0.187091
0.254463
-0.002595
0.130050
0.183547
0.375020
0.157388
-0.357792
-0.005033
0.418946
-0.185750
0.103287
-0.189718
0.403502
-0.070552
0.001267
0.187091
0.254463
-0.002595
0.130050
0.183547
0.375020
0.157388
-0.357792
-0.005033
0.418946
-0.185750
0.103287
-0.189718
0.403502
-0.070552
0.001267
0.187091
0.254463
-0.002595
0.130050
0.183547
0.375020
0.157388
-0.357792
-0.005033
0.418946
-0.185750
0.103287
-0.189718
0.403502
-0.070552
0.001267
0.187091
0.254463
-0.002595
0.130050
0.183547
0.375020
0.157388
-0.357792
-0.005033
0.418946
-0.185750
0.103287
-0.189718
0.403502
-0.070552
0.001267
0.187091
0.254463
-0.002595
0.130050
0.183547
0.375020
0.157388
-0.357792
-0.005033
0.418946
-0.185750
0.103287
-0.189718
0.403502
-0.070552
0.001267
0.187091
0.254463
-0.002595
0.130050
0.183547
0.375020
0.157388
-0.357792
-0.005033
0.418946
-0.185750
0.103287
-0.189718
0.403502
-0.070552
0.001267
0.187091
0.254463
-0.002595
0.130050
0.183547
0.375020
0.157388
-0.357792
-0.005033
0.418946
-0.185750
0.103287
-0.189718
0.403502
-0.070552
0.001267
0.187091
0.254463
-0.002595
0.130050
0.183547
0.375020
0.157388
-0.357792
-0.005033
0.418946
-0.185750
0.103287
-0.189718
0.403502
-0.070552
0.001267
0.187091
0.254463
-0.002595
0.130050
0.183547
0.375020
0.157388
-0.357792
-0.005033
0.418946
-0.185750
0.103287
-0.189718
0.403502
-0.070552
0.001267
0.187091
0.254463
-0.002595
0.130050
0.183547
0.375020
0.157388
-0.357792
-0.005033
0.418946
-0.185750
0.103287
-0.189718
0.403502
-0.070552
0.001267
0.187091
0.254463
-0.002595
0.130050
0.183547
0.375020
0.157388
-0.357792
-0.005033
0.418946
-0.185750
0.103287
-0.189718
0.403502
-0.070552
0.001267
0.187091
0.254463
-0.002595
