-4.539569
2.444493
193.101517
-628.372375
-287.390900
-799.519348
-107.855545
-400.630066
-410.740204
806.451782
-1004.095093
1664.432373
-753.217407
-830.308960
-1544.637451
-1175.429932
-1.722618
2.145739
-2.158971
7.244740
-2.939133
-8.972032
-0.236167
-0.972556
3.670659
5.097814
-13.518976
-20.926336
-6.950987
-8.581923
-13.622757
2.597561
3.414999
-0.845836
-6.157935
-1.352493
2.814493
3.288947
-0.681297
0.867456
-0.885818
-3.319766
10.230513
20.708199
0.462007
6.514109
13.683014
-0.364406
5.348040
-1.331507
-173.489304
541.097412
233.100647
691.539490
79.143532
345.870880
363.088989
-690.759583
882.975464
-1414.396729
620.880737
719.069519
1322.098755
1025.584229
0.008056
-0.478589
-20.981239
9.366975
-14.913074
30.876793
-4.718077
14.877255
31.932224
-10.086752
71.647308
-18.548349
2.285110
42.216278
7.200054
74.037415
-1.530310
-3.489036
13.976199
19.832775
29.960047
10.297979
14.994166
3.727191
-10.577392
-29.603357
-21.076590
-65.553467
44.101780
3.628059
68.944153
-15.957591
-0.378298
0.783417
-0.621094
0.007586
-0.059897
0.365747
0.259496
-0.026375
0.202427
0.018477
0.240927
0.318622
0.144278
0.263246
0.211752
0.531542
-0.378298
0.783417
-0.621094
0.007586
-0.059897
0.365747
0.259496
-0.026375
0.202427
0.018477
0.240927
0.318622
0.144278
0.263246
0.211752
0.531542
-0.378298
0.783417
-0.621094
0.007586
-0.059897
0.365747
0.259496
-0.026375
0.202427
0.018477
0.240927
0.318622
0.144278
0.263246
0.211752
0.531542
-0.378298
0.783417
-0.621094
0.007586
-0.059897
0.365747
0.259496
-0.026375
0.202427
0.018477
0.240927
0.318622
0.144278
0.263246
0.211752
0.531542
-0.378298
0.783417
-0.621094
0.007586
-0.059897
0.365747
0.259496
-0.026375
0.202427
0.018477
0.240927
0.318622
0.144278
0.263246
0.211752
0.531542
-0.378298
0.783417
-0.621094
0.007586
-0.059897
0.365747
0.259496
-0.026375
0.202427
0.018477
0.240927
0.318622
0.144278
0.263246
0.211752
0.531542
-0.378298
0.783417
-0.621094
0.007586
-0.059897
0.365747
0.259496
-0.026375
0.202427
0.018477
0.240927
0.318622
0.144278
0.263246
0.211752
0.531542
-0.378298
0.783417
-0.621094
0.007586
-0.059897
0.365747
0.259496
-0.026375
0.202427
0.018477
0.240927
0.318622
0.144278
0.263246
0.211752
0.531542
-0.378298
0.783417
-0.621094
0.007586
-0.059897
0.365747
0.259496
-0.026375
0.202427
0.018477
0.240927
0.318622
0.144278
0.263246
0.211752
0.531542
-0.378298
0.783417
-0.621094
0.007586
-0.059897
0.365747
0.259496
-0.026375
0.202427
0.018477
0.240927
0.318622
0.144278
0.263246
0.211752
0.531542
-0.378298
0.783417
-0.621094
0.007586
-0.059897
0.365747
0.259496
-0.026375
0.202427
0.018477
0.240927
0.318622
0.144278
0.263246
0.211752
0.531542
-0.378298
0.783417
-0.621094
0.007586
-0.059897
0.365747
0.259496
-0.026375
0.202427
0.018477
0.240927
0.318622
0.144278
0.263246
0.211752
0.531542
-0.378298
0.783417
-0.621094
0.007586
-0.059897
0.365747
0.259496
-0.026375
0.202427
0.018477
0.240927
0.318622
0.144278
0.263246
0.211752
0.531542
-0.378298
0.783417
-0.621094
0.007586
-0.059897
0.365747
0.259496
-0.026375
0.202427
0.018477
0.240927
0.318622
0.144278
0.263246
0.211752
0.531542
