-0.434928
0.917642
-13.126691
-5.419864
9.320920
6.378287
0.536795
-3.432121
-6.837119
-0.262755
9.693346
3.735584
5.039758
-3.276226
4.399254
-1.465415
-8.633136
-0.961001
728.912354
-239.173325
228.305481
-862.696960
335.709869
-370.727631
-910.842224
374.448486
-2114.869385
597.310303
54.131653
-1526.428589
-240.841461
-2100.336670
-0.535855
-1.221128
8.978250
4.749112
-7.967190
-8.453856
-1.537382
0.735078
10.190709
-0.145392
-26.331982
-5.127965
-10.846370
-1.998164
-6.248994
9.667993
4.558270
-0.682283
-471.174316
150.731216
-150.629776
558.172913
-214.812256
232.438080
593.203186
-240.291168
1375.866577
-381.644165
-30.257864
989.698242
151.050690
1360.346558
1.424289
0.354149
-75.129967
21.121557
-32.834034
83.129936
-39.521969
35.245831
94.181213
-29.461861
219.684265
-36.118603
-25.825642
154.666611
2.869530
215.851944
0.885265
-0.008192
-35.221874
16.067450
-3.004311
45.187531
-13.481139
22.746565
40.239407
-23.789927
98.822906
-43.591774
6.671927
75.745392
25.528048
101.621498
-0.514432
0.965126
-0.198634
0.026021
-0.394890
-0.198161
-0.497877
0.420465
0.247388
-0.054145
0.291343
0.322250
-0.154006
0.510769
-0.303479
0.558425
-0.514432
0.965126
-0.198634
0.026021
-0.394890
-0.198161
-0.497877
0.420465
0.247388
-0.054145
0.291343
0.322250
-0.154006
0.510769
-0.303479
0.558425
-0.514432
0.965126
-0.198634
0.026021
-0.394890
-0.198161
-0.497877
0.420465
0.247388
-0.054145
0.291343
0.322250
-0.154006
0.510769
-0.303479
0.558425
-0.514432
0.965126
-0.198634
0.026021
-0.394890
-0.198161
-0.497877
0.420465
0.247388
-0.054145
0.291343
0.322250
-0.154006
0.510769
-0.303479
0.558425
-0.514432
0.965126
-0.198634
0.026021
-0.394890
-0.198161
-0.497877
0.420465
0.247388
-0.054145
0.291343
0.322250
-0.154006
0.510769
-0.303479
0.558425
-0.514432
0.965126
-0.198634
0.026021
-0.394890
-0.198161
-0.497877
0.420465
0.247388
-0.054145
0.291343
0.322250
-0.154006
0.510769
-0.303479
0.558425
-0.514432
0.965126
-0.198634
0.026021
-0.394890
-0.198161
-0.497877
0.420465
0.247388
-0.054145
0.291343
0.322250
-0.154006
0.510769
-0.303479
0.558425
-0.514432
0.965126
-0.198634
0.026021
-0.394890
-0.198161
-0.497877
0.420465
0.247388
-0.054145
0.291343
0.322250
-0.154006
0.510769
-0.303479
0.558425
-0.514432
0.965126
-0.198634
0.026021
-0.394890
-0.198161
-0.497877
0.420465
0.247388
-0.054145
0.291343
0.322250
-0.154006
0.510769
-0.303479
0.558425
-0.514432
0.965126
-0.198634
0.026021
-0.394890
-0.198161
-0.497877
0.420465
0.247388
-0.054145
0.291343
0.322250
-0.154006
0.510769
-0.303479
0.558425
-0.514432
0.965126
-0.198634
0.026021
-0.394890
-0.198161
-0.497877
0.420465
0.247388
-0.054145
0.291343
0.322250
-0.154006
0.510769
-0.303479
0.558425
-0.514432
0.965126
-0.198634
0.026021
-0.394890
-0.198161
-0.497877
0.420465
0.247388
-0.054145
0.291343
0.322250
-0.154006
0.510769
-0.303479
0.558425
-0.514432
0.965126
-0.198634
0.026021
-0.394890
-0.198161
-0.497877
0.420465
0.247388
-0.054145
0.291343
0.322250
-0.154006
0.510769
-0.303479
0.558425
-0.514432
0.965126
-0.198634
0.026021
-0.394890
-0.198161
-0.497877
0.420465
0.247388
-0.054145
0.291343
0.322250
-0.154006
0.510769
-0.303479
0.558425
