4.714515
-1.976648
-418.649750
327.088989
-217.556854
816.414368
270.004364
527.857422
633.179626
-842.054138
1899.812500
-1442.446289
26.257820
1244.536987
1570.093994
1872.554688
-1.475004
0.531330
-3.056388
-5.741475
8.272346
8.012093
2.987303
-0.149187
-4.396687
-4.753847
23.969528
15.707452
11.074729
2.431953
15.143352
-6.746087
1.754826
0.188367
-0.234126
7.943770
-2.833381
-9.427316
-4.424122
-1.268106
4.247163
3.622530
-16.730286
-8.245090
-12.125607
-0.993793
-8.668848
6.750927
-5.355538
1.865498
281.642120
-223.815887
150.394989
-559.949463
-172.366821
-359.539703
-432.470154
580.484558
-1294.865967
995.454773
-15.201560
-850.519958
-1078.677734
-1271.710693
1.310341
0.438509
23.571709
-17.271791
11.558111
-45.051281
-16.904295
-28.909491
-36.904488
47.221218
-102.220093
79.978149
-2.781437
-69.381371
-84.411583
-106.579636
0.381265
1.306507
39.696648
-36.349018
15.427073
-74.270233
-30.699673
-48.224026
-55.111519
80.322937
-174.708832
136.761780
-7.583313
-116.986290
-151.923386
-171.394592
-0.394604
-0.419923
0.050705
-0.045874
0.170061
-0.226221
0.053012
-0.258997
-0.342137
0.108134
-0.631598
-0.468053
0.128576
-0.574452
0.341269
-0.696245
-0.394604
-0.419923
0.050705
-0.045874
0.170061
-0.226221
0.053012
-0.258997
-0.342137
0.108134
-0.631598
-0.468053
0.128576
-0.574452
0.341269
-0.696245
-0.394604
-0.419923
0.050705
-0.045874
0.170061
-0.226221
0.053012
-0.258997
-0.342137
0.108134
-0.631598
-0.468053
0.128576
-0.574452
0.341269
-0.696245
-0.394604
-0.419923
0.050705
-0.045874
0.170061
-0.226221
0.053012
-0.258997
-0.342137
0.108134
-0.631598
-0.468053
0.128576
-0.574452
0.341269
-0.696245
-0.394604
-0.419923
0.050705
-0.045874
0.170061
-0.226221
0.053012
-0.258997
-0.342137
0.108134
-0.631598
-0.468053
0.128576
-0.574452
0.341269
-0.696245
-0.394604
-0.419923
0.050705
-0.045874
0.170061
-0.226221
0.053012
-0.258997
-0.342137
0.108134
-0.631598
-0.468053
0.128576
-0.574452
0.341269
-0.696245
-0.394604
-0.419923
0.050705
-0.045874
0.170061
-0.226221
0.053012
-0.258997
-0.342137
0.108134
-0.631598
-0.468053
0.128576
-0.574452
0.341269
-0.696245
-0.394604
-0.419923
0.050705
-0.045874
0.170061
-0.226221
0.053012
-0.258997
-0.342137
0.108134
-0.631598
-0.468053
0.128576
-0.574452
0.341269
-0.696245
-0.394604
-0.419923
0.050705
-0.045874
0.170061
-0.226221
0.053012
-0.258997
-0.342137
0.108134
-0.631598
-0.468053
0.128576
-0.574452
0.341269
-0.696245
-0.394604
-0.419923
0.050705
-0.045874
0.170061
-0.226221
0.053012
-0.258997
-0.342137
0.108134
-0.631598
-0.468053
0.128576
-0.574452
0.341269
-0.696245
-0.394604
-0.419923
0.050705
-0.045874
0.170061
-0.226221
0.053012
-0.258997
-0.342137
0.108134
-0.631598
-0.468053
0.128576
-0.574452
0.341269
-0.696245
-0.394604
-0.419923
0.050705
-0.045874
0.170061
-0.226221
0.053012
-0.258997
-0.342137
0.108134
-0.631598
-0.468053
0.128576
-0.574452
0.341269
-0.696245
-0.394604
-0.419923
0.050705
-0.045874
0.170061
-0.226221
0.053012
-0.258997
-0.342137
0.108134
-0.631598
-0.468053
0.128576
-0.574452
0.341269
-0.696245
-0.394604
-0.419923
0.050705
-0.045874
0.170061
-0.226221
0.053012
-0.258997
-0.342137
0.108134
-0.631598
-0.468053
0.128576
-0.574452
0.341269
-0.696245
