0.259322
3.060022
6.987608
11.163722
-13.073584
-5.890681
-2.421777
0.640460
8.436528
3.173449
-21.041666
1.024937
-12.091866
5.532602
0.569036
15.470510
1.361866
-0.739100
1.237670
-11.423162
3.378860
7.105320
5.187102
1.565209
-2.704645
-0.328795
8.195618
-5.756464
9.818023
-4.701721
-5.842612
-6.101750
-11.500676
-2.393621
849.205444
-575.038208
669.182068
-879.519592
398.702484
-354.230286
-841.792603
342.378571
-1791.663086
41.037144
751.432129
-1397.845581
310.351868
-2284.618164
5.809354
3.850774
-264.979034
198.086655
-250.492081
327.191895
-114.145538
133.056152
252.825058
-113.333458
621.294434
6.382560
-273.581848
492.773743
-69.414459
772.529236
5.497451
-0.279304
-275.071716
174.125549
-184.342941
243.737289
-141.407608
97.228226
284.368011
-107.727982
536.570862
-37.765556
-210.245041
402.409271
-112.843430
692.948975
-1.700823
-1.228470
-50.683071
23.776884
-38.276058
35.838154
-23.507486
16.448736
49.741554
-7.873935
91.576553
11.065667
-43.980915
63.681347
-36.672676
114.271324
-0.721433
-2.559935
-58.026241
25.317715
-48.495239
52.925152
-27.804581
21.593163
49.741501
-14.194510
112.046349
15.275630
-56.904434
84.572311
-38.271923
143.823898
0.172114
1.055296
-0.126673
0.862106
0.000386
-0.576405
-0.439795
-0.468065
0.479006
-0.318204
0.145357
0.160077
-0.560786
0.294872
0.117945
0.408036
0.172114
1.055296
-0.126673
0.862106
0.000386
-0.576405
-0.439795
-0.468065
0.479006
-0.318204
0.145357
0.160077
-0.560786
0.294872
0.117945
0.408036
0.172114
1.055296
-0.126673
0.862106
0.000386
-0.576405
-0.439795
-0.468065
0.479006
-0.318204
0.145357
0.160077
-0.560786
0.294872
0.117945
0.408036
0.172114
1.055296
-0.126673
0.862106
0.000386
-0.576405
-0.439795
-0.468065
0.479006
-0.318204
0.145357
0.160077
-0.560786
0.294872
0.117945
0.408036
0.172114
1.055296
-0.126673
0.862106
0.000386
-0.576405
-0.439795
-0.468065
0.479006
-0.318204
0.145357
0.160077
-0.560786
0.294872
0.117945
0.408036
0.172114
1.055296
-0.126673
0.862106
0.000386
-0.576405
-0.439795
-0.468065
0.479006
-0.318204
0.145357
0.160077
-0.560786
0.294872
0.117945
0.408036
0.172114
1.055296
-0.126673
0.862106
0.000386
-0.576405
-0.439795
-0.468065
0.479006
-0.318204
0.145357
0.160077
-0.560786
0.294872
0.117945
0.408036
0.172114
1.055296
-0.126673
0.862106
0.000386
-0.576405
-0.439795
-0.468065
0.479006
-0.318204
0.145357
0.160077
-0.560786
0.294872
0.117945
0.408036
0.172114
1.055296
-0.126673
0.862106
0.000386
-0.576405
-0.439795
-0.468065
0.479006
-0.318204
0.145357
0.160077
-0.560786
0.294872
0.117945
0.408036
0.172114
1.055296
-0.126673
0.862106
0.000386
-0.576405
-0.439795
-0.468065
0.479006
-0.318204
0.145357
0.160077
-0.560786
0.294872
0.117945
0.408036
0.172114
1.055296
-0.126673
0.862106
0.000386
-0.576405
-0.439795
-0.468065
0.479006
-0.318204
0.145357
0.160077
-0.560786
0.294872
0.117945
0.408036
0.172114
1.055296
-0.126673
0.862106
0.000386
-0.576405
-0.439795
-0.468065
0.479006
-0.318204
0.145357
0.160077
-0.560786
0.294872
0.117945
0.408036
0.172114
1.055296
-0.126673
0.862106
0.000386
-0.576405
-0.439795
-0.468065
0.479006
-0.318204
0.145357
0.160077
-0.560786
0.294872
0.117945
0.408036
