-1.257007
0.209523
-6.565731
0.128223
6.904720
2.628515
1.324842
3.305473
-2.527901
-3.543499
-4.463943
2.751498
-2.292434
3.377990
-1.546412
-1.367053
-2.100269
-2.930382
1713.829712
305.905945
-18.162186
-1794.509521
445.693054
977.573425
1343.595947
-515.901672
560.752014
-80.826683
-762.699463
-2422.826904
228.431747
805.941956
-0.796925
13.089165
35.774780
-13.333962
-24.364531
3.855797
5.457650
13.283138
-14.028986
-3.769688
13.315928
-8.669586
11.496264
9.125098
-7.780791
-10.948358
-0.553144
1.128056
18.148399
5.149394
-12.247454
-14.900213
5.778441
-3.124154
-10.508814
-4.154974
4.338435
-0.842507
-17.568380
-10.722052
3.106301
-5.579418
-2.183814
3.100418
-694.431763
-129.802734
0.826779
737.300903
-182.379211
-405.224823
-547.372375
189.840164
-244.265274
20.691759
300.150909
990.965942
-99.216423
-320.792786
1.008460
-2.605563
-77.233673
-16.901344
-1.395824
81.763374
-15.928617
-47.693970
-63.119019
23.013987
-23.703955
4.089804
28.276276
114.840904
-5.529817
-36.973434
0.322899
2.482045
-415.575806
-93.330811
-14.516055
438.733826
-92.815735
-238.391479
-339.609192
120.293816
-128.307449
21.052048
167.352646
601.495300
-39.853203
-211.454483
0.755909
-0.682516
-114.109947
-18.959446
1.253886
117.914986
-30.187860
-64.066200
-86.335876
33.533836
-36.469234
6.936805
51.430573
157.642365
-17.439402
-50.929821
-0.144843
0.120333
-0.624036
-0.391839
0.066235
0.096491
-0.263868
-0.393084
-0.267222
0.054190
0.347428
-0.137254
-0.235208
0.512547
0.226631
-0.219043
-0.144843
0.120333
-0.624036
-0.391839
0.066235
0.096491
-0.263868
-0.393084
-0.267222
0.054190
0.347428
-0.137254
-0.235208
0.512547
0.226631
-0.219043
-0.144843
0.120333
-0.624036
-0.391839
0.066235
0.096491
-0.263868
-0.393084
-0.267222
0.054190
0.347428
-0.137254
-0.235208
0.512547
0.226631
-0.219043
-0.144843
0.120333
-0.624036
-0.391839
0.066235
0.096491
-0.263868
-0.393084
-0.267222
0.054190
0.347428
-0.137254
-0.235208
0.512547
0.226631
-0.219043
-0.144843
0.120333
-0.624036
-0.391839
0.066235
0.096491
-0.263868
-0.393084
-0.267222
0.054190
0.347428
-0.137254
-0.235208
0.512547
0.226631
-0.219043
-0.144843
0.120333
-0.624036
-0.391839
0.066235
0.096491
-0.263868
-0.393084
-0.267222
0.054190
0.347428
-0.137254
-0.235208
0.512547
0.226631
-0.219043
-0.144843
0.120333
-0.624036
-0.391839
0.066235
0.096491
-0.263868
-0.393084
-0.267222
0.054190
0.347428
-0.137254
-0.235208
0.512547
0.226631
-0.219043
-0.144843
0.120333
-0.624036
-0.391839
0.066235
0.096491
-0.263868
-0.393084
-0.267222
0.054190
0.347428
-0.137254
-0.235208
0.512547
0.226631
-0.219043
-0.144843
0.120333
-0.624036
-0.391839
0.066235
0.096491
-0.263868
-0.393084
-0.267222
0.054190
0.347428
-0.137254
-0.235208
0.512547
0.226631
-0.219043
-0.144843
0.120333
-0.624036
-0.391839
0.066235
0.096491
-0.263868
-0.393084
-0.267222
0.054190
0.347428
-0.137254
-0.235208
0.512547
0.226631
-0.219043
-0.144843
0.120333
-0.624036
-0.391839
0.066235
0.096491
-0.263868
-0.393084
-0.267222
0.054190
0.347428
-0.137254
-0.235208
0.512547
0.226631
-0.219043
-0.144843
0.120333
-0.624036
-0.391839
0.066235
0.096491
-0.263868
-0.393084
-0.267222
0.054190
0.347428
-0.137254
-0.235208
0.512547
0.226631
-0.219043
