-0.685754
1.141479
3.858473
-6.633518
-6.306789
4.242980
-3.723288
-0.624199
5.254624
-0.267570
-0.089261
-5.069880
-2.235496
-2.805839
3.781228
0.269945
-4.221735
3.528750
1499.101807
-830.466736
-1137.979126
-1209.992310
659.229919
234.326370
816.727417
-1145.303589
-27.766775
-303.232056
-2171.195068
-1180.272827
108.197769
522.670837
-0.594536
2.522183
11.571186
13.441033
3.562270
-20.265951
1.587503
2.034123
-5.410242
-6.371423
-0.954643
4.802972
-4.853187
-19.142244
4.515965
-0.696258
3.425460
-0.967658
-767.394409
426.886414
584.680359
609.795959
-346.981598
-108.663399
-422.573395
583.266602
6.382853
145.427826
1114.924561
595.912354
-59.120312
-261.886200
-1.553699
1.108874
-62.525784
27.272291
45.447090
51.884762
-21.632149
-16.034157
-31.178444
41.437828
0.749882
10.191764
79.766716
52.168930
-4.256333
-19.434851
2.083475
-0.974233
-263.355927
152.803528
205.618042
216.449265
-115.440750
-45.165031
-138.339035
201.481506
15.376139
56.769417
382.175262
215.746506
-14.131749
-99.623978
-0.030543
-2.762437
-91.986298
47.623463
67.113235
72.417793
-35.564045
-14.868142
-51.110744
71.236549
1.178958
19.992306
132.258072
68.282372
-7.251084
-31.085150
0.436632
0.339495
-0.030013
-0.135713
0.479703
0.490331
0.047132
-0.375492
-0.614052
0.474806
0.331269
-0.206083
-0.097304
0.301459
-0.219932
0.385486
0.436632
0.339495
-0.030013
-0.135713
0.479703
0.490331
0.047132
-0.375492
-0.614052
0.474806
0.331269
-0.206083
-0.097304
0.301459
-0.219932
0.385486
0.436632
0.339495
-0.030013
-0.135713
0.479703
0.490331
0.047132
-0.375492
-0.614052
0.474806
0.331269
-0.206083
-0.097304
0.301459
-0.219932
0.385486
0.436632
0.339495
-0.030013
-0.135713
0.479703
0.490331
0.047132
-0.375492
-0.614052
0.474806
0.331269
-0.206083
-0.097304
0.301459
-0.219932
0.385486
0.436632
0.339495
-0.030013
-0.135713
0.479703
0.490331
0.047132
-0.375492
-0.614052
0.474806
0.331269
-0.206083
-0.097304
0.301459
-0.219932
0.385486
0.436632
0.339495
-0.030013
-0.135713
0.479703
0.490331
0.047132
-0.375492
-0.614052
0.474806
0.331269
-0.206083
-0.097304
0.301459
-0.219932
0.385486
0.436632
0.339495
-0.030013
-0.135713
0.479703
0.490331
0.047132
-0.375492
-0.614052
0.474806
0.331269
-0.206083
-0.097304
0.301459
-0.219932
0.385486
0.436632
0.339495
-0.030013
-0.135713
0.479703
0.490331
0.047132
-0.375492
-0.614052
0.474806
0.331269
-0.206083
-0.097304
0.301459
-0.219932
0.385486
0.436632
0.339495
-0.030013
-0.135713
0.479703
0.490331
0.047132
-0.375492
-0.614052
0.474806
0.331269
-0.206083
-0.097304
0.301459
-0.219932
0.385486
0.436632
0.339495
-0.030013
-0.135713
0.479703
0.490331
0.047132
-0.375492
-0.614052
0.474806
0.331269
-0.206083
-0.097304
0.301459
-0.219932
0.385486
0.436632
0.339495
-0.030013
-0.135713
0.479703
0.490331
0.047132
-0.375492
-0.614052
0.474806
0.331269
-0.206083
-0.097304
0.301459
-0.219932
0.385486
0.436632
0.339495
-0.030013
-0.135713
0.479703
0.490331
0.047132
-0.375492
-0.614052
0.474806
0.331269
-0.206083
-0.097304
0.301459
-0.219932
0.385486
0.436632
0.339495
-0.030013
-0.135713
0.479703
0.490331
0.047132
-0.375492
-0.614052
0.474806
0.331269
-0.206083
-0.097304
0.301459
-0.219932
0.385486
