-5.906310
-2.559147
1508.421997
258.621002
-414.122955
-1043.394653
423.831207
387.302582
1016.370728
-66.551880
226.047989
-140.502182
-1457.988281
-1285.535522
-384.355927
164.422562
-0.248815
-2.969709
16.072353
2.509107
-4.501818
-11.612384
0.869921
-1.717748
-10.383100
-1.330490
4.122889
1.540106
-5.805474
-16.159382
-2.711604
-5.241836
3.745283
1.465126
-957.667786
-164.071884
295.444214
674.329590
-262.807556
-241.182098
-626.390686
34.510597
-161.073273
84.330574
948.959595
849.862427
208.526413
-88.087303
2.766780
2.412951
-164.437454
-3.827293
41.593735
102.014763
-53.085735
-33.969845
-117.859062
32.063187
-12.397623
20.240431
168.762741
95.137192
54.888088
-36.682964
-0.405590
0.463484
-77.793533
-19.979248
13.941146
55.391819
-24.189899
-23.981203
-55.211987
-4.253474
-12.436590
6.409247
67.298035
75.169029
23.575974
-8.097067
0.543055
-0.276343
-0.189870
-0.341406
0.210858
-0.005130
-0.466909
-0.108391
-0.285309
-0.257043
-0.179171
0.500514
0.036055
0.743755
0.057044
-0.044159
0.543055
-0.276343
-0.189870
-0.341406
0.210858
-0.005130
-0.466909
-0.108391
-0.285309
-0.257043
-0.179171
0.500514
0.036055
0.743755
0.057044
-0.044159
0.543055
-0.276343
-0.189870
-0.341406
0.210858
-0.005130
-0.466909
-0.108391
-0.285309
-0.257043
-0.179171
0.500514
0.036055
0.743755
0.057044
-0.044159
0.543055
-0.276343
-0.189870
-0.341406
0.210858
-0.005130
-0.466909
-0.108391
-0.285309
-0.257043
-0.179171
0.500514
0.036055
0.743755
0.057044
-0.044159
0.543055
-0.276343
-0.189870
-0.341406
0.210858
-0.005130
-0.466909
-0.108391
-0.285309
-0.257043
-0.179171
0.500514
0.036055
0.743755
0.057044
-0.044159
0.543055
-0.276343
-0.189870
-0.341406
0.210858
-0.005130
-0.466909
-0.108391
-0.285309
-0.257043
-0.179171
0.500514
0.036055
0.743755
0.057044
-0.044159
0.543055
-0.276343
-0.189870
-0.341406
0.210858
-0.005130
-0.466909
-0.108391
-0.285309
-0.257043
-0.179171
0.500514
0.036055
0.743755
0.057044
-0.044159
0.543055
-0.276343
-0.189870
-0.341406
0.210858
-0.005130
-0.466909
-0.108391
-0.285309
-0.257043
-0.179171
0.500514
0.036055
0.743755
0.057044
-0.044159
0.543055
-0.276343
-0.189870
-0.341406
0.210858
-0.005130
-0.466909
-0.108391
-0.285309
-0.257043
-0.179171
0.500514
0.036055
0.743755
0.057044
-0.044159
0.543055
-0.276343
-0.189870
-0.341406
0.210858
-0.005130
-0.466909
-0.108391
-0.285309
-0.257043
-0.179171
0.500514
0.036055
0.743755
0.057044
-0.044159
0.543055
-0.276343
-0.189870
-0.341406
0.210858
-0.005130
-0.466909
-0.108391
-0.285309
-0.257043
-0.179171
0.500514
0.036055
0.743755
0.057044
-0.044159
0.543055
-0.276343
-0.189870
-0.341406
0.210858
-0.005130
-0.466909
-0.108391
-0.285309
-0.257043
-0.179171
0.500514
0.036055
0.743755
0.057044
-0.044159
0.543055
-0.276343
-0.189870
-0.341406
0.210858
-0.005130
-0.466909
-0.108391
-0.285309
-0.257043
-0.179171
0.500514
0.036055
0.743755
0.057044
-0.044159
0.543055
-0.276343
-0.189870
-0.341406
0.210858
-0.005130
-0.466909
-0.108391
-0.285309
-0.257043
-0.179171
0.500514
0.036055
0.743755
0.057044
-0.044159
0.543055
-0.276343
-0.189870
-0.341406
0.210858
-0.005130
-0.466909
-0.108391
-0.285309
-0.257043
-0.179171
0.500514
0.036055
0.743755
0.057044
-0.044159
