2.149869
-1.809716
-19.726780
-36.967346
-34.703842
27.862440
-6.166386
6.092719
-24.549877
41.196472
-28.965784
19.457207
-7.219281
22.231701
-40.132992
-18.980076
5.942568
0.645088
-2463.297119
3335.754395
4452.186523
26.971550
804.309448
-2392.146973
4129.125000
4658.822266
-2039.864746
-1264.385010
2628.111328
281.366974
-6779.841309
294.998230
-0.758998
0.550152
11.430224
39.730972
37.273853
-30.587543
3.444813
-10.104007
26.758209
-39.935760
24.410244
-15.962190
5.209093
-22.912445
39.075695
20.849159
-6.228303
-0.871875
2364.880127
-3168.214600
-4247.424805
-25.280605
-759.181335
2251.146484
-3931.601563
-4430.658691
1959.885742
1193.428467
-2505.779541
-246.681015
6463.755371
-291.144043
0.064428
0.074912
-0.908929
-0.049905
0.749252
0.693788
0.571939
-0.770621
-0.295954
1.780253
-0.498746
0.024504
0.244099
0.217581
-1.083843
-0.817657
0.064428
0.074912
-0.908929
-0.049905
0.749252
0.693788
0.571939
-0.770621
-0.295954
1.780253
-0.498746
0.024504
0.244099
0.217581
-1.083843
-0.817657
0.064428
0.074912
-0.908929
-0.049905
0.749252
0.693788
0.571939
-0.770621
-0.295954
1.780253
-0.498746
0.024504
0.244099
0.217581
-1.083843
-0.817657
0.064428
0.074912
-0.908929
-0.049905
0.749252
0.693788
0.571939
-0.770621
-0.295954
1.780253
-0.498746
0.024504
0.244099
0.217581
-1.083843
-0.817657
0.064428
0.074912
-0.908929
-0.049905
0.749252
0.693788
0.571939
-0.770621
-0.295954
1.780253
-0.498746
0.024504
0.244099
0.217581
-1.083843
-0.817657
0.064428
0.074912
-0.908929
-0.049905
0.749252
0.693788
0.571939
-0.770621
-0.295954
1.780253
-0.498746
0.024504
0.244099
0.217581
-1.083843
-0.817657
0.064428
0.074912
-0.908929
-0.049905
0.749252
0.693788
0.571939
-0.770621
-0.295954
1.780253
-0.498746
0.024504
0.244099
0.217581
-1.083843
-0.817657
0.064428
0.074912
-0.908929
-0.049905
0.749252
0.693788
0.571939
-0.770621
-0.295954
1.780253
-0.498746
0.024504
0.244099
0.217581
-1.083843
-0.817657
0.064428
0.074912
-0.908929
-0.049905
0.749252
0.693788
0.571939
-0.770621
-0.295954
1.780253
-0.498746
0.024504
0.244099
0.217581
-1.083843
-0.817657
0.064428
0.074912
-0.908929
-0.049905
0.749252
0.693788
0.571939
-0.770621
-0.295954
1.780253
-0.498746
0.024504
0.244099
0.217581
-1.083843
-0.817657
0.064428
0.074912
-0.908929
-0.049905
0.749252
0.693788
0.571939
-0.770621
-0.295954
1.780253
-0.498746
0.024504
0.244099
0.217581
-1.083843
-0.817657
0.064428
0.074912
-0.908929
-0.049905
0.749252
0.693788
0.571939
-0.770621
-0.295954
1.780253
-0.498746
0.024504
0.244099
0.217581
-1.083843
-0.817657
0.064428
0.074912
-0.908929
-0.049905
0.749252
0.693788
0.571939
-0.770621
-0.295954
1.780253
-0.498746
0.024504
0.244099
0.217581
-1.083843
-0.817657
0.064428
0.074912
-0.908929
-0.049905
0.749252
0.693788
0.571939
-0.770621
-0.295954
1.780253
-0.498746
0.024504
0.244099
0.217581
-1.083843
-0.817657
0.064428
0.074912
-0.908929
-0.049905
0.749252
0.693788
0.571939
-0.770621
-0.295954
1.780253
-0.498746
0.024504
0.244099
0.217581
-1.083843
-0.817657
0.064428
0.074912
-0.908929
-0.049905
0.749252
0.693788
0.571939
-0.770621
-0.295954
1.780253
-0.498746
0.024504
0.244099
0.217581
-1.083843
-0.817657
