-1.238860
2.216182
-31.677734
-36.438972
-25.977106
48.439842
-2.434471
8.749353
-16.778603
50.530746
-17.014534
33.781254
1.590983
23.670589
-50.720608
-5.574733
6.196737
4.399200
-3800.977539
2554.492676
4848.898438
1786.540894
1516.023315
-2177.858154
3325.762939
5953.127930
-1267.088013
-2377.403076
3101.603027
1314.270752
-6800.797852
-2148.412598
-0.418149
1.029035
25.421614
30.619396
25.944366
-39.982849
0.743405
-9.470467
13.996438
-41.707130
11.732772
-27.675900
-1.287568
-22.251827
41.736008
4.700043
-0.413807
1.890992
156.288849
-92.787262
-183.209534
-74.355637
-65.318161
76.867119
-134.080536
-234.805450
48.562386
103.283020
-119.800156
-44.317577
270.238739
87.080925
-6.681285
-4.385244
3230.492188
-2172.377441
-4150.520020
-1532.696167
-1285.413818
1888.973633
-2790.323730
-5080.408203
1061.697998
2022.111694
-2641.164307
-1166.357178
5761.001953
1871.294556
0.439272
-0.786882
-0.703246
-0.537790
0.103093
1.110204
0.343001
-0.171301
-0.165411
1.729307
0.197596
-0.804088
0.534677
0.544528
-0.985946
-0.866481
0.439272
-0.786882
-0.703246
-0.537790
0.103093
1.110204
0.343001
-0.171301
-0.165411
1.729307
0.197596
-0.804088
0.534677
0.544528
-0.985946
-0.866481
0.439272
-0.786882
-0.703246
-0.537790
0.103093
1.110204
0.343001
-0.171301
-0.165411
1.729307
0.197596
-0.804088
0.534677
0.544528
-0.985946
-0.866481
0.439272
-0.786882
-0.703246
-0.537790
0.103093
1.110204
0.343001
-0.171301
-0.165411
1.729307
0.197596
-0.804088
0.534677
0.544528
-0.985946
-0.866481
0.439272
-0.786882
-0.703246
-0.537790
0.103093
1.110204
0.343001
-0.171301
-0.165411
1.729307
0.197596
-0.804088
0.534677
0.544528
-0.985946
-0.866481
0.439272
-0.786882
-0.703246
-0.537790
0.103093
1.110204
0.343001
-0.171301
-0.165411
1.729307
0.197596
-0.804088
0.534677
0.544528
-0.985946
-0.866481
0.439272
-0.786882
-0.703246
-0.537790
0.103093
1.110204
0.343001
-0.171301
-0.165411
1.729307
0.197596
-0.804088
0.534677
0.544528
-0.985946
-0.866481
0.439272
-0.786882
-0.703246
-0.537790
0.103093
1.110204
0.343001
-0.171301
-0.165411
1.729307
0.197596
-0.804088
0.534677
0.544528
-0.985946
-0.866481
0.439272
-0.786882
-0.703246
-0.537790
0.103093
1.110204
0.343001
-0.171301
-0.165411
1.729307
0.197596
-0.804088
0.534677
0.544528
-0.985946
-0.866481
0.439272
-0.786882
-0.703246
-0.537790
0.103093
1.110204
0.343001
-0.171301
-0.165411
1.729307
0.197596
-0.804088
0.534677
0.544528
-0.985946
-0.866481
0.439272
-0.786882
-0.703246
-0.537790
0.103093
1.110204
0.343001
-0.171301
-0.165411
1.729307
0.197596
-0.804088
0.534677
0.544528
-0.985946
-0.866481
0.439272
-0.786882
-0.703246
-0.537790
0.103093
1.110204
0.343001
-0.171301
-0.165411
1.729307
0.197596
-0.804088
0.534677
0.544528
-0.985946
-0.866481
0.439272
-0.786882
-0.703246
-0.537790
0.103093
1.110204
0.343001
-0.171301
-0.165411
1.729307
0.197596
-0.804088
0.534677
0.544528
-0.985946
-0.866481
0.439272
-0.786882
-0.703246
-0.537790
0.103093
1.110204
0.343001
-0.171301
-0.165411
1.729307
0.197596
-0.804088
0.534677
0.544528
-0.985946
-0.866481
0.439272
-0.786882
-0.703246
-0.537790
0.103093
1.110204
0.343001
-0.171301
-0.165411
1.729307
0.197596
-0.804088
0.534677
0.544528
-0.985946
-0.866481
