-2.471401
2.887480
-3867.158447
-1780.588135
1346.931641
4468.447266
2966.580811
1339.529907
-3546.448730
6542.206543
850.449524
-2541.171387
1282.358154
3087.988770
-2680.792480
-7207.044922
0.482256
-1.012023
-38.506969
0.600110
13.533390
46.590645
12.199133
5.867295
34.604679
46.942200
13.211335
28.438774
23.393515
18.906548
-39.760319
35.964157
-0.489447
-3.158150
28.100821
5.209296
-10.853967
-36.431026
-10.295259
-2.087392
-25.015804
-36.515640
-7.725615
-19.695509
-19.647144
-14.251390
33.363033
-24.667410
1.933895
0.491400
2798.370605
1203.227295
-1027.882324
-3170.836914
-2131.028076
-918.413574
2464.563721
-4767.215820
-580.589355
1829.159424
-962.583923
-2201.761475
2023.829102
5157.187500
1.106104
-0.777169
191.955673
204.455978
29.243656
-306.647369
-154.292465
-150.530075
370.387390
-300.178314
-115.453819
135.633484
4.001707
-217.837158
-17.889282
492.774109
-1.226753
-1.523049
393.554169
60.238697
-246.711884
-359.910248
-307.538574
-31.802147
130.729294
-669.134521
-1.256688
245.709656
-199.917816
-236.560577
436.043732
555.384338
0.952011
-0.147768
-0.083803
1.170143
1.032784
-0.885889
-0.301243
-0.355329
2.144706
-0.568238
-0.192993
0.851512
0.151831
-0.987602
-1.336119
1.966330
0.952011
-0.147768
-0.083803
1.170143
1.032784
-0.885889
-0.301243
-0.355329
2.144706
-0.568238
-0.192993
0.851512
0.151831
-0.987602
-1.336119
1.966330
0.952011
-0.147768
-0.083803
1.170143
1.032784
-0.885889
-0.301243
-0.355329
2.144706
-0.568238
-0.192993
0.851512
0.151831
-0.987602
-1.336119
1.966330
0.952011
-0.147768
-0.083803
1.170143
1.032784
-0.885889
-0.301243
-0.355329
2.144706
-0.568238
-0.192993
0.851512
0.151831
-0.987602
-1.336119
1.966330
0.952011
-0.147768
-0.083803
1.170143
1.032784
-0.885889
-0.301243
-0.355329
2.144706
-0.568238
-0.192993
0.851512
0.151831
-0.987602
-1.336119
1.966330
0.952011
-0.147768
-0.083803
1.170143
1.032784
-0.885889
-0.301243
-0.355329
2.144706
-0.568238
-0.192993
0.851512
0.151831
-0.987602
-1.336119
1.966330
0.952011
-0.147768
-0.083803
1.170143
1.032784
-0.885889
-0.301243
-0.355329
2.144706
-0.568238
-0.192993
0.851512
0.151831
-0.987602
-1.336119
1.966330
0.952011
-0.147768
-0.083803
1.170143
1.032784
-0.885889
-0.301243
-0.355329
2.144706
-0.568238
-0.192993
0.851512
0.151831
-0.987602
-1.336119
1.966330
0.952011
-0.147768
-0.083803
1.170143
1.032784
-0.885889
-0.301243
-0.355329
2.144706
-0.568238
-0.192993
0.851512
0.151831
-0.987602
-1.336119
1.966330
0.952011
-0.147768
-0.083803
1.170143
1.032784
-0.885889
-0.301243
-0.355329
2.144706
-0.568238
-0.192993
0.851512
0.151831
-0.987602
-1.336119
1.966330
0.952011
-0.147768
-0.083803
1.170143
1.032784
-0.885889
-0.301243
-0.355329
2.144706
-0.568238
-0.192993
0.851512
0.151831
-0.987602
-1.336119
1.966330
0.952011
-0.147768
-0.083803
1.170143
1.032784
-0.885889
-0.301243
-0.355329
2.144706
-0.568238
-0.192993
0.851512
0.151831
-0.987602
-1.336119
1.966330
0.952011
-0.147768
-0.083803
1.170143
1.032784
-0.885889
-0.301243
-0.355329
2.144706
-0.568238
-0.192993
0.851512
0.151831
-0.987602
-1.336119
1.966330
0.952011
-0.147768
-0.083803
1.170143
1.032784
-0.885889
-0.301243
-0.355329
2.144706
-0.568238
-0.192993
0.851512
0.151831
-0.987602
-1.336119
1.966330
