4.350031
-6.025242
5071.019043
185.142929
-3791.709961
-3851.907715
-3920.533447
944.616821
-357.353302
-7392.354980
350.500824
3047.989502
-2449.253174
-672.759827
6127.095703
4851.272949
-0.216395
1.316636
50.968327
19.846731
3.819216
-61.899185
-9.485244
-16.071037
-5.469038
-61.636738
2.756531
-36.575302
-2.075190
-19.487764
55.034111
-11.276862
1.193612
-2.504865
-23.470825
-7.647906
-2.444198
28.554617
3.376713
7.485051
4.042381
29.422798
-2.138940
16.206644
0.700709
9.903214
-28.006704
6.342818
0.376128
0.059046
-2394.109375
-38.338444
1829.031006
1777.925903
1823.733398
-476.767548
218.509628
3472.985352
-180.456589
-1416.651001
1161.195068
293.400787
-2917.156982
-2232.776855
-1.580242
1.946259
-248.018951
-38.271378
161.146744
213.552231
202.693649
-23.920568
-28.489859
363.126862
3.101075
-152.270035
113.574867
48.410858
-269.020660
-272.452911
-0.864677
1.668896
-984.845215
-2.237602
756.709900
723.415222
765.113037
-206.853394
135.057770
1434.739380
-97.438477
-597.350830
481.227234
114.629997
-1231.462524
-896.340027
-0.106993
1.087906
-273.955719
-27.054667
188.390137
222.676666
213.476852
-39.942215
-10.154522
405.716095
-8.647121
-168.471848
130.579254
50.519173
-310.369965
-290.756409
0.622325
-0.204436
-1.138653
0.264437
0.429610
-0.221468
0.250450
0.413035
-0.475004
0.402310
0.853023
0.196431
-0.484769
0.882700
0.309818
-0.568835
0.622325
-0.204436
-1.138653
0.264437
0.429610
-0.221468
0.250450
0.413035
-0.475004
0.402310
0.853023
0.196431
-0.484769
0.882700
0.309818
-0.568835
0.622325
-0.204436
-1.138653
0.264437
0.429610
-0.221468
0.250450
0.413035
-0.475004
0.402310
0.853023
0.196431
-0.484769
0.882700
0.309818
-0.568835
0.622325
-0.204436
-1.138653
0.264437
0.429610
-0.221468
0.250450
0.413035
-0.475004
0.402310
0.853023
0.196431
-0.484769
0.882700
0.309818
-0.568835
0.622325
-0.204436
-1.138653
0.264437
0.429610
-0.221468
0.250450
0.413035
-0.475004
0.402310
0.853023
0.196431
-0.484769
0.882700
0.309818
-0.568835
0.622325
-0.204436
-1.138653
0.264437
0.429610
-0.221468
0.250450
0.413035
-0.475004
0.402310
0.853023
0.196431
-0.484769
0.882700
0.309818
-0.568835
0.622325
-0.204436
-1.138653
0.264437
0.429610
-0.221468
0.250450
0.413035
-0.475004
0.402310
0.853023
0.196431
-0.484769
0.882700
0.309818
-0.568835
0.622325
-0.204436
-1.138653
0.264437
0.429610
-0.221468
0.250450
0.413035
-0.475004
0.402310
0.853023
0.196431
-0.484769
0.882700
0.309818
-0.568835
0.622325
-0.204436
-1.138653
0.264437
0.429610
-0.221468
0.250450
0.413035
-0.475004
0.402310
0.853023
0.196431
-0.484769
0.882700
0.309818
-0.568835
0.622325
-0.204436
-1.138653
0.264437
0.429610
-0.221468
0.250450
0.413035
-0.475004
0.402310
0.853023
0.196431
-0.484769
0.882700
0.309818
-0.568835
0.622325
-0.204436
-1.138653
0.264437
0.429610
-0.221468
0.250450
0.413035
-0.475004
0.402310
0.853023
0.196431
-0.484769
0.882700
0.309818
-0.568835
0.622325
-0.204436
-1.138653
0.264437
0.429610
-0.221468
0.250450
0.413035
-0.475004
0.402310
0.853023
0.196431
-0.484769
0.882700
0.309818
-0.568835
0.622325
-0.204436
-1.138653
0.264437
0.429610
-0.221468
0.250450
0.413035
-0.475004
0.402310
0.853023
0.196431
-0.484769
0.882700
0.309818
-0.568835
