-1.667765
1.713697
-864.787537
-312.606964
-294.596130
434.516205
-32.632912
304.246460
311.346161
251.979996
89.498711
-404.750702
946.471924
76.988441
-96.880959
476.551025
-1.997228
-0.810572
4.421877
-7.073355
-1.782939
10.742239
6.190488
-7.123631
-3.897011
2.149012
5.247989
1.156522
1.969581
6.870031
8.786540
-3.253689
0.130511
0.187839
772.621460
290.027863
267.879395
-379.119385
41.010796
-276.808624
-274.799866
-238.220322
-71.732384
344.725616
-851.579895
-72.758209
91.149048
-418.303253
-0.143724
-0.346728
-0.337806
-0.483513
0.060918
0.463664
0.228768
0.368419
0.137396
0.473207
-0.041018
0.104619
0.333694
0.064146
-0.358627
0.143549
-0.143724
-0.346728
-0.337806
-0.483513
0.060918
0.463664
0.228768
0.368419
0.137396
0.473207
-0.041018
0.104619
0.333694
0.064146
-0.358627
0.143549
-0.143724
-0.346728
-0.337806
-0.483513
0.060918
0.463664
0.228768
0.368419
0.137396
0.473207
-0.041018
0.104619
0.333694
0.064146
-0.358627
0.143549
-0.143724
-0.346728
-0.337806
-0.483513
0.060918
0.463664
0.228768
0.368419
0.137396
0.473207
-0.041018
0.104619
0.333694
0.064146
-0.358627
0.143549
-0.143724
-0.346728
-0.337806
-0.483513
0.060918
0.463664
0.228768
0.368419
0.137396
0.473207
-0.041018
0.104619
0.333694
0.064146
-0.358627
0.143549
-0.143724
-0.346728
-0.337806
-0.483513
0.060918
0.463664
0.228768
0.368419
0.137396
0.473207
-0.041018
0.104619
0.333694
0.064146
-0.358627
0.143549
-0.143724
-0.346728
-0.337806
-0.483513
0.060918
0.463664
0.228768
0.368419
0.137396
0.473207
-0.041018
0.104619
0.333694
0.064146
-0.358627
0.143549
-0.143724
-0.346728
-0.337806
-0.483513
0.060918
0.463664
0.228768
0.368419
0.137396
0.473207
-0.041018
0.104619
0.333694
0.064146
-0.358627
0.143549
-0.143724
-0.346728
-0.337806
-0.483513
0.060918
0.463664
0.228768
0.368419
0.137396
0.473207
-0.041018
0.104619
0.333694
0.064146
-0.358627
0.143549
-0.143724
-0.346728
-0.337806
-0.483513
0.060918
0.463664
0.228768
0.368419
0.137396
0.473207
-0.041018
0.104619
0.333694
0.064146
-0.358627
0.143549
-0.143724
-0.346728
-0.337806
-0.483513
0.060918
0.463664
0.228768
0.368419
0.137396
0.473207
-0.041018
0.104619
0.333694
0.064146
-0.358627
0.143549
-0.143724
-0.346728
-0.337806
-0.483513
0.060918
0.463664
0.228768
0.368419
0.137396
0.473207
-0.041018
0.104619
0.333694
0.064146
-0.358627
0.143549
-0.143724
-0.346728
-0.337806
-0.483513
0.060918
0.463664
0.228768
0.368419
0.137396
0.473207
-0.041018
0.104619
0.333694
0.064146
-0.358627
0.143549
-0.143724
-0.346728
-0.337806
-0.483513
0.060918
0.463664
0.228768
0.368419
0.137396
0.473207
-0.041018
0.104619
0.333694
0.064146
-0.358627
0.143549
-0.143724
-0.346728
-0.337806
-0.483513
0.060918
0.463664
0.228768
0.368419
0.137396
0.473207
-0.041018
0.104619
0.333694
0.064146
-0.358627
0.143549
-0.143724
-0.346728
-0.337806
-0.483513
0.060918
0.463664
0.228768
0.368419
0.137396
0.473207
-0.041018
0.104619
0.333694
0.064146
-0.358627
0.143549
-0.143724
-0.346728
-0.337806
-0.483513
0.060918
0.463664
0.228768
0.368419
0.137396
0.473207
-0.041018
0.104619
0.333694
0.064146
-0.358627
0.143549
