-1.799682
-9.048642
33.302132
15.730842
-31.707155
-8.537892
-7.377136
14.591702
-0.355197
-6.044814
25.079945
-0.392216
8.094443
19.597574
3.674712
-15.156207
0.220861
-29.556349
1792.557739
-1845.369995
-6607.835938
4966.542969
-3987.062744
2524.762451
7028.784668
-1201.410278
4746.602539
-778.043823
-13030.985352
2679.015381
-353.206665
-3401.197754
-0.136746
0.151110
12.217038
20.640263
86.658333
1.414925
-2.094771
-18.401955
-56.136505
1.824287
59.252651
3.086293
56.673519
-98.599449
-13.744699
19.981268
-2.637480
10.174341
-595.098022
688.839294
2229.593262
-1882.588989
1364.617432
-926.146240
-2494.153076
496.871155
-1730.090698
371.895294
4576.370605
-1169.098755
157.124527
1203.979004
3.272931
7.608226
-490.340668
555.967651
1847.638062
-1537.558960
1097.643188
-833.160339
-1992.814941
500.655518
-1311.343018
284.033691
3710.230713
-983.698730
183.477554
972.498779
-2.873117
3.390640
-122.477882
104.105865
428.319031
-271.218231
258.834076
-133.394470
-433.403198
46.475739
-289.957825
30.322407
811.721985
-111.986671
6.463758
214.972321
-0.252353
2.096514
-104.827660
88.630966
374.486877
-220.552826
231.864594
-104.479454
-374.282074
14.686901
-252.641113
12.153589
698.369019
-63.472378
-0.128510
180.555008
-0.240897
-0.188993
-0.604885
0.182138
1.460382
0.219233
1.226169
0.204003
-1.028368
-0.866320
-0.650087
-0.550392
2.198601
0.970345
-0.387473
0.463173
-0.240897
-0.188993
-0.604885
0.182138
1.460382
0.219233
1.226169
0.204003
-1.028368
-0.866320
-0.650087
-0.550392
2.198601
0.970345
-0.387473
0.463173
-0.240897
-0.188993
-0.604885
0.182138
1.460382
0.219233
1.226169
0.204003
-1.028368
-0.866320
-0.650087
-0.550392
2.198601
0.970345
-0.387473
0.463173
-0.240897
-0.188993
-0.604885
0.182138
1.460382
0.219233
1.226169
0.204003
-1.028368
-0.866320
-0.650087
-0.550392
2.198601
0.970345
-0.387473
0.463173
-0.240897
-0.188993
-0.604885
0.182138
1.460382
0.219233
1.226169
0.204003
-1.028368
-0.866320
-0.650087
-0.550392
2.198601
0.970345
-0.387473
0.463173
-0.240897
-0.188993
-0.604885
0.182138
1.460382
0.219233
1.226169
0.204003
-1.028368
-0.866320
-0.650087
-0.550392
2.198601
0.970345
-0.387473
0.463173
-0.240897
-0.188993
-0.604885
0.182138
1.460382
0.219233
1.226169
0.204003
-1.028368
-0.866320
-0.650087
-0.550392
2.198601
0.970345
-0.387473
0.463173
-0.240897
-0.188993
-0.604885
0.182138
1.460382
0.219233
1.226169
0.204003
-1.028368
-0.866320
-0.650087
-0.550392
2.198601
0.970345
-0.387473
0.463173
-0.240897
-0.188993
-0.604885
0.182138
1.460382
0.219233
1.226169
0.204003
-1.028368
-0.866320
-0.650087
-0.550392
2.198601
0.970345
-0.387473
0.463173
-0.240897
-0.188993
-0.604885
0.182138
1.460382
0.219233
1.226169
0.204003
-1.028368
-0.866320
-0.650087
-0.550392
2.198601
0.970345
-0.387473
0.463173
-0.240897
-0.188993
-0.604885
0.182138
1.460382
0.219233
1.226169
0.204003
-1.028368
-0.866320
-0.650087
-0.550392
2.198601
0.970345
-0.387473
0.463173
-0.240897
-0.188993
-0.604885
0.182138
1.460382
0.219233
1.226169
0.204003
-1.028368
-0.866320
-0.650087
-0.550392
2.198601
0.970345
-0.387473
0.463173
-0.240897
-0.188993
-0.604885
0.182138
1.460382
0.219233
1.226169
0.204003
-1.028368
-0.866320
-0.650087
-0.550392
2.198601
0.970345
-0.387473
0.463173
