-15.711905
19.262224
-2788.441895
-191.476685
8105.108887
1000.999695
4547.615234
1142.450806
-5856.101074
-3804.501465
-3554.093262
-2288.245117
11028.950195
6560.891113
-1906.993530
3072.339111
1.437287
0.162879
-28.286694
-4.603423
-59.381454
59.885635
14.826753
11.903476
39.508301
-40.140324
-44.947063
32.991203
18.227688
107.132446
-3.198284
-25.111368
-0.612818
3.444022
12.648684
4.476574
33.301903
-27.834896
-6.711609
-6.735452
-17.130264
17.560884
20.882557
-15.894269
-12.551574
-49.858253
1.954913
13.919880
10.157626
-7.393485
1355.158936
70.424042
-4034.869141
-406.671082
-2214.261475
-497.456238
2902.685303
1844.106079
1778.649170
1123.241333
-5468.471680
-3169.546143
930.117432
-1523.131470
-2.570725
-2.171226
105.323593
15.853683
-283.033264
-71.163429
-172.962906
-66.527336
200.277542
164.705048
120.552795
92.533936
-379.330109
-282.002808
77.691299
-111.176033
2.102930
-3.085593
534.894653
0.612772
-1501.548218
-99.866051
-873.699829
-174.543564
1146.716797
631.471191
687.167297
372.053772
-2148.318848
-1078.660522
307.162018
-597.525635
-2.465837
-3.293827
179.985397
40.082626
-518.778503
-132.244934
-283.081573
-120.647011
346.378448
295.866730
210.902679
177.291748
-664.652100
-519.298401
155.540802
-183.069153
-0.615883
-0.712919
0.177595
0.469758
-0.494457
-0.226373
-0.076908
-0.189896
0.700203
0.498729
0.252240
0.499169
-0.551951
-0.784033
0.344468
-0.024282
-0.615883
-0.712919
0.177595
0.469758
-0.494457
-0.226373
-0.076908
-0.189896
0.700203
0.498729
0.252240
0.499169
-0.551951
-0.784033
0.344468
-0.024282
-0.615883
-0.712919
0.177595
0.469758
-0.494457
-0.226373
-0.076908
-0.189896
0.700203
0.498729
0.252240
0.499169
-0.551951
-0.784033
0.344468
-0.024282
-0.615883
-0.712919
0.177595
0.469758
-0.494457
-0.226373
-0.076908
-0.189896
0.700203
0.498729
0.252240
0.499169
-0.551951
-0.784033
0.344468
-0.024282
-0.615883
-0.712919
0.177595
0.469758
-0.494457
-0.226373
-0.076908
-0.189896
0.700203
0.498729
0.252240
0.499169
-0.551951
-0.784033
0.344468
-0.024282
-0.615883
-0.712919
0.177595
0.469758
-0.494457
-0.226373
-0.076908
-0.189896
0.700203
0.498729
0.252240
0.499169
-0.551951
-0.784033
0.344468
-0.024282
-0.615883
-0.712919
0.177595
0.469758
-0.494457
-0.226373
-0.076908
-0.189896
0.700203
0.498729
0.252240
0.499169
-0.551951
-0.784033
0.344468
-0.024282
-0.615883
-0.712919
0.177595
0.469758
-0.494457
-0.226373
-0.076908
-0.189896
0.700203
0.498729
0.252240
0.499169
-0.551951
-0.784033
0.344468
-0.024282
-0.615883
-0.712919
0.177595
0.469758
-0.494457
-0.226373
-0.076908
-0.189896
0.700203
0.498729
0.252240
0.499169
-0.551951
-0.784033
0.344468
-0.024282
-0.615883
-0.712919
0.177595
0.469758
-0.494457
-0.226373
-0.076908
-0.189896
0.700203
0.498729
0.252240
0.499169
-0.551951
-0.784033
0.344468
-0.024282
-0.615883
-0.712919
0.177595
0.469758
-0.494457
-0.226373
-0.076908
-0.189896
0.700203
0.498729
0.252240
0.499169
-0.551951
-0.784033
0.344468
-0.024282
-0.615883
-0.712919
0.177595
0.469758
-0.494457
-0.226373
-0.076908
-0.189896
0.700203
0.498729
0.252240
0.499169
-0.551951
-0.784033
0.344468
-0.024282
-0.615883
-0.712919
0.177595
0.469758
-0.494457
-0.226373
-0.076908
-0.189896
0.700203
0.498729
0.252240
0.499169
-0.551951
-0.784033
0.344468
-0.024282
