8.003330
6.412499
8.567792
29.718790
-6.332074
-21.846703
-12.889546
-8.381639
4.924600
-6.995485
15.451754
20.684622
-13.305586
18.676836
11.291521
-16.714600
27.113308
-12.636206
2278.797852
1752.278687
-5270.208984
-4626.674316
-3387.464844
-3451.204834
2100.261719
5723.734863
2047.760010
3198.446533
-4748.588867
-9536.893555
3022.781006
-1112.073242
2.391838
-0.951268
23.513914
-8.804597
15.229997
-73.208549
-20.752705
0.520813
-6.543284
47.234344
22.037565
-41.106571
-63.506935
-63.812519
15.730900
16.032948
-0.537997
1.042514
-21.567457
16.785645
-14.452964
63.535107
15.383226
1.522002
8.720878
-45.759159
-18.489977
42.368065
53.567837
62.286091
-9.681775
-14.661958
-22.227234
11.172512
-2114.137695
-1616.749512
4898.057129
4273.825195
3157.555908
3193.791016
-1977.604126
-5301.776367
-1914.484497
-2957.975586
4444.498535
8824.666016
-2797.176758
1043.388794
-1.801307
0.877712
-115.135223
52.600254
286.504456
-106.765961
195.605530
-61.698303
-259.000031
-36.624737
-165.606949
10.481071
458.298218
18.076685
-20.473782
135.391403
-1.696673
-1.945265
12.419187
-122.878769
-51.854336
291.753296
-56.455620
194.612595
163.045685
-199.245789
73.239479
-145.585770
-246.597122
383.241058
-109.129211
-88.386375
-0.145426
-0.636481
0.277434
-0.255720
0.037454
1.381602
-0.158083
0.501679
0.839563
-1.236537
0.357720
-0.615824
-0.712308
3.018351
-0.224059
-0.411715
-0.145426
-0.636481
0.277434
-0.255720
0.037454
1.381602
-0.158083
0.501679
0.839563
-1.236537
0.357720
-0.615824
-0.712308
3.018351
-0.224059
-0.411715
-0.145426
-0.636481
0.277434
-0.255720
0.037454
1.381602
-0.158083
0.501679
0.839563
-1.236537
0.357720
-0.615824
-0.712308
3.018351
-0.224059
-0.411715
-0.145426
-0.636481
0.277434
-0.255720
0.037454
1.381602
-0.158083
0.501679
0.839563
-1.236537
0.357720
-0.615824
-0.712308
3.018351
-0.224059
-0.411715
-0.145426
-0.636481
0.277434
-0.255720
0.037454
1.381602
-0.158083
0.501679
0.839563
-1.236537
0.357720
-0.615824
-0.712308
3.018351
-0.224059
-0.411715
-0.145426
-0.636481
0.277434
-0.255720
0.037454
1.381602
-0.158083
0.501679
0.839563
-1.236537
0.357720
-0.615824
-0.712308
3.018351
-0.224059
-0.411715
-0.145426
-0.636481
0.277434
-0.255720
0.037454
1.381602
-0.158083
0.501679
0.839563
-1.236537
0.357720
-0.615824
-0.712308
3.018351
-0.224059
-0.411715
-0.145426
-0.636481
0.277434
-0.255720
0.037454
1.381602
-0.158083
0.501679
0.839563
-1.236537
0.357720
-0.615824
-0.712308
3.018351
-0.224059
-0.411715
-0.145426
-0.636481
0.277434
-0.255720
0.037454
1.381602
-0.158083
0.501679
0.839563
-1.236537
0.357720
-0.615824
-0.712308
3.018351
-0.224059
-0.411715
-0.145426
-0.636481
0.277434
-0.255720
0.037454
1.381602
-0.158083
0.501679
0.839563
-1.236537
0.357720
-0.615824
-0.712308
3.018351
-0.224059
-0.411715
-0.145426
-0.636481
0.277434
-0.255720
0.037454
1.381602
-0.158083
0.501679
0.839563
-1.236537
0.357720
-0.615824
-0.712308
3.018351
-0.224059
-0.411715
-0.145426
-0.636481
0.277434
-0.255720
0.037454
1.381602
-0.158083
0.501679
0.839563
-1.236537
0.357720
-0.615824
-0.712308
3.018351
-0.224059
-0.411715
-0.145426
-0.636481
0.277434
-0.255720
0.037454
1.381602
-0.158083
0.501679
0.839563
-1.236537
0.357720
-0.615824
-0.712308
3.018351
-0.224059
-0.411715
