1.090642
-2.360125
-20.526426
-13.879680
4.075675
24.579193
-2.550630
11.012322
8.830513
-13.068928
-20.711819
-9.782991
-13.159261
0.785847
3.159496
-2.896791
-4.228552
-1.437240
725.762573
1166.667969
2134.961426
-895.868469
177.924911
716.256592
1176.150269
-1912.549072
-653.510376
-483.278137
165.224625
888.993408
-824.149414
766.340698
-0.666338
0.494060
8.273996
-3.969969
-22.054852
5.835794
3.504300
-0.871712
-11.213510
-11.680174
-5.761057
6.672815
6.091648
2.296031
-1.724706
-8.418180
1.563285
0.148315
-271.509338
-427.404785
-788.718140
336.597076
-68.553223
-271.392090
-433.129761
713.282532
246.054962
180.304688
-62.424282
-338.310089
297.384491
-287.213806
0.899713
-1.238931
-43.289021
-66.675850
-127.767189
57.494972
-11.284863
-42.762650
-63.803978
117.260361
39.668888
28.339769
-15.068357
-53.088032
51.062752
-49.715263
2.037678
1.316555
-41.704826
-59.649078
-111.017189
51.615410
-11.907134
-35.709328
-54.177475
103.289207
32.392822
21.895117
-11.066706
-46.640125
39.801849
-41.934597
0.378878
-2.211347
-199.148392
-319.985718
-582.834595
240.539795
-50.405735
-189.519867
-326.060120
518.912415
176.543625
132.813049
-43.784355
-232.250565
232.889038
-207.006256
0.598304
-0.283483
0.226809
0.056918
-0.320504
-0.639706
-0.059039
-0.151865
-0.974671
0.121166
0.058072
0.677420
0.140859
0.218950
0.634168
0.138556
0.598304
-0.283483
0.226809
0.056918
-0.320504
-0.639706
-0.059039
-0.151865
-0.974671
0.121166
0.058072
0.677420
0.140859
0.218950
0.634168
0.138556
0.598304
-0.283483
0.226809
0.056918
-0.320504
-0.639706
-0.059039
-0.151865
-0.974671
0.121166
0.058072
0.677420
0.140859
0.218950
0.634168
0.138556
0.598304
-0.283483
0.226809
0.056918
-0.320504
-0.639706
-0.059039
-0.151865
-0.974671
0.121166
0.058072
0.677420
0.140859
0.218950
0.634168
0.138556
0.598304
-0.283483
0.226809
0.056918
-0.320504
-0.639706
-0.059039
-0.151865
-0.974671
0.121166
0.058072
0.677420
0.140859
0.218950
0.634168
0.138556
0.598304
-0.283483
0.226809
0.056918
-0.320504
-0.639706
-0.059039
-0.151865
-0.974671
0.121166
0.058072
0.677420
0.140859
0.218950
0.634168
0.138556
0.598304
-0.283483
0.226809
0.056918
-0.320504
-0.639706
-0.059039
-0.151865
-0.974671
0.121166
0.058072
0.677420
0.140859
0.218950
0.634168
0.138556
0.598304
-0.283483
0.226809
0.056918
-0.320504
-0.639706
-0.059039
-0.151865
-0.974671
0.121166
0.058072
0.677420
0.140859
0.218950
0.634168
0.138556
0.598304
-0.283483
0.226809
0.056918
-0.320504
-0.639706
-0.059039
-0.151865
-0.974671
0.121166
0.058072
0.677420
0.140859
0.218950
0.634168
0.138556
0.598304
-0.283483
0.226809
0.056918
-0.320504
-0.639706
-0.059039
-0.151865
-0.974671
0.121166
0.058072
0.677420
0.140859
0.218950
0.634168
0.138556
0.598304
-0.283483
0.226809
0.056918
-0.320504
-0.639706
-0.059039
-0.151865
-0.974671
0.121166
0.058072
0.677420
0.140859
0.218950
0.634168
0.138556
0.598304
-0.283483
0.226809
0.056918
-0.320504
-0.639706
-0.059039
-0.151865
-0.974671
0.121166
0.058072
0.677420
0.140859
0.218950
0.634168
0.138556
0.598304
-0.283483
0.226809
0.056918
-0.320504
-0.639706
-0.059039
-0.151865
-0.974671
0.121166
0.058072
0.677420
0.140859
0.218950
0.634168
0.138556
