5.391908
3.705076
-5.093716
-20.342251
-7.686326
22.591242
3.286310
-3.778722
-15.735894
3.180426
1.850011
14.124809
6.125365
-1.599458
-9.397938
2.099501
6.047635
-0.141468
-25.433420
0.199611
26.848829
9.834714
0.864638
11.106973
-11.727566
-10.754910
-19.410923
14.730592
-6.076863
8.177247
-2.667245
-7.746031
1.456177
0.187182
-873.529175
1659.307251
2204.539551
1172.846191
-355.957184
835.388489
2385.935547
-81.274139
60.684139
-995.709900
-508.061737
798.242554
-1158.394653
-448.524597
-0.023861
-0.349410
320.046112
-660.348511
-872.952942
-432.676117
135.616928
-332.077545
-937.385681
54.095940
-19.353518
385.556946
189.220779
-314.802307
460.126251
153.901794
-1.107689
0.193803
56.860451
-77.671387
-107.831749
-79.383469
24.121786
-39.228630
-129.923889
-11.533963
-9.854854
54.154465
32.185699
-35.817688
59.144619
33.301746
2.713272
1.163256
60.669201
-91.561615
-120.646873
-80.647141
24.237349
-47.432373
-137.494247
-8.690491
-6.243562
57.321938
34.032108
-45.114861
64.663345
33.941360
-3.369299
-0.283201
207.265717
-434.950165
-580.716187
-274.907867
80.973686
-218.377014
-601.737366
50.555134
-0.267967
256.526978
118.762558
-216.416412
297.469086
109.653099
-0.409054
-0.150417
0.292011
0.566767
-0.250021
-0.730799
-0.020829
0.099863
-0.413679
-0.642199
0.119339
0.320238
0.359233
0.396710
0.435293
0.770849
-0.409054
-0.150417
0.292011
0.566767
-0.250021
-0.730799
-0.020829
0.099863
-0.413679
-0.642199
0.119339
0.320238
0.359233
0.396710
0.435293
0.770849
-0.409054
-0.150417
0.292011
0.566767
-0.250021
-0.730799
-0.020829
0.099863
-0.413679
-0.642199
0.119339
0.320238
0.359233
0.396710
0.435293
0.770849
-0.409054
-0.150417
0.292011
0.566767
-0.250021
-0.730799
-0.020829
0.099863
-0.413679
-0.642199
0.119339
0.320238
0.359233
0.396710
0.435293
0.770849
-0.409054
-0.150417
0.292011
0.566767
-0.250021
-0.730799
-0.020829
0.099863
-0.413679
-0.642199
0.119339
0.320238
0.359233
0.396710
0.435293
0.770849
-0.409054
-0.150417
0.292011
0.566767
-0.250021
-0.730799
-0.020829
0.099863
-0.413679
-0.642199
0.119339
0.320238
0.359233
0.396710
0.435293
0.770849
-0.409054
-0.150417
0.292011
0.566767
-0.250021
-0.730799
-0.020829
0.099863
-0.413679
-0.642199
0.119339
0.320238
0.359233
0.396710
0.435293
0.770849
-0.409054
-0.150417
0.292011
0.566767
-0.250021
-0.730799
-0.020829
0.099863
-0.413679
-0.642199
0.119339
0.320238
0.359233
0.396710
0.435293
0.770849
-0.409054
-0.150417
0.292011
0.566767
-0.250021
-0.730799
-0.020829
0.099863
-0.413679
-0.642199
0.119339
0.320238
0.359233
0.396710
0.435293
0.770849
-0.409054
-0.150417
0.292011
0.566767
-0.250021
-0.730799
-0.020829
0.099863
-0.413679
-0.642199
0.119339
0.320238
0.359233
0.396710
0.435293
0.770849
-0.409054
-0.150417
0.292011
0.566767
-0.250021
-0.730799
-0.020829
0.099863
-0.413679
-0.642199
0.119339
0.320238
0.359233
0.396710
0.435293
0.770849
-0.409054
-0.150417
0.292011
0.566767
-0.250021
-0.730799
-0.020829
0.099863
-0.413679
-0.642199
0.119339
0.320238
0.359233
0.396710
0.435293
0.770849
-0.409054
-0.150417
0.292011
0.566767
-0.250021
-0.730799
-0.020829
0.099863
-0.413679
-0.642199
0.119339
0.320238
0.359233
0.396710
0.435293
0.770849
