-1.845655
6.542330
-15.009632
11.543839
15.404902
-17.868917
9.513589
15.893271
-8.883076
-7.000381
-3.912769
20.526262
-8.533126
21.009611
-2.649011
5.903958
2.564628
2.991126
-633.917236
-1866.647949
-2603.692139
718.386902
193.684723
-1325.682983
-1533.142090
1822.691406
564.922791
582.540161
-52.941982
-1701.992432
1140.499146
-890.873291
-0.912042
1.461687
-14.814122
15.688573
24.771334
-11.283772
-2.570226
4.084099
15.429177
10.790657
4.874290
-7.679295
-13.516624
-4.678314
3.540804
10.923272
0.052961
-0.358024
9.931000
-8.494668
-12.935102
4.779023
0.323425
-3.256086
-8.076109
-4.228687
-4.457881
3.975409
8.019576
3.479996
0.391434
-6.551271
1.004429
-1.980498
326.414459
974.877197
1350.829590
-364.945526
-106.719391
692.605408
801.359802
-946.206421
-293.915405
-305.910217
24.897526
882.960327
-595.779114
458.401886
-1.099160
0.514338
36.525177
96.976349
140.434402
-47.089890
-6.341723
73.497803
79.468643
-99.654938
-31.964815
-31.150881
9.269072
90.949425
-59.157200
51.957699
0.235675
-1.571896
28.275236
79.091454
112.870857
-32.626896
-4.727717
55.833843
65.567345
-80.909378
-27.652843
-23.805622
6.203592
73.872292
-46.787384
40.143608
-0.204258
0.880473
96.053795
309.397766
434.642151
-108.388008
-36.214046
218.473190
261.346008
-292.615723
-88.880943
-98.222824
-0.947418
282.260284
-193.244644
143.425644
0.768162
0.015223
0.094597
0.432195
0.173426
0.335274
0.464549
0.439597
0.627694
-0.209837
0.068544
-0.477063
-0.500382
0.201285
-0.328769
-0.138183
0.768162
0.015223
0.094597
0.432195
0.173426
0.335274
0.464549
0.439597
0.627694
-0.209837
0.068544
-0.477063
-0.500382
0.201285
-0.328769
-0.138183
0.768162
0.015223
0.094597
0.432195
0.173426
0.335274
0.464549
0.439597
0.627694
-0.209837
0.068544
-0.477063
-0.500382
0.201285
-0.328769
-0.138183
0.768162
0.015223
0.094597
0.432195
0.173426
0.335274
0.464549
0.439597
0.627694
-0.209837
0.068544
-0.477063
-0.500382
0.201285
-0.328769
-0.138183
0.768162
0.015223
0.094597
0.432195
0.173426
0.335274
0.464549
0.439597
0.627694
-0.209837
0.068544
-0.477063
-0.500382
0.201285
-0.328769
-0.138183
0.768162
0.015223
0.094597
0.432195
0.173426
0.335274
0.464549
0.439597
0.627694
-0.209837
0.068544
-0.477063
-0.500382
0.201285
-0.328769
-0.138183
0.768162
0.015223
0.094597
0.432195
0.173426
0.335274
0.464549
0.439597
0.627694
-0.209837
0.068544
-0.477063
-0.500382
0.201285
-0.328769
-0.138183
0.768162
0.015223
0.094597
0.432195
0.173426
0.335274
0.464549
0.439597
0.627694
-0.209837
0.068544
-0.477063
-0.500382
0.201285
-0.328769
-0.138183
0.768162
0.015223
0.094597
0.432195
0.173426
0.335274
0.464549
0.439597
0.627694
-0.209837
0.068544
-0.477063
-0.500382
0.201285
-0.328769
-0.138183
0.768162
0.015223
0.094597
0.432195
0.173426
0.335274
0.464549
0.439597
0.627694
-0.209837
0.068544
-0.477063
-0.500382
0.201285
-0.328769
-0.138183
0.768162
0.015223
0.094597
0.432195
0.173426
0.335274
0.464549
0.439597
0.627694
-0.209837
0.068544
-0.477063
-0.500382
0.201285
-0.328769
-0.138183
0.768162
0.015223
0.094597
0.432195
0.173426
0.335274
0.464549
0.439597
0.627694
-0.209837
0.068544
-0.477063
-0.500382
0.201285
-0.328769
-0.138183
