-2.328638
-3.242675
-62.844730
1761.923950
2437.677979
325.583740
-549.125244
1209.041504
2132.018555
-1128.782104
-232.130569
-843.430603
-726.422180
1656.447388
-1127.748413
379.786438
0.489378
-2.191126
5.346435
-21.285185
-18.805603
21.641479
1.436159
-3.226794
-17.559330
-5.260929
-2.865702
8.214778
17.834406
-1.963088
-7.886462
-7.207562
1.783815
3.968479
15.634570
-627.275635
-867.307373
-103.827126
190.101990
-434.202454
-749.951538
414.681396
91.242287
299.333466
249.948776
-590.465332
399.927704
-139.451523
0.137805
-0.898065
5.469964
-37.277523
-55.624161
-16.869320
12.613055
-27.196037
-55.392059
22.533951
6.953861
21.397400
20.604311
-35.155262
26.875071
-5.801933
-4.867796
2.095176
3.918994
-88.873322
-127.488899
-16.614386
26.609148
-59.246052
-107.527328
57.112968
13.383486
43.148907
40.821358
-83.611755
56.267109
-21.186348
-0.184070
2.371574
2.515910
-107.718666
-150.935699
-18.668268
32.982521
-74.578201
-129.604492
68.320961
11.619111
53.059231
43.828720
-103.977654
70.849098
-25.793663
1.893975
-0.065017
4.117176
-507.487244
-699.660828
-79.621422
153.971924
-351.412781
-608.589355
335.356537
65.461143
238.736130
199.806274
-480.589966
320.184174
-112.964867
0.623508
-0.226397
0.205015
-0.144390
-0.289374
-0.507555
0.612233
-0.204456
-0.456884
-0.155365
0.100811
0.426419
0.416296
-0.225073
0.434470
0.237453
0.623508
-0.226397
0.205015
-0.144390
-0.289374
-0.507555
0.612233
-0.204456
-0.456884
-0.155365
0.100811
0.426419
0.416296
-0.225073
0.434470
0.237453
0.623508
-0.226397
0.205015
-0.144390
-0.289374
-0.507555
0.612233
-0.204456
-0.456884
-0.155365
0.100811
0.426419
0.416296
-0.225073
0.434470
0.237453
0.623508
-0.226397
0.205015
-0.144390
-0.289374
-0.507555
0.612233
-0.204456
-0.456884
-0.155365
0.100811
0.426419
0.416296
-0.225073
0.434470
0.237453
0.623508
-0.226397
0.205015
-0.144390
-0.289374
-0.507555
0.612233
-0.204456
-0.456884
-0.155365
0.100811
0.426419
0.416296
-0.225073
0.434470
0.237453
0.623508
-0.226397
0.205015
-0.144390
-0.289374
-0.507555
0.612233
-0.204456
-0.456884
-0.155365
0.100811
0.426419
0.416296
-0.225073
0.434470
0.237453
0.623508
-0.226397
0.205015
-0.144390
-0.289374
-0.507555
0.612233
-0.204456
-0.456884
-0.155365
0.100811
0.426419
0.416296
-0.225073
0.434470
0.237453
0.623508
-0.226397
0.205015
-0.144390
-0.289374
-0.507555
0.612233
-0.204456
-0.456884
-0.155365
0.100811
0.426419
0.416296
-0.225073
0.434470
0.237453
0.623508
-0.226397
0.205015
-0.144390
-0.289374
-0.507555
0.612233
-0.204456
-0.456884
-0.155365
0.100811
0.426419
0.416296
-0.225073
0.434470
0.237453
0.623508
-0.226397
0.205015
-0.144390
-0.289374
-0.507555
0.612233
-0.204456
-0.456884
-0.155365
0.100811
0.426419
0.416296
-0.225073
0.434470
0.237453
0.623508
-0.226397
0.205015
-0.144390
-0.289374
-0.507555
0.612233
-0.204456
-0.456884
-0.155365
0.100811
0.426419
0.416296
-0.225073
0.434470
0.237453
0.623508
-0.226397
0.205015
-0.144390
-0.289374
-0.507555
0.612233
-0.204456
-0.456884
-0.155365
0.100811
0.426419
0.416296
-0.225073
0.434470
0.237453
0.623508
-0.226397
0.205015
-0.144390
-0.289374
-0.507555
0.612233
-0.204456
-0.456884
-0.155365
0.100811
0.426419
0.416296
-0.225073
0.434470
0.237453
