5.671476
-8.222433
-1021.283386
1388.978760
524.109314
-1224.838135
-3910.992432
-653.579590
883.766541
586.269958
784.376038
-1035.456665
-6.905575
-2995.092773
1569.377319
-699.975708
1.169351
2.373745
-3.735012
-16.942509
-13.855817
-6.418587
-13.967772
-8.231174
-8.103690
6.859339
11.136806
13.314043
-21.392988
-6.471230
4.212745
8.768938
-3.887365
4.317704
418.332581
-611.975159
-227.462784
510.035034
1632.420898
215.497009
-374.516724
-247.186630
-307.501953
427.176086
-5.739571
1210.739990
-631.510437
301.443207
-0.332370
0.123572
27.681332
-30.919586
-12.887302
25.379108
87.524025
22.187916
-20.706533
-17.688589
-23.521635
17.355024
-6.867042
67.759377
-39.282230
10.487374
-1.069308
0.577358
218.770126
-321.194366
-90.615440
298.138397
921.688904
128.979553
-214.114655
-118.439415
-179.090332
255.243423
69.162895
727.819275
-375.934631
182.181503
0.881476
0.898450
69.166519
-80.161980
-35.986637
74.750626
239.447678
60.832951
-50.734940
-38.507164
-54.823803
59.965866
-10.066068
191.082474
-100.489403
32.669701
0.554444
1.495994
56.309395
-54.934685
-35.688873
50.990829
177.366592
58.155392
-36.091522
-33.262985
-43.229137
44.735287
-25.926569
139.608047
-77.271645
23.058420
-0.172376
-0.675822
0.305939
0.045026
-0.198047
0.338226
0.685218
0.671645
-0.022838
-0.070257
-0.376407
-0.068695
-1.146200
0.889540
-0.052079
-0.059546
-0.172376
-0.675822
0.305939
0.045026
-0.198047
0.338226
0.685218
0.671645
-0.022838
-0.070257
-0.376407
-0.068695
-1.146200
0.889540
-0.052079
-0.059546
-0.172376
-0.675822
0.305939
0.045026
-0.198047
0.338226
0.685218
0.671645
-0.022838
-0.070257
-0.376407
-0.068695
-1.146200
0.889540
-0.052079
-0.059546
-0.172376
-0.675822
0.305939
0.045026
-0.198047
0.338226
0.685218
0.671645
-0.022838
-0.070257
-0.376407
-0.068695
-1.146200
0.889540
-0.052079
-0.059546
-0.172376
-0.675822
0.305939
0.045026
-0.198047
0.338226
0.685218
0.671645
-0.022838
-0.070257
-0.376407
-0.068695
-1.146200
0.889540
-0.052079
-0.059546
-0.172376
-0.675822
0.305939
0.045026
-0.198047
0.338226
0.685218
0.671645
-0.022838
-0.070257
-0.376407
-0.068695
-1.146200
0.889540
-0.052079
-0.059546
-0.172376
-0.675822
0.305939
0.045026
-0.198047
0.338226
0.685218
0.671645
-0.022838
-0.070257
-0.376407
-0.068695
-1.146200
0.889540
-0.052079
-0.059546
-0.172376
-0.675822
0.305939
0.045026
-0.198047
0.338226
0.685218
0.671645
-0.022838
-0.070257
-0.376407
-0.068695
-1.146200
0.889540
-0.052079
-0.059546
-0.172376
-0.675822
0.305939
0.045026
-0.198047
0.338226
0.685218
0.671645
-0.022838
-0.070257
-0.376407
-0.068695
-1.146200
0.889540
-0.052079
-0.059546
-0.172376
-0.675822
0.305939
0.045026
-0.198047
0.338226
0.685218
0.671645
-0.022838
-0.070257
-0.376407
-0.068695
-1.146200
0.889540
-0.052079
-0.059546
-0.172376
-0.675822
0.305939
0.045026
-0.198047
0.338226
0.685218
0.671645
-0.022838
-0.070257
-0.376407
-0.068695
-1.146200
0.889540
-0.052079
-0.059546
-0.172376
-0.675822
0.305939
0.045026
-0.198047
0.338226
0.685218
0.671645
-0.022838
-0.070257
-0.376407
-0.068695
-1.146200
0.889540
-0.052079
-0.059546
-0.172376
-0.675822
0.305939
0.045026
-0.198047
0.338226
0.685218
0.671645
-0.022838
-0.070257
-0.376407
-0.068695
-1.146200
0.889540
-0.052079
-0.059546
