0.651342
-0.369142
-6.361634
-1.326619
5.111712
4.812541
-0.638612
4.567410
0.695385
-3.766320
-6.042681
0.605870
-4.725262
2.074426
-0.645777
-0.969110
0.156151
1.451167
3.880993
-6.238080
-1.491812
-6.126366
0.260459
-11.566305
-7.452826
7.674585
4.297885
16.045893
-0.484101
-18.929159
-3.753869
7.809617
-1.687974
-6.832170
180.258926
801.704956
-269.772766
-633.323975
-2185.172852
1475.419312
944.569824
561.817810
-62.837864
-1355.086670
-2212.407471
-764.241150
-50.208298
-1609.277710
2.880523
-3.894985
-5.513018
6.975546
3.307365
1.743068
-1.909267
10.212605
6.181484
-7.562213
-3.185138
-13.335050
-2.329241
19.280132
4.263915
-6.063853
1.184918
5.818770
-173.969284
-784.933105
268.679138
604.734192
2156.870361
-1463.589355
-914.403809
-567.072937
53.158939
1352.792603
2185.118408
717.494568
50.942921
1620.515381
0.212448
-0.364759
0.038252
0.278048
-0.061485
0.342215
0.518519
-0.188051
-0.042568
-0.439047
-0.315155
-0.050597
-0.003743
-0.083942
0.407982
-0.229358
0.212448
-0.364759
0.038252
0.278048
-0.061485
0.342215
0.518519
-0.188051
-0.042568
-0.439047
-0.315155
-0.050597
-0.003743
-0.083942
0.407982
-0.229358
0.212448
-0.364759
0.038252
0.278048
-0.061485
0.342215
0.518519
-0.188051
-0.042568
-0.439047
-0.315155
-0.050597
-0.003743
-0.083942
0.407982
-0.229358
0.212448
-0.364759
0.038252
0.278048
-0.061485
0.342215
0.518519
-0.188051
-0.042568
-0.439047
-0.315155
-0.050597
-0.003743
-0.083942
0.407982
-0.229358
0.212448
-0.364759
0.038252
0.278048
-0.061485
0.342215
0.518519
-0.188051
-0.042568
-0.439047
-0.315155
-0.050597
-0.003743
-0.083942
0.407982
-0.229358
0.212448
-0.364759
0.038252
0.278048
-0.061485
0.342215
0.518519
-0.188051
-0.042568
-0.439047
-0.315155
-0.050597
-0.003743
-0.083942
0.407982
-0.229358
0.212448
-0.364759
0.038252
0.278048
-0.061485
0.342215
0.518519
-0.188051
-0.042568
-0.439047
-0.315155
-0.050597
-0.003743
-0.083942
0.407982
-0.229358
0.212448
-0.364759
0.038252
0.278048
-0.061485
0.342215
0.518519
-0.188051
-0.042568
-0.439047
-0.315155
-0.050597
-0.003743
-0.083942
0.407982
-0.229358
0.212448
-0.364759
0.038252
0.278048
-0.061485
0.342215
0.518519
-0.188051
-0.042568
-0.439047
-0.315155
-0.050597
-0.003743
-0.083942
0.407982
-0.229358
0.212448
-0.364759
0.038252
0.278048
-0.061485
0.342215
0.518519
-0.188051
-0.042568
-0.439047
-0.315155
-0.050597
-0.003743
-0.083942
0.407982
-0.229358
0.212448
-0.364759
0.038252
0.278048
-0.061485
0.342215
0.518519
-0.188051
-0.042568
-0.439047
-0.315155
-0.050597
-0.003743
-0.083942
0.407982
-0.229358
0.212448
-0.364759
0.038252
0.278048
-0.061485
0.342215
0.518519
-0.188051
-0.042568
-0.439047
-0.315155
-0.050597
-0.003743
-0.083942
0.407982
-0.229358
0.212448
-0.364759
0.038252
0.278048
-0.061485
0.342215
0.518519
-0.188051
-0.042568
-0.439047
-0.315155
-0.050597
-0.003743
-0.083942
0.407982
-0.229358
0.212448
-0.364759
0.038252
0.278048
-0.061485
0.342215
0.518519
-0.188051
-0.042568
-0.439047
-0.315155
-0.050597
-0.003743
-0.083942
0.407982
-0.229358
0.212448
-0.364759
0.038252
0.278048
-0.061485
0.342215
0.518519
-0.188051
-0.042568
-0.439047
-0.315155
-0.050597
-0.003743
-0.083942
0.407982
-0.229358
