1.954172
13.121452
8.284680
36.856838
-8.718998
-27.261864
-14.415490
-1.844455
1.693130
-9.724754
15.578747
20.046717
-8.200604
11.454239
3.060641
-7.547625
-3.252568
-0.665029
-23.234303
13.143590
25.672810
-3.853758
0.449553
6.713078
-15.116814
-9.510700
-21.638237
22.365747
-4.432080
18.457747
-4.215177
-11.251250
0.100114
-0.929767
-11.386185
-22.647211
-25.996965
14.824803
17.933428
1.484017
12.201020
12.622956
-12.088949
-17.270802
2.964462
32.922394
-16.487875
-8.593521
-5.368507
-0.902007
-1646.722046
1679.455078
2810.457520
-425.669250
3762.880615
2780.994873
-1262.708984
1637.787354
-867.602600
1282.000977
3503.836426
1562.991333
-2733.801270
0.513416
1.114037
-1.726693
507.697815
-566.689392
-907.369202
177.747894
-1252.076904
-841.795410
389.136292
-547.877136
268.027527
-430.639618
-1160.498901
-448.619476
880.791931
-26.305992
0.453766
0.681771
499.342865
-560.957153
-890.125122
179.979553
-1245.419922
-839.282166
374.308899
-540.835693
253.647049
-421.091583
-1135.206665
-456.287842
875.186462
-46.071434
0.244437
3.801199
105.951080
-108.630211
-178.855484
23.860929
-242.772705
-182.737488
84.452240
-106.212105
57.781025
-87.227814
-227.027725
-103.552414
176.398178
-0.625556
0.568871
0.110862
82.864899
-82.585526
-137.983231
17.425529
-186.718185
-139.309692
61.250080
-79.071091
41.492661
-61.115742
-172.729324
-81.321007
134.246017
-0.786709
-0.183688
0.177300
0.587908
0.289366
-0.178297
-0.715036
0.052607
-1.824768
0.388012
-0.203588
0.122890
0.233790
-0.467445
-0.524396
0.854827
0.569455
-0.183688
0.177300
0.587908
0.289366
-0.178297
-0.715036
0.052607
-1.824768
0.388012
-0.203588
0.122890
0.233790
-0.467445
-0.524396
0.854827
0.569455
-0.183688
0.177300
0.587908
0.289366
-0.178297
-0.715036
0.052607
-1.824768
0.388012
-0.203588
0.122890
0.233790
-0.467445
-0.524396
0.854827
0.569455
-0.183688
0.177300
0.587908
0.289366
-0.178297
-0.715036
0.052607
-1.824768
0.388012
-0.203588
0.122890
0.233790
-0.467445
-0.524396
0.854827
0.569455
-0.183688
0.177300
0.587908
0.289366
-0.178297
-0.715036
0.052607
-1.824768
0.388012
-0.203588
0.122890
0.233790
-0.467445
-0.524396
0.854827
0.569455
-0.183688
0.177300
0.587908
0.289366
-0.178297
-0.715036
0.052607
-1.824768
0.388012
-0.203588
0.122890
0.233790
-0.467445
-0.524396
0.854827
0.569455
-0.183688
0.177300
0.587908
0.289366
-0.178297
-0.715036
0.052607
-1.824768
0.388012
-0.203588
0.122890
0.233790
-0.467445
-0.524396
0.854827
0.569455
-0.183688
0.177300
0.587908
0.289366
-0.178297
-0.715036
0.052607
-1.824768
0.388012
-0.203588
0.122890
0.233790
-0.467445
-0.524396
0.854827
0.569455
-0.183688
0.177300
0.587908
0.289366
-0.178297
-0.715036
0.052607
-1.824768
0.388012
-0.203588
0.122890
0.233790
-0.467445
-0.524396
0.854827
0.569455
-0.183688
0.177300
0.587908
0.289366
-0.178297
-0.715036
0.052607
-1.824768
0.388012
-0.203588
0.122890
0.233790
-0.467445
-0.524396
0.854827
0.569455
-0.183688
0.177300
0.587908
0.289366
-0.178297
-0.715036
0.052607
-1.824768
0.388012
-0.203588
0.122890
0.233790
-0.467445
-0.524396
0.854827
0.569455
-0.183688
0.177300
0.587908
0.289366
-0.178297
-0.715036
0.052607
-1.824768
0.388012
-0.203588
0.122890
0.233790
-0.467445
-0.524396
0.854827
0.569455
