3.815557
-1.842140
1511.091797
-1743.577515
-2962.127686
279.169739
-3660.381348
-2140.725342
962.609924
-2209.942627
943.589539
-1365.663940
-3867.249512
-1128.363403
3219.748291
41.751358
0.093556
-0.334494
5.888927
19.158623
25.032398
-16.126591
-13.732260
-3.364246
-7.651188
-14.171956
9.539751
12.302116
0.921540
-35.572617
19.915489
11.145067
0.675230
-3.198835
-1.854397
-2.536305
-13.825581
5.617077
3.015252
0.549023
3.273533
5.820065
-1.671217
-4.848105
-0.929842
23.032848
-7.197259
-6.305213
-1.678399
0.617702
-709.830627
775.940002
1351.980835
-93.582069
1648.316162
1030.545044
-464.814087
997.066406
-444.170654
611.929932
1752.830444
559.572449
-1468.269287
-58.255993
1.545036
0.237626
-62.934513
79.075752
127.590469
-21.723299
162.489426
81.471512
-36.789207
93.685638
-38.538265
61.623894
168.755585
40.787655
-138.521942
9.152535
-0.109412
1.435440
-80.911919
126.272972
188.924744
-41.941830
250.716202
106.515045
-44.189144
148.958435
-47.645763
96.884216
256.820526
41.484909
-207.550003
24.835857
-1.680731
-2.169297
-345.941284
343.244690
626.806641
-7.767634
735.656250
503.570099
-235.395340
451.943451
-221.347656
271.217712
795.547668
299.231140
-678.516235
-64.590446
0.157328
-0.899179
-1.014247
0.047071
0.876626
0.362542
0.450705
0.910110
-0.224599
0.475326
-0.544971
0.226700
0.252472
0.464351
-0.407395
0.220327
0.157328
-0.899179
-1.014247
0.047071
0.876626
0.362542
0.450705
0.910110
-0.224599
0.475326
-0.544971
0.226700
0.252472
0.464351
-0.407395
0.220327
0.157328
-0.899179
-1.014247
0.047071
0.876626
0.362542
0.450705
0.910110
-0.224599
0.475326
-0.544971
0.226700
0.252472
0.464351
-0.407395
0.220327
0.157328
-0.899179
-1.014247
0.047071
0.876626
0.362542
0.450705
0.910110
-0.224599
0.475326
-0.544971
0.226700
0.252472
0.464351
-0.407395
0.220327
0.157328
-0.899179
-1.014247
0.047071
0.876626
0.362542
0.450705
0.910110
-0.224599
0.475326
-0.544971
0.226700
0.252472
0.464351
-0.407395
0.220327
0.157328
-0.899179
-1.014247
0.047071
0.876626
0.362542
0.450705
0.910110
-0.224599
0.475326
-0.544971
0.226700
0.252472
0.464351
-0.407395
0.220327
0.157328
-0.899179
-1.014247
0.047071
0.876626
0.362542
0.450705
0.910110
-0.224599
0.475326
-0.544971
0.226700
0.252472
0.464351
-0.407395
0.220327
0.157328
-0.899179
-1.014247
0.047071
0.876626
0.362542
0.450705
0.910110
-0.224599
0.475326
-0.544971
0.226700
0.252472
0.464351
-0.407395
0.220327
0.157328
-0.899179
-1.014247
0.047071
0.876626
0.362542
0.450705
0.910110
-0.224599
0.475326
-0.544971
0.226700
0.252472
0.464351
-0.407395
0.220327
0.157328
-0.899179
-1.014247
0.047071
0.876626
0.362542
0.450705
0.910110
-0.224599
0.475326
-0.544971
0.226700
0.252472
0.464351
-0.407395
0.220327
0.157328
-0.899179
-1.014247
0.047071
0.876626
0.362542
0.450705
0.910110
-0.224599
0.475326
-0.544971
0.226700
0.252472
0.464351
-0.407395
0.220327
0.157328
-0.899179
-1.014247
0.047071
0.876626
0.362542
0.450705
0.910110
-0.224599
0.475326
-0.544971
0.226700
0.252472
0.464351
-0.407395
0.220327
0.157328
-0.899179
-1.014247
0.047071
0.876626
0.362542
0.450705
0.910110
-0.224599
0.475326
-0.544971
0.226700
0.252472
0.464351
-0.407395
0.220327
