1.881666
-1.161289
7.424698
22.767513
29.380505
-13.667715
-13.600847
-6.278985
-10.013117
-16.154812
9.278716
20.677341
9.158129
-33.870678
18.747824
12.457441
6.696637
-1.453346
1430.296875
-1833.212280
-3011.213623
703.426758
-4089.371094
-1451.808228
841.805786
-2463.852051
666.729980
-1660.008179
-4104.074219
-306.819397
3166.606201
-517.926758
-5.729152
-1.199449
-402.127655
628.481995
944.442383
-309.997772
1337.197510
332.694672
-194.719498
804.614258
-162.195740
543.756653
1306.649414
-22.881189
-991.191528
255.582825
-1.076450
-1.434990
-412.710266
632.275696
952.882874
-317.108276
1376.451782
360.340668
-200.054825
830.157654
-171.347656
558.582153
1347.102295
-19.107111
-1012.612000
262.881134
-1.254956
1.916258
-114.137276
80.151070
182.282990
9.750175
212.625854
155.406738
-92.858093
127.501114
-64.736450
86.088425
232.190781
87.087479
-191.347733
-22.867332
-0.644809
0.219580
-113.364708
82.857430
186.200134
11.040504
209.644012
152.029510
-90.589745
125.557632
-67.174156
86.388519
228.867264
86.277084
-190.929504
-25.047091
-0.165570
-0.231756
-0.274453
-0.367126
0.752988
0.444619
0.050023
0.903069
-0.790952
0.659968
-0.627792
0.188191
0.746380
0.716215
-0.488952
-1.056368
-0.165570
-0.231756
-0.274453
-0.367126
0.752988
0.444619
0.050023
0.903069
-0.790952
0.659968
-0.627792
0.188191
0.746380
0.716215
-0.488952
-1.056368
-0.165570
-0.231756
-0.274453
-0.367126
0.752988
0.444619
0.050023
0.903069
-0.790952
0.659968
-0.627792
0.188191
0.746380
0.716215
-0.488952
-1.056368
-0.165570
-0.231756
-0.274453
-0.367126
0.752988
0.444619
0.050023
0.903069
-0.790952
0.659968
-0.627792
0.188191
0.746380
0.716215
-0.488952
-1.056368
-0.165570
-0.231756
-0.274453
-0.367126
0.752988
0.444619
0.050023
0.903069
-0.790952
0.659968
-0.627792
0.188191
0.746380
0.716215
-0.488952
-1.056368
-0.165570
-0.231756
-0.274453
-0.367126
0.752988
0.444619
0.050023
0.903069
-0.790952
0.659968
-0.627792
0.188191
0.746380
0.716215
-0.488952
-1.056368
-0.165570
-0.231756
-0.274453
-0.367126
0.752988
0.444619
0.050023
0.903069
-0.790952
0.659968
-0.627792
0.188191
0.746380
0.716215
-0.488952
-1.056368
-0.165570
-0.231756
-0.274453
-0.367126
0.752988
0.444619
0.050023
0.903069
-0.790952
0.659968
-0.627792
0.188191
0.746380
0.716215
-0.488952
-1.056368
-0.165570
-0.231756
-0.274453
-0.367126
0.752988
0.444619
0.050023
0.903069
-0.790952
0.659968
-0.627792
0.188191
0.746380
0.716215
-0.488952
-1.056368
-0.165570
-0.231756
-0.274453
-0.367126
0.752988
0.444619
0.050023
0.903069
-0.790952
0.659968
-0.627792
0.188191
0.746380
0.716215
-0.488952
-1.056368
-0.165570
-0.231756
-0.274453
-0.367126
0.752988
0.444619
0.050023
0.903069
-0.790952
0.659968
-0.627792
0.188191
0.746380
0.716215
-0.488952
-1.056368
-0.165570
-0.231756
-0.274453
-0.367126
0.752988
0.444619
0.050023
0.903069
-0.790952
0.659968
-0.627792
0.188191
0.746380
0.716215
-0.488952
-1.056368
-0.165570
-0.231756
-0.274453
-0.367126
0.752988
0.444619
0.050023
0.903069
-0.790952
0.659968
-0.627792
0.188191
0.746380
0.716215
-0.488952
-1.056368
-0.165570
-0.231756
-0.274453
-0.367126
0.752988
0.444619
0.050023
0.903069
-0.790952
0.659968
-0.627792
0.188191
0.746380
0.716215
-0.488952
-1.056368
