3.967935
0.288631
49.324104
851.147766
546.323853
292.873962
329.730774
96.348404
186.017944
0.092175
-555.886169
186.687973
172.077133
-1237.892456
616.494202
-95.221130
-2.256261
1.599990
2.564502
-35.577034
-20.962259
-13.470505
-12.833239
-3.693030
-7.528361
-1.927721
26.195530
-10.190893
-11.733343
55.855789
-25.235350
4.344114
-3.594779
-0.584614
-38.605042
-666.076233
-431.056244
-230.554993
-261.688721
-78.056328
-148.332718
-3.436277
431.018463
-142.931580
-136.017197
970.437866
-487.615692
75.230103
0.108763
-0.162761
0.033424
-0.389914
-0.093185
0.442305
0.083697
0.375818
0.332219
0.270679
0.420722
-0.340556
0.016235
-0.370533
-0.579596
-0.574282
0.108763
-0.162761
0.033424
-0.389914
-0.093185
0.442305
0.083697
0.375818
0.332219
0.270679
0.420722
-0.340556
0.016235
-0.370533
-0.579596
-0.574282
0.108763
-0.162761
0.033424
-0.389914
-0.093185
0.442305
0.083697
0.375818
0.332219
0.270679
0.420722
-0.340556
0.016235
-0.370533
-0.579596
-0.574282
0.108763
-0.162761
0.033424
-0.389914
-0.093185
0.442305
0.083697
0.375818
0.332219
0.270679
0.420722
-0.340556
0.016235
-0.370533
-0.579596
-0.574282
0.108763
-0.162761
0.033424
-0.389914
-0.093185
0.442305
0.083697
0.375818
0.332219
0.270679
0.420722
-0.340556
0.016235
-0.370533
-0.579596
-0.574282
0.108763
-0.162761
0.033424
-0.389914
-0.093185
0.442305
0.083697
0.375818
0.332219
0.270679
0.420722
-0.340556
0.016235
-0.370533
-0.579596
-0.574282
0.108763
-0.162761
0.033424
-0.389914
-0.093185
0.442305
0.083697
0.375818
0.332219
0.270679
0.420722
-0.340556
0.016235
-0.370533
-0.579596
-0.574282
0.108763
-0.162761
0.033424
-0.389914
-0.093185
0.442305
0.083697
0.375818
0.332219
0.270679
0.420722
-0.340556
0.016235
-0.370533
-0.579596
-0.574282
0.108763
-0.162761
0.033424
-0.389914
-0.093185
0.442305
0.083697
0.375818
0.332219
0.270679
0.420722
-0.340556
0.016235
-0.370533
-0.579596
-0.574282
0.108763
-0.162761
0.033424
-0.389914
-0.093185
0.442305
0.083697
0.375818
0.332219
0.270679
0.420722
-0.340556
0.016235
-0.370533
-0.579596
-0.574282
0.108763
-0.162761
0.033424
-0.389914
-0.093185
0.442305
0.083697
0.375818
0.332219
0.270679
0.420722
-0.340556
0.016235
-0.370533
-0.579596
-0.574282
0.108763
-0.162761
0.033424
-0.389914
-0.093185
0.442305
0.083697
0.375818
0.332219
0.270679
0.420722
-0.340556
0.016235
-0.370533
-0.579596
-0.574282
0.108763
-0.162761
0.033424
-0.389914
-0.093185
0.442305
0.083697
0.375818
0.332219
0.270679
0.420722
-0.340556
0.016235
-0.370533
-0.579596
-0.574282
0.108763
-0.162761
0.033424
-0.389914
-0.093185
0.442305
0.083697
0.375818
0.332219
0.270679
0.420722
-0.340556
0.016235
-0.370533
-0.579596
-0.574282
0.108763
-0.162761
0.033424
-0.389914
-0.093185
0.442305
0.083697
0.375818
0.332219
0.270679
0.420722
-0.340556
0.016235
-0.370533
-0.579596
-0.574282
0.108763
-0.162761
0.033424
-0.389914
-0.093185
0.442305
0.083697
0.375818
0.332219
0.270679
0.420722
-0.340556
0.016235
-0.370533
-0.579596
-0.574282
0.108763
-0.162761
0.033424
-0.389914
-0.093185
0.442305
0.083697
0.375818
0.332219
0.270679
0.420722
-0.340556
0.016235
-0.370533
-0.579596
-0.574282
