3.062603
2.653036
-1.464979
6.617905
-6.029375
12.779526
12.317664
-10.442828
-6.169484
-25.529276
-14.735652
30.455025
16.536793
5.169638
-10.235246
4.547622
-1.845499
-2.224809
-261.919647
-827.787292
997.674500
739.156067
-340.587799
4302.848145
358.949493
-3027.262939
-1462.004272
-2300.563232
-379.588318
2218.901123
-756.171875
-1122.558594
14.822684
-10.491946
4.720948
42.839096
-2.316897
-24.737225
-18.490223
2.033230
2.221344
-12.665189
8.671152
28.773174
-13.909151
12.593812
12.555617
-7.703144
1.726577
-1.012022
106.858719
378.968597
-435.260345
-346.618622
214.677002
-1960.727295
-200.292038
1374.391724
629.840881
1068.123169
203.743301
-1003.205872
324.982849
522.773865
-1.288275
-2.544642
11.062965
42.448460
-44.210442
-37.147877
21.651535
-200.462738
-20.487013
141.194550
64.738098
114.784187
21.451057
-103.699997
31.253469
54.020912
1.293018
1.208445
16.685061
46.444008
-63.948494
-41.879776
-2.363738
-258.020691
-7.907097
181.960983
98.282623
127.061493
10.325553
-133.656128
48.672100
64.221344
-0.234689
2.137476
42.520809
179.551041
-201.820190
-171.920837
144.879257
-892.146606
-124.997963
624.619446
270.521393
501.697571
116.115173
-459.788452
146.583237
247.161057
-0.029925
0.297101
-0.138352
0.212834
-0.426890
-0.128543
0.725362
-0.871022
-0.267203
0.752375
-0.076225
0.657096
1.044603
-0.430279
0.175893
0.248143
-0.029925
0.297101
-0.138352
0.212834
-0.426890
-0.128543
0.725362
-0.871022
-0.267203
0.752375
-0.076225
0.657096
1.044603
-0.430279
0.175893
0.248143
-0.029925
0.297101
-0.138352
0.212834
-0.426890
-0.128543
0.725362
-0.871022
-0.267203
0.752375
-0.076225
0.657096
1.044603
-0.430279
0.175893
0.248143
-0.029925
0.297101
-0.138352
0.212834
-0.426890
-0.128543
0.725362
-0.871022
-0.267203
0.752375
-0.076225
0.657096
1.044603
-0.430279
0.175893
0.248143
-0.029925
0.297101
-0.138352
0.212834
-0.426890
-0.128543
0.725362
-0.871022
-0.267203
0.752375
-0.076225
0.657096
1.044603
-0.430279
0.175893
0.248143
-0.029925
0.297101
-0.138352
0.212834
-0.426890
-0.128543
0.725362
-0.871022
-0.267203
0.752375
-0.076225
0.657096
1.044603
-0.430279
0.175893
0.248143
-0.029925
0.297101
-0.138352
0.212834
-0.426890
-0.128543
0.725362
-0.871022
-0.267203
0.752375
-0.076225
0.657096
1.044603
-0.430279
0.175893
0.248143
-0.029925
0.297101
-0.138352
0.212834
-0.426890
-0.128543
0.725362
-0.871022
-0.267203
0.752375
-0.076225
0.657096
1.044603
-0.430279
0.175893
0.248143
-0.029925
0.297101
-0.138352
0.212834
-0.426890
-0.128543
0.725362
-0.871022
-0.267203
0.752375
-0.076225
0.657096
1.044603
-0.430279
0.175893
0.248143
-0.029925
0.297101
-0.138352
0.212834
-0.426890
-0.128543
0.725362
-0.871022
-0.267203
0.752375
-0.076225
0.657096
1.044603
-0.430279
0.175893
0.248143
-0.029925
0.297101
-0.138352
0.212834
-0.426890
-0.128543
0.725362
-0.871022
-0.267203
0.752375
-0.076225
0.657096
1.044603
-0.430279
0.175893
0.248143
-0.029925
0.297101
-0.138352
0.212834
-0.426890
-0.128543
0.725362
-0.871022
-0.267203
0.752375
-0.076225
0.657096
1.044603
-0.430279
0.175893
0.248143
-0.029925
0.297101
-0.138352
0.212834
-0.426890
-0.128543
0.725362
-0.871022
-0.267203
0.752375
-0.076225
0.657096
1.044603
-0.430279
0.175893
0.248143
