12.378486
-19.171326
35.346996
-14.673771
-27.526663
11.991142
5.715931
16.983685
-6.220723
-10.073576
12.937000
-9.786406
18.521132
10.717944
-4.742625
-12.546758
-2.661353
2.668358
-4.827269
0.132492
-11.019006
1.245886
15.725185
2.740924
13.641224
-16.823246
-29.322012
3.334579
1.817281
11.739882
-7.740757
-6.032458
-3.317676
6.406131
-512.510742
-64.809196
963.360168
-654.984436
3504.127197
2037.309814
-2577.466797
-1539.029785
-2353.012207
252.167404
1367.662354
953.649963
-1072.083618
216.099731
0.522244
-0.838541
3.250393
-2.845196
8.840852
-0.793688
-10.232441
-4.357466
-11.491500
13.761222
20.795437
-3.075589
-1.473037
-9.376705
3.642846
6.330384
2.985139
-3.061854
340.836945
51.303005
-657.129089
436.805786
-2353.750488
-1396.236572
1728.183838
1046.895264
1592.289551
-159.305984
-919.079895
-647.090576
726.093994
-147.033768
-0.312442
-2.782503
49.108135
6.240526
-92.654823
59.273689
-313.065186
-209.479111
232.368988
162.613968
221.165314
-8.035687
-122.974220
-102.498695
101.690056
-11.805191
-1.993888
1.220010
27.290224
-1.854606
-46.842609
37.508690
-191.416000
-96.207077
141.629456
72.622231
117.745827
-23.531687
-71.222878
-45.498142
52.536304
-14.206574
-0.034454
-0.774653
0.208033
-0.359163
-0.197980
0.612953
-0.878220
-0.466837
-0.260523
0.529105
0.291256
0.044882
0.120110
-0.614343
0.322820
0.134035
-0.034454
-0.774653
0.208033
-0.359163
-0.197980
0.612953
-0.878220
-0.466837
-0.260523
0.529105
0.291256
0.044882
0.120110
-0.614343
0.322820
0.134035
-0.034454
-0.774653
0.208033
-0.359163
-0.197980
0.612953
-0.878220
-0.466837
-0.260523
0.529105
0.291256
0.044882
0.120110
-0.614343
0.322820
0.134035
-0.034454
-0.774653
0.208033
-0.359163
-0.197980
0.612953
-0.878220
-0.466837
-0.260523
0.529105
0.291256
0.044882
0.120110
-0.614343
0.322820
0.134035
-0.034454
-0.774653
0.208033
-0.359163
-0.197980
0.612953
-0.878220
-0.466837
-0.260523
0.529105
0.291256
0.044882
0.120110
-0.614343
0.322820
0.134035
-0.034454
-0.774653
0.208033
-0.359163
-0.197980
0.612953
-0.878220
-0.466837
-0.260523
0.529105
0.291256
0.044882
0.120110
-0.614343
0.322820
0.134035
-0.034454
-0.774653
0.208033
-0.359163
-0.197980
0.612953
-0.878220
-0.466837
-0.260523
0.529105
0.291256
0.044882
0.120110
-0.614343
0.322820
0.134035
-0.034454
-0.774653
0.208033
-0.359163
-0.197980
0.612953
-0.878220
-0.466837
-0.260523
0.529105
0.291256
0.044882
0.120110
-0.614343
0.322820
0.134035
-0.034454
-0.774653
0.208033
-0.359163
-0.197980
0.612953
-0.878220
-0.466837
-0.260523
0.529105
0.291256
0.044882
0.120110
-0.614343
0.322820
0.134035
-0.034454
-0.774653
0.208033
-0.359163
-0.197980
0.612953
-0.878220
-0.466837
-0.260523
0.529105
0.291256
0.044882
0.120110
-0.614343
0.322820
0.134035
-0.034454
-0.774653
0.208033
-0.359163
-0.197980
0.612953
-0.878220
-0.466837
-0.260523
0.529105
0.291256
0.044882
0.120110
-0.614343
0.322820
0.134035
-0.034454
-0.774653
0.208033
-0.359163
-0.197980
0.612953
-0.878220
-0.466837
-0.260523
0.529105
0.291256
0.044882
0.120110
-0.614343
0.322820
0.134035
-0.034454
-0.774653
0.208033
-0.359163
-0.197980
0.612953
-0.878220
-0.466837
-0.260523
0.529105
0.291256
0.044882
0.120110
-0.614343
0.322820
0.134035
