4.063067
9.997720
72.515068
18.957909
2.172496
-1.006873
9.037712
-2.245280
13.936758
8.928249
39.435944
14.074778
7.893698
-2.132371
27.976158
4.882507
-5.829860
-6.541869
-25.466795
105.117493
2.974683
-27.760195
-19.331642
-4.910077
-5.442567
7.778361
-10.003502
56.397099
-14.693719
22.401497
10.395666
29.234060
-1.443403
1.692132
6.725812
-3.294314
9.024920
-10.963931
-10.259846
9.058189
1.768915
22.900343
21.578735
-21.830151
-12.956736
-5.446171
4.772424
-2.218079
1.122879
4.200722
541.144409
567.571533
-1144.733276
-371.647186
106.365433
-3590.480225
451.869080
2830.885986
1616.986450
1727.855103
-167.564468
-1547.800659
370.483612
778.352844
-3.060986
1.900581
-5.545063
4.962867
-5.110520
6.383871
3.535767
-5.847634
-2.616069
-16.993223
-14.659523
18.490562
8.887516
1.439695
-3.680240
2.133886
0.867650
-2.311657
-59.426098
0.997478
88.316978
17.534117
36.045475
248.848602
-94.932968
-167.073303
-150.591492
-50.709328
38.844162
97.346436
-48.112038
-32.313522
5.023092
0.685937
-30.567545
-64.303040
58.894249
24.333496
-28.284996
215.239502
1.842504
-198.813110
-90.752014
-153.442398
0.242053
98.335487
-15.499275
-63.164455
-4.542306
-4.029314
-327.849396
-420.777222
839.057312
275.981232
-108.209297
2634.082275
-253.932632
-2042.400513
-1081.340210
-1285.911377
92.240204
1137.385010
-228.595016
-573.416138
0.640143
-0.088681
-0.348559
-0.168167
0.141704
0.190043
0.093021
0.676948
0.413227
-0.391604
0.070363
-0.490633
-0.124867
-0.061086
-0.119213
-0.143593
0.640143
-0.088681
-0.348559
-0.168167
0.141704
0.190043
0.093021
0.676948
0.413227
-0.391604
0.070363
-0.490633
-0.124867
-0.061086
-0.119213
-0.143593
0.640143
-0.088681
-0.348559
-0.168167
0.141704
0.190043
0.093021
0.676948
0.413227
-0.391604
0.070363
-0.490633
-0.124867
-0.061086
-0.119213
-0.143593
0.640143
-0.088681
-0.348559
-0.168167
0.141704
0.190043
0.093021
0.676948
0.413227
-0.391604
0.070363
-0.490633
-0.124867
-0.061086
-0.119213
-0.143593
0.640143
-0.088681
-0.348559
-0.168167
0.141704
0.190043
0.093021
0.676948
0.413227
-0.391604
0.070363
-0.490633
-0.124867
-0.061086
-0.119213
-0.143593
0.640143
-0.088681
-0.348559
-0.168167
0.141704
0.190043
0.093021
0.676948
0.413227
-0.391604
0.070363
-0.490633
-0.124867
-0.061086
-0.119213
-0.143593
0.640143
-0.088681
-0.348559
-0.168167
0.141704
0.190043
0.093021
0.676948
0.413227
-0.391604
0.070363
-0.490633
-0.124867
-0.061086
-0.119213
-0.143593
0.640143
-0.088681
-0.348559
-0.168167
0.141704
0.190043
0.093021
0.676948
0.413227
-0.391604
0.070363
-0.490633
-0.124867
-0.061086
-0.119213
-0.143593
0.640143
-0.088681
-0.348559
-0.168167
0.141704
0.190043
0.093021
0.676948
0.413227
-0.391604
0.070363
-0.490633
-0.124867
-0.061086
-0.119213
-0.143593
0.640143
-0.088681
-0.348559
-0.168167
0.141704
0.190043
0.093021
0.676948
0.413227
-0.391604
0.070363
-0.490633
-0.124867
-0.061086
-0.119213
-0.143593
0.640143
-0.088681
-0.348559
-0.168167
0.141704
0.190043
0.093021
0.676948
0.413227
-0.391604
0.070363
-0.490633
-0.124867
-0.061086
-0.119213
-0.143593
0.640143
-0.088681
-0.348559
-0.168167
0.141704
0.190043
0.093021
0.676948
0.413227
-0.391604
0.070363
-0.490633
-0.124867
-0.061086
-0.119213
-0.143593
