-2.878827
1.803507
0.281498
-13.891057
-4.975207
3.879472
-5.774638
-0.472205
5.582487
-15.739264
13.034286
12.289622
4.621698
-1.464510
1.977463
-1.070879
0.799695
3.105984
-526.949768
1502.567383
335.726929
-97.519356
-421.819763
-755.875122
-754.415039
-1766.263550
1001.460876
-1052.402100
-145.278534
52.480602
319.296875
40.916515
1.870691
-2.366274
-0.093105
7.966621
-5.602309
-6.942685
-0.078149
4.776106
1.923666
-3.126531
-7.596245
1.098288
-4.867386
-3.316788
-7.490819
6.582235
0.634123
-1.769760
179.631012
-597.582642
-131.288315
45.955166
179.036667
285.594269
330.921509
677.650024
-366.119293
433.498840
51.667091
-23.857695
-124.413818
-4.640727
0.588202
-0.884598
38.814144
-69.493744
-18.050632
4.304778
13.993381
38.927715
22.006842
92.915146
-60.057457
41.535683
8.969996
-0.560534
-16.471792
-7.416766
-0.033454
-2.130842
53.409779
-90.376610
-21.700253
2.196453
16.164063
53.626591
25.601431
122.055046
-76.240463
54.609356
9.013165
-4.055490
-20.539782
-7.523136
0.178908
-0.248280
100.294701
-402.068451
-83.058945
32.522072
130.501221
188.132462
233.244522
443.229797
-236.614288
292.175171
42.487289
-13.786656
-83.857483
-5.986062
-0.362327
-0.095680
0.565491
0.013889
-0.022091
-0.150630
0.067026
0.235577
-0.385299
-0.049811
-0.075096
-0.078450
0.386387
-0.336110
0.125329
-0.605494
-0.362327
-0.095680
0.565491
0.013889
-0.022091
-0.150630
0.067026
0.235577
-0.385299
-0.049811
-0.075096
-0.078450
0.386387
-0.336110
0.125329
-0.605494
-0.362327
-0.095680
0.565491
0.013889
-0.022091
-0.150630
0.067026
0.235577
-0.385299
-0.049811
-0.075096
-0.078450
0.386387
-0.336110
0.125329
-0.605494
-0.362327
-0.095680
0.565491
0.013889
-0.022091
-0.150630
0.067026
0.235577
-0.385299
-0.049811
-0.075096
-0.078450
0.386387
-0.336110
0.125329
-0.605494
-0.362327
-0.095680
0.565491
0.013889
-0.022091
-0.150630
0.067026
0.235577
-0.385299
-0.049811
-0.075096
-0.078450
0.386387
-0.336110
0.125329
-0.605494
-0.362327
-0.095680
0.565491
0.013889
-0.022091
-0.150630
0.067026
0.235577
-0.385299
-0.049811
-0.075096
-0.078450
0.386387
-0.336110
0.125329
-0.605494
-0.362327
-0.095680
0.565491
0.013889
-0.022091
-0.150630
0.067026
0.235577
-0.385299
-0.049811
-0.075096
-0.078450
0.386387
-0.336110
0.125329
-0.605494
-0.362327
-0.095680
0.565491
0.013889
-0.022091
-0.150630
0.067026
0.235577
-0.385299
-0.049811
-0.075096
-0.078450
0.386387
-0.336110
0.125329
-0.605494
-0.362327
-0.095680
0.565491
0.013889
-0.022091
-0.150630
0.067026
0.235577
-0.385299
-0.049811
-0.075096
-0.078450
0.386387
-0.336110
0.125329
-0.605494
-0.362327
-0.095680
0.565491
0.013889
-0.022091
-0.150630
0.067026
0.235577
-0.385299
-0.049811
-0.075096
-0.078450
0.386387
-0.336110
0.125329
-0.605494
-0.362327
-0.095680
0.565491
0.013889
-0.022091
-0.150630
0.067026
0.235577
-0.385299
-0.049811
-0.075096
-0.078450
0.386387
-0.336110
0.125329
-0.605494
-0.362327
-0.095680
0.565491
0.013889
-0.022091
-0.150630
0.067026
0.235577
-0.385299
-0.049811
-0.075096
-0.078450
0.386387
-0.336110
0.125329
-0.605494
-0.362327
-0.095680
0.565491
0.013889
-0.022091
-0.150630
0.067026
0.235577
-0.385299
-0.049811
-0.075096
-0.078450
0.386387
-0.336110
0.125329
-0.605494
