-0.005950
-0.952637
2.945685
-6.429764
-6.193564
2.341274
-0.769952
0.115145
3.999388
0.156421
2.270857
-7.618228
-2.573244
-1.143720
3.430663
-0.120977
1.212128
-0.542502
0.398045
-11.639302
2.098680
10.487880
2.362226
-1.306556
-2.984027
5.400023
3.414227
-0.140936
5.550921
2.386435
4.787285
-5.974910
-1.000182
-1.413878
0.348734
-14.858514
-5.730752
1.595922
-3.387087
3.401593
1.931103
-11.743898
16.222811
6.961070
3.752415
2.545462
0.683619
-1.550473
1.098777
2.658076
-623.353699
1219.948120
123.889526
-25.025324
-44.953449
-704.154053
-605.129456
-1604.664307
1070.924683
-741.603271
147.944046
382.833893
199.222641
41.156197
-1.144427
0.842226
491.050079
-967.680908
-98.222900
18.187017
38.365810
569.314819
498.302551
1265.091064
-843.493713
591.483154
-117.348404
-299.271271
-155.115524
-32.824570
0.303341
-1.841818
40.583881
-32.306831
-3.669477
-3.047029
-8.336666
22.371008
-8.579996
69.999519
-52.750587
11.950467
-3.299402
-16.634918
-4.563212
-1.052954
-2.046947
-3.548483
2.178220
-79.794296
-3.227434
8.159501
16.957085
31.451883
59.879929
68.137581
-45.122620
58.663586
-13.879897
-19.996702
-17.134628
1.796509
-0.190632
1.127008
0.138200
-0.470654
-0.036950
0.499552
0.051561
0.032520
-0.027737
0.505733
0.117689
-0.170486
-0.181138
-0.105324
-0.447628
0.515593
-0.190632
1.127008
0.138200
-0.470654
-0.036950
0.499552
0.051561
0.032520
-0.027737
0.505733
0.117689
-0.170486
-0.181138
-0.105324
-0.447628
0.515593
-0.190632
1.127008
0.138200
-0.470654
-0.036950
0.499552
0.051561
0.032520
-0.027737
0.505733
0.117689
-0.170486
-0.181138
-0.105324
-0.447628
0.515593
-0.190632
1.127008
0.138200
-0.470654
-0.036950
0.499552
0.051561
0.032520
-0.027737
0.505733
0.117689
-0.170486
-0.181138
-0.105324
-0.447628
0.515593
-0.190632
1.127008
0.138200
-0.470654
-0.036950
0.499552
0.051561
0.032520
-0.027737
0.505733
0.117689
-0.170486
-0.181138
-0.105324
-0.447628
0.515593
-0.190632
1.127008
0.138200
-0.470654
-0.036950
0.499552
0.051561
0.032520
-0.027737
0.505733
0.117689
-0.170486
-0.181138
-0.105324
-0.447628
0.515593
-0.190632
1.127008
0.138200
-0.470654
-0.036950
0.499552
0.051561
0.032520
-0.027737
0.505733
0.117689
-0.170486
-0.181138
-0.105324
-0.447628
0.515593
-0.190632
1.127008
0.138200
-0.470654
-0.036950
0.499552
0.051561
0.032520
-0.027737
0.505733
0.117689
-0.170486
-0.181138
-0.105324
-0.447628
0.515593
-0.190632
1.127008
0.138200
-0.470654
-0.036950
0.499552
0.051561
0.032520
-0.027737
0.505733
0.117689
-0.170486
-0.181138
-0.105324
-0.447628
0.515593
-0.190632
1.127008
0.138200
-0.470654
-0.036950
0.499552
0.051561
0.032520
-0.027737
0.505733
0.117689
-0.170486
-0.181138
-0.105324
-0.447628
0.515593
-0.190632
1.127008
0.138200
-0.470654
-0.036950
0.499552
0.051561
0.032520
-0.027737
0.505733
0.117689
-0.170486
-0.181138
-0.105324
-0.447628
0.515593
-0.190632
1.127008
0.138200
-0.470654
-0.036950
0.499552
0.051561
0.032520
-0.027737
0.505733
0.117689
-0.170486
-0.181138
-0.105324
-0.447628
0.515593
-0.190632
1.127008
0.138200
-0.470654
-0.036950
0.499552
0.051561
0.032520
-0.027737
0.505733
0.117689
-0.170486
-0.181138
-0.105324
-0.447628
0.515593
