-0.495941
1.487642
0.916709
7.382293
4.439647
-5.700873
2.405903
-1.483526
-1.768486
2.611096
1.658340
6.626486
2.915095
0.042357
-3.125417
0.591108
-1.850442
0.914788
-468.729126
1294.155273
35.744122
47.126411
-270.416534
-637.220886
-944.013184
-1560.203491
934.475464
-1011.746277
76.264778
432.143707
287.648956
-309.708313
1.369845
-1.465506
351.858215
-926.594238
-23.710762
-32.072918
188.810150
463.513977
676.250610
1136.099609
-676.910034
727.710815
-63.049183
-317.698029
-209.015289
216.849899
-1.518455
2.752613
-1.941624
-90.581253
-6.971077
-4.122317
30.840981
30.789202
90.613220
72.582695
-36.683872
80.780083
-10.582734
-21.091757
-10.003841
24.405586
0.212753
-3.008022
78.429680
-103.783516
-0.941407
-3.290582
8.835038
61.488056
35.828178
164.083649
-112.877113
59.011215
6.394974
-40.526711
-35.258732
23.403955
0.073175
-0.057361
0.193941
0.191525
0.005278
-0.523281
0.234639
-0.005905
0.371529
-0.099080
-0.132013
0.482440
-0.421221
0.197844
0.379453
0.363260
0.073175
-0.057361
0.193941
0.191525
0.005278
-0.523281
0.234639
-0.005905
0.371529
-0.099080
-0.132013
0.482440
-0.421221
0.197844
0.379453
0.363260
0.073175
-0.057361
0.193941
0.191525
0.005278
-0.523281
0.234639
-0.005905
0.371529
-0.099080
-0.132013
0.482440
-0.421221
0.197844
0.379453
0.363260
0.073175
-0.057361
0.193941
0.191525
0.005278
-0.523281
0.234639
-0.005905
0.371529
-0.099080
-0.132013
0.482440
-0.421221
0.197844
0.379453
0.363260
0.073175
-0.057361
0.193941
0.191525
0.005278
-0.523281
0.234639
-0.005905
0.371529
-0.099080
-0.132013
0.482440
-0.421221
0.197844
0.379453
0.363260
0.073175
-0.057361
0.193941
0.191525
0.005278
-0.523281
0.234639
-0.005905
0.371529
-0.099080
-0.132013
0.482440
-0.421221
0.197844
0.379453
0.363260
0.073175
-0.057361
0.193941
0.191525
0.005278
-0.523281
0.234639
-0.005905
0.371529
-0.099080
-0.132013
0.482440
-0.421221
0.197844
0.379453
0.363260
0.073175
-0.057361
0.193941
0.191525
0.005278
-0.523281
0.234639
-0.005905
0.371529
-0.099080
-0.132013
0.482440
-0.421221
0.197844
0.379453
0.363260
0.073175
-0.057361
0.193941
0.191525
0.005278
-0.523281
0.234639
-0.005905
0.371529
-0.099080
-0.132013
0.482440
-0.421221
0.197844
0.379453
0.363260
0.073175
-0.057361
0.193941
0.191525
0.005278
-0.523281
0.234639
-0.005905
0.371529
-0.099080
-0.132013
0.482440
-0.421221
0.197844
0.379453
0.363260
0.073175
-0.057361
0.193941
0.191525
0.005278
-0.523281
0.234639
-0.005905
0.371529
-0.099080
-0.132013
0.482440
-0.421221
0.197844
0.379453
0.363260
0.073175
-0.057361
0.193941
0.191525
0.005278
-0.523281
0.234639
-0.005905
0.371529
-0.099080
-0.132013
0.482440
-0.421221
0.197844
0.379453
0.363260
0.073175
-0.057361
0.193941
0.191525
0.005278
-0.523281
0.234639
-0.005905
0.371529
-0.099080
-0.132013
0.482440
-0.421221
0.197844
0.379453
0.363260
0.073175
-0.057361
0.193941
0.191525
0.005278
-0.523281
0.234639
-0.005905
0.371529
-0.099080
-0.132013
0.482440
-0.421221
0.197844
0.379453
0.363260
0.073175
-0.057361
0.193941
0.191525
0.005278
-0.523281
0.234639
-0.005905
0.371529
-0.099080
-0.132013
0.482440
-0.421221
0.197844
0.379453
0.363260
