1.993080
-1.482388
7.592531
-4.226182
-6.794778
2.649904
-2.702326
-3.395640
4.078694
2.584865
4.790030
-9.316356
1.105305
-5.448575
2.512027
0.825565
4.043065
-2.003396
1413.052734
878.245605
-190.608841
409.177826
-159.016144
-1141.846924
1430.553101
-120.220650
-97.090500
172.441010
-1988.483154
-1105.232300
-1532.425293
473.118896
0.905960
-0.876195
17.408680
-3.512105
3.173579
4.239646
-2.118148
4.640954
-10.236224
2.616640
-0.875372
-2.449965
-2.154154
-20.883425
-11.652870
-10.401731
-2.187886
0.893820
-662.176697
-403.710999
88.399200
-184.017914
74.233490
527.885925
-659.952393
66.861366
51.222095
-81.282913
919.009949
512.912170
705.100037
-230.856903
-0.862330
1.350277
-58.746956
-32.814934
5.907117
-14.883270
10.061806
46.980015
-58.511677
6.906972
2.554014
-8.449740
85.437988
41.982155
59.146358
-22.759583
0.516281
-0.824896
-92.417686
-55.318546
13.153983
-27.262474
8.263691
72.554413
-93.932076
8.280393
6.289994
-9.038572
131.585068
70.934547
100.962402
-32.591328
0.368306
1.894471
-292.974548
-175.996353
38.881199
-91.988922
36.578606
234.748291
-297.375671
25.935806
17.107986
-34.431835
415.152985
218.943558
317.839447
-94.444092
-0.350006
0.722416
0.487444
0.092502
-0.337525
-0.178267
-0.197792
-0.147846
-0.578983
-0.096333
-0.373401
0.138011
0.600720
0.873055
0.944900
-0.069366
-0.350006
0.722416
0.487444
0.092502
-0.337525
-0.178267
-0.197792
-0.147846
-0.578983
-0.096333
-0.373401
0.138011
0.600720
0.873055
0.944900
-0.069366
-0.350006
0.722416
0.487444
0.092502
-0.337525
-0.178267
-0.197792
-0.147846
-0.578983
-0.096333
-0.373401
0.138011
0.600720
0.873055
0.944900
-0.069366
-0.350006
0.722416
0.487444
0.092502
-0.337525
-0.178267
-0.197792
-0.147846
-0.578983
-0.096333
-0.373401
0.138011
0.600720
0.873055
0.944900
-0.069366
-0.350006
0.722416
0.487444
0.092502
-0.337525
-0.178267
-0.197792
-0.147846
-0.578983
-0.096333
-0.373401
0.138011
0.600720
0.873055
0.944900
-0.069366
-0.350006
0.722416
0.487444
0.092502
-0.337525
-0.178267
-0.197792
-0.147846
-0.578983
-0.096333
-0.373401
0.138011
0.600720
0.873055
0.944900
-0.069366
-0.350006
0.722416
0.487444
0.092502
-0.337525
-0.178267
-0.197792
-0.147846
-0.578983
-0.096333
-0.373401
0.138011
0.600720
0.873055
0.944900
-0.069366
-0.350006
0.722416
0.487444
0.092502
-0.337525
-0.178267
-0.197792
-0.147846
-0.578983
-0.096333
-0.373401
0.138011
0.600720
0.873055
0.944900
-0.069366
-0.350006
0.722416
0.487444
0.092502
-0.337525
-0.178267
-0.197792
-0.147846
-0.578983
-0.096333
-0.373401
0.138011
0.600720
0.873055
0.944900
-0.069366
-0.350006
0.722416
0.487444
0.092502
-0.337525
-0.178267
-0.197792
-0.147846
-0.578983
-0.096333
-0.373401
0.138011
0.600720
0.873055
0.944900
-0.069366
-0.350006
0.722416
0.487444
0.092502
-0.337525
-0.178267
-0.197792
-0.147846
-0.578983
-0.096333
-0.373401
0.138011
0.600720
0.873055
0.944900
-0.069366
-0.350006
0.722416
0.487444
0.092502
-0.337525
-0.178267
-0.197792
-0.147846
-0.578983
-0.096333
-0.373401
0.138011
0.600720
0.873055
0.944900
-0.069366
-0.350006
0.722416
0.487444
0.092502
-0.337525
-0.178267
-0.197792
-0.147846
-0.578983
-0.096333
-0.373401
0.138011
0.600720
0.873055
0.944900
-0.069366
