2.424440
-1.223214
11.203654
-9.354078
-20.806150
10.789504
4.120702
1.893737
3.005117
10.137360
3.698497
-19.965046
7.478796
-5.862086
1.342976
-2.511866
-3.618627
3.180207
-18.800589
37.508308
25.541687
-31.633028
10.836125
1.619196
-17.031950
4.159104
-0.277594
37.493412
12.277583
4.750527
-18.127346
6.873709
-1.133304
0.766721
2.788450
1.906600
-5.877009
-2.985502
4.892012
-1.645800
-1.468536
3.866535
6.983283
-0.757103
3.317765
2.116038
0.585169
0.969151
-0.507125
2.552724
-14.998104
0.280331
-4.345169
-2.742228
2.655028
-2.498600
14.895553
-2.661342
-1.617780
1.887319
-0.421792
19.786270
4.346059
9.153288
-4.587944
-2.668562
-1298.881348
-480.694702
210.163208
-476.802917
487.006897
1092.743896
-1594.796265
120.122498
-186.924408
-79.778877
2130.455566
591.425537
1014.333679
-696.847290
-2.447141
-2.190497
42.033295
10.053727
-4.906110
16.605360
-17.483770
-31.536612
54.150860
-7.964761
7.060572
1.185469
-70.136169
-12.768364
-25.333002
24.489738
2.273363
2.683493
818.326538
311.429199
-134.962173
303.062225
-295.614624
-694.365356
1010.722107
-71.197968
116.185028
53.195942
-1346.285400
-386.722687
-642.744751
436.105957
0.240298
-0.696173
72.066551
9.227681
-5.603510
23.930500
-38.938824
-48.389782
77.969627
-22.496252
8.996085
0.633073
-112.064636
-2.006125
-41.996353
46.535500
2.052346
0.952367
132.572906
73.140106
-30.316984
48.311905
-40.534325
-126.371155
171.645325
12.042105
19.742374
12.494789
-222.808243
-95.995384
-124.442543
60.432247
0.412619
0.335024
0.345233
0.731798
0.066074
0.143349
0.022907
-0.361795
-0.010223
-0.404185
0.054363
0.016170
-0.220157
-0.833208
-0.875719
-0.204949
0.412619
0.335024
0.345233
0.731798
0.066074
0.143349
0.022907
-0.361795
-0.010223
-0.404185
0.054363
0.016170
-0.220157
-0.833208
-0.875719
-0.204949
0.412619
0.335024
0.345233
0.731798
0.066074
0.143349
0.022907
-0.361795
-0.010223
-0.404185
0.054363
0.016170
-0.220157
-0.833208
-0.875719
-0.204949
0.412619
0.335024
0.345233
0.731798
0.066074
0.143349
0.022907
-0.361795
-0.010223
-0.404185
0.054363
0.016170
-0.220157
-0.833208
-0.875719
-0.204949
0.412619
0.335024
0.345233
0.731798
0.066074
0.143349
0.022907
-0.361795
-0.010223
-0.404185
0.054363
0.016170
-0.220157
-0.833208
-0.875719
-0.204949
0.412619
0.335024
0.345233
0.731798
0.066074
0.143349
0.022907
-0.361795
-0.010223
-0.404185
0.054363
0.016170
-0.220157
-0.833208
-0.875719
-0.204949
0.412619
0.335024
0.345233
0.731798
0.066074
0.143349
0.022907
-0.361795
-0.010223
-0.404185
0.054363
0.016170
-0.220157
-0.833208
-0.875719
-0.204949
0.412619
0.335024
0.345233
0.731798
0.066074
0.143349
0.022907
-0.361795
-0.010223
-0.404185
0.054363
0.016170
-0.220157
-0.833208
-0.875719
-0.204949
0.412619
0.335024
0.345233
0.731798
0.066074
0.143349
0.022907
-0.361795
-0.010223
-0.404185
0.054363
0.016170
-0.220157
-0.833208
-0.875719
-0.204949
0.412619
0.335024
0.345233
0.731798
0.066074
0.143349
0.022907
-0.361795
-0.010223
-0.404185
0.054363
0.016170
-0.220157
-0.833208
-0.875719
-0.204949
0.412619
0.335024
0.345233
0.731798
0.066074
0.143349
0.022907
-0.361795
-0.010223
-0.404185
0.054363
0.016170
-0.220157
-0.833208
-0.875719
-0.204949
