-5.984063
-3.954422
3339.365723
2829.411865
-410.938721
-3794.684082
1165.766235
-1544.406738
987.642761
-4225.478027
-2811.888672
2306.209717
17.047113
-2327.549805
-2682.504639
1050.380127
-1.590796
2.479280
39.637211
-15.903758
-24.099756
-31.928844
0.727779
8.999632
-12.545420
-31.975624
-37.595497
-27.864098
-18.461460
-8.842845
-14.138080
-15.302627
1.397636
-1.343521
-39.292259
6.921965
23.137575
28.790699
3.665301
-11.782374
9.993644
25.581198
27.126696
22.187683
12.865668
0.072800
9.806200
17.016674
3.907100
3.317933
-2745.613525
-2318.789063
321.169220
3117.410889
-981.320129
1270.067261
-774.252991
3448.071533
2323.859863
-1925.249268
26.346651
1915.298096
2218.141357
-927.263611
-0.933840
0.794054
-197.468506
-62.353462
93.837593
159.737717
-18.328075
92.463120
22.658411
219.628754
70.592491
-142.393524
25.965366
98.280968
90.809685
-75.001915
0.335349
1.981593
-71.294861
-151.984787
-42.534317
143.174576
-57.996288
36.305641
-97.723495
133.621445
130.814438
-33.770844
-46.016190
83.152802
109.139076
19.085430
-1.225217
-0.501310
-0.002293
-0.541581
-0.094079
0.212443
-0.104188
0.037442
-1.027620
0.885423
0.498875
0.510414
-0.664638
0.239875
0.799188
0.415193
-1.225217
-0.501310
-0.002293
-0.541581
-0.094079
0.212443
-0.104188
0.037442
-1.027620
0.885423
0.498875
0.510414
-0.664638
0.239875
0.799188
0.415193
-1.225217
-0.501310
-0.002293
-0.541581
-0.094079
0.212443
-0.104188
0.037442
-1.027620
0.885423
0.498875
0.510414
-0.664638
0.239875
0.799188
0.415193
-1.225217
-0.501310
-0.002293
-0.541581
-0.094079
0.212443
-0.104188
0.037442
-1.027620
0.885423
0.498875
0.510414
-0.664638
0.239875
0.799188
0.415193
-1.225217
-0.501310
-0.002293
-0.541581
-0.094079
0.212443
-0.104188
0.037442
-1.027620
0.885423
0.498875
0.510414
-0.664638
0.239875
0.799188
0.415193
-1.225217
-0.501310
-0.002293
-0.541581
-0.094079
0.212443
-0.104188
0.037442
-1.027620
0.885423
0.498875
0.510414
-0.664638
0.239875
0.799188
0.415193
-1.225217
-0.501310
-0.002293
-0.541581
-0.094079
0.212443
-0.104188
0.037442
-1.027620
0.885423
0.498875
0.510414
-0.664638
0.239875
0.799188
0.415193
-1.225217
-0.501310
-0.002293
-0.541581
-0.094079
0.212443
-0.104188
0.037442
-1.027620
0.885423
0.498875
0.510414
-0.664638
0.239875
0.799188
0.415193
-1.225217
-0.501310
-0.002293
-0.541581
-0.094079
0.212443
-0.104188
0.037442
-1.027620
0.885423
0.498875
0.510414
-0.664638
0.239875
0.799188
0.415193
-1.225217
-0.501310
-0.002293
-0.541581
-0.094079
0.212443
-0.104188
0.037442
-1.027620
0.885423
0.498875
0.510414
-0.664638
0.239875
0.799188
0.415193
-1.225217
-0.501310
-0.002293
-0.541581
-0.094079
0.212443
-0.104188
0.037442
-1.027620
0.885423
0.498875
0.510414
-0.664638
0.239875
0.799188
0.415193
-1.225217
-0.501310
-0.002293
-0.541581
-0.094079
0.212443
-0.104188
0.037442
-1.027620
0.885423
0.498875
0.510414
-0.664638
0.239875
0.799188
0.415193
-1.225217
-0.501310
-0.002293
-0.541581
-0.094079
0.212443
-0.104188
0.037442
-1.027620
0.885423
0.498875
0.510414
-0.664638
0.239875
0.799188
0.415193
-1.225217
-0.501310
-0.002293
-0.541581
-0.094079
0.212443
-0.104188
0.037442
-1.027620
0.885423
0.498875
0.510414
-0.664638
0.239875
0.799188
0.415193
