3.081833
-3.029258
-12.909999
-7.690586
9.252954
11.559016
-0.555913
-1.725718
6.269239
-8.052857
-11.897333
-10.695201
-1.873253
5.230911
-1.495696
-5.269758
-3.499399
10.010012
2773.524170
-3260.746094
-3447.224365
37.189518
-1067.127197
-1500.564697
-3366.027832
-1206.982910
2849.160156
3032.736816
-1553.626221
-1007.397766
1832.121338
3387.386719
0.150681
-2.220771
16.370264
35.293083
27.475372
-19.175901
-6.585390
0.341657
25.794907
-13.990500
34.740086
-40.604710
-4.883874
-12.604763
21.640013
-17.957434
-0.246352
-0.000330
-7.206189
-35.812737
-21.997952
23.730551
6.106008
1.916757
-20.987556
12.219521
-25.096407
24.884569
10.514782
7.549029
-20.801685
10.291311
3.126870
-9.988277
-2186.514648
2498.484619
2654.974121
8.119395
761.282715
1103.140381
2607.098633
964.782837
-2132.662354
-2353.611328
1158.074951
756.495239
-1393.364624
-2641.589600
1.151497
2.591872
-199.021072
197.185410
224.749100
19.207008
76.394142
128.772507
204.202591
93.854271
-177.607758
-211.823380
101.627693
83.390747
-94.895027
-227.098602
-1.212043
3.504927
-108.498207
185.698456
174.171295
-26.354637
72.464363
73.202446
176.532425
38.499161
-171.048874
-135.674881
92.093163
48.640106
-114.420074
-152.098953
0.647961
0.081164
-0.921857
0.050928
0.229897
0.384756
-0.115753
0.673056
0.501885
0.582187
-0.172050
-0.187077
0.513112
0.861615
0.087216
-0.815430
0.647961
0.081164
-0.921857
0.050928
0.229897
0.384756
-0.115753
0.673056
0.501885
0.582187
-0.172050
-0.187077
0.513112
0.861615
0.087216
-0.815430
0.647961
0.081164
-0.921857
0.050928
0.229897
0.384756
-0.115753
0.673056
0.501885
0.582187
-0.172050
-0.187077
0.513112
0.861615
0.087216
-0.815430
0.647961
0.081164
-0.921857
0.050928
0.229897
0.384756
-0.115753
0.673056
0.501885
0.582187
-0.172050
-0.187077
0.513112
0.861615
0.087216
-0.815430
0.647961
0.081164
-0.921857
0.050928
0.229897
0.384756
-0.115753
0.673056
0.501885
0.582187
-0.172050
-0.187077
0.513112
0.861615
0.087216
-0.815430
0.647961
0.081164
-0.921857
0.050928
0.229897
0.384756
-0.115753
0.673056
0.501885
0.582187
-0.172050
-0.187077
0.513112
0.861615
0.087216
-0.815430
0.647961
0.081164
-0.921857
0.050928
0.229897
0.384756
-0.115753
0.673056
0.501885
0.582187
-0.172050
-0.187077
0.513112
0.861615
0.087216
-0.815430
0.647961
0.081164
-0.921857
0.050928
0.229897
0.384756
-0.115753
0.673056
0.501885
0.582187
-0.172050
-0.187077
0.513112
0.861615
0.087216
-0.815430
0.647961
0.081164
-0.921857
0.050928
0.229897
0.384756
-0.115753
0.673056
0.501885
0.582187
-0.172050
-0.187077
0.513112
0.861615
0.087216
-0.815430
0.647961
0.081164
-0.921857
0.050928
0.229897
0.384756
-0.115753
0.673056
0.501885
0.582187
-0.172050
-0.187077
0.513112
0.861615
0.087216
-0.815430
0.647961
0.081164
-0.921857
0.050928
0.229897
0.384756
-0.115753
0.673056
0.501885
0.582187
-0.172050
-0.187077
0.513112
0.861615
0.087216
-0.815430
0.647961
0.081164
-0.921857
0.050928
0.229897
0.384756
-0.115753
0.673056
0.501885
0.582187
-0.172050
-0.187077
0.513112
0.861615
0.087216
-0.815430
0.647961
0.081164
-0.921857
0.050928
0.229897
0.384756
-0.115753
0.673056
0.501885
0.582187
-0.172050
-0.187077
0.513112
0.861615
0.087216
-0.815430
