0.493875
0.016822
-2.681069
-7.401803
8.928649
5.666020
-0.417567
-6.220113
-1.558257
3.607679
3.898780
-1.794487
4.785765
0.067118
1.263771
-13.482471
-2.950819
-3.025003
-161.417145
-989.529175
-693.655701
-452.962616
-676.938904
310.617188
-70.888878
408.466248
850.961121
-320.032806
396.317657
1472.366211
-527.791931
162.755005
1.335021
0.926680
80.633331
645.389893
438.609558
310.086548
451.874115
-185.365356
63.348320
-269.084595
-557.111450
179.219482
-225.214737
-969.854126
344.006104
-94.727692
1.166889
1.746700
39.113544
60.809052
56.147194
10.473970
34.122829
-40.068653
-5.799452
-29.488379
-46.917297
44.139603
-63.464073
-82.022400
32.870335
-26.480465
-0.072657
0.350935
-16.192759
115.024055
60.969955
78.393738
86.894753
-8.902680
20.219896
-38.953121
-106.955223
8.721497
11.258579
-180.964127
63.217567
3.928243
0.703493
0.513170
0.178457
0.549121
-0.112365
-0.078007
1.035262
0.520422
0.223145
0.286343
0.076906
-0.566458
0.123973
-0.013419
0.389876
0.429241
0.703493
0.513170
0.178457
0.549121
-0.112365
-0.078007
1.035262
0.520422
0.223145
0.286343
0.076906
-0.566458
0.123973
-0.013419
0.389876
0.429241
0.703493
0.513170
0.178457
0.549121
-0.112365
-0.078007
1.035262
0.520422
0.223145
0.286343
0.076906
-0.566458
0.123973
-0.013419
0.389876
0.429241
0.703493
0.513170
0.178457
0.549121
-0.112365
-0.078007
1.035262
0.520422
0.223145
0.286343
0.076906
-0.566458
0.123973
-0.013419
0.389876
0.429241
0.703493
0.513170
0.178457
0.549121
-0.112365
-0.078007
1.035262
0.520422
0.223145
0.286343
0.076906
-0.566458
0.123973
-0.013419
0.389876
0.429241
0.703493
0.513170
0.178457
0.549121
-0.112365
-0.078007
1.035262
0.520422
0.223145
0.286343
0.076906
-0.566458
0.123973
-0.013419
0.389876
0.429241
0.703493
0.513170
0.178457
0.549121
-0.112365
-0.078007
1.035262
0.520422
0.223145
0.286343
0.076906
-0.566458
0.123973
-0.013419
0.389876
0.429241
0.703493
0.513170
0.178457
0.549121
-0.112365
-0.078007
1.035262
0.520422
0.223145
0.286343
0.076906
-0.566458
0.123973
-0.013419
0.389876
0.429241
0.703493
0.513170
0.178457
0.549121
-0.112365
-0.078007
1.035262
0.520422
0.223145
0.286343
0.076906
-0.566458
0.123973
-0.013419
0.389876
0.429241
0.703493
0.513170
0.178457
0.549121
-0.112365
-0.078007
1.035262
0.520422
0.223145
0.286343
0.076906
-0.566458
0.123973
-0.013419
0.389876
0.429241
0.703493
0.513170
0.178457
0.549121
-0.112365
-0.078007
1.035262
0.520422
0.223145
0.286343
0.076906
-0.566458
0.123973
-0.013419
0.389876
0.429241
0.703493
0.513170
0.178457
0.549121
-0.112365
-0.078007
1.035262
0.520422
0.223145
0.286343
0.076906
-0.566458
0.123973
-0.013419
0.389876
0.429241
0.703493
0.513170
0.178457
0.549121
-0.112365
-0.078007
1.035262
0.520422
0.223145
0.286343
0.076906
-0.566458
0.123973
-0.013419
0.389876
0.429241
0.703493
0.513170
0.178457
0.549121
-0.112365
-0.078007
1.035262
0.520422
0.223145
0.286343
0.076906
-0.566458
0.123973
-0.013419
0.389876
0.429241
0.703493
0.513170
0.178457
0.549121
-0.112365
-0.078007
1.035262
0.520422
0.223145
0.286343
0.076906
-0.566458
0.123973
-0.013419
0.389876
0.429241
