-5.371026
-0.323346
-23.450891
12.786879
30.676893
-5.476901
4.263990
10.346543
-11.384932
-11.672398
-26.018267
25.994133
4.021867
18.873610
-13.727867
-4.438136
1.108121
-3.187553
-13.905296
-44.463924
-30.641298
31.184509
9.613388
2.112412
-27.530634
11.320538
-36.112690
23.300581
10.869730
15.590802
-21.489367
17.139996
5.804760
-15.464666
-2492.076416
3385.085205
3759.524414
269.589417
1542.402832
1278.875122
3279.179443
932.071655
-2728.888916
-1995.524048
1463.209229
1280.678955
-1501.917114
-3517.021973
-1.318049
1.905401
8.296975
23.165375
18.975178
-17.717552
-5.214241
-0.173492
15.874196
-4.816997
20.503666
-17.300205
-5.657841
-11.206157
11.417625
-12.511488
-5.158824
10.752648
1511.840088
-2061.569824
-2284.550537
-161.178711
-932.636780
-763.336548
-1966.631836
-543.613464
1650.700195
1202.469971
-912.028625
-783.130066
938.427246
2131.052979
-3.895871
6.070900
298.957306
-417.880066
-461.143158
-25.607946
-199.323090
-158.121399
-418.323975
-111.965134
345.817627
239.859756
-173.794510
-149.170471
182.957932
428.971924
-0.614039
-0.305695
138.309692
-198.486206
-216.834991
-8.766763
-87.770721
-69.033081
-193.778564
-51.470085
160.243011
113.300453
-83.387413
-72.464882
90.827911
202.260773
0.246991
0.139202
0.716132
-0.293948
-0.074679
0.092040
0.770414
0.063233
-0.480693
-0.719668
-0.303737
0.266907
0.261627
-0.371583
-0.385448
0.268543
0.246991
0.139202
0.716132
-0.293948
-0.074679
0.092040
0.770414
0.063233
-0.480693
-0.719668
-0.303737
0.266907
0.261627
-0.371583
-0.385448
0.268543
0.246991
0.139202
0.716132
-0.293948
-0.074679
0.092040
0.770414
0.063233
-0.480693
-0.719668
-0.303737
0.266907
0.261627
-0.371583
-0.385448
0.268543
0.246991
0.139202
0.716132
-0.293948
-0.074679
0.092040
0.770414
0.063233
-0.480693
-0.719668
-0.303737
0.266907
0.261627
-0.371583
-0.385448
0.268543
0.246991
0.139202
0.716132
-0.293948
-0.074679
0.092040
0.770414
0.063233
-0.480693
-0.719668
-0.303737
0.266907
0.261627
-0.371583
-0.385448
0.268543
0.246991
0.139202
0.716132
-0.293948
-0.074679
0.092040
0.770414
0.063233
-0.480693
-0.719668
-0.303737
0.266907
0.261627
-0.371583
-0.385448
0.268543
0.246991
0.139202
0.716132
-0.293948
-0.074679
0.092040
0.770414
0.063233
-0.480693
-0.719668
-0.303737
0.266907
0.261627
-0.371583
-0.385448
0.268543
0.246991
0.139202
0.716132
-0.293948
-0.074679
0.092040
0.770414
0.063233
-0.480693
-0.719668
-0.303737
0.266907
0.261627
-0.371583
-0.385448
0.268543
0.246991
0.139202
0.716132
-0.293948
-0.074679
0.092040
0.770414
0.063233
-0.480693
-0.719668
-0.303737
0.266907
0.261627
-0.371583
-0.385448
0.268543
0.246991
0.139202
0.716132
-0.293948
-0.074679
0.092040
0.770414
0.063233
-0.480693
-0.719668
-0.303737
0.266907
0.261627
-0.371583
-0.385448
0.268543
0.246991
0.139202
0.716132
-0.293948
-0.074679
0.092040
0.770414
0.063233
-0.480693
-0.719668
-0.303737
0.266907
0.261627
-0.371583
-0.385448
0.268543
0.246991
0.139202
0.716132
-0.293948
-0.074679
0.092040
0.770414
0.063233
-0.480693
-0.719668
-0.303737
0.266907
0.261627
-0.371583
-0.385448
0.268543
0.246991
0.139202
0.716132
-0.293948
-0.074679
0.092040
0.770414
0.063233
-0.480693
-0.719668
-0.303737
0.266907
0.261627
-0.371583
-0.385448
0.268543
