0.858995
1.187359
9.031399
66.140976
538.756897
-110.809044
-339.804962
-474.246338
-895.789856
185.941437
-93.795906
128.118011
-99.532051
100.115387
-154.882385
-181.520203
-8.315912
-6.866433
25.893509
2.468338
-27.382078
-15.363449
-2.012407
-16.356054
4.140098
11.809546
24.152399
-6.448482
14.498617
-9.501009
7.118821
6.229550
-24.941339
7.024196
-15.064221
25.526474
10.146839
-26.577633
-3.147274
-12.354909
10.221211
-6.873251
-6.171485
18.464472
-12.471071
6.804540
16.892344
-0.860488
-0.243019
-0.772696
3.258696
0.458221
-5.609764
0.372401
1.801640
-2.989110
-0.250137
3.007313
5.184211
-3.543155
5.589305
0.754361
0.999569
-0.255122
-1.439626
1.120767
-13.103573
-55.308407
-411.425568
96.475212
264.118988
364.108490
691.988770
-149.709503
74.435974
-98.684265
74.534645
-76.407387
120.102226
135.491440
1.385262
2.906562
-2.200185
1.964639
-31.271700
15.705783
32.919384
23.072090
47.987896
-32.332924
-0.208734
-8.931732
4.244747
-9.055788
14.880836
8.037979
-0.691763
-1.339455
1.706658
-1.456693
-29.446171
-7.555920
8.218680
28.579161
42.549480
9.080194
6.289787
-3.428624
4.086519
-3.273936
6.541727
11.944805
-0.718258
0.041152
-0.058291
0.296322
0.095663
-0.388452
-0.262724
0.162952
0.288084
-0.137514
-0.240092
0.314005
0.437253
-0.047457
0.053923
-0.152361
-0.718258
0.041152
-0.058291
0.296322
0.095663
-0.388452
-0.262724
0.162952
0.288084
-0.137514
-0.240092
0.314005
0.437253
-0.047457
0.053923
-0.152361
-0.718258
0.041152
-0.058291
0.296322
0.095663
-0.388452
-0.262724
0.162952
0.288084
-0.137514
-0.240092
0.314005
0.437253
-0.047457
0.053923
-0.152361
-0.718258
0.041152
-0.058291
0.296322
0.095663
-0.388452
-0.262724
0.162952
0.288084
-0.137514
-0.240092
0.314005
0.437253
-0.047457
0.053923
-0.152361
-0.718258
0.041152
-0.058291
0.296322
0.095663
-0.388452
-0.262724
0.162952
0.288084
-0.137514
-0.240092
0.314005
0.437253
-0.047457
0.053923
-0.152361
-0.718258
0.041152
-0.058291
0.296322
0.095663
-0.388452
-0.262724
0.162952
0.288084
-0.137514
-0.240092
0.314005
0.437253
-0.047457
0.053923
-0.152361
-0.718258
0.041152
-0.058291
0.296322
0.095663
-0.388452
-0.262724
0.162952
0.288084
-0.137514
-0.240092
0.314005
0.437253
-0.047457
0.053923
-0.152361
-0.718258
0.041152
-0.058291
0.296322
0.095663
-0.388452
-0.262724
0.162952
0.288084
-0.137514
-0.240092
0.314005
0.437253
-0.047457
0.053923
-0.152361
-0.718258
0.041152
-0.058291
0.296322
0.095663
-0.388452
-0.262724
0.162952
0.288084
-0.137514
-0.240092
0.314005
0.437253
-0.047457
0.053923
-0.152361
-0.718258
0.041152
-0.058291
0.296322
0.095663
-0.388452
-0.262724
0.162952
0.288084
-0.137514
-0.240092
0.314005
0.437253
-0.047457
0.053923
-0.152361
-0.718258
0.041152
-0.058291
0.296322
0.095663
-0.388452
-0.262724
0.162952
0.288084
-0.137514
-0.240092
0.314005
0.437253
-0.047457
0.053923
-0.152361
-0.718258
0.041152
-0.058291
0.296322
0.095663
-0.388452
-0.262724
0.162952
0.288084
-0.137514
-0.240092
0.314005
0.437253
-0.047457
0.053923
-0.152361
-0.718258
0.041152
-0.058291
0.296322
0.095663
-0.388452
-0.262724
0.162952
0.288084
-0.137514
-0.240092
0.314005
0.437253
-0.047457
0.053923
-0.152361
