0.068367
0.799682
5.585535
0.442954
-6.708865
-3.301792
0.365736
-4.284841
1.373444
3.705134
5.677845
-2.668129
4.080260
-3.454197
0.717339
1.998772
0.752569
6.926291
-34.026569
6.086768
29.474422
-4.970708
3.638760
-16.801870
9.242320
11.307352
-16.000031
11.207346
-16.045668
-13.818674
1.877233
13.901315
1.047207
1.190431
76.681908
-52.617970
-587.450989
-503.461365
-157.951996
603.778809
569.099915
436.973297
178.865311
-34.656673
265.037384
-241.895935
68.280731
351.748871
0.672697
1.101906
-68.330383
44.083157
530.094421
459.096466
149.894806
-548.085632
-520.245483
-402.728577
-161.384262
31.080450
-239.102356
217.080582
-57.032055
-319.458282
0.615390
-0.013374
-0.048703
0.063392
-0.214982
-0.093034
-0.189783
-0.000285
-0.202705
-0.173582
-0.240884
0.285384
-0.146167
0.357366
0.337806
-0.013923
0.615390
-0.013374
-0.048703
0.063392
-0.214982
-0.093034
-0.189783
-0.000285
-0.202705
-0.173582
-0.240884
0.285384
-0.146167
0.357366
0.337806
-0.013923
0.615390
-0.013374
-0.048703
0.063392
-0.214982
-0.093034
-0.189783
-0.000285
-0.202705
-0.173582
-0.240884
0.285384
-0.146167
0.357366
0.337806
-0.013923
0.615390
-0.013374
-0.048703
0.063392
-0.214982
-0.093034
-0.189783
-0.000285
-0.202705
-0.173582
-0.240884
0.285384
-0.146167
0.357366
0.337806
-0.013923
0.615390
-0.013374
-0.048703
0.063392
-0.214982
-0.093034
-0.189783
-0.000285
-0.202705
-0.173582
-0.240884
0.285384
-0.146167
0.357366
0.337806
-0.013923
0.615390
-0.013374
-0.048703
0.063392
-0.214982
-0.093034
-0.189783
-0.000285
-0.202705
-0.173582
-0.240884
0.285384
-0.146167
0.357366
0.337806
-0.013923
0.615390
-0.013374
-0.048703
0.063392
-0.214982
-0.093034
-0.189783
-0.000285
-0.202705
-0.173582
-0.240884
0.285384
-0.146167
0.357366
0.337806
-0.013923
0.615390
-0.013374
-0.048703
0.063392
-0.214982
-0.093034
-0.189783
-0.000285
-0.202705
-0.173582
-0.240884
0.285384
-0.146167
0.357366
0.337806
-0.013923
0.615390
-0.013374
-0.048703
0.063392
-0.214982
-0.093034
-0.189783
-0.000285
-0.202705
-0.173582
-0.240884
0.285384
-0.146167
0.357366
0.337806
-0.013923
0.615390
-0.013374
-0.048703
0.063392
-0.214982
-0.093034
-0.189783
-0.000285
-0.202705
-0.173582
-0.240884
0.285384
-0.146167
0.357366
0.337806
-0.013923
0.615390
-0.013374
-0.048703
0.063392
-0.214982
-0.093034
-0.189783
-0.000285
-0.202705
-0.173582
-0.240884
0.285384
-0.146167
0.357366
0.337806
-0.013923
0.615390
-0.013374
-0.048703
0.063392
-0.214982
-0.093034
-0.189783
-0.000285
-0.202705
-0.173582
-0.240884
0.285384
-0.146167
0.357366
0.337806
-0.013923
0.615390
-0.013374
-0.048703
0.063392
-0.214982
-0.093034
-0.189783
-0.000285
-0.202705
-0.173582
-0.240884
0.285384
-0.146167
0.357366
0.337806
-0.013923
0.615390
-0.013374
-0.048703
0.063392
-0.214982
-0.093034
-0.189783
-0.000285
-0.202705
-0.173582
-0.240884
0.285384
-0.146167
0.357366
0.337806
-0.013923
0.615390
-0.013374
-0.048703
0.063392
-0.214982
-0.093034
-0.189783
-0.000285
-0.202705
-0.173582
-0.240884
0.285384
-0.146167
0.357366
0.337806
-0.013923
0.615390
-0.013374
-0.048703
0.063392
-0.214982
-0.093034
-0.189783
-0.000285
-0.202705
-0.173582
-0.240884
0.285384
-0.146167
0.357366
0.337806
-0.013923
