-4.408729
3.091604
24.713924
-2.728948
-20.560297
-8.135610
-2.614219
-13.462029
12.015438
15.257257
24.077591
-14.157727
9.472587
-14.362470
7.913297
10.044386
-0.479484
-0.427961
3.184374
-2.199751
-4.743745
2.144701
2.386849
-3.863905
0.357260
1.850930
4.718834
-4.804672
5.457152
-0.879011
0.916018
0.100279
0.579848
-3.690895
59.462917
-113.019768
-732.331787
41.468033
300.547150
688.031860
780.816895
-187.553406
8.682259
-233.705460
-19.828548
-362.666229
297.404022
218.000366
-2.267189
3.001165
-2.432302
9.264101
33.251610
6.637931
-5.679056
-39.535160
-41.450970
-7.358784
-1.515310
11.905656
-7.655872
20.097111
-7.856602
-16.712782
2.224923
3.190035
-0.099117
7.148061
32.191025
-11.931442
-25.544109
-25.824316
-30.534817
22.618685
3.548774
12.890544
9.530481
14.443034
-19.369616
-4.714786
-0.163840
0.395694
-53.896954
89.986992
618.847961
-26.919031
-245.416016
-576.982849
-659.272766
153.186142
-12.023507
192.013412
12.993899
307.610138
-253.259476
-184.592712
1.718494
-0.384371
0.198119
-0.512742
-0.038544
0.094453
-0.229939
-0.312774
0.390787
-0.024157
0.126064
-0.175995
-0.012252
-0.243804
0.097228
-0.191293
1.718494
-0.384371
0.198119
-0.512742
-0.038544
0.094453
-0.229939
-0.312774
0.390787
-0.024157
0.126064
-0.175995
-0.012252
-0.243804
0.097228
-0.191293
1.718494
-0.384371
0.198119
-0.512742
-0.038544
0.094453
-0.229939
-0.312774
0.390787
-0.024157
0.126064
-0.175995
-0.012252
-0.243804
0.097228
-0.191293
1.718494
-0.384371
0.198119
-0.512742
-0.038544
0.094453
-0.229939
-0.312774
0.390787
-0.024157
0.126064
-0.175995
-0.012252
-0.243804
0.097228
-0.191293
1.718494
-0.384371
0.198119
-0.512742
-0.038544
0.094453
-0.229939
-0.312774
0.390787
-0.024157
0.126064
-0.175995
-0.012252
-0.243804
0.097228
-0.191293
1.718494
-0.384371
0.198119
-0.512742
-0.038544
0.094453
-0.229939
-0.312774
0.390787
-0.024157
0.126064
-0.175995
-0.012252
-0.243804
0.097228
-0.191293
1.718494
-0.384371
0.198119
-0.512742
-0.038544
0.094453
-0.229939
-0.312774
0.390787
-0.024157
0.126064
-0.175995
-0.012252
-0.243804
0.097228
-0.191293
1.718494
-0.384371
0.198119
-0.512742
-0.038544
0.094453
-0.229939
-0.312774
0.390787
-0.024157
0.126064
-0.175995
-0.012252
-0.243804
0.097228
-0.191293
1.718494
-0.384371
0.198119
-0.512742
-0.038544
0.094453
-0.229939
-0.312774
0.390787
-0.024157
0.126064
-0.175995
-0.012252
-0.243804
0.097228
-0.191293
1.718494
-0.384371
0.198119
-0.512742
-0.038544
0.094453
-0.229939
-0.312774
0.390787
-0.024157
0.126064
-0.175995
-0.012252
-0.243804
0.097228
-0.191293
1.718494
-0.384371
0.198119
-0.512742
-0.038544
0.094453
-0.229939
-0.312774
0.390787
-0.024157
0.126064
-0.175995
-0.012252
-0.243804
0.097228
-0.191293
1.718494
-0.384371
0.198119
-0.512742
-0.038544
0.094453
-0.229939
-0.312774
0.390787
-0.024157
0.126064
-0.175995
-0.012252
-0.243804
0.097228
-0.191293
1.718494
-0.384371
0.198119
-0.512742
-0.038544
0.094453
-0.229939
-0.312774
0.390787
-0.024157
0.126064
-0.175995
-0.012252
-0.243804
0.097228
-0.191293
1.718494
-0.384371
0.198119
-0.512742
-0.038544
0.094453
-0.229939
-0.312774
0.390787
-0.024157
0.126064
-0.175995
-0.012252
-0.243804
0.097228
-0.191293
