-0.447120
1.549047
-3.053993
3.049564
4.328123
-5.220746
0.756285
2.952833
-1.579566
-1.460242
-1.247234
7.067106
-3.885404
2.714219
-0.195829
1.303165
3.528013
-1.004277
-45.582687
290.228119
696.566833
-430.142334
-796.828552
-739.901917
-649.011169
474.695923
69.688408
151.341003
-369.067657
510.929321
-681.467896
-266.926453
-2.917985
2.345150
7.394273
-44.101681
-8.246641
28.399500
17.319532
14.888284
-9.963330
9.069172
-7.014639
-24.515289
17.570734
-4.316160
-14.438850
-0.765366
-2.829042
2.366596
25.137493
-165.079773
-391.957520
247.752625
449.135284
410.284271
360.775696
-269.332672
-35.623867
-86.291733
202.430908
-289.999237
383.600433
143.085114
1.309386
2.805705
1.960035
-43.677036
-91.850662
69.057640
126.878174
96.238182
89.838707
-79.280037
-16.334993
-20.527258
47.990059
-78.538300
106.094574
30.390364
1.392972
-1.781425
4.833993
-16.986851
-47.774147
19.799643
44.097313
56.024754
46.780655
-24.369488
-5.667438
-9.383124
28.678045
-28.467079
40.482834
24.100803
0.212244
0.895326
0.184715
-0.225242
-0.338147
0.242688
-0.131018
0.872683
0.357972
0.546530
0.186055
-0.425716
0.404480
0.039983
0.053005
-0.000953
0.212244
0.895326
0.184715
-0.225242
-0.338147
0.242688
-0.131018
0.872683
0.357972
0.546530
0.186055
-0.425716
0.404480
0.039983
0.053005
-0.000953
0.212244
0.895326
0.184715
-0.225242
-0.338147
0.242688
-0.131018
0.872683
0.357972
0.546530
0.186055
-0.425716
0.404480
0.039983
0.053005
-0.000953
0.212244
0.895326
0.184715
-0.225242
-0.338147
0.242688
-0.131018
0.872683
0.357972
0.546530
0.186055
-0.425716
0.404480
0.039983
0.053005
-0.000953
0.212244
0.895326
0.184715
-0.225242
-0.338147
0.242688
-0.131018
0.872683
0.357972
0.546530
0.186055
-0.425716
0.404480
0.039983
0.053005
-0.000953
0.212244
0.895326
0.184715
-0.225242
-0.338147
0.242688
-0.131018
0.872683
0.357972
0.546530
0.186055
-0.425716
0.404480
0.039983
0.053005
-0.000953
0.212244
0.895326
0.184715
-0.225242
-0.338147
0.242688
-0.131018
0.872683
0.357972
0.546530
0.186055
-0.425716
0.404480
0.039983
0.053005
-0.000953
0.212244
0.895326
0.184715
-0.225242
-0.338147
0.242688
-0.131018
0.872683
0.357972
0.546530
0.186055
-0.425716
0.404480
0.039983
0.053005
-0.000953
0.212244
0.895326
0.184715
-0.225242
-0.338147
0.242688
-0.131018
0.872683
0.357972
0.546530
0.186055
-0.425716
0.404480
0.039983
0.053005
-0.000953
0.212244
0.895326
0.184715
-0.225242
-0.338147
0.242688
-0.131018
0.872683
0.357972
0.546530
0.186055
-0.425716
0.404480
0.039983
0.053005
-0.000953
0.212244
0.895326
0.184715
-0.225242
-0.338147
0.242688
-0.131018
0.872683
0.357972
0.546530
0.186055
-0.425716
0.404480
0.039983
0.053005
-0.000953
0.212244
0.895326
0.184715
-0.225242
-0.338147
0.242688
-0.131018
0.872683
0.357972
0.546530
0.186055
-0.425716
0.404480
0.039983
0.053005
-0.000953
0.212244
0.895326
0.184715
-0.225242
-0.338147
0.242688
-0.131018
0.872683
0.357972
0.546530
0.186055
-0.425716
0.404480
0.039983
0.053005
-0.000953
0.212244
0.895326
0.184715
-0.225242
-0.338147
0.242688
-0.131018
0.872683
0.357972
0.546530
0.186055
-0.425716
0.404480
0.039983
0.053005
-0.000953
