0.992580
0.620478
6.838577
1.809886
-3.518798
-4.387836
-1.220716
-1.682681
0.753438
2.449224
5.636141
1.836673
2.515724
-2.557629
0.132048
3.017988
-0.343354
-0.325015
-93.748878
-314.438019
-500.888489
649.762756
981.094910
353.412720
327.954681
-561.134766
-51.574703
-7.364697
60.133625
-754.693359
826.196472
-27.612783
-1.810176
2.137292
25.250584
114.152885
192.532745
-221.567703
-342.889313
-148.359238
-131.222107
196.680481
15.954955
2.693629
-39.408310
266.488892
-294.352661
-9.881462
0.695287
-0.041691
5.472923
19.800669
24.960926
-40.865055
-56.438988
-16.317905
-10.872532
32.959835
4.481291
1.404394
-0.845048
42.165054
-48.877247
10.036844
1.868942
-1.737635
10.241812
17.360146
23.475662
-39.279053
-61.524109
-9.951434
-12.718792
30.144697
2.887852
0.059990
3.332904
43.402340
-49.962006
7.257640
0.750981
0.557190
20.555143
91.949074
155.629181
-174.514725
-269.454773
-124.728035
-115.177414
157.790710
15.400313
0.191793
-27.895157
213.484482
-231.601624
-14.284787
0.239292
-0.123289
0.033749
0.452720
-0.243181
-0.312620
-0.066856
-0.091592
-0.334029
-0.303523
-0.354194
-0.213511
-0.056764
-0.048186
-0.081913
-0.549484
0.239292
-0.123289
0.033749
0.452720
-0.243181
-0.312620
-0.066856
-0.091592
-0.334029
-0.303523
-0.354194
-0.213511
-0.056764
-0.048186
-0.081913
-0.549484
0.239292
-0.123289
0.033749
0.452720
-0.243181
-0.312620
-0.066856
-0.091592
-0.334029
-0.303523
-0.354194
-0.213511
-0.056764
-0.048186
-0.081913
-0.549484
0.239292
-0.123289
0.033749
0.452720
-0.243181
-0.312620
-0.066856
-0.091592
-0.334029
-0.303523
-0.354194
-0.213511
-0.056764
-0.048186
-0.081913
-0.549484
0.239292
-0.123289
0.033749
0.452720
-0.243181
-0.312620
-0.066856
-0.091592
-0.334029
-0.303523
-0.354194
-0.213511
-0.056764
-0.048186
-0.081913
-0.549484
0.239292
-0.123289
0.033749
0.452720
-0.243181
-0.312620
-0.066856
-0.091592
-0.334029
-0.303523
-0.354194
-0.213511
-0.056764
-0.048186
-0.081913
-0.549484
0.239292
-0.123289
0.033749
0.452720
-0.243181
-0.312620
-0.066856
-0.091592
-0.334029
-0.303523
-0.354194
-0.213511
-0.056764
-0.048186
-0.081913
-0.549484
0.239292
-0.123289
0.033749
0.452720
-0.243181
-0.312620
-0.066856
-0.091592
-0.334029
-0.303523
-0.354194
-0.213511
-0.056764
-0.048186
-0.081913
-0.549484
0.239292
-0.123289
0.033749
0.452720
-0.243181
-0.312620
-0.066856
-0.091592
-0.334029
-0.303523
-0.354194
-0.213511
-0.056764
-0.048186
-0.081913
-0.549484
0.239292
-0.123289
0.033749
0.452720
-0.243181
-0.312620
-0.066856
-0.091592
-0.334029
-0.303523
-0.354194
-0.213511
-0.056764
-0.048186
-0.081913
-0.549484
0.239292
-0.123289
0.033749
0.452720
-0.243181
-0.312620
-0.066856
-0.091592
-0.334029
-0.303523
-0.354194
-0.213511
-0.056764
-0.048186
-0.081913
-0.549484
0.239292
-0.123289
0.033749
0.452720
-0.243181
-0.312620
-0.066856
-0.091592
-0.334029
-0.303523
-0.354194
-0.213511
-0.056764
-0.048186
-0.081913
-0.549484
0.239292
-0.123289
0.033749
0.452720
-0.243181
-0.312620
-0.066856
-0.091592
-0.334029
-0.303523
-0.354194
-0.213511
-0.056764
-0.048186
-0.081913
-0.549484
0.239292
-0.123289
0.033749
0.452720
-0.243181
-0.312620
-0.066856
-0.091592
-0.334029
-0.303523
-0.354194
-0.213511
-0.056764
-0.048186
-0.081913
-0.549484
