-0.358362
-2.524005
1139.832397
-226.389023
-933.502869
1295.357666
232.658905
1710.596191
228.403137
-1801.972656
816.245056
-921.581665
-331.113708
817.451416
1223.321899
1651.680664
4.630182
2.017615
14.435924
6.671211
14.002521
0.643291
6.476150
-0.084888
-4.588459
-15.341041
13.293882
8.993190
5.572923
2.544852
12.737921
-8.975219
3.170591
4.471391
-12.627464
-30.100368
-6.139101
34.217567
-10.418655
11.483259
17.645506
-9.720024
-25.018730
-31.219563
-14.486665
-12.512300
0.694581
-6.897986
-0.407247
2.275208
-393.487030
90.737213
314.858734
-451.520538
-103.527451
-586.037964
-60.299526
624.108276
-278.928314
322.441986
103.618584
-271.387024
-442.564026
-573.929993
0.704037
1.287388
-56.796288
2.022584
50.590446
-57.231102
6.106332
-82.497490
-28.675377
83.870026
-45.684662
43.869694
26.136612
-48.236843
-44.838657
-78.952621
-1.323696
2.220681
-78.959015
9.378052
75.052040
-77.641014
-9.832728
-113.723427
-22.833555
116.663765
-59.108013
53.189629
19.174757
-44.785976
-67.229134
-120.553680
0.151076
-0.047168
-332.058716
78.842491
260.897308
-397.900330
-75.199936
-503.797180
-54.267845
533.858643
-231.372345
283.906372
101.821251
-251.363113
-380.029968
-466.200012
0.077918
-0.005024
-0.211102
-0.553737
0.248740
-0.237396
-0.022308
-0.755212
-0.117258
-0.005754
-0.390335
-0.124067
0.481891
0.071433
-0.289226
-0.553634
0.077918
-0.005024
-0.211102
-0.553737
0.248740
-0.237396
-0.022308
-0.755212
-0.117258
-0.005754
-0.390335
-0.124067
0.481891
0.071433
-0.289226
-0.553634
0.077918
-0.005024
-0.211102
-0.553737
0.248740
-0.237396
-0.022308
-0.755212
-0.117258
-0.005754
-0.390335
-0.124067
0.481891
0.071433
-0.289226
-0.553634
0.077918
-0.005024
-0.211102
-0.553737
0.248740
-0.237396
-0.022308
-0.755212
-0.117258
-0.005754
-0.390335
-0.124067
0.481891
0.071433
-0.289226
-0.553634
0.077918
-0.005024
-0.211102
-0.553737
0.248740
-0.237396
-0.022308
-0.755212
-0.117258
-0.005754
-0.390335
-0.124067
0.481891
0.071433
-0.289226
-0.553634
0.077918
-0.005024
-0.211102
-0.553737
0.248740
-0.237396
-0.022308
-0.755212
-0.117258
-0.005754
-0.390335
-0.124067
0.481891
0.071433
-0.289226
-0.553634
0.077918
-0.005024
-0.211102
-0.553737
0.248740
-0.237396
-0.022308
-0.755212
-0.117258
-0.005754
-0.390335
-0.124067
0.481891
0.071433
-0.289226
-0.553634
0.077918
-0.005024
-0.211102
-0.553737
0.248740
-0.237396
-0.022308
-0.755212
-0.117258
-0.005754
-0.390335
-0.124067
0.481891
0.071433
-0.289226
-0.553634
0.077918
-0.005024
-0.211102
-0.553737
0.248740
-0.237396
-0.022308
-0.755212
-0.117258
-0.005754
-0.390335
-0.124067
0.481891
0.071433
-0.289226
-0.553634
0.077918
-0.005024
-0.211102
-0.553737
0.248740
-0.237396
-0.022308
-0.755212
-0.117258
-0.005754
-0.390335
-0.124067
0.481891
0.071433
-0.289226
-0.553634
0.077918
-0.005024
-0.211102
-0.553737
0.248740
-0.237396
-0.022308
-0.755212
-0.117258
-0.005754
-0.390335
-0.124067
0.481891
0.071433
-0.289226
-0.553634
0.077918
-0.005024
-0.211102
-0.553737
0.248740
-0.237396
-0.022308
-0.755212
-0.117258
-0.005754
-0.390335
-0.124067
0.481891
0.071433
-0.289226
-0.553634
0.077918
-0.005024
-0.211102
-0.553737
0.248740
-0.237396
-0.022308
-0.755212
-0.117258
-0.005754
-0.390335
-0.124067
0.481891
0.071433
-0.289226
-0.553634
