5.335357
9.321980
-6.187044
31.798946
20.418928
-18.376060
18.903824
-4.237083
-22.883989
-1.032774
-4.163749
28.152721
8.172194
12.160591
-8.251447
2.818495
-1.570203
-0.633941
-13.025534
-0.784632
-8.881516
3.890404
-0.702897
2.858049
14.742028
12.501642
-15.769185
-6.503777
-14.922075
0.241825
-6.534827
17.543316
-3.811269
0.829327
-944.281006
-358.557068
1056.542603
-362.739410
460.360687
-1485.675415
-1400.296753
1555.066772
-977.556824
560.393677
522.634033
-1046.113281
-80.327873
-2196.764648
1.887305
-0.861940
456.444550
180.807571
-526.164001
171.982590
-240.439194
734.023865
705.129761
-747.854370
484.083344
-263.674255
-262.425140
504.364197
11.938109
1082.873169
0.448182
-1.557856
41.787251
9.789019
-39.398151
17.604145
-7.705555
57.521381
45.846622
-65.910744
38.004559
-24.721292
-14.191652
40.727482
11.847297
88.749001
-0.391292
0.261802
67.970741
16.215885
-67.512589
34.334721
-15.825540
102.109138
77.258392
-118.368828
60.379196
-46.768436
-26.562504
77.444588
34.433479
142.779770
2.228981
1.072403
172.974045
83.859802
-204.245895
47.697498
-112.745880
266.381256
290.482361
-269.397919
191.219193
-91.942940
-117.305954
191.618835
-22.349775
411.923279
-0.663882
0.294998
-0.035205
0.331814
0.074653
0.191130
0.131897
-0.601943
0.365429
0.207436
0.053535
-0.312955
-0.113880
-0.006397
0.024862
0.163597
-0.663882
0.294998
-0.035205
0.331814
0.074653
0.191130
0.131897
-0.601943
0.365429
0.207436
0.053535
-0.312955
-0.113880
-0.006397
0.024862
0.163597
-0.663882
0.294998
-0.035205
0.331814
0.074653
0.191130
0.131897
-0.601943
0.365429
0.207436
0.053535
-0.312955
-0.113880
-0.006397
0.024862
0.163597
-0.663882
0.294998
-0.035205
0.331814
0.074653
0.191130
0.131897
-0.601943
0.365429
0.207436
0.053535
-0.312955
-0.113880
-0.006397
0.024862
0.163597
-0.663882
0.294998
-0.035205
0.331814
0.074653
0.191130
0.131897
-0.601943
0.365429
0.207436
0.053535
-0.312955
-0.113880
-0.006397
0.024862
0.163597
-0.663882
0.294998
-0.035205
0.331814
0.074653
0.191130
0.131897
-0.601943
0.365429
0.207436
0.053535
-0.312955
-0.113880
-0.006397
0.024862
0.163597
-0.663882
0.294998
-0.035205
0.331814
0.074653
0.191130
0.131897
-0.601943
0.365429
0.207436
0.053535
-0.312955
-0.113880
-0.006397
0.024862
0.163597
-0.663882
0.294998
-0.035205
0.331814
0.074653
0.191130
0.131897
-0.601943
0.365429
0.207436
0.053535
-0.312955
-0.113880
-0.006397
0.024862
0.163597
-0.663882
0.294998
-0.035205
0.331814
0.074653
0.191130
0.131897
-0.601943
0.365429
0.207436
0.053535
-0.312955
-0.113880
-0.006397
0.024862
0.163597
-0.663882
0.294998
-0.035205
0.331814
0.074653
0.191130
0.131897
-0.601943
0.365429
0.207436
0.053535
-0.312955
-0.113880
-0.006397
0.024862
0.163597
-0.663882
0.294998
-0.035205
0.331814
0.074653
0.191130
0.131897
-0.601943
0.365429
0.207436
0.053535
-0.312955
-0.113880
-0.006397
0.024862
0.163597
-0.663882
0.294998
-0.035205
0.331814
0.074653
0.191130
0.131897
-0.601943
0.365429
0.207436
0.053535
-0.312955
-0.113880
-0.006397
0.024862
0.163597
-0.663882
0.294998
-0.035205
0.331814
0.074653
0.191130
0.131897
-0.601943
0.365429
0.207436
0.053535
-0.312955
-0.113880
-0.006397
0.024862
0.163597
