-8.150129
-5.296561
1786.114136
-352.313812
683.867126
755.537170
-2425.115479
-2630.687744
-280.780396
111.262550
-473.841827
-1229.066040
-1003.887329
2312.214844
-1187.793213
-1590.815674
0.938173
-0.112346
19.005693
9.706284
-3.443618
5.167070
-17.279110
-0.642179
-0.632426
-0.199415
-1.362583
16.371889
18.580938
4.744135
-9.117918
6.732896
-1.042028
1.788993
-12.949265
-5.093540
1.571612
-6.309740
13.323907
0.027493
-0.608277
0.827651
3.121031
-9.692644
-17.565130
-0.438585
6.950664
-5.989978
7.048193
-0.756196
-1308.294922
259.301971
-504.091217
-552.777588
1788.168457
1937.379761
207.291199
-80.090660
351.670105
906.285339
737.557922
-1707.786865
876.829834
1175.813721
0.319776
4.483314
-86.273094
13.845531
-31.980137
-37.101292
112.069710
132.326202
13.324635
-7.270469
18.439407
59.786442
54.838097
-110.386368
50.816360
79.403648
0.789467
1.262655
-129.831635
32.440552
-52.809387
-53.861565
185.741562
185.321106
17.132626
-4.370031
36.817245
88.228493
65.756020
-172.727997
88.534058
106.799896
-0.018428
-0.113542
-0.320950
0.230897
0.303884
0.027964
0.183453
-0.295405
0.086833
-0.282334
0.223839
0.128716
-0.020644
0.615389
0.298711
0.362773
-0.018428
-0.113542
-0.320950
0.230897
0.303884
0.027964
0.183453
-0.295405
0.086833
-0.282334
0.223839
0.128716
-0.020644
0.615389
0.298711
0.362773
-0.018428
-0.113542
-0.320950
0.230897
0.303884
0.027964
0.183453
-0.295405
0.086833
-0.282334
0.223839
0.128716
-0.020644
0.615389
0.298711
0.362773
-0.018428
-0.113542
-0.320950
0.230897
0.303884
0.027964
0.183453
-0.295405
0.086833
-0.282334
0.223839
0.128716
-0.020644
0.615389
0.298711
0.362773
-0.018428
-0.113542
-0.320950
0.230897
0.303884
0.027964
0.183453
-0.295405
0.086833
-0.282334
0.223839
0.128716
-0.020644
0.615389
0.298711
0.362773
-0.018428
-0.113542
-0.320950
0.230897
0.303884
0.027964
0.183453
-0.295405
0.086833
-0.282334
0.223839
0.128716
-0.020644
0.615389
0.298711
0.362773
-0.018428
-0.113542
-0.320950
0.230897
0.303884
0.027964
0.183453
-0.295405
0.086833
-0.282334
0.223839
0.128716
-0.020644
0.615389
0.298711
0.362773
-0.018428
-0.113542
-0.320950
0.230897
0.303884
0.027964
0.183453
-0.295405
0.086833
-0.282334
0.223839
0.128716
-0.020644
0.615389
0.298711
0.362773
-0.018428
-0.113542
-0.320950
0.230897
0.303884
0.027964
0.183453
-0.295405
0.086833
-0.282334
0.223839
0.128716
-0.020644
0.615389
0.298711
0.362773
-0.018428
-0.113542
-0.320950
0.230897
0.303884
0.027964
0.183453
-0.295405
0.086833
-0.282334
0.223839
0.128716
-0.020644
0.615389
0.298711
0.362773
-0.018428
-0.113542
-0.320950
0.230897
0.303884
0.027964
0.183453
-0.295405
0.086833
-0.282334
0.223839
0.128716
-0.020644
0.615389
0.298711
0.362773
-0.018428
-0.113542
-0.320950
0.230897
0.303884
0.027964
0.183453
-0.295405
0.086833
-0.282334
0.223839
0.128716
-0.020644
0.615389
0.298711
0.362773
-0.018428
-0.113542
-0.320950
0.230897
0.303884
0.027964
0.183453
-0.295405
0.086833
-0.282334
0.223839
0.128716
-0.020644
0.615389
0.298711
0.362773
-0.018428
-0.113542
-0.320950
0.230897
0.303884
0.027964
0.183453
-0.295405
0.086833
-0.282334
0.223839
0.128716
-0.020644
0.615389
0.298711
0.362773
