-0.537344
0.668068
-14.589767
-7.387504
-10.339395
1.471176
-8.068774
5.147416
6.944961
17.756615
-14.836328
-11.408987
-11.134012
-4.052830
-14.115123
8.863956
-3.319192
1.476149
-1145.762573
69.957748
953.051086
-811.676270
149.814011
-1910.697998
-560.283508
2337.597168
-812.571655
943.331299
247.159134
-1501.450928
-1217.071167
-2021.241577
3.954503
0.948289
388.029144
-21.201422
-330.557251
284.958099
-58.058132
663.349426
194.777542
-811.135742
280.129364
-329.861969
-87.480850
524.643250
425.363312
698.207031
-0.557171
-1.641749
57.695217
-11.677487
-45.809669
42.285278
0.260589
93.453506
16.826614
-118.350342
32.708691
-53.097839
-4.389436
74.162682
68.881035
91.310463
-2.082391
0.469950
78.426941
-8.180203
-62.055061
55.713516
-2.810416
126.850548
26.109921
-154.855713
49.425766
-67.392311
-7.582433
99.682632
89.218338
125.831978
1.921976
0.865781
342.895813
-22.525448
-280.144775
240.324951
-36.781700
565.804688
165.559250
-692.412476
241.133041
-275.554993
-71.784508
440.808716
358.791443
601.539917
0.627706
0.553655
0.150401
0.345990
-0.763376
-0.009524
0.199673
0.826714
0.842465
-0.558966
0.442484
0.506037
0.328470
-0.222132
0.332772
-0.040349
0.627706
0.553655
0.150401
0.345990
-0.763376
-0.009524
0.199673
0.826714
0.842465
-0.558966
0.442484
0.506037
0.328470
-0.222132
0.332772
-0.040349
0.627706
0.553655
0.150401
0.345990
-0.763376
-0.009524
0.199673
0.826714
0.842465
-0.558966
0.442484
0.506037
0.328470
-0.222132
0.332772
-0.040349
0.627706
0.553655
0.150401
0.345990
-0.763376
-0.009524
0.199673
0.826714
0.842465
-0.558966
0.442484
0.506037
0.328470
-0.222132
0.332772
-0.040349
0.627706
0.553655
0.150401
0.345990
-0.763376
-0.009524
0.199673
0.826714
0.842465
-0.558966
0.442484
0.506037
0.328470
-0.222132
0.332772
-0.040349
0.627706
0.553655
0.150401
0.345990
-0.763376
-0.009524
0.199673
0.826714
0.842465
-0.558966
0.442484
0.506037
0.328470
-0.222132
0.332772
-0.040349
0.627706
0.553655
0.150401
0.345990
-0.763376
-0.009524
0.199673
0.826714
0.842465
-0.558966
0.442484
0.506037
0.328470
-0.222132
0.332772
-0.040349
0.627706
0.553655
0.150401
0.345990
-0.763376
-0.009524
0.199673
0.826714
0.842465
-0.558966
0.442484
0.506037
0.328470
-0.222132
0.332772
-0.040349
0.627706
0.553655
0.150401
0.345990
-0.763376
-0.009524
0.199673
0.826714
0.842465
-0.558966
0.442484
0.506037
0.328470
-0.222132
0.332772
-0.040349
0.627706
0.553655
0.150401
0.345990
-0.763376
-0.009524
0.199673
0.826714
0.842465
-0.558966
0.442484
0.506037
0.328470
-0.222132
0.332772
-0.040349
0.627706
0.553655
0.150401
0.345990
-0.763376
-0.009524
0.199673
0.826714
0.842465
-0.558966
0.442484
0.506037
0.328470
-0.222132
0.332772
-0.040349
0.627706
0.553655
0.150401
0.345990
-0.763376
-0.009524
0.199673
0.826714
0.842465
-0.558966
0.442484
0.506037
0.328470
-0.222132
0.332772
-0.040349
0.627706
0.553655
0.150401
0.345990
-0.763376
-0.009524
0.199673
0.826714
0.842465
-0.558966
0.442484
0.506037
0.328470
-0.222132
0.332772
-0.040349
0.627706
0.553655
0.150401
0.345990
-0.763376
-0.009524
0.199673
0.826714
0.842465
-0.558966
0.442484
0.506037
0.328470
-0.222132
0.332772
-0.040349
