3.356349
-0.208749
1093.559448
-820.193726
-1655.482178
-1744.204102
-1773.482544
577.331787
519.272034
-2869.639893
-1454.368164
1670.052856
-458.305511
-1938.000732
1122.343872
4040.580078
-0.859334
1.225853
18.882957
9.422210
-20.953407
-20.201445
-2.808954
3.574857
-3.075928
9.156728
21.877300
-13.709454
9.838772
-1.096757
3.621387
-4.228467
-0.326596
0.206362
9.127137
9.846352
0.454820
-21.697809
-3.777077
-4.185552
-9.132816
-21.586184
-18.391634
-19.300592
-8.579158
-12.977221
17.515684
-25.283060
-2.532675
2.754909
-3.344941
-4.254265
1.425608
14.034868
2.633441
2.107250
5.623084
12.347592
11.563481
12.548146
6.596419
7.345901
-11.990295
11.822020
-1.834059
2.484956
-690.601135
419.020752
916.996643
1086.192017
939.415039
-268.656677
-354.206940
1589.936646
859.515198
-955.245728
185.064072
1195.611816
-542.152466
-2392.364258
0.048802
-3.428096
-55.692051
85.209190
157.722763
75.321457
121.711403
-71.318077
21.483183
214.516312
63.167015
-140.139801
81.381912
117.478516
-171.961807
-240.164261
-0.111391
-3.617028
-168.862076
97.892761
174.542145
289.775116
312.477356
-36.723820
-177.477982
420.210480
281.056122
-191.205658
12.326201
271.805756
-27.421122
-618.041077
0.063237
-0.254503
0.555785
0.340608
0.000891
-0.317635
-0.054361
-0.421803
0.309896
-1.012766
0.436347
-0.142755
-0.173942
0.233959
0.143751
-0.217494
0.063237
-0.254503
0.555785
0.340608
0.000891
-0.317635
-0.054361
-0.421803
0.309896
-1.012766
0.436347
-0.142755
-0.173942
0.233959
0.143751
-0.217494
0.063237
-0.254503
0.555785
0.340608
0.000891
-0.317635
-0.054361
-0.421803
0.309896
-1.012766
0.436347
-0.142755
-0.173942
0.233959
0.143751
-0.217494
0.063237
-0.254503
0.555785
0.340608
0.000891
-0.317635
-0.054361
-0.421803
0.309896
-1.012766
0.436347
-0.142755
-0.173942
0.233959
0.143751
-0.217494
0.063237
-0.254503
0.555785
0.340608
0.000891
-0.317635
-0.054361
-0.421803
0.309896
-1.012766
0.436347
-0.142755
-0.173942
0.233959
0.143751
-0.217494
0.063237
-0.254503
0.555785
0.340608
0.000891
-0.317635
-0.054361
-0.421803
0.309896
-1.012766
0.436347
-0.142755
-0.173942
0.233959
0.143751
-0.217494
0.063237
-0.254503
0.555785
0.340608
0.000891
-0.317635
-0.054361
-0.421803
0.309896
-1.012766
0.436347
-0.142755
-0.173942
0.233959
0.143751
-0.217494
0.063237
-0.254503
0.555785
0.340608
0.000891
-0.317635
-0.054361
-0.421803
0.309896
-1.012766
0.436347
-0.142755
-0.173942
0.233959
0.143751
-0.217494
0.063237
-0.254503
0.555785
0.340608
0.000891
-0.317635
-0.054361
-0.421803
0.309896
-1.012766
0.436347
-0.142755
-0.173942
0.233959
0.143751
-0.217494
0.063237
-0.254503
0.555785
0.340608
0.000891
-0.317635
-0.054361
-0.421803
0.309896
-1.012766
0.436347
-0.142755
-0.173942
0.233959
0.143751
-0.217494
0.063237
-0.254503
0.555785
0.340608
0.000891
-0.317635
-0.054361
-0.421803
0.309896
-1.012766
0.436347
-0.142755
-0.173942
0.233959
0.143751
-0.217494
0.063237
-0.254503
0.555785
0.340608
0.000891
-0.317635
-0.054361
-0.421803
0.309896
-1.012766
0.436347
-0.142755
-0.173942
0.233959
0.143751
-0.217494
0.063237
-0.254503
0.555785
0.340608
0.000891
-0.317635
-0.054361
-0.421803
0.309896
-1.012766
0.436347
-0.142755
-0.173942
0.233959
0.143751
-0.217494
