-2.467984
0.017628
-11.355328
9.985054
18.945543
-4.845288
-3.814677
-4.323812
-5.308946
-7.075154
-8.781020
5.609531
-1.447520
3.307459
-2.669302
3.776541
0.936199
-0.859100
-7.299201
9.414647
18.175941
-4.962586
7.523850
-4.299896
11.066576
-13.147934
5.775325
-21.118927
1.954265
-12.139679
21.148434
6.881817
2.013167
-4.667643
-359.878113
-1023.785767
-1702.851929
676.071106
-174.068008
1907.403442
-2026.234619
-1606.379883
545.691833
1674.144287
-1270.135254
-186.200424
3383.563965
562.420349
-0.084200
1.463987
9.553093
-10.370867
-19.726830
5.487938
-4.524646
5.999820
-10.084148
13.836988
-6.146605
19.967821
-0.482854
13.221462
-17.259794
-6.432414
-0.725817
6.000611
340.090851
958.918640
1599.168091
-630.246338
166.630569
-1794.867188
1901.877563
1501.156860
-515.001892
-1570.103760
1188.363281
170.581680
-3170.367188
-524.548279
-0.090214
0.077014
0.215162
0.098796
0.280426
1.055871
0.770595
-0.182272
0.407146
0.765275
0.421823
-0.750200
0.747504
0.521164
-0.447644
-0.937083
-0.090214
0.077014
0.215162
0.098796
0.280426
1.055871
0.770595
-0.182272
0.407146
0.765275
0.421823
-0.750200
0.747504
0.521164
-0.447644
-0.937083
-0.090214
0.077014
0.215162
0.098796
0.280426
1.055871
0.770595
-0.182272
0.407146
0.765275
0.421823
-0.750200
0.747504
0.521164
-0.447644
-0.937083
-0.090214
0.077014
0.215162
0.098796
0.280426
1.055871
0.770595
-0.182272
0.407146
0.765275
0.421823
-0.750200
0.747504
0.521164
-0.447644
-0.937083
-0.090214
0.077014
0.215162
0.098796
0.280426
1.055871
0.770595
-0.182272
0.407146
0.765275
0.421823
-0.750200
0.747504
0.521164
-0.447644
-0.937083
-0.090214
0.077014
0.215162
0.098796
0.280426
1.055871
0.770595
-0.182272
0.407146
0.765275
0.421823
-0.750200
0.747504
0.521164
-0.447644
-0.937083
-0.090214
0.077014
0.215162
0.098796
0.280426
1.055871
0.770595
-0.182272
0.407146
0.765275
0.421823
-0.750200
0.747504
0.521164
-0.447644
-0.937083
-0.090214
0.077014
0.215162
0.098796
0.280426
1.055871
0.770595
-0.182272
0.407146
0.765275
0.421823
-0.750200
0.747504
0.521164
-0.447644
-0.937083
-0.090214
0.077014
0.215162
0.098796
0.280426
1.055871
0.770595
-0.182272
0.407146
0.765275
0.421823
-0.750200
0.747504
0.521164
-0.447644
-0.937083
-0.090214
0.077014
0.215162
0.098796
0.280426
1.055871
0.770595
-0.182272
0.407146
0.765275
0.421823
-0.750200
0.747504
0.521164
-0.447644
-0.937083
-0.090214
0.077014
0.215162
0.098796
0.280426
1.055871
0.770595
-0.182272
0.407146
0.765275
0.421823
-0.750200
0.747504
0.521164
-0.447644
-0.937083
-0.090214
0.077014
0.215162
0.098796
0.280426
1.055871
0.770595
-0.182272
0.407146
0.765275
0.421823
-0.750200
0.747504
0.521164
-0.447644
-0.937083
-0.090214
0.077014
0.215162
0.098796
0.280426
1.055871
0.770595
-0.182272
0.407146
0.765275
0.421823
-0.750200
0.747504
0.521164
-0.447644
-0.937083
-0.090214
0.077014
0.215162
0.098796
0.280426
1.055871
0.770595
-0.182272
0.407146
0.765275
0.421823
-0.750200
0.747504
0.521164
-0.447644
-0.937083
-0.090214
0.077014
0.215162
0.098796
0.280426
1.055871
0.770595
-0.182272
0.407146
0.765275
0.421823
-0.750200
0.747504
0.521164
-0.447644
-0.937083
