-1.242093
0.777465
-3.260804
16.776180
21.309534
-20.671240
-0.148763
-2.731117
-9.347733
2.859813
10.904206
20.184162
3.256768
9.463313
-5.411538
-0.406508
1.006765
1.178755
-2.461254
9.176481
14.029124
-16.135504
2.597443
-7.125622
5.630317
-18.501501
-13.112240
-21.568508
-8.577935
-13.101412
22.163450
-6.177882
1.430550
-6.015072
246.225998
-1036.783569
-1764.910278
-384.163177
-1188.916626
1372.017334
-870.840576
-2256.394531
-481.871246
1834.147583
-910.040466
-1016.122009
2452.304443
2447.901855
-2.130426
-0.349919
1.382251
-11.611245
-14.583371
13.124358
-4.187617
5.134784
-4.291586
16.457760
8.058249
20.392218
7.231755
11.815130
-21.717756
8.385035
2.575231
3.757743
-240.232880
976.454834
1678.239258
371.467651
1121.039795
-1309.337769
803.109009
2160.575439
458.256653
-1719.444946
841.602539
957.158447
-2334.644287
-2322.938232
0.305323
-0.493507
-0.241490
0.390440
0.544036
-0.724275
-0.749250
0.146081
0.213227
-0.648157
-0.361491
0.717333
-0.481197
-0.738769
-0.128177
0.803458
0.305323
-0.493507
-0.241490
0.390440
0.544036
-0.724275
-0.749250
0.146081
0.213227
-0.648157
-0.361491
0.717333
-0.481197
-0.738769
-0.128177
0.803458
0.305323
-0.493507
-0.241490
0.390440
0.544036
-0.724275
-0.749250
0.146081
0.213227
-0.648157
-0.361491
0.717333
-0.481197
-0.738769
-0.128177
0.803458
0.305323
-0.493507
-0.241490
0.390440
0.544036
-0.724275
-0.749250
0.146081
0.213227
-0.648157
-0.361491
0.717333
-0.481197
-0.738769
-0.128177
0.803458
0.305323
-0.493507
-0.241490
0.390440
0.544036
-0.724275
-0.749250
0.146081
0.213227
-0.648157
-0.361491
0.717333
-0.481197
-0.738769
-0.128177
0.803458
0.305323
-0.493507
-0.241490
0.390440
0.544036
-0.724275
-0.749250
0.146081
0.213227
-0.648157
-0.361491
0.717333
-0.481197
-0.738769
-0.128177
0.803458
0.305323
-0.493507
-0.241490
0.390440
0.544036
-0.724275
-0.749250
0.146081
0.213227
-0.648157
-0.361491
0.717333
-0.481197
-0.738769
-0.128177
0.803458
0.305323
-0.493507
-0.241490
0.390440
0.544036
-0.724275
-0.749250
0.146081
0.213227
-0.648157
-0.361491
0.717333
-0.481197
-0.738769
-0.128177
0.803458
0.305323
-0.493507
-0.241490
0.390440
0.544036
-0.724275
-0.749250
0.146081
0.213227
-0.648157
-0.361491
0.717333
-0.481197
-0.738769
-0.128177
0.803458
0.305323
-0.493507
-0.241490
0.390440
0.544036
-0.724275
-0.749250
0.146081
0.213227
-0.648157
-0.361491
0.717333
-0.481197
-0.738769
-0.128177
0.803458
0.305323
-0.493507
-0.241490
0.390440
0.544036
-0.724275
-0.749250
0.146081
0.213227
-0.648157
-0.361491
0.717333
-0.481197
-0.738769
-0.128177
0.803458
0.305323
-0.493507
-0.241490
0.390440
0.544036
-0.724275
-0.749250
0.146081
0.213227
-0.648157
-0.361491
0.717333
-0.481197
-0.738769
-0.128177
0.803458
0.305323
-0.493507
-0.241490
0.390440
0.544036
-0.724275
-0.749250
0.146081
0.213227
-0.648157
-0.361491
0.717333
-0.481197
-0.738769
-0.128177
0.803458
0.305323
-0.493507
-0.241490
0.390440
0.544036
-0.724275
-0.749250
0.146081
0.213227
-0.648157
-0.361491
0.717333
-0.481197
-0.738769
-0.128177
0.803458
0.305323
-0.493507
-0.241490
0.390440
0.544036
-0.724275
-0.749250
0.146081
0.213227
-0.648157
-0.361491
0.717333
-0.481197
-0.738769
-0.128177
0.803458
