1.159697
0.910610
-17.798922
-2.158792
17.905455
13.749638
10.509634
-0.609516
20.909380
1.470058
24.598598
-6.788399
15.150248
-6.292336
10.031863
26.047600
-5.166378
-0.069402
-1413.153198
-346.177734
-386.986908
2109.257813
1618.019043
1741.900391
-2715.090820
784.544434
2012.135986
529.687500
-1341.523804
1378.339722
2686.301758
-2864.178955
-1.973502
-1.888160
16.021210
-0.274640
-13.914306
-9.010288
-7.128364
4.031309
-13.477296
-1.046642
-11.344573
4.525448
-7.390464
5.579054
-8.540813
-18.215017
4.670256
-0.863233
832.074951
191.853394
201.640106
-1247.373291
-975.297119
-1016.356506
1589.673218
-493.195313
-1190.418213
-280.777222
754.223816
-832.416931
-1542.994019
1715.957275
0.261307
0.784030
207.642807
2.276099
-7.739047
-295.059601
-268.202667
-187.808838
346.195068
-180.712662
-287.031921
-24.700407
157.180008
-218.395493
-293.800293
456.285797
-1.179335
0.160669
80.194115
45.436268
64.451561
-128.635254
-66.930267
-138.700745
187.610565
0.111306
-117.338371
-70.686157
109.255775
-62.942226
-219.323151
136.830093
-0.023495
-0.127351
0.284729
0.768152
0.848072
-1.088162
-0.539949
-0.058970
0.799399
-0.174257
-0.011829
-0.580711
0.440528
-0.015677
-0.982590
0.476481
-0.023495
-0.127351
0.284729
0.768152
0.848072
-1.088162
-0.539949
-0.058970
0.799399
-0.174257
-0.011829
-0.580711
0.440528
-0.015677
-0.982590
0.476481
-0.023495
-0.127351
0.284729
0.768152
0.848072
-1.088162
-0.539949
-0.058970
0.799399
-0.174257
-0.011829
-0.580711
0.440528
-0.015677
-0.982590
0.476481
-0.023495
-0.127351
0.284729
0.768152
0.848072
-1.088162
-0.539949
-0.058970
0.799399
-0.174257
-0.011829
-0.580711
0.440528
-0.015677
-0.982590
0.476481
-0.023495
-0.127351
0.284729
0.768152
0.848072
-1.088162
-0.539949
-0.058970
0.799399
-0.174257
-0.011829
-0.580711
0.440528
-0.015677
-0.982590
0.476481
-0.023495
-0.127351
0.284729
0.768152
0.848072
-1.088162
-0.539949
-0.058970
0.799399
-0.174257
-0.011829
-0.580711
0.440528
-0.015677
-0.982590
0.476481
-0.023495
-0.127351
0.284729
0.768152
0.848072
-1.088162
-0.539949
-0.058970
0.799399
-0.174257
-0.011829
-0.580711
0.440528
-0.015677
-0.982590
0.476481
-0.023495
-0.127351
0.284729
0.768152
0.848072
-1.088162
-0.539949
-0.058970
0.799399
-0.174257
-0.011829
-0.580711
0.440528
-0.015677
-0.982590
0.476481
-0.023495
-0.127351
0.284729
0.768152
0.848072
-1.088162
-0.539949
-0.058970
0.799399
-0.174257
-0.011829
-0.580711
0.440528
-0.015677
-0.982590
0.476481
-0.023495
-0.127351
0.284729
0.768152
0.848072
-1.088162
-0.539949
-0.058970
0.799399
-0.174257
-0.011829
-0.580711
0.440528
-0.015677
-0.982590
0.476481
-0.023495
-0.127351
0.284729
0.768152
0.848072
-1.088162
-0.539949
-0.058970
0.799399
-0.174257
-0.011829
-0.580711
0.440528
-0.015677
-0.982590
0.476481
-0.023495
-0.127351
0.284729
0.768152
0.848072
-1.088162
-0.539949
-0.058970
0.799399
-0.174257
-0.011829
-0.580711
0.440528
-0.015677
-0.982590
0.476481
-0.023495
-0.127351
0.284729
0.768152
0.848072
-1.088162
-0.539949
-0.058970
0.799399
-0.174257
-0.011829
-0.580711
0.440528
-0.015677
-0.982590
0.476481
-0.023495
-0.127351
0.284729
0.768152
0.848072
-1.088162
-0.539949
-0.058970
0.799399
-0.174257
-0.011829
-0.580711
0.440528
-0.015677
-0.982590
0.476481
