-2.849754
-0.394112
-32.534138
4.613107
25.165871
15.303058
0.538440
24.339428
-13.937026
-15.129543
-17.419931
15.605859
-3.629944
4.580160
-9.317388
-7.522994
-0.593725
-4.691338
638.126465
-350.251556
-778.820190
-1575.520142
-1792.854980
1307.933105
1239.608643
-2869.996826
-1405.843262
771.861511
64.967308
-469.888733
478.549866
3232.688232
0.265691
0.757525
1.807472
3.348621
-3.150394
-18.167746
2.146722
-7.885397
-13.241102
-18.970430
-21.208046
-9.124860
-3.380609
-2.580552
12.138079
-17.712145
0.437421
-1.273966
-3.797119
-5.892872
3.819808
17.116278
-0.224033
7.044786
13.627787
18.809628
15.393390
7.705138
3.785099
-1.817325
-11.871497
20.257593
2.491873
1.714192
-592.365173
334.395721
736.061584
1474.861572
1681.469604
-1227.298950
-1161.841675
2695.406738
1320.381104
-726.150696
-46.864838
447.032654
-449.645630
-3037.089111
-0.101902
0.624658
0.104370
-0.095095
0.149803
-0.168322
-0.418361
0.314963
0.700398
-0.615367
-0.826978
-0.126174
0.219912
-0.118149
-0.918528
0.574890
-0.101902
0.624658
0.104370
-0.095095
0.149803
-0.168322
-0.418361
0.314963
0.700398
-0.615367
-0.826978
-0.126174
0.219912
-0.118149
-0.918528
0.574890
-0.101902
0.624658
0.104370
-0.095095
0.149803
-0.168322
-0.418361
0.314963
0.700398
-0.615367
-0.826978
-0.126174
0.219912
-0.118149
-0.918528
0.574890
-0.101902
0.624658
0.104370
-0.095095
0.149803
-0.168322
-0.418361
0.314963
0.700398
-0.615367
-0.826978
-0.126174
0.219912
-0.118149
-0.918528
0.574890
-0.101902
0.624658
0.104370
-0.095095
0.149803
-0.168322
-0.418361
0.314963
0.700398
-0.615367
-0.826978
-0.126174
0.219912
-0.118149
-0.918528
0.574890
-0.101902
0.624658
0.104370
-0.095095
0.149803
-0.168322
-0.418361
0.314963
0.700398
-0.615367
-0.826978
-0.126174
0.219912
-0.118149
-0.918528
0.574890
-0.101902
0.624658
0.104370
-0.095095
0.149803
-0.168322
-0.418361
0.314963
0.700398
-0.615367
-0.826978
-0.126174
0.219912
-0.118149
-0.918528
0.574890
-0.101902
0.624658
0.104370
-0.095095
0.149803
-0.168322
-0.418361
0.314963
0.700398
-0.615367
-0.826978
-0.126174
0.219912
-0.118149
-0.918528
0.574890
-0.101902
0.624658
0.104370
-0.095095
0.149803
-0.168322
-0.418361
0.314963
0.700398
-0.615367
-0.826978
-0.126174
0.219912
-0.118149
-0.918528
0.574890
-0.101902
0.624658
0.104370
-0.095095
0.149803
-0.168322
-0.418361
0.314963
0.700398
-0.615367
-0.826978
-0.126174
0.219912
-0.118149
-0.918528
0.574890
-0.101902
0.624658
0.104370
-0.095095
0.149803
-0.168322
-0.418361
0.314963
0.700398
-0.615367
-0.826978
-0.126174
0.219912
-0.118149
-0.918528
0.574890
-0.101902
0.624658
0.104370
-0.095095
0.149803
-0.168322
-0.418361
0.314963
0.700398
-0.615367
-0.826978
-0.126174
0.219912
-0.118149
-0.918528
0.574890
-0.101902
0.624658
0.104370
-0.095095
0.149803
-0.168322
-0.418361
0.314963
0.700398
-0.615367
-0.826978
-0.126174
0.219912
-0.118149
-0.918528
0.574890
-0.101902
0.624658
0.104370
-0.095095
0.149803
-0.168322
-0.418361
0.314963
0.700398
-0.615367
-0.826978
-0.126174
0.219912
-0.118149
-0.918528
0.574890
-0.101902
0.624658
0.104370
-0.095095
0.149803
-0.168322
-0.418361
0.314963
0.700398
-0.615367
-0.826978
-0.126174
0.219912
-0.118149
-0.918528
0.574890
