0.148918
3.508703
-17.193892
8.049928
23.657204
-2.494617
-1.196047
0.264573
-5.938203
-4.436535
-7.317940
19.831392
-3.414614
5.794969
-1.665471
-3.616496
0.914503
-0.591786
-4.636980
-0.662372
12.607029
6.406096
6.562290
7.588776
20.217270
1.684030
16.718054
-8.224446
5.337346
2.587374
2.785959
17.074352
-2.524856
-0.535952
-711.348938
73.789833
-543.625244
1141.617554
2400.214355
850.708984
-2719.650391
772.251099
1328.695190
410.606842
65.884651
527.450684
1650.524658
-2208.354004
-0.294639
1.332805
2.631246
-3.560159
-9.095205
-1.745296
-2.370106
-6.077137
-15.515644
-0.555735
-12.617957
5.735794
-1.401577
-2.668308
-0.272791
-12.685634
3.865052
-1.093388
502.361053
-61.435902
387.978302
-796.974854
-1719.200562
-605.970276
1930.091187
-538.524231
-944.490112
-291.608246
-58.992012
-370.901886
-1173.745972
1561.985596
-2.711495
2.073905
54.415070
-10.286197
36.598423
-94.740570
-185.404755
-49.911461
208.404251
-79.742348
-103.947678
-21.682619
-5.698090
-46.193802
-113.848152
187.787308
-1.716094
1.507999
32.914967
3.168612
31.349293
-51.752949
-104.001007
-53.840031
131.444672
-23.164156
-60.689053
-28.893425
2.374689
-24.477831
-87.893867
93.921547
0.015529
-0.117316
0.050215
0.164012
0.248211
0.185368
-0.619702
-0.496497
0.823759
-0.022755
-0.237524
-0.695754
0.459521
-0.731011
-0.881002
0.225847
0.015529
-0.117316
0.050215
0.164012
0.248211
0.185368
-0.619702
-0.496497
0.823759
-0.022755
-0.237524
-0.695754
0.459521
-0.731011
-0.881002
0.225847
0.015529
-0.117316
0.050215
0.164012
0.248211
0.185368
-0.619702
-0.496497
0.823759
-0.022755
-0.237524
-0.695754
0.459521
-0.731011
-0.881002
0.225847
0.015529
-0.117316
0.050215
0.164012
0.248211
0.185368
-0.619702
-0.496497
0.823759
-0.022755
-0.237524
-0.695754
0.459521
-0.731011
-0.881002
0.225847
0.015529
-0.117316
0.050215
0.164012
0.248211
0.185368
-0.619702
-0.496497
0.823759
-0.022755
-0.237524
-0.695754
0.459521
-0.731011
-0.881002
0.225847
0.015529
-0.117316
0.050215
0.164012
0.248211
0.185368
-0.619702
-0.496497
0.823759
-0.022755
-0.237524
-0.695754
0.459521
-0.731011
-0.881002
0.225847
0.015529
-0.117316
0.050215
0.164012
0.248211
0.185368
-0.619702
-0.496497
0.823759
-0.022755
-0.237524
-0.695754
0.459521
-0.731011
-0.881002
0.225847
0.015529
-0.117316
0.050215
0.164012
0.248211
0.185368
-0.619702
-0.496497
0.823759
-0.022755
-0.237524
-0.695754
0.459521
-0.731011
-0.881002
0.225847
0.015529
-0.117316
0.050215
0.164012
0.248211
0.185368
-0.619702
-0.496497
0.823759
-0.022755
-0.237524
-0.695754
0.459521
-0.731011
-0.881002
0.225847
0.015529
-0.117316
0.050215
0.164012
0.248211
0.185368
-0.619702
-0.496497
0.823759
-0.022755
-0.237524
-0.695754
0.459521
-0.731011
-0.881002
0.225847
0.015529
-0.117316
0.050215
0.164012
0.248211
0.185368
-0.619702
-0.496497
0.823759
-0.022755
-0.237524
-0.695754
0.459521
-0.731011
-0.881002
0.225847
0.015529
-0.117316
0.050215
0.164012
0.248211
0.185368
-0.619702
-0.496497
0.823759
-0.022755
-0.237524
-0.695754
0.459521
-0.731011
-0.881002
0.225847
0.015529
-0.117316
0.050215
0.164012
0.248211
0.185368
-0.619702
-0.496497
0.823759
-0.022755
-0.237524
-0.695754
0.459521
-0.731011
-0.881002
0.225847
