-0.688559
-1.173553
-24.278685
-29.635464
11.734828
40.584095
-12.084682
16.667698
13.559717
-8.504790
-35.436871
-17.296728
-16.759026
-10.264663
0.497185
-7.956961
-7.151019
0.736152
-475.720367
-354.851624
1429.164795
-543.845093
2881.455566
1204.538086
-3379.432129
-723.154602
-1856.436523
305.483521
6082.264160
2202.068359
-1932.099121
561.359192
0.757849
-2.532462
-6.081819
-0.856047
-18.449615
6.655167
10.893194
10.182201
25.257210
-6.552444
-20.443518
-0.522857
5.621111
53.381203
-13.549872
-9.943138
1.563295
0.262523
208.461014
157.793427
-638.922241
225.603149
-1263.960449
-560.015503
1486.387329
353.650208
823.771790
-119.071495
-2664.884521
-1031.852539
860.348633
-229.782745
1.981370
-0.060583
31.932404
23.642864
-83.639061
38.524822
-178.196152
-62.794865
207.725586
29.224678
113.038254
-24.799026
-378.865479
-104.249115
114.138588
-43.109547
1.475465
-2.241459
22.557779
15.733300
-68.792519
27.419024
-139.541473
-59.260727
165.102875
34.849903
89.434540
-15.018395
-296.054260
-105.364708
93.853607
-28.235556
2.909331
1.608532
99.430634
83.552696
-320.104919
102.982437
-617.968994
-297.076019
732.203125
199.668350
409.026917
-45.356537
-1306.889038
-558.688049
429.635284
-100.570633
-0.639621
-0.370792
0.422483
0.041897
-0.222285
-0.390984
-0.183046
-0.928245
0.643080
0.754751
0.367859
0.587491
-0.985898
-0.806852
0.998131
0.075680
-0.639621
-0.370792
0.422483
0.041897
-0.222285
-0.390984
-0.183046
-0.928245
0.643080
0.754751
0.367859
0.587491
-0.985898
-0.806852
0.998131
0.075680
-0.639621
-0.370792
0.422483
0.041897
-0.222285
-0.390984
-0.183046
-0.928245
0.643080
0.754751
0.367859
0.587491
-0.985898
-0.806852
0.998131
0.075680
-0.639621
-0.370792
0.422483
0.041897
-0.222285
-0.390984
-0.183046
-0.928245
0.643080
0.754751
0.367859
0.587491
-0.985898
-0.806852
0.998131
0.075680
-0.639621
-0.370792
0.422483
0.041897
-0.222285
-0.390984
-0.183046
-0.928245
0.643080
0.754751
0.367859
0.587491
-0.985898
-0.806852
0.998131
0.075680
-0.639621
-0.370792
0.422483
0.041897
-0.222285
-0.390984
-0.183046
-0.928245
0.643080
0.754751
0.367859
0.587491
-0.985898
-0.806852
0.998131
0.075680
-0.639621
-0.370792
0.422483
0.041897
-0.222285
-0.390984
-0.183046
-0.928245
0.643080
0.754751
0.367859
0.587491
-0.985898
-0.806852
0.998131
0.075680
-0.639621
-0.370792
0.422483
0.041897
-0.222285
-0.390984
-0.183046
-0.928245
0.643080
0.754751
0.367859
0.587491
-0.985898
-0.806852
0.998131
0.075680
-0.639621
-0.370792
0.422483
0.041897
-0.222285
-0.390984
-0.183046
-0.928245
0.643080
0.754751
0.367859
0.587491
-0.985898
-0.806852
0.998131
0.075680
-0.639621
-0.370792
0.422483
0.041897
-0.222285
-0.390984
-0.183046
-0.928245
0.643080
0.754751
0.367859
0.587491
-0.985898
-0.806852
0.998131
0.075680
-0.639621
-0.370792
0.422483
0.041897
-0.222285
-0.390984
-0.183046
-0.928245
0.643080
0.754751
0.367859
0.587491
-0.985898
-0.806852
0.998131
0.075680
-0.639621
-0.370792
0.422483
0.041897
-0.222285
-0.390984
-0.183046
-0.928245
0.643080
0.754751
0.367859
0.587491
-0.985898
-0.806852
0.998131
0.075680
-0.639621
-0.370792
0.422483
0.041897
-0.222285
-0.390984
-0.183046
-0.928245
0.643080
0.754751
0.367859
0.587491
-0.985898
-0.806852
0.998131
0.075680
