-2.981499
0.751233
1.172217
21.052036
23.747057
-28.239044
12.007709
-0.246540
-16.329464
2.645230
5.383906
25.564217
-2.737806
17.806881
-7.680898
-2.703290
-6.693135
7.231160
-437.772675
-93.942589
1171.689941
-890.596497
2790.650146
324.794037
-2974.183105
318.779602
-1425.183472
823.234741
5813.035156
415.767090
-1385.427734
992.726257
-0.742180
-2.664759
-3.306532
-0.388453
-19.470535
1.143187
7.626291
7.381234
22.164152
-2.464664
-15.074075
-8.068914
-14.066175
48.420166
-1.526777
-11.243421
1.870617
2.431412
-0.572818
0.175769
12.914349
-2.876417
-6.158233
-5.916523
-13.845493
2.372554
7.058319
4.129961
7.396089
-28.281286
2.307099
10.738329
-4.535913
-2.397299
13.691849
5.564816
-40.099903
30.624359
-98.140762
-21.673935
110.628716
-2.045682
52.687656
-23.592386
-207.763550
-35.476288
53.758934
-30.666746
5.872098
-4.536733
263.475464
63.079720
-726.699829
527.730042
-1694.354980
-235.990723
1815.797241
-152.025299
881.186890
-483.852570
-3529.133545
-340.244934
858.664001
-583.237671
-0.616610
-1.277296
20.504541
-0.318515
-46.250599
58.995308
-136.509186
16.694338
136.735062
-47.853165
54.990829
-53.065815
-280.531067
45.237411
51.668449
-67.798553
2.404438
1.342202
50.425709
19.234554
-157.231110
75.205978
-318.527924
-97.375992
351.237549
28.013987
183.570557
-63.366344
-664.660950
-169.977859
179.654572
-88.134781
-0.553799
0.365751
-0.312715
0.212578
-0.276289
-0.213117
-0.505641
-0.455618
0.618171
0.357123
0.823150
0.150589
-2.297147
-0.808008
0.346408
-0.061985
-0.553799
0.365751
-0.312715
0.212578
-0.276289
-0.213117
-0.505641
-0.455618
0.618171
0.357123
0.823150
0.150589
-2.297147
-0.808008
0.346408
-0.061985
-0.553799
0.365751
-0.312715
0.212578
-0.276289
-0.213117
-0.505641
-0.455618
0.618171
0.357123
0.823150
0.150589
-2.297147
-0.808008
0.346408
-0.061985
-0.553799
0.365751
-0.312715
0.212578
-0.276289
-0.213117
-0.505641
-0.455618
0.618171
0.357123
0.823150
0.150589
-2.297147
-0.808008
0.346408
-0.061985
-0.553799
0.365751
-0.312715
0.212578
-0.276289
-0.213117
-0.505641
-0.455618
0.618171
0.357123
0.823150
0.150589
-2.297147
-0.808008
0.346408
-0.061985
-0.553799
0.365751
-0.312715
0.212578
-0.276289
-0.213117
-0.505641
-0.455618
0.618171
0.357123
0.823150
0.150589
-2.297147
-0.808008
0.346408
-0.061985
-0.553799
0.365751
-0.312715
0.212578
-0.276289
-0.213117
-0.505641
-0.455618
0.618171
0.357123
0.823150
0.150589
-2.297147
-0.808008
0.346408
-0.061985
-0.553799
0.365751
-0.312715
0.212578
-0.276289
-0.213117
-0.505641
-0.455618
0.618171
0.357123
0.823150
0.150589
-2.297147
-0.808008
0.346408
-0.061985
-0.553799
0.365751
-0.312715
0.212578
-0.276289
-0.213117
-0.505641
-0.455618
0.618171
0.357123
0.823150
0.150589
-2.297147
-0.808008
0.346408
-0.061985
-0.553799
0.365751
-0.312715
0.212578
-0.276289
-0.213117
-0.505641
-0.455618
0.618171
0.357123
0.823150
0.150589
-2.297147
-0.808008
0.346408
-0.061985
-0.553799
0.365751
-0.312715
0.212578
-0.276289
-0.213117
-0.505641
-0.455618
0.618171
0.357123
0.823150
0.150589
-2.297147
-0.808008
0.346408
-0.061985
-0.553799
0.365751
-0.312715
0.212578
-0.276289
-0.213117
-0.505641
-0.455618
0.618171
0.357123
0.823150
0.150589
-2.297147
-0.808008
0.346408
-0.061985
