-3.701067
-1.681411
9.138562
16.751265
-6.173798
-22.243813
-2.260738
6.412207
-11.946568
2.711633
10.984855
11.745278
5.032821
-0.381514
-0.196855
0.468392
-6.749658
-0.668502
-321.965485
-445.168793
1500.754883
-110.364716
2221.575684
1917.004028
-2846.235596
-1694.717896
-1822.027954
-297.152283
4802.170410
3795.049805
-1977.016357
-143.820221
1.187618
3.105664
-6.996871
3.507183
-13.670225
9.377789
10.820248
0.174152
22.821320
-18.638117
-24.346848
4.969116
17.628288
49.637085
-10.893746
-3.369940
-4.550631
-1.374035
8.558860
-3.814547
7.786481
-2.510939
-3.761409
0.829253
-12.993496
7.590203
17.901299
-6.774899
-12.166666
-26.498934
7.527275
0.490883
7.151141
4.724851
186.280731
263.989929
-875.238831
51.930676
-1285.602051
-1136.833740
1654.379883
1009.358459
1063.035889
186.097275
-2782.974609
-2249.205566
1153.080811
101.404564
-2.546826
-1.829250
10.693662
12.256634
-51.663612
13.775325
-85.562241
-54.855904
108.338982
46.103363
62.155975
0.581335
-185.206421
-103.997803
69.614998
-7.993348
-2.162324
-2.600753
24.399990
19.429663
-86.784286
26.438673
-148.602463
-85.383926
182.143784
70.174591
109.676041
-3.531288
-311.982361
-168.912292
117.544220
-15.951221
1.000463
-1.608474
36.855755
66.110291
-202.887039
-4.208160
-274.045807
-284.754395
359.353455
263.079163
241.695511
65.358131
-602.394897
-573.109070
265.928070
42.876453
-0.110043
-0.458318
0.461467
-0.073933
-1.297992
-0.101752
-0.655498
-0.827518
0.605901
0.488073
1.048111
-0.438149
0.428094
-1.429953
0.454949
0.027135
-0.110043
-0.458318
0.461467
-0.073933
-1.297992
-0.101752
-0.655498
-0.827518
0.605901
0.488073
1.048111
-0.438149
0.428094
-1.429953
0.454949
0.027135
-0.110043
-0.458318
0.461467
-0.073933
-1.297992
-0.101752
-0.655498
-0.827518
0.605901
0.488073
1.048111
-0.438149
0.428094
-1.429953
0.454949
0.027135
-0.110043
-0.458318
0.461467
-0.073933
-1.297992
-0.101752
-0.655498
-0.827518
0.605901
0.488073
1.048111
-0.438149
0.428094
-1.429953
0.454949
0.027135
-0.110043
-0.458318
0.461467
-0.073933
-1.297992
-0.101752
-0.655498
-0.827518
0.605901
0.488073
1.048111
-0.438149
0.428094
-1.429953
0.454949
0.027135
-0.110043
-0.458318
0.461467
-0.073933
-1.297992
-0.101752
-0.655498
-0.827518
0.605901
0.488073
1.048111
-0.438149
0.428094
-1.429953
0.454949
0.027135
-0.110043
-0.458318
0.461467
-0.073933
-1.297992
-0.101752
-0.655498
-0.827518
0.605901
0.488073
1.048111
-0.438149
0.428094
-1.429953
0.454949
0.027135
-0.110043
-0.458318
0.461467
-0.073933
-1.297992
-0.101752
-0.655498
-0.827518
0.605901
0.488073
1.048111
-0.438149
0.428094
-1.429953
0.454949
0.027135
-0.110043
-0.458318
0.461467
-0.073933
-1.297992
-0.101752
-0.655498
-0.827518
0.605901
0.488073
1.048111
-0.438149
0.428094
-1.429953
0.454949
0.027135
-0.110043
-0.458318
0.461467
-0.073933
-1.297992
-0.101752
-0.655498
-0.827518
0.605901
0.488073
1.048111
-0.438149
0.428094
-1.429953
0.454949
0.027135
-0.110043
-0.458318
0.461467
-0.073933
-1.297992
-0.101752
-0.655498
-0.827518
0.605901
0.488073
1.048111
-0.438149
0.428094
-1.429953
0.454949
0.027135
-0.110043
-0.458318
0.461467
-0.073933
-1.297992
-0.101752
-0.655498
-0.827518
0.605901
0.488073
1.048111
-0.438149
0.428094
-1.429953
0.454949
0.027135
