3.571118
2.345999
-5.242459
-7.592127
-9.054500
-13.095744
-1.936062
12.300097
11.996464
24.408264
-1.755851
-22.577215
-49.069702
6.861887
4.917482
-8.194355
3.659780
8.491864
-416.325500
400.976868
-352.373230
-1408.316284
1479.321533
-2392.322021
-1038.761230
3025.377930
83.134369
1762.573486
2739.129883
-5229.269043
221.496765
1854.712646
-0.664502
1.278012
3.955648
0.382633
4.636992
7.753129
2.809490
-5.801951
-10.423495
-12.649535
-0.039573
13.303001
34.197338
-5.336054
-6.819298
6.786451
-2.592934
-8.031614
267.153625
-249.359573
218.826736
891.818176
-946.894470
1509.881714
666.543274
-1905.234863
-42.190559
-1115.216187
-1756.573242
3286.356201
-134.022873
-1175.591187
0.391824
2.178646
24.822393
-26.036331
21.955769
85.968834
-82.997620
144.045593
59.086483
-184.221390
-11.448228
-104.962738
-155.000137
320.592468
-13.123582
-113.358246
-3.024085
-0.856651
47.262955
-42.841202
31.936331
162.608368
-184.265778
267.288574
138.894867
-345.997681
2.448276
-200.579208
-347.237579
597.345215
-13.971500
-216.425415
-0.449170
-0.349116
-0.434959
0.367644
0.030740
-0.045553
0.544638
-0.184463
0.179761
-0.289059
-0.035294
-0.093779
0.312181
0.059036
0.045911
-0.150332
-0.449170
-0.349116
-0.434959
0.367644
0.030740
-0.045553
0.544638
-0.184463
0.179761
-0.289059
-0.035294
-0.093779
0.312181
0.059036
0.045911
-0.150332
-0.449170
-0.349116
-0.434959
0.367644
0.030740
-0.045553
0.544638
-0.184463
0.179761
-0.289059
-0.035294
-0.093779
0.312181
0.059036
0.045911
-0.150332
-0.449170
-0.349116
-0.434959
0.367644
0.030740
-0.045553
0.544638
-0.184463
0.179761
-0.289059
-0.035294
-0.093779
0.312181
0.059036
0.045911
-0.150332
-0.449170
-0.349116
-0.434959
0.367644
0.030740
-0.045553
0.544638
-0.184463
0.179761
-0.289059
-0.035294
-0.093779
0.312181
0.059036
0.045911
-0.150332
-0.449170
-0.349116
-0.434959
0.367644
0.030740
-0.045553
0.544638
-0.184463
0.179761
-0.289059
-0.035294
-0.093779
0.312181
0.059036
0.045911
-0.150332
-0.449170
-0.349116
-0.434959
0.367644
0.030740
-0.045553
0.544638
-0.184463
0.179761
-0.289059
-0.035294
-0.093779
0.312181
0.059036
0.045911
-0.150332
-0.449170
-0.349116
-0.434959
0.367644
0.030740
-0.045553
0.544638
-0.184463
0.179761
-0.289059
-0.035294
-0.093779
0.312181
0.059036
0.045911
-0.150332
-0.449170
-0.349116
-0.434959
0.367644
0.030740
-0.045553
0.544638
-0.184463
0.179761
-0.289059
-0.035294
-0.093779
0.312181
0.059036
0.045911
-0.150332
-0.449170
-0.349116
-0.434959
0.367644
0.030740
-0.045553
0.544638
-0.184463
0.179761
-0.289059
-0.035294
-0.093779
0.312181
0.059036
0.045911
-0.150332
-0.449170
-0.349116
-0.434959
0.367644
0.030740
-0.045553
0.544638
-0.184463
0.179761
-0.289059
-0.035294
-0.093779
0.312181
0.059036
0.045911
-0.150332
-0.449170
-0.349116
-0.434959
0.367644
0.030740
-0.045553
0.544638
-0.184463
0.179761
-0.289059
-0.035294
-0.093779
0.312181
0.059036
0.045911
-0.150332
-0.449170
-0.349116
-0.434959
0.367644
0.030740
-0.045553
0.544638
-0.184463
0.179761
-0.289059
-0.035294
-0.093779
0.312181
0.059036
0.045911
-0.150332
-0.449170
-0.349116
-0.434959
0.367644
0.030740
-0.045553
0.544638
-0.184463
0.179761
-0.289059
-0.035294
-0.093779
0.312181
0.059036
0.045911
-0.150332
