-0.556057
4.069284
4301.429688
217.857941
-1910.920654
-3434.448486
-78.664421
-2573.311279
2789.312500
143.597290
2921.295654
-1443.705078
-1505.949341
-4289.759766
1836.554077
2834.372803
2.816821
0.694519
40.290543
9.201186
-8.073198
-38.448380
-8.016061
6.211678
-22.881889
3.989232
39.004528
16.525141
-27.853264
-23.091373
18.024900
-12.456511
-1.504317
-3.453106
-19.150860
-2.578542
3.477362
18.360630
2.968027
-1.655218
11.954826
-2.005989
-18.941673
-7.501654
15.254206
12.535722
-10.139772
5.110037
0.632499
-1.909045
-2148.197266
-80.536957
987.565613
1705.040161
63.697433
1263.298828
-1416.624878
-62.214436
-1467.910522
721.292480
825.295105
2158.200928
-987.332947
-1424.463501
0.136361
0.143214
-766.617249
15.195249
377.987823
582.035278
43.143364
465.828156
-485.992981
16.798691
-489.673126
304.270905
297.385284
724.936462
-330.849121
-466.604767
0.342621
1.320490
-224.123154
-43.697292
74.981689
199.519089
-15.605622
138.248611
-146.164642
-29.308537
-163.701096
56.318394
41.200089
240.712662
-74.055984
-163.607742
1.087090
-3.932705
-201.014465
-25.495945
76.006012
171.362427
-4.918521
126.429276
-130.236649
-14.315359
-139.944977
60.449482
57.862812
204.946182
-77.042404
-140.066437
0.476960
-0.525318
-0.713456
-0.662576
-0.114398
1.414670
0.718274
0.343592
-0.804948
-0.820677
-0.575310
-0.692998
-0.953857
1.199533
-0.078321
-0.961368
0.476960
-0.525318
-0.713456
-0.662576
-0.114398
1.414670
0.718274
0.343592
-0.804948
-0.820677
-0.575310
-0.692998
-0.953857
1.199533
-0.078321
-0.961368
0.476960
-0.525318
-0.713456
-0.662576
-0.114398
1.414670
0.718274
0.343592
-0.804948
-0.820677
-0.575310
-0.692998
-0.953857
1.199533
-0.078321
-0.961368
0.476960
-0.525318
-0.713456
-0.662576
-0.114398
1.414670
0.718274
0.343592
-0.804948
-0.820677
-0.575310
-0.692998
-0.953857
1.199533
-0.078321
-0.961368
0.476960
-0.525318
-0.713456
-0.662576
-0.114398
1.414670
0.718274
0.343592
-0.804948
-0.820677
-0.575310
-0.692998
-0.953857
1.199533
-0.078321
-0.961368
0.476960
-0.525318
-0.713456
-0.662576
-0.114398
1.414670
0.718274
0.343592
-0.804948
-0.820677
-0.575310
-0.692998
-0.953857
1.199533
-0.078321
-0.961368
0.476960
-0.525318
-0.713456
-0.662576
-0.114398
1.414670
0.718274
0.343592
-0.804948
-0.820677
-0.575310
-0.692998
-0.953857
1.199533
-0.078321
-0.961368
0.476960
-0.525318
-0.713456
-0.662576
-0.114398
1.414670
0.718274
0.343592
-0.804948
-0.820677
-0.575310
-0.692998
-0.953857
1.199533
-0.078321
-0.961368
0.476960
-0.525318
-0.713456
-0.662576
-0.114398
1.414670
0.718274
0.343592
-0.804948
-0.820677
-0.575310
-0.692998
-0.953857
1.199533
-0.078321
-0.961368
0.476960
-0.525318
-0.713456
-0.662576
-0.114398
1.414670
0.718274
0.343592
-0.804948
-0.820677
-0.575310
-0.692998
-0.953857
1.199533
-0.078321
-0.961368
0.476960
-0.525318
-0.713456
-0.662576
-0.114398
1.414670
0.718274
0.343592
-0.804948
-0.820677
-0.575310
-0.692998
-0.953857
1.199533
-0.078321
-0.961368
0.476960
-0.525318
-0.713456
-0.662576
-0.114398
1.414670
0.718274
0.343592
-0.804948
-0.820677
-0.575310
-0.692998
-0.953857
1.199533
-0.078321
-0.961368
0.476960
-0.525318
-0.713456
-0.662576
-0.114398
1.414670
0.718274
0.343592
-0.804948
-0.820677
-0.575310
-0.692998
-0.953857
1.199533
-0.078321
-0.961368
