0.036082
1.973662
1588.726196
-2898.777344
-3008.647461
-39.612534
-2071.236328
-852.196472
774.342041
-1652.552612
-559.947388
-2100.521484
-3076.882080
-1040.424561
2144.696533
434.087189
-1.249034
-2.161131
8.493961
32.238792
24.722698
-20.523113
-8.034777
-4.790320
-6.961594
-13.239726
-3.053537
29.631742
0.352351
-26.288406
16.062590
2.285316
1.983130
2.082530
-7.418864
-29.996763
-23.095566
20.400652
9.052363
6.258890
8.318551
11.872346
2.686711
-25.190735
1.839083
23.598469
-15.364851
-3.669224
-0.969385
-0.163913
-1541.663940
2833.344482
2934.900391
38.007298
2019.643799
834.128113
-759.718384
1613.905762
547.321899
2053.206299
3008.627441
1012.163330
-2096.387451
-424.683899
0.226928
-0.159361
0.174519
-0.686051
-0.435191
-0.097224
-0.090755
-0.225353
0.478235
0.030603
0.205160
-0.239585
-0.249878
-0.817764
-0.152526
-0.029175
0.226928
-0.159361
0.174519
-0.686051
-0.435191
-0.097224
-0.090755
-0.225353
0.478235
0.030603
0.205160
-0.239585
-0.249878
-0.817764
-0.152526
-0.029175
0.226928
-0.159361
0.174519
-0.686051
-0.435191
-0.097224
-0.090755
-0.225353
0.478235
0.030603
0.205160
-0.239585
-0.249878
-0.817764
-0.152526
-0.029175
0.226928
-0.159361
0.174519
-0.686051
-0.435191
-0.097224
-0.090755
-0.225353
0.478235
0.030603
0.205160
-0.239585
-0.249878
-0.817764
-0.152526
-0.029175
0.226928
-0.159361
0.174519
-0.686051
-0.435191
-0.097224
-0.090755
-0.225353
0.478235
0.030603
0.205160
-0.239585
-0.249878
-0.817764
-0.152526
-0.029175
0.226928
-0.159361
0.174519
-0.686051
-0.435191
-0.097224
-0.090755
-0.225353
0.478235
0.030603
0.205160
-0.239585
-0.249878
-0.817764
-0.152526
-0.029175
0.226928
-0.159361
0.174519
-0.686051
-0.435191
-0.097224
-0.090755
-0.225353
0.478235
0.030603
0.205160
-0.239585
-0.249878
-0.817764
-0.152526
-0.029175
0.226928
-0.159361
0.174519
-0.686051
-0.435191
-0.097224
-0.090755
-0.225353
0.478235
0.030603
0.205160
-0.239585
-0.249878
-0.817764
-0.152526
-0.029175
0.226928
-0.159361
0.174519
-0.686051
-0.435191
-0.097224
-0.090755
-0.225353
0.478235
0.030603
0.205160
-0.239585
-0.249878
-0.817764
-0.152526
-0.029175
0.226928
-0.159361
0.174519
-0.686051
-0.435191
-0.097224
-0.090755
-0.225353
0.478235
0.030603
0.205160
-0.239585
-0.249878
-0.817764
-0.152526
-0.029175
0.226928
-0.159361
0.174519
-0.686051
-0.435191
-0.097224
-0.090755
-0.225353
0.478235
0.030603
0.205160
-0.239585
-0.249878
-0.817764
-0.152526
-0.029175
0.226928
-0.159361
0.174519
-0.686051
-0.435191
-0.097224
-0.090755
-0.225353
0.478235
0.030603
0.205160
-0.239585
-0.249878
-0.817764
-0.152526
-0.029175
0.226928
-0.159361
0.174519
-0.686051
-0.435191
-0.097224
-0.090755
-0.225353
0.478235
0.030603
0.205160
-0.239585
-0.249878
-0.817764
-0.152526
-0.029175
0.226928
-0.159361
0.174519
-0.686051
-0.435191
-0.097224
-0.090755
-0.225353
0.478235
0.030603
0.205160
-0.239585
-0.249878
-0.817764
-0.152526
-0.029175
0.226928
-0.159361
0.174519
-0.686051
-0.435191
-0.097224
-0.090755
-0.225353
0.478235
0.030603
0.205160
-0.239585
-0.249878
-0.817764
-0.152526
-0.029175
0.226928
-0.159361
0.174519
-0.686051
-0.435191
-0.097224
-0.090755
-0.225353
0.478235
0.030603
0.205160
-0.239585
-0.249878
-0.817764
-0.152526
-0.029175
