0.190748
-5.534450
-3456.096680
606.308960
2009.662842
2516.576172
623.622498
2380.906982
-1916.487061
511.757019
-1325.194946
1845.924805
1266.196411
3272.584961
-1111.779297
-2072.103760
3.888137
-0.330901
-31.576162
-12.507116
2.604406
33.652222
10.307768
-6.810530
16.562126
2.378963
-15.936480
-19.352348
21.156549
17.575592
-12.508651
11.224017
-4.586100
1.194104
26.087145
16.334862
0.290105
-29.873541
-6.535564
5.403938
-13.043403
0.847056
16.693907
19.103727
-18.888556
-15.190117
11.939927
-7.663105
1.147160
3.814902
2956.536621
-522.811340
-1725.664307
-2146.475098
-542.006897
-2038.147583
1641.749512
-442.667419
1131.780151
-1580.138916
-1099.811890
-2789.926758
955.007996
1773.316406
1.387952
1.132735
1.855717
0.968968
-0.228011
-0.691116
0.104709
-0.428747
0.155934
-0.222838
0.926989
-0.708615
1.192542
-0.869681
0.035506
0.500769
1.387952
1.132735
1.855717
0.968968
-0.228011
-0.691116
0.104709
-0.428747
0.155934
-0.222838
0.926989
-0.708615
1.192542
-0.869681
0.035506
0.500769
1.387952
1.132735
1.855717
0.968968
-0.228011
-0.691116
0.104709
-0.428747
0.155934
-0.222838
0.926989
-0.708615
1.192542
-0.869681
0.035506
0.500769
1.387952
1.132735
1.855717
0.968968
-0.228011
-0.691116
0.104709
-0.428747
0.155934
-0.222838
0.926989
-0.708615
1.192542
-0.869681
0.035506
0.500769
1.387952
1.132735
1.855717
0.968968
-0.228011
-0.691116
0.104709
-0.428747
0.155934
-0.222838
0.926989
-0.708615
1.192542
-0.869681
0.035506
0.500769
1.387952
1.132735
1.855717
0.968968
-0.228011
-0.691116
0.104709
-0.428747
0.155934
-0.222838
0.926989
-0.708615
1.192542
-0.869681
0.035506
0.500769
1.387952
1.132735
1.855717
0.968968
-0.228011
-0.691116
0.104709
-0.428747
0.155934
-0.222838
0.926989
-0.708615
1.192542
-0.869681
0.035506
0.500769
1.387952
1.132735
1.855717
0.968968
-0.228011
-0.691116
0.104709
-0.428747
0.155934
-0.222838
0.926989
-0.708615
1.192542
-0.869681
0.035506
0.500769
1.387952
1.132735
1.855717
0.968968
-0.228011
-0.691116
0.104709
-0.428747
0.155934
-0.222838
0.926989
-0.708615
1.192542
-0.869681
0.035506
0.500769
1.387952
1.132735
1.855717
0.968968
-0.228011
-0.691116
0.104709
-0.428747
0.155934
-0.222838
0.926989
-0.708615
1.192542
-0.869681
0.035506
0.500769
1.387952
1.132735
1.855717
0.968968
-0.228011
-0.691116
0.104709
-0.428747
0.155934
-0.222838
0.926989
-0.708615
1.192542
-0.869681
0.035506
0.500769
1.387952
1.132735
1.855717
0.968968
-0.228011
-0.691116
0.104709
-0.428747
0.155934
-0.222838
0.926989
-0.708615
1.192542
-0.869681
0.035506
0.500769
1.387952
1.132735
1.855717
0.968968
-0.228011
-0.691116
0.104709
-0.428747
0.155934
-0.222838
0.926989
-0.708615
1.192542
-0.869681
0.035506
0.500769
1.387952
1.132735
1.855717
0.968968
-0.228011
-0.691116
0.104709
-0.428747
0.155934
-0.222838
0.926989
-0.708615
1.192542
-0.869681
0.035506
0.500769
1.387952
1.132735
1.855717
0.968968
-0.228011
-0.691116
0.104709
-0.428747
0.155934
-0.222838
0.926989
-0.708615
1.192542
-0.869681
0.035506
0.500769
1.387952
1.132735
1.855717
0.968968
-0.228011
-0.691116
0.104709
-0.428747
0.155934
-0.222838
0.926989
-0.708615
1.192542
-0.869681
0.035506
0.500769
