4.624655
1.836812
6.649699
15.233541
-3.866348
-18.324371
-2.074953
1.719198
-7.018162
0.777989
5.640092
8.847616
2.434346
3.940500
2.634459
6.655413
2.551390
-0.416572
6.181390
-32.718262
-32.393497
11.154000
6.892428
8.452133
3.018393
13.893967
15.960230
-24.604124
-10.394944
24.191059
-13.106071
-10.889133
0.869561
1.784426
-126.498444
3498.657715
2876.273193
-1375.813599
2497.358643
-203.280334
102.671074
1873.520264
1537.336670
1689.246704
3406.851563
-353.976288
-2151.412842
519.983215
-1.228971
-2.662214
-4.820159
28.036821
23.369644
-8.501184
-6.202526
-6.329926
-1.552764
-13.406606
-15.422912
20.509920
12.250811
-18.322165
7.678316
5.444202
-0.585407
-1.584432
121.252907
-2987.556641
-2458.179443
1163.906616
-2122.083496
166.286896
-78.762680
-1607.676880
-1305.273560
-1456.213379
-2901.382568
302.933197
1826.492920
-442.760895
0.200057
-1.442396
-0.530023
1.869741
0.512638
-0.108691
0.551615
0.009116
-0.231930
-0.332102
-0.392579
0.895538
0.096549
0.182100
-0.027557
-0.381738
0.200057
-1.442396
-0.530023
1.869741
0.512638
-0.108691
0.551615
0.009116
-0.231930
-0.332102
-0.392579
0.895538
0.096549
0.182100
-0.027557
-0.381738
0.200057
-1.442396
-0.530023
1.869741
0.512638
-0.108691
0.551615
0.009116
-0.231930
-0.332102
-0.392579
0.895538
0.096549
0.182100
-0.027557
-0.381738
0.200057
-1.442396
-0.530023
1.869741
0.512638
-0.108691
0.551615
0.009116
-0.231930
-0.332102
-0.392579
0.895538
0.096549
0.182100
-0.027557
-0.381738
0.200057
-1.442396
-0.530023
1.869741
0.512638
-0.108691
0.551615
0.009116
-0.231930
-0.332102
-0.392579
0.895538
0.096549
0.182100
-0.027557
-0.381738
0.200057
-1.442396
-0.530023
1.869741
0.512638
-0.108691
0.551615
0.009116
-0.231930
-0.332102
-0.392579
0.895538
0.096549
0.182100
-0.027557
-0.381738
0.200057
-1.442396
-0.530023
1.869741
0.512638
-0.108691
0.551615
0.009116
-0.231930
-0.332102
-0.392579
0.895538
0.096549
0.182100
-0.027557
-0.381738
0.200057
-1.442396
-0.530023
1.869741
0.512638
-0.108691
0.551615
0.009116
-0.231930
-0.332102
-0.392579
0.895538
0.096549
0.182100
-0.027557
-0.381738
0.200057
-1.442396
-0.530023
1.869741
0.512638
-0.108691
0.551615
0.009116
-0.231930
-0.332102
-0.392579
0.895538
0.096549
0.182100
-0.027557
-0.381738
0.200057
-1.442396
-0.530023
1.869741
0.512638
-0.108691
0.551615
0.009116
-0.231930
-0.332102
-0.392579
0.895538
0.096549
0.182100
-0.027557
-0.381738
0.200057
-1.442396
-0.530023
1.869741
0.512638
-0.108691
0.551615
0.009116
-0.231930
-0.332102
-0.392579
0.895538
0.096549
0.182100
-0.027557
-0.381738
0.200057
-1.442396
-0.530023
1.869741
0.512638
-0.108691
0.551615
0.009116
-0.231930
-0.332102
-0.392579
0.895538
0.096549
0.182100
-0.027557
-0.381738
0.200057
-1.442396
-0.530023
1.869741
0.512638
-0.108691
0.551615
0.009116
-0.231930
-0.332102
-0.392579
0.895538
0.096549
0.182100
-0.027557
-0.381738
0.200057
-1.442396
-0.530023
1.869741
0.512638
-0.108691
0.551615
0.009116
-0.231930
-0.332102
-0.392579
0.895538
0.096549
0.182100
-0.027557
-0.381738
0.200057
-1.442396
-0.530023
1.869741
0.512638
-0.108691
0.551615
0.009116
-0.231930
-0.332102
-0.392579
0.895538
0.096549
0.182100
-0.027557
-0.381738
