1.412191
-0.519105
-13.646374
31.328047
28.596106
-4.886604
-3.126788
-8.348174
-0.710683
-13.950109
-16.042746
18.436701
13.535705
-22.224771
10.921374
13.140752
0.953115
-0.904874
-208.099243
-3303.272705
-2560.930664
1553.306885
-2371.882568
404.010834
-281.082794
-1825.993042
-1660.230713
-1481.743774
-3108.923096
657.504700
1928.953247
-716.599365
0.187471
1.053355
9.258330
-27.351866
-26.810484
3.920378
4.931408
8.817808
0.198263
11.554691
16.676224
-16.314890
-14.441772
21.286577
-6.765704
-12.521644
-3.797420
-4.446651
192.239578
3111.981445
2419.944092
-1463.594116
2223.358643
-378.451233
273.314117
1712.521240
1559.048462
1394.369263
2914.327637
-615.823303
-1815.624268
671.938477
-0.008705
0.586365
-0.886770
0.917779
0.279366
-0.237836
-0.012735
0.344797
-0.527400
0.744217
0.390492
0.536000
0.865829
0.872638
-0.230501
-0.256143
-0.008705
0.586365
-0.886770
0.917779
0.279366
-0.237836
-0.012735
0.344797
-0.527400
0.744217
0.390492
0.536000
0.865829
0.872638
-0.230501
-0.256143
-0.008705
0.586365
-0.886770
0.917779
0.279366
-0.237836
-0.012735
0.344797
-0.527400
0.744217
0.390492
0.536000
0.865829
0.872638
-0.230501
-0.256143
-0.008705
0.586365
-0.886770
0.917779
0.279366
-0.237836
-0.012735
0.344797
-0.527400
0.744217
0.390492
0.536000
0.865829
0.872638
-0.230501
-0.256143
-0.008705
0.586365
-0.886770
0.917779
0.279366
-0.237836
-0.012735
0.344797
-0.527400
0.744217
0.390492
0.536000
0.865829
0.872638
-0.230501
-0.256143
-0.008705
0.586365
-0.886770
0.917779
0.279366
-0.237836
-0.012735
0.344797
-0.527400
0.744217
0.390492
0.536000
0.865829
0.872638
-0.230501
-0.256143
-0.008705
0.586365
-0.886770
0.917779
0.279366
-0.237836
-0.012735
0.344797
-0.527400
0.744217
0.390492
0.536000
0.865829
0.872638
-0.230501
-0.256143
-0.008705
0.586365
-0.886770
0.917779
0.279366
-0.237836
-0.012735
0.344797
-0.527400
0.744217
0.390492
0.536000
0.865829
0.872638
-0.230501
-0.256143
-0.008705
0.586365
-0.886770
0.917779
0.279366
-0.237836
-0.012735
0.344797
-0.527400
0.744217
0.390492
0.536000
0.865829
0.872638
-0.230501
-0.256143
-0.008705
0.586365
-0.886770
0.917779
0.279366
-0.237836
-0.012735
0.344797
-0.527400
0.744217
0.390492
0.536000
0.865829
0.872638
-0.230501
-0.256143
-0.008705
0.586365
-0.886770
0.917779
0.279366
-0.237836
-0.012735
0.344797
-0.527400
0.744217
0.390492
0.536000
0.865829
0.872638
-0.230501
-0.256143
-0.008705
0.586365
-0.886770
0.917779
0.279366
-0.237836
-0.012735
0.344797
-0.527400
0.744217
0.390492
0.536000
0.865829
0.872638
-0.230501
-0.256143
-0.008705
0.586365
-0.886770
0.917779
0.279366
-0.237836
-0.012735
0.344797
-0.527400
0.744217
0.390492
0.536000
0.865829
0.872638
-0.230501
-0.256143
-0.008705
0.586365
-0.886770
0.917779
0.279366
-0.237836
-0.012735
0.344797
-0.527400
0.744217
0.390492
0.536000
0.865829
0.872638
-0.230501
-0.256143
-0.008705
0.586365
-0.886770
0.917779
0.279366
-0.237836
-0.012735
0.344797
-0.527400
0.744217
0.390492
0.536000
0.865829
0.872638
-0.230501
-0.256143
-0.008705
0.586365
-0.886770
0.917779
0.279366
-0.237836
-0.012735
0.344797
-0.527400
0.744217
0.390492
0.536000
0.865829
0.872638
-0.230501
-0.256143
