-18.452021
4.275149
55.482273
6.535206
10.103860
4.968156
7.151600
-6.197945
26.530735
3.076226
52.480984
-1.809508
11.478468
-11.830237
32.750572
-8.536692
13.083228
2.961571
-22.454248
59.255955
-16.408081
-20.299295
-22.094597
14.760192
-16.865793
2.710324
-22.977867
34.947433
-11.057988
26.799463
-9.008225
17.020895
-4.336357
2.216289
10.720813
6.751098
-13.212794
-13.046056
0.120159
6.903119
-7.608974
8.252222
11.438011
4.546323
3.949334
-1.052103
0.001653
5.754972
-0.312035
1.410300
2096.251465
2150.496094
1152.222900
-2779.787109
1874.747559
-1595.449219
1023.534790
1280.008423
2107.285889
462.165588
2046.958374
-2207.922119
-921.647156
1644.724365
-2.721719
-1.529467
25.645538
-13.213826
-27.787745
-14.883576
-1.239666
9.174607
-7.920618
11.005301
25.627552
-6.583329
-23.831161
11.179336
-0.325415
-12.110682
-4.814603
-2.551028
-171.862152
171.674316
68.214035
22.982479
56.782482
50.398388
-61.018867
54.999462
-21.730906
124.336624
87.198753
70.560188
-96.729370
-49.796528
0.812916
0.568024
-20.534523
15.995975
26.110638
10.713681
0.057994
-7.473880
6.619401
-11.278495
-18.901669
6.845476
21.924576
-8.486312
3.517802
11.944635
2.487731
1.160064
-1670.639648
-2129.185303
-1120.902222
2674.615234
-1821.569092
1501.416504
-900.527405
-1244.345947
-1925.344849
-551.976318
-1991.660400
2039.893799
948.499329
-1468.830688
-0.426834
0.632260
-0.067033
-0.523528
-0.838258
0.649246
-0.143194
-0.421888
0.109722
-0.501688
-0.757435
-0.483564
-0.645762
-0.653936
0.077712
-0.904738
-0.426834
0.632260
-0.067033
-0.523528
-0.838258
0.649246
-0.143194
-0.421888
0.109722
-0.501688
-0.757435
-0.483564
-0.645762
-0.653936
0.077712
-0.904738
-0.426834
0.632260
-0.067033
-0.523528
-0.838258
0.649246
-0.143194
-0.421888
0.109722
-0.501688
-0.757435
-0.483564
-0.645762
-0.653936
0.077712
-0.904738
-0.426834
0.632260
-0.067033
-0.523528
-0.838258
0.649246
-0.143194
-0.421888
0.109722
-0.501688
-0.757435
-0.483564
-0.645762
-0.653936
0.077712
-0.904738
-0.426834
0.632260
-0.067033
-0.523528
-0.838258
0.649246
-0.143194
-0.421888
0.109722
-0.501688
-0.757435
-0.483564
-0.645762
-0.653936
0.077712
-0.904738
-0.426834
0.632260
-0.067033
-0.523528
-0.838258
0.649246
-0.143194
-0.421888
0.109722
-0.501688
-0.757435
-0.483564
-0.645762
-0.653936
0.077712
-0.904738
-0.426834
0.632260
-0.067033
-0.523528
-0.838258
0.649246
-0.143194
-0.421888
0.109722
-0.501688
-0.757435
-0.483564
-0.645762
-0.653936
0.077712
-0.904738
-0.426834
0.632260
-0.067033
-0.523528
-0.838258
0.649246
-0.143194
-0.421888
0.109722
-0.501688
-0.757435
-0.483564
-0.645762
-0.653936
0.077712
-0.904738
-0.426834
0.632260
-0.067033
-0.523528
-0.838258
0.649246
-0.143194
-0.421888
0.109722
-0.501688
-0.757435
-0.483564
-0.645762
-0.653936
0.077712
-0.904738
-0.426834
0.632260
-0.067033
-0.523528
-0.838258
0.649246
-0.143194
-0.421888
0.109722
-0.501688
-0.757435
-0.483564
-0.645762
-0.653936
0.077712
-0.904738
-0.426834
0.632260
-0.067033
-0.523528
-0.838258
0.649246
-0.143194
-0.421888
0.109722
-0.501688
-0.757435
-0.483564
-0.645762
-0.653936
0.077712
-0.904738
-0.426834
0.632260
-0.067033
-0.523528
-0.838258
0.649246
-0.143194
-0.421888
0.109722
-0.501688
-0.757435
-0.483564
-0.645762
-0.653936
0.077712
-0.904738
