4.744497
1.849823
-1555.737305
-760.415771
1543.835571
3653.770752
1310.717407
-2281.509766
-333.674225
-549.970093
1503.146240
-423.983002
-3497.584229
2248.867432
3011.860107
-2956.723389
2.212481
0.606885
-13.749564
0.422262
13.202299
40.067249
-4.483863
10.807242
1.916800
-3.736316
18.888178
5.014326
28.489708
-17.719744
4.802172
25.501743
-0.382097
0.574155
6.990596
-2.775118
-4.402764
-29.673378
3.820763
-9.639391
0.089816
3.042980
-18.319008
-3.503591
-22.489235
12.837344
-2.092013
-17.851686
-1.437130
-1.966899
1137.308716
602.341675
-1143.741699
-2758.990479
-1025.124878
1775.148315
188.700256
485.587372
-1209.292114
413.211121
2687.890625
-1740.421265
-2350.390381
2310.871094
-1.519693
-1.538069
56.812614
33.876858
-29.572798
-140.557236
-57.641392
63.737637
17.000200
12.700625
-45.153599
-13.433099
134.202835
-45.011391
-120.231155
67.500549
-2.070822
1.324313
102.517403
24.906561
-118.783272
-197.841599
-44.513657
119.288139
44.499924
6.659191
-59.179787
6.798940
161.989807
-140.477539
-122.034554
168.555130
-0.217217
0.326311
-0.047392
0.864054
0.340963
-1.321650
-0.627856
0.237185
0.288679
0.053774
-0.103349
-0.368953
0.471680
0.026803
-0.748766
0.031568
-0.217217
0.326311
-0.047392
0.864054
0.340963
-1.321650
-0.627856
0.237185
0.288679
0.053774
-0.103349
-0.368953
0.471680
0.026803
-0.748766
0.031568
-0.217217
0.326311
-0.047392
0.864054
0.340963
-1.321650
-0.627856
0.237185
0.288679
0.053774
-0.103349
-0.368953
0.471680
0.026803
-0.748766
0.031568
-0.217217
0.326311
-0.047392
0.864054
0.340963
-1.321650
-0.627856
0.237185
0.288679
0.053774
-0.103349
-0.368953
0.471680
0.026803
-0.748766
0.031568
-0.217217
0.326311
-0.047392
0.864054
0.340963
-1.321650
-0.627856
0.237185
0.288679
0.053774
-0.103349
-0.368953
0.471680
0.026803
-0.748766
0.031568
-0.217217
0.326311
-0.047392
0.864054
0.340963
-1.321650
-0.627856
0.237185
0.288679
0.053774
-0.103349
-0.368953
0.471680
0.026803
-0.748766
0.031568
-0.217217
0.326311
-0.047392
0.864054
0.340963
-1.321650
-0.627856
0.237185
0.288679
0.053774
-0.103349
-0.368953
0.471680
0.026803
-0.748766
0.031568
-0.217217
0.326311
-0.047392
0.864054
0.340963
-1.321650
-0.627856
0.237185
0.288679
0.053774
-0.103349
-0.368953
0.471680
0.026803
-0.748766
0.031568
-0.217217
0.326311
-0.047392
0.864054
0.340963
-1.321650
-0.627856
0.237185
0.288679
0.053774
-0.103349
-0.368953
0.471680
0.026803
-0.748766
0.031568
-0.217217
0.326311
-0.047392
0.864054
0.340963
-1.321650
-0.627856
0.237185
0.288679
0.053774
-0.103349
-0.368953
0.471680
0.026803
-0.748766
0.031568
-0.217217
0.326311
-0.047392
0.864054
0.340963
-1.321650
-0.627856
0.237185
0.288679
0.053774
-0.103349
-0.368953
0.471680
0.026803
-0.748766
0.031568
-0.217217
0.326311
-0.047392
0.864054
0.340963
-1.321650
-0.627856
0.237185
0.288679
0.053774
-0.103349
-0.368953
0.471680
0.026803
-0.748766
0.031568
-0.217217
0.326311
-0.047392
0.864054
0.340963
-1.321650
-0.627856
0.237185
0.288679
0.053774
-0.103349
-0.368953
0.471680
0.026803
-0.748766
0.031568
-0.217217
0.326311
-0.047392
0.864054
0.340963
-1.321650
-0.627856
0.237185
0.288679
0.053774
-0.103349
-0.368953
0.471680
0.026803
-0.748766
0.031568
