-0.810430
-8.831326
1620.438232
1797.061646
81.211342
-4513.874512
-2475.355469
1433.767212
169.697098
731.986755
-1523.111206
-454.854797
5010.691895
-192.307770
-4922.496582
1406.041870
1.633744
0.428022
25.580553
-12.673196
-28.755392
-35.416370
-1.725490
-13.502631
-3.031534
6.531335
-15.930002
4.482342
-13.929711
42.495934
-26.928949
-25.221432
-1.029645
-1.088990
-12.871393
5.082184
12.956341
13.567073
0.484199
7.317180
1.661162
-1.968323
5.912498
-2.934031
7.498075
-18.741398
9.196913
12.734453
0.467303
2.933939
-663.154846
-792.883911
-121.630844
1921.636353
1076.557617
-564.647583
-52.912300
-317.830902
644.512756
235.448349
-2150.723877
-22.394890
2134.454834
-504.137054
3.552712
1.453538
-102.185730
-84.446411
37.280575
251.950180
124.443535
-104.156570
-16.789398
-37.469482
89.406174
10.946056
-274.029633
57.598019
264.212769
-125.853821
0.165997
2.264090
-333.434052
-449.277344
-113.988220
1033.911743
600.799133
-272.775635
-25.827015
-172.734146
334.432953
128.047531
-1147.648438
-55.745659
1146.233276
-218.182922
-0.263894
-0.423846
-92.935455
-90.428078
9.277662
241.850616
128.458466
-85.340340
-12.044275
-39.426723
84.738403
21.270514
-267.151794
24.465359
257.128448
-92.446640
-0.214207
0.393588
0.199687
-0.077915
-0.896275
0.373313
0.396511
0.215619
-0.104831
0.008429
0.327659
0.280014
-0.339127
0.042648
1.181134
0.168571
-0.214207
0.393588
0.199687
-0.077915
-0.896275
0.373313
0.396511
0.215619
-0.104831
0.008429
0.327659
0.280014
-0.339127
0.042648
1.181134
0.168571
-0.214207
0.393588
0.199687
-0.077915
-0.896275
0.373313
0.396511
0.215619
-0.104831
0.008429
0.327659
0.280014
-0.339127
0.042648
1.181134
0.168571
-0.214207
0.393588
0.199687
-0.077915
-0.896275
0.373313
0.396511
0.215619
-0.104831
0.008429
0.327659
0.280014
-0.339127
0.042648
1.181134
0.168571
-0.214207
0.393588
0.199687
-0.077915
-0.896275
0.373313
0.396511
0.215619
-0.104831
0.008429
0.327659
0.280014
-0.339127
0.042648
1.181134
0.168571
-0.214207
0.393588
0.199687
-0.077915
-0.896275
0.373313
0.396511
0.215619
-0.104831
0.008429
0.327659
0.280014
-0.339127
0.042648
1.181134
0.168571
-0.214207
0.393588
0.199687
-0.077915
-0.896275
0.373313
0.396511
0.215619
-0.104831
0.008429
0.327659
0.280014
-0.339127
0.042648
1.181134
0.168571
-0.214207
0.393588
0.199687
-0.077915
-0.896275
0.373313
0.396511
0.215619
-0.104831
0.008429
0.327659
0.280014
-0.339127
0.042648
1.181134
0.168571
-0.214207
0.393588
0.199687
-0.077915
-0.896275
0.373313
0.396511
0.215619
-0.104831
0.008429
0.327659
0.280014
-0.339127
0.042648
1.181134
0.168571
-0.214207
0.393588
0.199687
-0.077915
-0.896275
0.373313
0.396511
0.215619
-0.104831
0.008429
0.327659
0.280014
-0.339127
0.042648
1.181134
0.168571
-0.214207
0.393588
0.199687
-0.077915
-0.896275
0.373313
0.396511
0.215619
-0.104831
0.008429
0.327659
0.280014
-0.339127
0.042648
1.181134
0.168571
-0.214207
0.393588
0.199687
-0.077915
-0.896275
0.373313
0.396511
0.215619
-0.104831
0.008429
0.327659
0.280014
-0.339127
0.042648
1.181134
0.168571
-0.214207
0.393588
0.199687
-0.077915
-0.896275
0.373313
0.396511
0.215619
-0.104831
0.008429
0.327659
0.280014
-0.339127
0.042648
1.181134
0.168571
