-0.840400
-1.506549
-10.780800
9.306070
17.838135
-5.860966
-6.384888
-0.784645
-4.073814
-9.196673
-8.461125
8.252705
-0.024189
1.721236
-5.333367
4.046164
-3.768526
-3.806077
1389.991821
1188.253784
-18.199114
-4239.876465
-1806.434814
1664.075317
960.593323
1257.868408
-460.487549
-372.638885
3825.069092
-1080.420288
-2595.471191
1596.950562
-0.272030
-0.410001
16.477810
-2.887557
-28.543392
-35.120338
1.470752
-11.779654
-6.758101
9.800012
-3.091770
4.349268
-19.970161
25.835484
-8.878891
-17.214294
-0.430790
-2.088771
-4.225325
3.442645
15.767746
20.546860
-3.005946
9.452909
0.460809
-4.043350
4.263023
-5.399688
10.623774
-13.059855
6.821773
6.142247
0.265603
-3.501330
-79.287910
-226.333084
-153.079819
542.909241
228.906097
-145.937683
-73.637390
-325.344025
46.210392
-11.806395
-538.167419
143.657883
332.649780
-149.465408
1.338762
2.498661
-915.559082
-713.530579
-59.352692
2589.328369
1245.792114
-1001.428772
-590.359802
-560.592712
275.744385
356.495819
-2313.602295
355.399872
1691.447388
-875.397949
2.442660
0.600978
-121.074310
-34.383205
118.213165
275.224365
66.508392
-156.039139
-86.005943
-58.262978
44.877174
11.664765
-234.869995
175.051682
126.139122
-175.949539
-0.100984
-0.630805
-0.351060
-0.886681
-0.970125
1.175830
0.315363
0.360463
-0.474365
-0.650701
0.009113
-0.371525
-0.917208
-0.461976
0.513593
0.095891
-0.100984
-0.630805
-0.351060
-0.886681
-0.970125
1.175830
0.315363
0.360463
-0.474365
-0.650701
0.009113
-0.371525
-0.917208
-0.461976
0.513593
0.095891
-0.100984
-0.630805
-0.351060
-0.886681
-0.970125
1.175830
0.315363
0.360463
-0.474365
-0.650701
0.009113
-0.371525
-0.917208
-0.461976
0.513593
0.095891
-0.100984
-0.630805
-0.351060
-0.886681
-0.970125
1.175830
0.315363
0.360463
-0.474365
-0.650701
0.009113
-0.371525
-0.917208
-0.461976
0.513593
0.095891
-0.100984
-0.630805
-0.351060
-0.886681
-0.970125
1.175830
0.315363
0.360463
-0.474365
-0.650701
0.009113
-0.371525
-0.917208
-0.461976
0.513593
0.095891
-0.100984
-0.630805
-0.351060
-0.886681
-0.970125
1.175830
0.315363
0.360463
-0.474365
-0.650701
0.009113
-0.371525
-0.917208
-0.461976
0.513593
0.095891
-0.100984
-0.630805
-0.351060
-0.886681
-0.970125
1.175830
0.315363
0.360463
-0.474365
-0.650701
0.009113
-0.371525
-0.917208
-0.461976
0.513593
0.095891
-0.100984
-0.630805
-0.351060
-0.886681
-0.970125
1.175830
0.315363
0.360463
-0.474365
-0.650701
0.009113
-0.371525
-0.917208
-0.461976
0.513593
0.095891
-0.100984
-0.630805
-0.351060
-0.886681
-0.970125
1.175830
0.315363
0.360463
-0.474365
-0.650701
0.009113
-0.371525
-0.917208
-0.461976
0.513593
0.095891
-0.100984
-0.630805
-0.351060
-0.886681
-0.970125
1.175830
0.315363
0.360463
-0.474365
-0.650701
0.009113
-0.371525
-0.917208
-0.461976
0.513593
0.095891
-0.100984
-0.630805
-0.351060
-0.886681
-0.970125
1.175830
0.315363
0.360463
-0.474365
-0.650701
0.009113
-0.371525
-0.917208
-0.461976
0.513593
0.095891
-0.100984
-0.630805
-0.351060
-0.886681
-0.970125
1.175830
0.315363
0.360463
-0.474365
-0.650701
0.009113
-0.371525
-0.917208
-0.461976
0.513593
0.095891
-0.100984
-0.630805
-0.351060
-0.886681
-0.970125
1.175830
0.315363
0.360463
-0.474365
-0.650701
0.009113
-0.371525
-0.917208
-0.461976
0.513593
0.095891
