9.131145
-20.498804
34.926491
-15.214342
-22.561792
11.647212
-1.037659
16.356926
-13.210866
-4.296290
19.404785
-10.331930
17.377922
7.003985
-12.762216
-10.065891
8.373582
-5.628524
595.644775
2776.264893
2803.985107
-3422.981445
-2337.704834
-884.992188
233.922394
1144.540771
268.631439
-482.466736
2868.363037
2033.171631
-2970.358154
-1403.667725
-0.777437
-0.001178
10.374024
-24.820831
-41.785141
-7.801085
-8.642609
-6.383093
-0.563467
7.814442
3.136057
4.733672
7.682139
25.566423
-27.296555
0.955680
-3.893638
5.740970
-209.349442
-991.556641
-1019.219055
1236.759888
855.301880
292.950226
-29.793598
-425.631012
-73.201439
182.369156
-1093.784302
-744.379761
1114.467773
507.728058
-3.600351
4.274281
-216.582413
-784.772705
-741.391663
1007.901367
667.107178
240.450241
-130.997589
-307.366028
-88.116409
142.059341
-787.548279
-531.464783
829.352905
361.106201
1.536124
-0.374602
-10.053959
-68.979462
-71.043304
80.482475
57.355473
27.689518
-4.570698
-32.056862
-10.213892
10.547024
-72.306709
-54.965618
70.168488
39.908073
-0.861508
-1.595693
-10.603227
-173.661346
-199.729385
188.253998
137.812134
68.221626
-1.512171
-71.082489
-17.309517
24.159229
-160.246872
-145.602615
172.134933
104.701309
-0.547726
-2.181087
-14.315102
-151.274567
-166.947906
163.939072
115.257751
62.867912
-10.438943
-63.515797
-21.483854
21.230209
-134.468079
-121.142708
145.497711
90.180595
-0.857124
-0.262930
1.206016
-0.521861
-1.620575
0.237613
-0.058606
0.252911
-0.537666
-0.460905
0.182628
-0.110007
0.217445
-0.403694
0.021613
0.374114
-0.857124
-0.262930
1.206016
-0.521861
-1.620575
0.237613
-0.058606
0.252911
-0.537666
-0.460905
0.182628
-0.110007
0.217445
-0.403694
0.021613
0.374114
-0.857124
-0.262930
1.206016
-0.521861
-1.620575
0.237613
-0.058606
0.252911
-0.537666
-0.460905
0.182628
-0.110007
0.217445
-0.403694
0.021613
0.374114
-0.857124
-0.262930
1.206016
-0.521861
-1.620575
0.237613
-0.058606
0.252911
-0.537666
-0.460905
0.182628
-0.110007
0.217445
-0.403694
0.021613
0.374114
-0.857124
-0.262930
1.206016
-0.521861
-1.620575
0.237613
-0.058606
0.252911
-0.537666
-0.460905
0.182628
-0.110007
0.217445
-0.403694
0.021613
0.374114
-0.857124
-0.262930
1.206016
-0.521861
-1.620575
0.237613
-0.058606
0.252911
-0.537666
-0.460905
0.182628
-0.110007
0.217445
-0.403694
0.021613
0.374114
-0.857124
-0.262930
1.206016
-0.521861
-1.620575
0.237613
-0.058606
0.252911
-0.537666
-0.460905
0.182628
-0.110007
0.217445
-0.403694
0.021613
0.374114
-0.857124
-0.262930
1.206016
-0.521861
-1.620575
0.237613
-0.058606
0.252911
-0.537666
-0.460905
0.182628
-0.110007
0.217445
-0.403694
0.021613
0.374114
-0.857124
-0.262930
1.206016
-0.521861
-1.620575
0.237613
-0.058606
0.252911
-0.537666
-0.460905
0.182628
-0.110007
0.217445
-0.403694
0.021613
0.374114
-0.857124
-0.262930
1.206016
-0.521861
-1.620575
0.237613
-0.058606
0.252911
-0.537666
-0.460905
0.182628
-0.110007
0.217445
-0.403694
0.021613
0.374114
-0.857124
-0.262930
1.206016
-0.521861
-1.620575
0.237613
-0.058606
0.252911
-0.537666
-0.460905
0.182628
-0.110007
0.217445
-0.403694
0.021613
0.374114
-0.857124
-0.262930
1.206016
-0.521861
-1.620575
0.237613
-0.058606
0.252911
-0.537666
-0.460905
0.182628
-0.110007
0.217445
-0.403694
0.021613
0.374114
