1.885363
0.827916
16.652449
-14.791335
4.094164
6.989812
-4.812147
13.698462
-5.092475
-8.375114
2.450751
19.158667
3.823805
-20.260612
2.448914
12.948996
0.935317
-9.826697
996.254150
1721.313721
-246.245178
799.869751
1215.641357
-3245.362549
409.808472
-1271.232910
-87.978775
-1852.590454
-2560.261230
-602.962524
1279.154541
-1581.368530
-0.950960
0.230973
-11.349921
10.861368
-4.933396
-4.050537
6.360935
-12.058539
2.504647
5.958101
-0.047544
-16.855875
-0.136354
18.261154
-1.567581
-11.564314
-2.537496
5.497955
-817.766296
-1393.086060
205.551834
-647.025085
-982.054504
2622.534912
-331.339600
1020.634583
64.524216
1488.346558
2075.774902
490.144409
-1028.888916
1275.270508
-0.571298
4.937349
-33.850605
-73.355522
9.313747
-33.185143
-53.853378
133.172821
-18.412664
52.244152
2.421933
77.269928
101.339844
24.809464
-56.385414
65.544304
4.083902
-0.909891
-49.621346
-83.850105
10.844292
-38.083771
-54.537201
168.058884
-20.114189
68.903152
10.427570
95.179062
125.945961
27.026842
-64.249107
86.133339
-0.232457
-0.026034
0.061291
-0.089638
-0.682161
0.580250
0.103612
0.438398
0.160956
0.619357
-0.039202
0.244664
0.195493
0.041922
-0.738435
-0.349809
-0.232457
-0.026034
0.061291
-0.089638
-0.682161
0.580250
0.103612
0.438398
0.160956
0.619357
-0.039202
0.244664
0.195493
0.041922
-0.738435
-0.349809
-0.232457
-0.026034
0.061291
-0.089638
-0.682161
0.580250
0.103612
0.438398
0.160956
0.619357
-0.039202
0.244664
0.195493
0.041922
-0.738435
-0.349809
-0.232457
-0.026034
0.061291
-0.089638
-0.682161
0.580250
0.103612
0.438398
0.160956
0.619357
-0.039202
0.244664
0.195493
0.041922
-0.738435
-0.349809
-0.232457
-0.026034
0.061291
-0.089638
-0.682161
0.580250
0.103612
0.438398
0.160956
0.619357
-0.039202
0.244664
0.195493
0.041922
-0.738435
-0.349809
-0.232457
-0.026034
0.061291
-0.089638
-0.682161
0.580250
0.103612
0.438398
0.160956
0.619357
-0.039202
0.244664
0.195493
0.041922
-0.738435
-0.349809
-0.232457
-0.026034
0.061291
-0.089638
-0.682161
0.580250
0.103612
0.438398
0.160956
0.619357
-0.039202
0.244664
0.195493
0.041922
-0.738435
-0.349809
-0.232457
-0.026034
0.061291
-0.089638
-0.682161
0.580250
0.103612
0.438398
0.160956
0.619357
-0.039202
0.244664
0.195493
0.041922
-0.738435
-0.349809
-0.232457
-0.026034
0.061291
-0.089638
-0.682161
0.580250
0.103612
0.438398
0.160956
0.619357
-0.039202
0.244664
0.195493
0.041922
-0.738435
-0.349809
-0.232457
-0.026034
0.061291
-0.089638
-0.682161
0.580250
0.103612
0.438398
0.160956
0.619357
-0.039202
0.244664
0.195493
0.041922
-0.738435
-0.349809
-0.232457
-0.026034
0.061291
-0.089638
-0.682161
0.580250
0.103612
0.438398
0.160956
0.619357
-0.039202
0.244664
0.195493
0.041922
-0.738435
-0.349809
-0.232457
-0.026034
0.061291
-0.089638
-0.682161
0.580250
0.103612
0.438398
0.160956
0.619357
-0.039202
0.244664
0.195493
0.041922
-0.738435
-0.349809
-0.232457
-0.026034
0.061291
-0.089638
-0.682161
0.580250
0.103612
0.438398
0.160956
0.619357
-0.039202
0.244664
0.195493
0.041922
-0.738435
-0.349809
-0.232457
-0.026034
0.061291
-0.089638
-0.682161
0.580250
0.103612
0.438398
0.160956
0.619357
-0.039202
0.244664
0.195493
0.041922
-0.738435
-0.349809
