0.223582
-5.972156
-16.729494
-0.015845
18.135681
7.485968
-5.040045
-1.378703
1.533359
-11.314027
-14.528652
3.016037
-0.936347
0.788941
-4.554576
-1.132924
0.244537
0.010106
-3.023409
-8.228359
0.483406
6.769143
-3.646403
2.181929
2.375099
-3.144772
-6.113760
-6.020917
-3.914862
-1.499186
-0.623529
-2.351087
-0.904856
2.910386
-3.300005
2.526886
4.678970
-0.494592
8.928899
-2.773163
-5.363699
-10.962168
-3.880863
16.286425
-15.452141
-6.182377
3.783963
5.178417
-1.548429
-1.263018
-243.879318
-171.234573
-360.450623
379.468964
351.262878
2223.539307
801.630981
-1494.526855
-309.751862
-1493.015015
-125.982925
-1796.095703
741.852783
-610.587646
-1.113547
0.043827
2.831223
5.523398
-0.819646
-4.942302
3.329282
-2.033172
-3.466218
2.880409
6.424082
4.571205
2.608246
2.235495
-0.906797
1.007058
-0.682078
-1.288003
8.465600
4.548375
10.713943
-17.085812
-18.767712
-69.442665
-18.752846
50.584686
20.489717
45.318817
10.975821
57.223240
-23.897501
23.917562
1.354617
2.336274
154.655334
100.900963
220.681900
-237.838318
-236.812088
-1377.484253
-480.866638
938.353821
207.494019
923.808533
98.800201
1111.250366
-455.193939
386.256927
0.643370
0.421332
13.277967
10.270648
18.589737
-17.150379
1.368493
-110.331383
-53.886330
64.000854
4.614841
75.072441
-12.349812
88.872063
-41.917484
23.962811
0.652141
0.077558
29.319397
18.797821
30.738857
-47.075302
-78.472801
-238.746613
-67.660393
176.794556
55.647053
161.006561
45.074268
196.464279
-70.169151
78.026451
0.383059
0.111789
0.412678
0.131967
0.191157
0.061263
0.861398
-0.366422
-0.308887
0.189984
-0.397659
0.251016
-0.389898
-0.071917
0.363397
-0.063889
0.383059
0.111789
0.412678
0.131967
0.191157
0.061263
0.861398
-0.366422
-0.308887
0.189984
-0.397659
0.251016
-0.389898
-0.071917
0.363397
-0.063889
0.383059
0.111789
0.412678
0.131967
0.191157
0.061263
0.861398
-0.366422
-0.308887
0.189984
-0.397659
0.251016
-0.389898
-0.071917
0.363397
-0.063889
0.383059
0.111789
0.412678
0.131967
0.191157
0.061263
0.861398
-0.366422
-0.308887
0.189984
-0.397659
0.251016
-0.389898
-0.071917
0.363397
-0.063889
0.383059
0.111789
0.412678
0.131967
0.191157
0.061263
0.861398
-0.366422
-0.308887
0.189984
-0.397659
0.251016
-0.389898
-0.071917
0.363397
-0.063889
0.383059
0.111789
0.412678
0.131967
0.191157
0.061263
0.861398
-0.366422
-0.308887
0.189984
-0.397659
0.251016
-0.389898
-0.071917
0.363397
-0.063889
0.383059
0.111789
0.412678
0.131967
0.191157
0.061263
0.861398
-0.366422
-0.308887
0.189984
-0.397659
0.251016
-0.389898
-0.071917
0.363397
-0.063889
0.383059
0.111789
0.412678
0.131967
0.191157
0.061263
0.861398
-0.366422
-0.308887
0.189984
-0.397659
0.251016
-0.389898
-0.071917
0.363397
-0.063889
0.383059
0.111789
0.412678
0.131967
0.191157
0.061263
0.861398
-0.366422
-0.308887
0.189984
-0.397659
0.251016
-0.389898
-0.071917
0.363397
-0.063889
0.383059
0.111789
0.412678
0.131967
0.191157
0.061263
0.861398
-0.366422
-0.308887
0.189984
-0.397659
0.251016
-0.389898
-0.071917
0.363397
-0.063889
0.383059
0.111789
0.412678
0.131967
0.191157
0.061263
0.861398
-0.366422
-0.308887
0.189984
-0.397659
0.251016
-0.389898
-0.071917
0.363397
-0.063889
