18.031288
18.758579
14.655505
34.420990
-10.731400
-17.944418
-13.896295
1.310143
8.123459
-9.266225
10.949921
11.591798
-5.381118
12.809394
17.088707
-2.601866
-0.889986
0.169659
6.192024
-1.600298
-6.587996
-1.090335
-0.515398
-4.209412
3.584310
4.671695
7.256707
-5.373954
2.683405
-3.420923
2.273261
1.620919
0.857568
-2.355817
-5.664867
2.157665
4.518057
1.459195
6.759709
-5.308834
-9.859531
-8.785187
1.733118
19.993221
-17.058739
-4.335252
3.495100
6.080622
-1.278841
-4.349247
-294.008698
-237.714584
-337.426849
223.054657
-79.253418
1934.770020
998.327393
-1432.735718
32.941025
-1439.898193
278.068787
-1913.810913
902.352783
-639.591309
1.209024
1.670996
179.166855
139.618042
200.984619
-138.350967
35.265476
-1160.681641
-592.003540
867.003540
-11.917730
864.153992
-154.836197
1147.684204
-535.803345
386.640045
-0.000851
1.666002
18.875061
20.381207
25.096903
-12.741418
18.285166
-131.859985
-80.544098
89.490051
-12.697259
96.036354
-32.753143
132.024307
-67.484070
35.510838
-0.024803
3.077912
42.063828
28.035255
43.706936
-33.813854
-10.734708
-261.181396
-117.024445
203.340317
10.858222
193.767227
-15.631763
260.677856
-115.516212
94.770874
-0.095550
0.374090
0.125794
0.240099
-0.402041
-0.194299
0.377574
-0.207445
-0.304145
-0.062751
0.282029
0.078261
-0.153105
0.401290
-0.103981
-0.305123
-0.095550
0.374090
0.125794
0.240099
-0.402041
-0.194299
0.377574
-0.207445
-0.304145
-0.062751
0.282029
0.078261
-0.153105
0.401290
-0.103981
-0.305123
-0.095550
0.374090
0.125794
0.240099
-0.402041
-0.194299
0.377574
-0.207445
-0.304145
-0.062751
0.282029
0.078261
-0.153105
0.401290
-0.103981
-0.305123
-0.095550
0.374090
0.125794
0.240099
-0.402041
-0.194299
0.377574
-0.207445
-0.304145
-0.062751
0.282029
0.078261
-0.153105
0.401290
-0.103981
-0.305123
-0.095550
0.374090
0.125794
0.240099
-0.402041
-0.194299
0.377574
-0.207445
-0.304145
-0.062751
0.282029
0.078261
-0.153105
0.401290
-0.103981
-0.305123
-0.095550
0.374090
0.125794
0.240099
-0.402041
-0.194299
0.377574
-0.207445
-0.304145
-0.062751
0.282029
0.078261
-0.153105
0.401290
-0.103981
-0.305123
-0.095550
0.374090
0.125794
0.240099
-0.402041
-0.194299
0.377574
-0.207445
-0.304145
-0.062751
0.282029
0.078261
-0.153105
0.401290
-0.103981
-0.305123
-0.095550
0.374090
0.125794
0.240099
-0.402041
-0.194299
0.377574
-0.207445
-0.304145
-0.062751
0.282029
0.078261
-0.153105
0.401290
-0.103981
-0.305123
-0.095550
0.374090
0.125794
0.240099
-0.402041
-0.194299
0.377574
-0.207445
-0.304145
-0.062751
0.282029
0.078261
-0.153105
0.401290
-0.103981
-0.305123
-0.095550
0.374090
0.125794
0.240099
-0.402041
-0.194299
0.377574
-0.207445
-0.304145
-0.062751
0.282029
0.078261
-0.153105
0.401290
-0.103981
-0.305123
-0.095550
0.374090
0.125794
0.240099
-0.402041
-0.194299
0.377574
-0.207445
-0.304145
-0.062751
0.282029
0.078261
-0.153105
0.401290
-0.103981
-0.305123
-0.095550
0.374090
0.125794
0.240099
-0.402041
-0.194299
0.377574
-0.207445
-0.304145
-0.062751
0.282029
0.078261
-0.153105
0.401290
-0.103981
-0.305123
-0.095550
0.374090
0.125794
0.240099
-0.402041
-0.194299
0.377574
-0.207445
-0.304145
-0.062751
0.282029
0.078261
-0.153105
0.401290
-0.103981
-0.305123
