-1.358347
-0.042760
-5.204543
-0.802384
6.628048
3.157355
0.903701
4.247155
-1.114593
-5.214900
-7.260684
3.752838
-5.925713
1.786735
-0.172804
-0.421287
0.269277
-1.858379
-1.445569
1.925074
1.757638
-5.339453
-2.005700
-8.095864
-16.963575
-3.179486
15.156391
12.345067
-12.795530
7.973509
7.490365
1.852063
0.621811
-0.439568
-3.742555
-14.249166
-0.441999
19.286062
5.209513
-3.454370
11.974998
-0.781204
-3.265104
-12.603507
-2.996155
-1.950399
-0.665309
-4.821736
-2.212867
-1.403083
-29.707466
-483.888672
-575.602722
-101.242599
-1381.421387
1430.022339
1969.262695
-536.254272
1070.868896
-1321.749146
1460.199829
-1564.760132
1296.145508
136.836487
1.198441
0.760754
6.228405
1.405432
-5.863426
-2.971253
0.425014
-3.976299
1.088148
3.264671
6.321692
-3.346959
3.106483
-0.596805
2.059185
-0.044462
-2.184677
0.108324
0.037688
12.319989
15.550249
4.697859
47.840240
-38.528187
-61.636730
12.206916
-32.632000
34.782249
-50.778561
48.345741
-39.470844
-7.155864
2.670347
0.613869
16.355438
267.737610
313.320923
54.624603
757.211182
-783.585999
-1077.748657
294.603058
-585.372986
725.408142
-797.942383
856.139771
-709.055725
-78.652313
-0.363749
1.339613
2.099091
30.629196
38.864822
7.140514
95.611282
-91.935440
-128.090363
32.006203
-73.434647
84.489891
-99.753830
99.012321
-86.928467
-11.998987
4.304723
1.656013
2.695119
77.246170
93.052193
17.563198
216.276154
-222.955856
-310.145721
81.752762
-170.772079
210.589691
-230.471024
243.224823
-202.519684
-18.213741
-0.314254
0.494867
0.534886
0.360736
0.799419
0.064237
-0.383539
-0.647390
-0.171017
-0.733748
-0.371494
-0.267965
-0.584493
-0.254531
-0.074817
-0.574289
-0.314254
0.494867
0.534886
0.360736
0.799419
0.064237
-0.383539
-0.647390
-0.171017
-0.733748
-0.371494
-0.267965
-0.584493
-0.254531
-0.074817
-0.574289
-0.314254
0.494867
0.534886
0.360736
0.799419
0.064237
-0.383539
-0.647390
-0.171017
-0.733748
-0.371494
-0.267965
-0.584493
-0.254531
-0.074817
-0.574289
-0.314254
0.494867
0.534886
0.360736
0.799419
0.064237
-0.383539
-0.647390
-0.171017
-0.733748
-0.371494
-0.267965
-0.584493
-0.254531
-0.074817
-0.574289
-0.314254
0.494867
0.534886
0.360736
0.799419
0.064237
-0.383539
-0.647390
-0.171017
-0.733748
-0.371494
-0.267965
-0.584493
-0.254531
-0.074817
-0.574289
-0.314254
0.494867
0.534886
0.360736
0.799419
0.064237
-0.383539
-0.647390
-0.171017
-0.733748
-0.371494
-0.267965
-0.584493
-0.254531
-0.074817
-0.574289
-0.314254
0.494867
0.534886
0.360736
0.799419
0.064237
-0.383539
-0.647390
-0.171017
-0.733748
-0.371494
-0.267965
-0.584493
-0.254531
-0.074817
-0.574289
-0.314254
0.494867
0.534886
0.360736
0.799419
0.064237
-0.383539
-0.647390
-0.171017
-0.733748
-0.371494
-0.267965
-0.584493
-0.254531
-0.074817
-0.574289
-0.314254
0.494867
0.534886
0.360736
0.799419
0.064237
-0.383539
-0.647390
-0.171017
-0.733748
-0.371494
-0.267965
-0.584493
-0.254531
-0.074817
-0.574289
-0.314254
0.494867
0.534886
0.360736
0.799419
0.064237
-0.383539
-0.647390
-0.171017
-0.733748
-0.371494
-0.267965
-0.584493
-0.254531
-0.074817
-0.574289
-0.314254
0.494867
0.534886
0.360736
0.799419
0.064237
-0.383539
-0.647390
-0.171017
-0.733748
-0.371494
-0.267965
-0.584493
-0.254531
-0.074817
-0.574289
