-1.984133
-6.285903
689.313782
-252.926239
-1084.132080
564.713379
-2751.075439
2871.586914
-426.073761
-1916.391968
-1591.077026
-766.307251
-1602.786987
1027.431396
-475.031219
582.415771
-0.395349
-0.649482
-9.379384
-21.403011
0.992315
26.594074
-17.260176
-1.385869
15.177752
-4.494292
-25.305420
-21.747391
-2.849107
-18.556974
-0.352756
4.622088
-2.813784
-3.020550
6.266834
3.410215
11.293416
-4.583310
-0.309798
-12.158368
-0.746319
-16.172623
-20.606329
10.075809
11.496244
-8.126839
-2.870806
-3.473807
4.328236
0.386948
16.177715
-0.573184
-15.363390
-8.697814
1.622546
3.080806
-2.031632
11.054433
13.834488
-0.433407
2.301481
-1.107417
5.519176
-0.608708
1.318097
2.307518
-264.351501
103.892250
410.332672
-226.968536
1041.757446
-1132.153076
182.806396
729.008972
616.102661
276.077698
613.539124
-410.761261
174.591736
-236.906723
1.979063
2.970710
-33.310204
6.334417
52.713902
-22.412214
139.336121
-129.265884
9.215994
94.062889
73.301140
40.739681
79.374092
-43.821884
23.077246
-25.728111
-1.176219
-0.862024
-45.348804
14.930712
74.515396
-30.331186
190.006241
-176.463623
20.301716
127.115746
99.886711
55.766754
108.537338
-58.591743
34.032326
-37.631027
-0.867364
1.890870
-179.939575
76.824448
280.332977
-164.312698
683.496399
-780.839111
134.703720
503.620056
429.930237
190.162979
405.009827
-288.678284
123.925217
-152.857452
0.750544
0.630524
-1.045717
-0.983509
-0.093767
0.360537
1.085324
0.540695
-0.271245
0.177435
-0.077771
-0.339709
1.210788
-0.403436
-0.336481
-0.127264
0.750544
0.630524
-1.045717
-0.983509
-0.093767
0.360537
1.085324
0.540695
-0.271245
0.177435
-0.077771
-0.339709
1.210788
-0.403436
-0.336481
-0.127264
0.750544
0.630524
-1.045717
-0.983509
-0.093767
0.360537
1.085324
0.540695
-0.271245
0.177435
-0.077771
-0.339709
1.210788
-0.403436
-0.336481
-0.127264
0.750544
0.630524
-1.045717
-0.983509
-0.093767
0.360537
1.085324
0.540695
-0.271245
0.177435
-0.077771
-0.339709
1.210788
-0.403436
-0.336481
-0.127264
0.750544
0.630524
-1.045717
-0.983509
-0.093767
0.360537
1.085324
0.540695
-0.271245
0.177435
-0.077771
-0.339709
1.210788
-0.403436
-0.336481
-0.127264
0.750544
0.630524
-1.045717
-0.983509
-0.093767
0.360537
1.085324
0.540695
-0.271245
0.177435
-0.077771
-0.339709
1.210788
-0.403436
-0.336481
-0.127264
0.750544
0.630524
-1.045717
-0.983509
-0.093767
0.360537
1.085324
0.540695
-0.271245
0.177435
-0.077771
-0.339709
1.210788
-0.403436
-0.336481
-0.127264
0.750544
0.630524
-1.045717
-0.983509
-0.093767
0.360537
1.085324
0.540695
-0.271245
0.177435
-0.077771
-0.339709
1.210788
-0.403436
-0.336481
-0.127264
0.750544
0.630524
-1.045717
-0.983509
-0.093767
0.360537
1.085324
0.540695
-0.271245
0.177435
-0.077771
-0.339709
1.210788
-0.403436
-0.336481
-0.127264
0.750544
0.630524
-1.045717
-0.983509
-0.093767
0.360537
1.085324
0.540695
-0.271245
0.177435
-0.077771
-0.339709
1.210788
-0.403436
-0.336481
-0.127264
0.750544
0.630524
-1.045717
-0.983509
-0.093767
0.360537
1.085324
0.540695
-0.271245
0.177435
-0.077771
-0.339709
1.210788
-0.403436
-0.336481
-0.127264
0.750544
0.630524
-1.045717
-0.983509
-0.093767
0.360537
1.085324
0.540695
-0.271245
0.177435
-0.077771
-0.339709
1.210788
-0.403436
-0.336481
-0.127264
