-4.233909
3.146032
1.578404
-13.391461
-12.230069
14.814253
2.220317
-2.667180
14.300061
4.034030
2.805957
-14.098733
-1.676002
-2.197042
3.895388
-2.885272
3.001215
-1.824443
1.420444
-3.495768
-15.289578
-3.269864
-1.308335
16.470417
-4.124304
12.513468
13.800359
-5.871474
-13.375957
11.338622
2.659457
-2.356880
1.579679
8.548799
-295.731415
582.132568
1031.690430
-865.870117
2462.996826
-2291.068848
718.685547
1915.936035
1224.463989
730.261719
1365.608276
-1191.915771
234.425888
-233.832260
-1.719963
1.859731
0.839070
3.636546
11.316535
3.717447
1.765110
-14.528415
2.436185
-11.637966
-11.698812
4.350278
12.025372
-3.224186
2.227026
0.840572
-3.423510
-1.994810
2.211228
-32.822845
-29.616793
52.590981
-69.494637
136.099869
-59.834503
-70.253143
-66.831482
-12.574312
-42.081135
71.928192
-6.375679
18.907404
-0.222884
-2.667877
23.369837
-21.035629
-64.878471
23.130480
-146.320862
62.961178
-2.209039
-98.255028
-47.281582
-51.723110
-79.109001
31.650976
-16.459808
4.359282
1.600214
-5.706101
256.682587
-498.511505
-895.882080
744.821106
-2133.281738
1982.555786
-617.645569
-1660.785889
-1053.714600
-632.656616
-1186.837646
1028.104736
-201.701935
198.775497
-0.703632
-0.045488
-0.143955
-0.226720
-0.084162
0.113477
-0.456411
0.799280
-0.063963
0.105248
0.189951
-0.847221
-0.310324
-0.445561
-0.356373
0.002060
-0.703632
-0.045488
-0.143955
-0.226720
-0.084162
0.113477
-0.456411
0.799280
-0.063963
0.105248
0.189951
-0.847221
-0.310324
-0.445561
-0.356373
0.002060
-0.703632
-0.045488
-0.143955
-0.226720
-0.084162
0.113477
-0.456411
0.799280
-0.063963
0.105248
0.189951
-0.847221
-0.310324
-0.445561
-0.356373
0.002060
-0.703632
-0.045488
-0.143955
-0.226720
-0.084162
0.113477
-0.456411
0.799280
-0.063963
0.105248
0.189951
-0.847221
-0.310324
-0.445561
-0.356373
0.002060
-0.703632
-0.045488
-0.143955
-0.226720
-0.084162
0.113477
-0.456411
0.799280
-0.063963
0.105248
0.189951
-0.847221
-0.310324
-0.445561
-0.356373
0.002060
-0.703632
-0.045488
-0.143955
-0.226720
-0.084162
0.113477
-0.456411
0.799280
-0.063963
0.105248
0.189951
-0.847221
-0.310324
-0.445561
-0.356373
0.002060
-0.703632
-0.045488
-0.143955
-0.226720
-0.084162
0.113477
-0.456411
0.799280
-0.063963
0.105248
0.189951
-0.847221
-0.310324
-0.445561
-0.356373
0.002060
-0.703632
-0.045488
-0.143955
-0.226720
-0.084162
0.113477
-0.456411
0.799280
-0.063963
0.105248
0.189951
-0.847221
-0.310324
-0.445561
-0.356373
0.002060
-0.703632
-0.045488
-0.143955
-0.226720
-0.084162
0.113477
-0.456411
0.799280
-0.063963
0.105248
0.189951
-0.847221
-0.310324
-0.445561
-0.356373
0.002060
-0.703632
-0.045488
-0.143955
-0.226720
-0.084162
0.113477
-0.456411
0.799280
-0.063963
0.105248
0.189951
-0.847221
-0.310324
-0.445561
-0.356373
0.002060
-0.703632
-0.045488
-0.143955
-0.226720
-0.084162
0.113477
-0.456411
0.799280
-0.063963
0.105248
0.189951
-0.847221
-0.310324
-0.445561
-0.356373
0.002060
-0.703632
-0.045488
-0.143955
-0.226720
-0.084162
0.113477
-0.456411
0.799280
-0.063963
0.105248
0.189951
-0.847221
-0.310324
-0.445561
-0.356373
0.002060
-0.703632
-0.045488
-0.143955
-0.226720
-0.084162
0.113477
-0.456411
0.799280
-0.063963
0.105248
0.189951
-0.847221
-0.310324
-0.445561
-0.356373
0.002060
