3.349563
1.538519
25.261139
-12.896268
1.746337
2.345569
-9.673124
15.425073
2.552077
-11.911947
-5.509504
23.114773
4.717070
-18.186138
5.737908
14.798472
-2.237583
-7.485301
1576.816162
2270.808594
-195.985428
604.483765
1028.250977
-3222.039795
-320.473328
-1116.575928
-464.416107
-1837.085083
-2454.876221
-378.350464
1387.139893
-1998.551758
-0.111728
-0.831488
-15.021050
5.976114
-3.838082
0.799459
7.746000
-6.476305
-0.329546
7.850200
5.707258
-14.658623
-3.634346
10.229085
-2.216354
-7.959474
2.095274
4.512278
-867.830078
-1204.494507
91.012779
-308.578094
-541.330017
1738.314331
173.448486
590.285278
246.649780
965.834900
1324.763306
188.692657
-727.139893
1086.943726
-2.146050
0.186681
-52.867493
-92.898315
10.517678
-23.346592
-44.765011
118.713150
11.132524
44.614197
17.502680
72.496811
91.883072
21.603043
-62.460918
71.985458
1.040837
3.007835
-248.836426
-364.841003
36.849915
-104.939186
-158.164810
513.237183
54.012268
185.317032
84.031670
300.553345
390.525757
57.419922
-220.878891
315.574768
-0.394789
-1.670642
-85.640160
-137.109650
16.131126
-38.088730
-69.302048
186.487106
18.555691
64.685249
20.103849
113.384865
141.882843
32.524452
-86.800301
113.036659
-0.048321
0.382654
0.338238
-0.432218
-0.514109
-0.270049
-0.623938
0.444194
0.505670
0.066303
-0.008559
0.088810
0.423973
0.653543
-0.466844
-0.453088
-0.048321
0.382654
0.338238
-0.432218
-0.514109
-0.270049
-0.623938
0.444194
0.505670
0.066303
-0.008559
0.088810
0.423973
0.653543
-0.466844
-0.453088
-0.048321
0.382654
0.338238
-0.432218
-0.514109
-0.270049
-0.623938
0.444194
0.505670
0.066303
-0.008559
0.088810
0.423973
0.653543
-0.466844
-0.453088
-0.048321
0.382654
0.338238
-0.432218
-0.514109
-0.270049
-0.623938
0.444194
0.505670
0.066303
-0.008559
0.088810
0.423973
0.653543
-0.466844
-0.453088
-0.048321
0.382654
0.338238
-0.432218
-0.514109
-0.270049
-0.623938
0.444194
0.505670
0.066303
-0.008559
0.088810
0.423973
0.653543
-0.466844
-0.453088
-0.048321
0.382654
0.338238
-0.432218
-0.514109
-0.270049
-0.623938
0.444194
0.505670
0.066303
-0.008559
0.088810
0.423973
0.653543
-0.466844
-0.453088
-0.048321
0.382654
0.338238
-0.432218
-0.514109
-0.270049
-0.623938
0.444194
0.505670
0.066303
-0.008559
0.088810
0.423973
0.653543
-0.466844
-0.453088
-0.048321
0.382654
0.338238
-0.432218
-0.514109
-0.270049
-0.623938
0.444194
0.505670
0.066303
-0.008559
0.088810
0.423973
0.653543
-0.466844
-0.453088
-0.048321
0.382654
0.338238
-0.432218
-0.514109
-0.270049
-0.623938
0.444194
0.505670
0.066303
-0.008559
0.088810
0.423973
0.653543
-0.466844
-0.453088
-0.048321
0.382654
0.338238
-0.432218
-0.514109
-0.270049
-0.623938
0.444194
0.505670
0.066303
-0.008559
0.088810
0.423973
0.653543
-0.466844
-0.453088
-0.048321
0.382654
0.338238
-0.432218
-0.514109
-0.270049
-0.623938
0.444194
0.505670
0.066303
-0.008559
0.088810
0.423973
0.653543
-0.466844
-0.453088
-0.048321
0.382654
0.338238
-0.432218
-0.514109
-0.270049
-0.623938
0.444194
0.505670
0.066303
-0.008559
0.088810
0.423973
0.653543
-0.466844
-0.453088
-0.048321
0.382654
0.338238
-0.432218
-0.514109
-0.270049
-0.623938
0.444194
0.505670
0.066303
-0.008559
0.088810
0.423973
0.653543
-0.466844
-0.453088
