2.481196
-6.324473
17.614149
22.164762
-16.869196
-24.352560
4.284917
-9.231160
-5.209496
14.053145
31.051657
11.429091
14.481754
-2.104842
1.385335
5.557461
-4.124518
4.335195
-805.138306
-247.136414
1171.895020
599.037781
3449.445068
914.378540
-1475.275269
1495.071045
-34.243839
1744.433105
1717.510010
729.207581
617.019165
124.059631
0.782386
2.140248
-8.457093
-0.883680
-6.010267
9.921940
12.612762
8.067652
12.034465
7.147703
-1.866551
-21.315668
0.461522
16.289660
3.717275
2.555896
2.246628
-1.881012
487.453796
151.116455
-706.340210
-369.102844
-2083.967285
-554.853271
887.058350
-907.530457
16.348082
-1058.774048
-1038.258057
-441.120483
-375.805206
-77.330811
-1.332771
1.210873
32.071030
11.187830
-39.519054
-22.638418
-118.307861
-39.049992
51.264599
-48.591835
5.900605
-60.109066
-57.883064
-24.680550
-19.913280
-8.088219
-0.126938
0.799647
40.794041
17.050575
-56.661880
-30.985275
-177.768646
-57.482101
81.016373
-70.091736
11.045506
-91.731636
-86.963707
-45.419273
-28.109695
-7.006163
2.289037
-0.946047
98.696487
20.346443
-147.019531
-61.985447
-417.505981
-94.909019
174.833694
-183.734909
-0.970963
-214.071579
-208.727783
-82.355804
-78.881233
-12.809229
-0.035109
0.033454
0.255986
0.004376
-0.234529
0.232382
0.008615
-0.625413
0.466693
-0.044519
0.695729
-0.755583
-0.434689
-0.691660
-0.175751
-0.047201
-0.035109
0.033454
0.255986
0.004376
-0.234529
0.232382
0.008615
-0.625413
0.466693
-0.044519
0.695729
-0.755583
-0.434689
-0.691660
-0.175751
-0.047201
-0.035109
0.033454
0.255986
0.004376
-0.234529
0.232382
0.008615
-0.625413
0.466693
-0.044519
0.695729
-0.755583
-0.434689
-0.691660
-0.175751
-0.047201
-0.035109
0.033454
0.255986
0.004376
-0.234529
0.232382
0.008615
-0.625413
0.466693
-0.044519
0.695729
-0.755583
-0.434689
-0.691660
-0.175751
-0.047201
-0.035109
0.033454
0.255986
0.004376
-0.234529
0.232382
0.008615
-0.625413
0.466693
-0.044519
0.695729
-0.755583
-0.434689
-0.691660
-0.175751
-0.047201
-0.035109
0.033454
0.255986
0.004376
-0.234529
0.232382
0.008615
-0.625413
0.466693
-0.044519
0.695729
-0.755583
-0.434689
-0.691660
-0.175751
-0.047201
-0.035109
0.033454
0.255986
0.004376
-0.234529
0.232382
0.008615
-0.625413
0.466693
-0.044519
0.695729
-0.755583
-0.434689
-0.691660
-0.175751
-0.047201
-0.035109
0.033454
0.255986
0.004376
-0.234529
0.232382
0.008615
-0.625413
0.466693
-0.044519
0.695729
-0.755583
-0.434689
-0.691660
-0.175751
-0.047201
-0.035109
0.033454
0.255986
0.004376
-0.234529
0.232382
0.008615
-0.625413
0.466693
-0.044519
0.695729
-0.755583
-0.434689
-0.691660
-0.175751
-0.047201
-0.035109
0.033454
0.255986
0.004376
-0.234529
0.232382
0.008615
-0.625413
0.466693
-0.044519
0.695729
-0.755583
-0.434689
-0.691660
-0.175751
-0.047201
-0.035109
0.033454
0.255986
0.004376
-0.234529
0.232382
0.008615
-0.625413
0.466693
-0.044519
0.695729
-0.755583
-0.434689
-0.691660
-0.175751
-0.047201
-0.035109
0.033454
0.255986
0.004376
-0.234529
0.232382
0.008615
-0.625413
0.466693
-0.044519
0.695729
-0.755583
-0.434689
-0.691660
-0.175751
-0.047201
-0.035109
0.033454
0.255986
0.004376
-0.234529
0.232382
0.008615
-0.625413
0.466693
-0.044519
0.695729
-0.755583
-0.434689
-0.691660
-0.175751
-0.047201
