0.216728
0.993469
1705.009521
-1057.418091
-2439.104004
-124.275703
-1870.763916
-673.012573
2413.756348
-539.592957
2121.960449
-78.118530
-4491.689453
-1806.569580
3306.654541
493.313110
-1.546456
0.099957
7.321820
-17.259993
-10.328586
17.143469
3.721230
-0.813460
8.583344
5.021230
4.919352
-15.208761
-3.317031
-2.742161
-1.471799
-4.754295
-0.457617
-0.032053
5.648854
13.331705
20.776627
-12.501075
-5.036605
-3.485548
-17.836451
-1.338186
24.323608
0.168554
-3.502676
-47.145973
22.985153
9.699950
3.729144
0.533804
-7.932988
-11.573219
-14.700920
11.845422
4.578029
-0.215581
16.862568
4.032664
-23.794771
1.409069
0.132163
34.511395
-19.128273
-7.327774
-0.158492
0.403326
-1382.931763
863.377563
1977.400879
81.789063
1534.521729
519.032959
-1933.639282
420.897644
-1695.830322
41.328289
3666.023438
1472.597778
-2663.072510
-374.201050
-0.725020
0.013420
-54.069271
50.262447
90.935455
-14.632657
68.260742
14.218266
-85.947609
42.645870
-83.723053
25.396780
172.995422
25.453001
-127.066223
6.761012
-1.318907
-0.725808
-95.618202
29.471098
116.919464
38.755829
79.767937
57.770531
-126.913208
6.106747
-108.864456
-11.082198
188.956467
128.882492
-156.713577
-64.334824
0.229594
0.346250
-0.457359
-0.820073
0.676315
0.092923
0.172814
0.734996
-0.135538
0.255776
-0.495944
-0.129709
-0.106619
0.308751
-1.029724
-0.252193
0.229594
0.346250
-0.457359
-0.820073
0.676315
0.092923
0.172814
0.734996
-0.135538
0.255776
-0.495944
-0.129709
-0.106619
0.308751
-1.029724
-0.252193
0.229594
0.346250
-0.457359
-0.820073
0.676315
0.092923
0.172814
0.734996
-0.135538
0.255776
-0.495944
-0.129709
-0.106619
0.308751
-1.029724
-0.252193
0.229594
0.346250
-0.457359
-0.820073
0.676315
0.092923
0.172814
0.734996
-0.135538
0.255776
-0.495944
-0.129709
-0.106619
0.308751
-1.029724
-0.252193
0.229594
0.346250
-0.457359
-0.820073
0.676315
0.092923
0.172814
0.734996
-0.135538
0.255776
-0.495944
-0.129709
-0.106619
0.308751
-1.029724
-0.252193
0.229594
0.346250
-0.457359
-0.820073
0.676315
0.092923
0.172814
0.734996
-0.135538
0.255776
-0.495944
-0.129709
-0.106619
0.308751
-1.029724
-0.252193
0.229594
0.346250
-0.457359
-0.820073
0.676315
0.092923
0.172814
0.734996
-0.135538
0.255776
-0.495944
-0.129709
-0.106619
0.308751
-1.029724
-0.252193
0.229594
0.346250
-0.457359
-0.820073
0.676315
0.092923
0.172814
0.734996
-0.135538
0.255776
-0.495944
-0.129709
-0.106619
0.308751
-1.029724
-0.252193
0.229594
0.346250
-0.457359
-0.820073
0.676315
0.092923
0.172814
0.734996
-0.135538
0.255776
-0.495944
-0.129709
-0.106619
0.308751
-1.029724
-0.252193
0.229594
0.346250
-0.457359
-0.820073
0.676315
0.092923
0.172814
0.734996
-0.135538
0.255776
-0.495944
-0.129709
-0.106619
0.308751
-1.029724
-0.252193
0.229594
0.346250
-0.457359
-0.820073
0.676315
0.092923
0.172814
0.734996
-0.135538
0.255776
-0.495944
-0.129709
-0.106619
0.308751
-1.029724
-0.252193
0.229594
0.346250
-0.457359
-0.820073
0.676315
0.092923
0.172814
0.734996
-0.135538
0.255776
-0.495944
-0.129709
-0.106619
0.308751
-1.029724
-0.252193
0.229594
0.346250
-0.457359
-0.820073
0.676315
0.092923
0.172814
0.734996
-0.135538
0.255776
-0.495944
-0.129709
-0.106619
0.308751
-1.029724
-0.252193
