1.075775
0.083872
19.084492
-6.701357
-1.644786
-28.524021
-6.382197
2.307700
-12.977743
18.742907
16.415987
-22.189280
-25.293743
-21.231289
16.185377
-14.713661
3.069049
-0.400149
1629.684326
720.243835
-1224.822876
-2092.998291
-600.571777
-1811.692627
2000.824463
1561.637573
1500.280273
1675.923706
-1216.388794
-4165.711426
1584.780884
2718.732422
-0.380276
1.111040
-14.722090
2.028200
2.148166
18.707893
5.072174
-1.253197
8.970913
-9.713814
-11.603474
13.038404
21.042446
16.045258
-11.795549
8.812213
-0.309143
-3.584066
-1100.063721
-480.999329
822.175720
1412.608643
401.924133
1215.420288
-1345.247070
-1053.878540
-1006.093933
-1126.506958
819.708496
2808.133545
-1066.365601
-1829.537720
0.640457
1.900301
-92.321777
-37.031887
72.710442
120.396683
33.860020
105.975769
-120.270096
-90.962776
-89.462532
-97.666840
75.476868
244.068298
-96.343719
-159.539551
-4.239139
1.689954
-160.932678
-75.490204
122.053101
208.195114
62.893818
183.346481
-199.903137
-155.176743
-149.113281
-167.130066
118.826233
415.745819
-158.984512
-272.028717
-0.455225
0.370816
0.646667
0.419527
0.299574
-0.016397
-0.089266
-0.305426
0.023496
-0.744289
-0.188461
-0.463303
-0.509921
0.589274
0.188033
-0.716565
-0.455225
0.370816
0.646667
0.419527
0.299574
-0.016397
-0.089266
-0.305426
0.023496
-0.744289
-0.188461
-0.463303
-0.509921
0.589274
0.188033
-0.716565
-0.455225
0.370816
0.646667
0.419527
0.299574
-0.016397
-0.089266
-0.305426
0.023496
-0.744289
-0.188461
-0.463303
-0.509921
0.589274
0.188033
-0.716565
-0.455225
0.370816
0.646667
0.419527
0.299574
-0.016397
-0.089266
-0.305426
0.023496
-0.744289
-0.188461
-0.463303
-0.509921
0.589274
0.188033
-0.716565
-0.455225
0.370816
0.646667
0.419527
0.299574
-0.016397
-0.089266
-0.305426
0.023496
-0.744289
-0.188461
-0.463303
-0.509921
0.589274
0.188033
-0.716565
-0.455225
0.370816
0.646667
0.419527
0.299574
-0.016397
-0.089266
-0.305426
0.023496
-0.744289
-0.188461
-0.463303
-0.509921
0.589274
0.188033
-0.716565
-0.455225
0.370816
0.646667
0.419527
0.299574
-0.016397
-0.089266
-0.305426
0.023496
-0.744289
-0.188461
-0.463303
-0.509921
0.589274
0.188033
-0.716565
-0.455225
0.370816
0.646667
0.419527
0.299574
-0.016397
-0.089266
-0.305426
0.023496
-0.744289
-0.188461
-0.463303
-0.509921
0.589274
0.188033
-0.716565
-0.455225
0.370816
0.646667
0.419527
0.299574
-0.016397
-0.089266
-0.305426
0.023496
-0.744289
-0.188461
-0.463303
-0.509921
0.589274
0.188033
-0.716565
-0.455225
0.370816
0.646667
0.419527
0.299574
-0.016397
-0.089266
-0.305426
0.023496
-0.744289
-0.188461
-0.463303
-0.509921
0.589274
0.188033
-0.716565
-0.455225
0.370816
0.646667
0.419527
0.299574
-0.016397
-0.089266
-0.305426
0.023496
-0.744289
-0.188461
-0.463303
-0.509921
0.589274
0.188033
-0.716565
-0.455225
0.370816
0.646667
0.419527
0.299574
-0.016397
-0.089266
-0.305426
0.023496
-0.744289
-0.188461
-0.463303
-0.509921
0.589274
0.188033
-0.716565
-0.455225
0.370816
0.646667
0.419527
0.299574
-0.016397
-0.089266
-0.305426
0.023496
-0.744289
-0.188461
-0.463303
-0.509921
0.589274
0.188033
-0.716565
-0.455225
0.370816
0.646667
0.419527
0.299574
-0.016397
-0.089266
-0.305426
0.023496
-0.744289
-0.188461
-0.463303
-0.509921
0.589274
0.188033
-0.716565
