1.828906
-2.254186
7.178712
-15.404352
-25.772741
-4.213724
1.192965
9.880924
8.234180
15.434335
-14.024778
-25.826977
-27.294361
20.717461
-4.650112
-23.204895
2.177616
-5.911159
-77.226616
1808.357300
1552.672119
-1813.783081
1638.122314
-1150.702637
-786.170532
2417.097900
-881.146667
1963.520874
3221.701904
-2515.402100
-1830.605591
2252.257324
0.808464
0.400682
-4.546819
13.442590
17.615803
2.596890
1.689758
-6.754306
-8.083371
-10.190352
14.854951
20.759817
21.195969
-10.499640
2.767821
17.307098
-0.845609
2.808768
25.252668
-79.786987
-94.944931
65.271584
-90.117149
33.874138
64.534126
-103.246376
66.745796
-77.295570
-184.188980
77.057816
116.087395
-80.948761
-1.737902
2.791825
-13.254128
-112.461479
-74.527214
132.802307
-87.628380
88.486771
17.596718
-163.264465
31.567369
-133.449402
-171.183472
203.099518
87.118942
-163.661255
-0.387944
2.353017
53.760246
-1400.846558
-1194.783936
1407.108154
-1264.843750
896.730347
604.291748
-1869.480225
674.468323
-1523.412109
-2479.313965
1949.582642
1407.581299
-1745.495972
-0.380214
0.504036
-0.194167
-0.264196
-0.114984
0.011770
0.099248
0.087940
0.626779
-0.112027
-0.008123
-0.049571
-0.518653
0.051616
0.402197
0.366045
-0.380214
0.504036
-0.194167
-0.264196
-0.114984
0.011770
0.099248
0.087940
0.626779
-0.112027
-0.008123
-0.049571
-0.518653
0.051616
0.402197
0.366045
-0.380214
0.504036
-0.194167
-0.264196
-0.114984
0.011770
0.099248
0.087940
0.626779
-0.112027
-0.008123
-0.049571
-0.518653
0.051616
0.402197
0.366045
-0.380214
0.504036
-0.194167
-0.264196
-0.114984
0.011770
0.099248
0.087940
0.626779
-0.112027
-0.008123
-0.049571
-0.518653
0.051616
0.402197
0.366045
-0.380214
0.504036
-0.194167
-0.264196
-0.114984
0.011770
0.099248
0.087940
0.626779
-0.112027
-0.008123
-0.049571
-0.518653
0.051616
0.402197
0.366045
-0.380214
0.504036
-0.194167
-0.264196
-0.114984
0.011770
0.099248
0.087940
0.626779
-0.112027
-0.008123
-0.049571
-0.518653
0.051616
0.402197
0.366045
-0.380214
0.504036
-0.194167
-0.264196
-0.114984
0.011770
0.099248
0.087940
0.626779
-0.112027
-0.008123
-0.049571
-0.518653
0.051616
0.402197
0.366045
-0.380214
0.504036
-0.194167
-0.264196
-0.114984
0.011770
0.099248
0.087940
0.626779
-0.112027
-0.008123
-0.049571
-0.518653
0.051616
0.402197
0.366045
-0.380214
0.504036
-0.194167
-0.264196
-0.114984
0.011770
0.099248
0.087940
0.626779
-0.112027
-0.008123
-0.049571
-0.518653
0.051616
0.402197
0.366045
-0.380214
0.504036
-0.194167
-0.264196
-0.114984
0.011770
0.099248
0.087940
0.626779
-0.112027
-0.008123
-0.049571
-0.518653
0.051616
0.402197
0.366045
-0.380214
0.504036
-0.194167
-0.264196
-0.114984
0.011770
0.099248
0.087940
0.626779
-0.112027
-0.008123
-0.049571
-0.518653
0.051616
0.402197
0.366045
-0.380214
0.504036
-0.194167
-0.264196
-0.114984
0.011770
0.099248
0.087940
0.626779
-0.112027
-0.008123
-0.049571
-0.518653
0.051616
0.402197
0.366045
-0.380214
0.504036
-0.194167
-0.264196
-0.114984
0.011770
0.099248
0.087940
0.626779
-0.112027
-0.008123
-0.049571
-0.518653
0.051616
0.402197
0.366045
-0.380214
0.504036
-0.194167
-0.264196
-0.114984
0.011770
0.099248
0.087940
0.626779
-0.112027
-0.008123
-0.049571
-0.518653
0.051616
0.402197
0.366045
