-1.355497
-1.508591
18.948433
-0.576682
-0.594282
-33.081753
-5.354206
-17.026030
-30.265858
-0.847394
16.946880
-1.345124
3.210800
-25.083206
21.885830
-1.653685
2.824779
-0.420183
-14.415069
6.673358
0.547993
16.192078
4.063963
10.803363
18.726290
-4.459671
-9.975335
4.523625
-2.772177
14.495167
-10.297904
1.875764
-2.982814
-3.377174
1806.296753
594.765625
-1990.482178
-2514.841309
-4408.711914
1152.940796
3791.543701
-997.542664
1467.700562
20.930372
-2802.670898
-540.634277
2664.594238
1660.290649
0.087230
-1.490105
-1011.644836
-339.825745
1103.863770
1416.964844
2473.816650
-628.431335
-2132.419678
549.471008
-825.916138
-9.366901
1559.802490
312.773376
-1489.312500
-944.424927
2.497054
0.876718
-61.489944
-13.520839
70.515892
80.550514
143.598557
-47.568306
-123.329689
40.380531
-48.533382
5.951849
94.756447
11.885187
-92.018555
-47.211235
2.520039
1.066956
-106.907768
-28.620848
126.552582
135.834213
247.822525
-85.528633
-212.870743
74.162010
-84.505905
4.280715
167.361893
18.928791
-157.677582
-86.247253
0.147871
-0.968932
-258.989685
-96.376343
276.288483
375.260559
647.790771
-141.750473
-554.546143
119.534531
-209.967438
-16.205349
407.424561
92.324417
-374.977600
-252.104126
-0.476712
-0.061466
-0.271858
0.230221
0.475683
0.819068
0.351831
-0.400581
-0.678663
-0.913844
-0.449010
-0.319347
-0.090747
0.207747
-0.597074
-0.582055
-0.476712
-0.061466
-0.271858
0.230221
0.475683
0.819068
0.351831
-0.400581
-0.678663
-0.913844
-0.449010
-0.319347
-0.090747
0.207747
-0.597074
-0.582055
-0.476712
-0.061466
-0.271858
0.230221
0.475683
0.819068
0.351831
-0.400581
-0.678663
-0.913844
-0.449010
-0.319347
-0.090747
0.207747
-0.597074
-0.582055
-0.476712
-0.061466
-0.271858
0.230221
0.475683
0.819068
0.351831
-0.400581
-0.678663
-0.913844
-0.449010
-0.319347
-0.090747
0.207747
-0.597074
-0.582055
-0.476712
-0.061466
-0.271858
0.230221
0.475683
0.819068
0.351831
-0.400581
-0.678663
-0.913844
-0.449010
-0.319347
-0.090747
0.207747
-0.597074
-0.582055
-0.476712
-0.061466
-0.271858
0.230221
0.475683
0.819068
0.351831
-0.400581
-0.678663
-0.913844
-0.449010
-0.319347
-0.090747
0.207747
-0.597074
-0.582055
-0.476712
-0.061466
-0.271858
0.230221
0.475683
0.819068
0.351831
-0.400581
-0.678663
-0.913844
-0.449010
-0.319347
-0.090747
0.207747
-0.597074
-0.582055
-0.476712
-0.061466
-0.271858
0.230221
0.475683
0.819068
0.351831
-0.400581
-0.678663
-0.913844
-0.449010
-0.319347
-0.090747
0.207747
-0.597074
-0.582055
-0.476712
-0.061466
-0.271858
0.230221
0.475683
0.819068
0.351831
-0.400581
-0.678663
-0.913844
-0.449010
-0.319347
-0.090747
0.207747
-0.597074
-0.582055
-0.476712
-0.061466
-0.271858
0.230221
0.475683
0.819068
0.351831
-0.400581
-0.678663
-0.913844
-0.449010
-0.319347
-0.090747
0.207747
-0.597074
-0.582055
-0.476712
-0.061466
-0.271858
0.230221
0.475683
0.819068
0.351831
-0.400581
-0.678663
-0.913844
-0.449010
-0.319347
-0.090747
0.207747
-0.597074
-0.582055
-0.476712
-0.061466
-0.271858
0.230221
0.475683
0.819068
0.351831
-0.400581
-0.678663
-0.913844
-0.449010
-0.319347
-0.090747
0.207747
-0.597074
-0.582055
-0.476712
-0.061466
-0.271858
0.230221
0.475683
0.819068
0.351831
-0.400581
-0.678663
-0.913844
-0.449010
-0.319347
-0.090747
0.207747
-0.597074
-0.582055
