-1.478765
-4.076155
326.782257
-43.965904
455.045410
-415.175842
187.723541
-219.197067
999.357483
-741.272766
-182.328171
188.232651
366.299988
177.440231
-386.241455
687.908081
-2.423497
0.066323
-21.185894
3.964390
-4.526469
22.279703
-6.300609
7.613356
-19.872536
62.749783
7.406307
-3.188988
-22.801271
5.424049
-9.961316
-35.444321
-0.776134
1.887166
-245.957245
44.569489
-377.610046
351.934937
-137.832184
198.340332
-808.026489
568.709167
133.862244
-180.775848
-279.460541
-157.679169
331.483490
-551.799377
0.348634
0.629570
-0.076440
-0.451187
-0.270809
0.361868
0.010909
0.272873
-0.410240
0.484719
0.008323
-0.241765
0.085998
0.001370
-0.125137
-0.303421
0.348634
0.629570
-0.076440
-0.451187
-0.270809
0.361868
0.010909
0.272873
-0.410240
0.484719
0.008323
-0.241765
0.085998
0.001370
-0.125137
-0.303421
0.348634
0.629570
-0.076440
-0.451187
-0.270809
0.361868
0.010909
0.272873
-0.410240
0.484719
0.008323
-0.241765
0.085998
0.001370
-0.125137
-0.303421
0.348634
0.629570
-0.076440
-0.451187
-0.270809
0.361868
0.010909
0.272873
-0.410240
0.484719
0.008323
-0.241765
0.085998
0.001370
-0.125137
-0.303421
0.348634
0.629570
-0.076440
-0.451187
-0.270809
0.361868
0.010909
0.272873
-0.410240
0.484719
0.008323
-0.241765
0.085998
0.001370
-0.125137
-0.303421
0.348634
0.629570
-0.076440
-0.451187
-0.270809
0.361868
0.010909
0.272873
-0.410240
0.484719
0.008323
-0.241765
0.085998
0.001370
-0.125137
-0.303421
0.348634
0.629570
-0.076440
-0.451187
-0.270809
0.361868
0.010909
0.272873
-0.410240
0.484719
0.008323
-0.241765
0.085998
0.001370
-0.125137
-0.303421
0.348634
0.629570
-0.076440
-0.451187
-0.270809
0.361868
0.010909
0.272873
-0.410240
0.484719
0.008323
-0.241765
0.085998
0.001370
-0.125137
-0.303421
0.348634
0.629570
-0.076440
-0.451187
-0.270809
0.361868
0.010909
0.272873
-0.410240
0.484719
0.008323
-0.241765
0.085998
0.001370
-0.125137
-0.303421
0.348634
0.629570
-0.076440
-0.451187
-0.270809
0.361868
0.010909
0.272873
-0.410240
0.484719
0.008323
-0.241765
0.085998
0.001370
-0.125137
-0.303421
0.348634
0.629570
-0.076440
-0.451187
-0.270809
0.361868
0.010909
0.272873
-0.410240
0.484719
0.008323
-0.241765
0.085998
0.001370
-0.125137
-0.303421
0.348634
0.629570
-0.076440
-0.451187
-0.270809
0.361868
0.010909
0.272873
-0.410240
0.484719
0.008323
-0.241765
0.085998
0.001370
-0.125137
-0.303421
0.348634
0.629570
-0.076440
-0.451187
-0.270809
0.361868
0.010909
0.272873
-0.410240
0.484719
0.008323
-0.241765
0.085998
0.001370
-0.125137
-0.303421
0.348634
0.629570
-0.076440
-0.451187
-0.270809
0.361868
0.010909
0.272873
-0.410240
0.484719
0.008323
-0.241765
0.085998
0.001370
-0.125137
-0.303421
0.348634
0.629570
-0.076440
-0.451187
-0.270809
0.361868
0.010909
0.272873
-0.410240
0.484719
0.008323
-0.241765
0.085998
0.001370
-0.125137
-0.303421
0.348634
0.629570
-0.076440
-0.451187
-0.270809
0.361868
0.010909
0.272873
-0.410240
0.484719
0.008323
-0.241765
0.085998
0.001370
-0.125137
-0.303421
0.348634
0.629570
-0.076440
-0.451187
-0.270809
0.361868
0.010909
0.272873
-0.410240
0.484719
0.008323
-0.241765
0.085998
0.001370
-0.125137
-0.303421
