1.050781
-2.445623
-253.088272
-113.961441
-472.625458
-609.281494
-431.967651
-364.090912
-347.944061
-617.705383
526.305847
73.095879
327.641479
-139.114288
203.239624
464.443420
-2.252913
0.217881
14.599988
-7.120076
46.770370
12.213169
33.633991
-2.188247
41.574268
14.331091
-27.699409
15.353874
-8.993298
18.117575
-25.460718
-15.213396
1.254100
0.593937
13.311489
19.871243
-1.202155
58.750355
10.490326
44.200794
-8.473266
52.813835
-26.987005
-31.182997
-26.875969
-6.349646
10.657499
-37.558990
-0.129368
5.328778
195.609818
91.401604
357.246765
482.422913
326.247650
294.091644
260.932861
486.416016
-408.922791
-62.864841
-259.597565
106.179794
-151.207672
-367.552216
-0.156160
0.181845
-0.242654
0.196123
0.125463
0.064774
0.375179
0.114230
0.025848
0.047867
-0.583307
-0.014150
0.076797
-0.271356
0.065851
-0.273804
-0.156160
0.181845
-0.242654
0.196123
0.125463
0.064774
0.375179
0.114230
0.025848
0.047867
-0.583307
-0.014150
0.076797
-0.271356
0.065851
-0.273804
-0.156160
0.181845
-0.242654
0.196123
0.125463
0.064774
0.375179
0.114230
0.025848
0.047867
-0.583307
-0.014150
0.076797
-0.271356
0.065851
-0.273804
-0.156160
0.181845
-0.242654
0.196123
0.125463
0.064774
0.375179
0.114230
0.025848
0.047867
-0.583307
-0.014150
0.076797
-0.271356
0.065851
-0.273804
-0.156160
0.181845
-0.242654
0.196123
0.125463
0.064774
0.375179
0.114230
0.025848
0.047867
-0.583307
-0.014150
0.076797
-0.271356
0.065851
-0.273804
-0.156160
0.181845
-0.242654
0.196123
0.125463
0.064774
0.375179
0.114230
0.025848
0.047867
-0.583307
-0.014150
0.076797
-0.271356
0.065851
-0.273804
-0.156160
0.181845
-0.242654
0.196123
0.125463
0.064774
0.375179
0.114230
0.025848
0.047867
-0.583307
-0.014150
0.076797
-0.271356
0.065851
-0.273804
-0.156160
0.181845
-0.242654
0.196123
0.125463
0.064774
0.375179
0.114230
0.025848
0.047867
-0.583307
-0.014150
0.076797
-0.271356
0.065851
-0.273804
-0.156160
0.181845
-0.242654
0.196123
0.125463
0.064774
0.375179
0.114230
0.025848
0.047867
-0.583307
-0.014150
0.076797
-0.271356
0.065851
-0.273804
-0.156160
0.181845
-0.242654
0.196123
0.125463
0.064774
0.375179
0.114230
0.025848
0.047867
-0.583307
-0.014150
0.076797
-0.271356
0.065851
-0.273804
-0.156160
0.181845
-0.242654
0.196123
0.125463
0.064774
0.375179
0.114230
0.025848
0.047867
-0.583307
-0.014150
0.076797
-0.271356
0.065851
-0.273804
-0.156160
0.181845
-0.242654
0.196123
0.125463
0.064774
0.375179
0.114230
0.025848
0.047867
-0.583307
-0.014150
0.076797
-0.271356
0.065851
-0.273804
-0.156160
0.181845
-0.242654
0.196123
0.125463
0.064774
0.375179
0.114230
0.025848
0.047867
-0.583307
-0.014150
0.076797
-0.271356
0.065851
-0.273804
-0.156160
0.181845
-0.242654
0.196123
0.125463
0.064774
0.375179
0.114230
0.025848
0.047867
-0.583307
-0.014150
0.076797
-0.271356
0.065851
-0.273804
-0.156160
0.181845
-0.242654
0.196123
0.125463
0.064774
0.375179
0.114230
0.025848
0.047867
-0.583307
-0.014150
0.076797
-0.271356
0.065851
-0.273804
-0.156160
0.181845
-0.242654
0.196123
0.125463
0.064774
0.375179
0.114230
0.025848
0.047867
-0.583307
-0.014150
0.076797
-0.271356
0.065851
-0.273804
