-0.192139
0.709460
-5.222571
1.503684
6.254449
0.011922
2.507967
4.629045
-1.779607
-3.023166
-4.670742
3.423412
-3.213875
4.324389
-0.997260
-1.200877
0.695491
-1.950463
-12.357913
-7.828930
13.711217
14.682750
-2.307874
-1.436079
10.053890
-5.536816
-10.795133
-8.301517
-1.750572
-2.852155
-3.920793
-3.893401
1.820425
1.058029
46.304897
164.492508
-427.413635
776.136658
-52.672813
430.839447
-444.257935
493.680328
-106.402641
-554.905823
-160.095825
-205.996948
383.398254
-456.664246
-0.845762
-1.533229
-4.556123
-9.886988
8.726820
-36.709831
-5.267172
-17.679066
10.348303
-29.357374
9.782094
24.468168
11.437940
2.779738
-14.001607
24.778151
0.133186
0.979907
-32.578266
-117.767052
321.086365
-568.821960
41.950741
-317.535065
332.697144
-358.603729
76.689560
408.043854
114.841713
154.647842
-284.921326
332.162018
-4.032711
-2.007719
-0.838338
-11.602457
42.800568
-45.422192
12.397025
-29.190212
42.340038
-25.388945
-1.505976
39.343719
8.082420
17.055420
-33.477741
26.906149
0.921779
0.232366
0.397880
0.145436
-0.192448
-0.465204
-0.411053
-0.585356
0.068955
-0.245795
0.299711
-0.170335
-0.230598
0.185317
-0.471885
0.028171
0.921779
0.232366
0.397880
0.145436
-0.192448
-0.465204
-0.411053
-0.585356
0.068955
-0.245795
0.299711
-0.170335
-0.230598
0.185317
-0.471885
0.028171
0.921779
0.232366
0.397880
0.145436
-0.192448
-0.465204
-0.411053
-0.585356
0.068955
-0.245795
0.299711
-0.170335
-0.230598
0.185317
-0.471885
0.028171
0.921779
0.232366
0.397880
0.145436
-0.192448
-0.465204
-0.411053
-0.585356
0.068955
-0.245795
0.299711
-0.170335
-0.230598
0.185317
-0.471885
0.028171
0.921779
0.232366
0.397880
0.145436
-0.192448
-0.465204
-0.411053
-0.585356
0.068955
-0.245795
0.299711
-0.170335
-0.230598
0.185317
-0.471885
0.028171
0.921779
0.232366
0.397880
0.145436
-0.192448
-0.465204
-0.411053
-0.585356
0.068955
-0.245795
0.299711
-0.170335
-0.230598
0.185317
-0.471885
0.028171
0.921779
0.232366
0.397880
0.145436
-0.192448
-0.465204
-0.411053
-0.585356
0.068955
-0.245795
0.299711
-0.170335
-0.230598
0.185317
-0.471885
0.028171
0.921779
0.232366
0.397880
0.145436
-0.192448
-0.465204
-0.411053
-0.585356
0.068955
-0.245795
0.299711
-0.170335
-0.230598
0.185317
-0.471885
0.028171
0.921779
0.232366
0.397880
0.145436
-0.192448
-0.465204
-0.411053
-0.585356
0.068955
-0.245795
0.299711
-0.170335
-0.230598
0.185317
-0.471885
0.028171
0.921779
0.232366
0.397880
0.145436
-0.192448
-0.465204
-0.411053
-0.585356
0.068955
-0.245795
0.299711
-0.170335
-0.230598
0.185317
-0.471885
0.028171
0.921779
0.232366
0.397880
0.145436
-0.192448
-0.465204
-0.411053
-0.585356
0.068955
-0.245795
0.299711
-0.170335
-0.230598
0.185317
-0.471885
0.028171
0.921779
0.232366
0.397880
0.145436
-0.192448
-0.465204
-0.411053
-0.585356
0.068955
-0.245795
0.299711
-0.170335
-0.230598
0.185317
-0.471885
0.028171
0.921779
0.232366
0.397880
0.145436
-0.192448
-0.465204
-0.411053
-0.585356
0.068955
-0.245795
0.299711
-0.170335
-0.230598
0.185317
-0.471885
0.028171
0.921779
0.232366
0.397880
0.145436
-0.192448
-0.465204
-0.411053
-0.585356
0.068955
-0.245795
0.299711
-0.170335
-0.230598
0.185317
-0.471885
0.028171
