-0.259402
-0.000843
6.001590
5.499220
-5.450785
-5.418619
2.599935
-4.636176
-2.936433
3.521544
8.093990
2.004431
4.831118
0.024261
0.586458
3.191129
1.246145
-2.101122
-40.209980
185.236176
-628.403381
731.939453
-238.083984
433.393860
-583.249634
566.837891
119.207611
-618.015381
-108.580086
-271.294220
533.752441
-481.333527
0.602212
-0.455590
4.839895
-25.419380
62.947720
-111.556297
23.775707
-58.136074
61.869419
-81.289986
-0.748313
80.522003
18.134014
35.012421
-61.292591
76.472160
-1.461335
2.657679
21.331106
-114.597908
376.027710
-450.096588
138.115250
-266.158936
346.253418
-351.683289
-63.112301
379.558136
70.017052
160.312225
-317.754700
296.098297
-0.804373
1.447643
7.150615
-12.445457
56.615788
-32.930492
25.169230
-21.592745
49.058769
-25.588921
-23.368557
37.015392
-0.453772
19.495886
-45.042736
20.769159
0.386940
0.497275
-0.067972
0.299780
0.159445
0.107465
0.156193
-0.147164
0.361748
-0.451298
-0.701859
0.382903
0.144286
0.477218
0.272108
-0.066279
0.386940
0.497275
-0.067972
0.299780
0.159445
0.107465
0.156193
-0.147164
0.361748
-0.451298
-0.701859
0.382903
0.144286
0.477218
0.272108
-0.066279
0.386940
0.497275
-0.067972
0.299780
0.159445
0.107465
0.156193
-0.147164
0.361748
-0.451298
-0.701859
0.382903
0.144286
0.477218
0.272108
-0.066279
0.386940
0.497275
-0.067972
0.299780
0.159445
0.107465
0.156193
-0.147164
0.361748
-0.451298
-0.701859
0.382903
0.144286
0.477218
0.272108
-0.066279
0.386940
0.497275
-0.067972
0.299780
0.159445
0.107465
0.156193
-0.147164
0.361748
-0.451298
-0.701859
0.382903
0.144286
0.477218
0.272108
-0.066279
0.386940
0.497275
-0.067972
0.299780
0.159445
0.107465
0.156193
-0.147164
0.361748
-0.451298
-0.701859
0.382903
0.144286
0.477218
0.272108
-0.066279
0.386940
0.497275
-0.067972
0.299780
0.159445
0.107465
0.156193
-0.147164
0.361748
-0.451298
-0.701859
0.382903
0.144286
0.477218
0.272108
-0.066279
0.386940
0.497275
-0.067972
0.299780
0.159445
0.107465
0.156193
-0.147164
0.361748
-0.451298
-0.701859
0.382903
0.144286
0.477218
0.272108
-0.066279
0.386940
0.497275
-0.067972
0.299780
0.159445
0.107465
0.156193
-0.147164
0.361748
-0.451298
-0.701859
0.382903
0.144286
0.477218
0.272108
-0.066279
0.386940
0.497275
-0.067972
0.299780
0.159445
0.107465
0.156193
-0.147164
0.361748
-0.451298
-0.701859
0.382903
0.144286
0.477218
0.272108
-0.066279
0.386940
0.497275
-0.067972
0.299780
0.159445
0.107465
0.156193
-0.147164
0.361748
-0.451298
-0.701859
0.382903
0.144286
0.477218
0.272108
-0.066279
0.386940
0.497275
-0.067972
0.299780
0.159445
0.107465
0.156193
-0.147164
0.361748
-0.451298
-0.701859
0.382903
0.144286
0.477218
0.272108
-0.066279
0.386940
0.497275
-0.067972
0.299780
0.159445
0.107465
0.156193
-0.147164
0.361748
-0.451298
-0.701859
0.382903
0.144286
0.477218
0.272108
-0.066279
0.386940
0.497275
-0.067972
0.299780
0.159445
0.107465
0.156193
-0.147164
0.361748
-0.451298
-0.701859
0.382903
0.144286
0.477218
0.272108
-0.066279
0.386940
0.497275
-0.067972
0.299780
0.159445
0.107465
0.156193
-0.147164
0.361748
-0.451298
-0.701859
0.382903
0.144286
0.477218
0.272108
-0.066279
