0.437339
2.686651
-7.416186
6.487121
4.658033
-8.814008
-3.476949
-0.099582
4.523866
-0.233985
-5.547864
-1.259375
-2.200670
-6.517715
-9.712111
-1.434237
0.351557
0.602727
4.498340
-7.215980
-5.877088
5.913451
-5.984400
-2.759436
5.570507
1.321728
2.530304
-7.540988
1.233733
-4.784225
3.853267
-0.526933
-1.653615
-0.852278
-87.496819
-186.165115
455.517761
-620.074158
217.659653
-431.112305
552.816650
-595.003540
-57.536762
532.443970
117.321419
237.309525
-448.066711
458.370453
1.920806
-0.882589
8.665477
6.621049
-18.250296
36.054245
-8.541365
21.904478
-24.465574
33.909981
1.601850
-27.427362
-7.789056
-9.241504
21.497066
-23.340866
-0.454474
1.823233
65.948837
148.452911
-357.783966
485.324005
-167.203995
340.040588
-437.795441
471.753326
42.955276
-419.854309
-92.206978
-184.313828
348.678711
-359.170258
-0.356675
-0.177936
-0.018904
-0.054794
0.057797
-0.045189
-0.104121
0.659685
-0.338015
0.344530
0.387935
-0.263261
-0.121299
-0.397536
0.281209
0.014196
-0.356675
-0.177936
-0.018904
-0.054794
0.057797
-0.045189
-0.104121
0.659685
-0.338015
0.344530
0.387935
-0.263261
-0.121299
-0.397536
0.281209
0.014196
-0.356675
-0.177936
-0.018904
-0.054794
0.057797
-0.045189
-0.104121
0.659685
-0.338015
0.344530
0.387935
-0.263261
-0.121299
-0.397536
0.281209
0.014196
-0.356675
-0.177936
-0.018904
-0.054794
0.057797
-0.045189
-0.104121
0.659685
-0.338015
0.344530
0.387935
-0.263261
-0.121299
-0.397536
0.281209
0.014196
-0.356675
-0.177936
-0.018904
-0.054794
0.057797
-0.045189
-0.104121
0.659685
-0.338015
0.344530
0.387935
-0.263261
-0.121299
-0.397536
0.281209
0.014196
-0.356675
-0.177936
-0.018904
-0.054794
0.057797
-0.045189
-0.104121
0.659685
-0.338015
0.344530
0.387935
-0.263261
-0.121299
-0.397536
0.281209
0.014196
-0.356675
-0.177936
-0.018904
-0.054794
0.057797
-0.045189
-0.104121
0.659685
-0.338015
0.344530
0.387935
-0.263261
-0.121299
-0.397536
0.281209
0.014196
-0.356675
-0.177936
-0.018904
-0.054794
0.057797
-0.045189
-0.104121
0.659685
-0.338015
0.344530
0.387935
-0.263261
-0.121299
-0.397536
0.281209
0.014196
-0.356675
-0.177936
-0.018904
-0.054794
0.057797
-0.045189
-0.104121
0.659685
-0.338015
0.344530
0.387935
-0.263261
-0.121299
-0.397536
0.281209
0.014196
-0.356675
-0.177936
-0.018904
-0.054794
0.057797
-0.045189
-0.104121
0.659685
-0.338015
0.344530
0.387935
-0.263261
-0.121299
-0.397536
0.281209
0.014196
-0.356675
-0.177936
-0.018904
-0.054794
0.057797
-0.045189
-0.104121
0.659685
-0.338015
0.344530
0.387935
-0.263261
-0.121299
-0.397536
0.281209
0.014196
-0.356675
-0.177936
-0.018904
-0.054794
0.057797
-0.045189
-0.104121
0.659685
-0.338015
0.344530
0.387935
-0.263261
-0.121299
-0.397536
0.281209
0.014196
-0.356675
-0.177936
-0.018904
-0.054794
0.057797
-0.045189
-0.104121
0.659685
-0.338015
0.344530
0.387935
-0.263261
-0.121299
-0.397536
0.281209
0.014196
-0.356675
-0.177936
-0.018904
-0.054794
0.057797
-0.045189
-0.104121
0.659685
-0.338015
0.344530
0.387935
-0.263261
-0.121299
-0.397536
0.281209
0.014196
-0.356675
-0.177936
-0.018904
-0.054794
0.057797
-0.045189
-0.104121
0.659685
-0.338015
0.344530
0.387935
-0.263261
-0.121299
-0.397536
0.281209
0.014196
