-1.512320
-2.167842
509.497559
-564.315430
63.483429
720.965515
546.284180
660.994995
-172.222839
-1690.894531
367.667664
331.017242
72.040199
772.258850
166.085922
-207.309540
1.056136
0.721551
-2.833572
0.488911
5.200744
-0.337173
-2.429019
3.490054
1.085170
-3.220171
-4.899899
3.307818
-5.797314
-2.045175
-0.544696
-0.673293
-0.264582
-0.918169
-24.662994
14.365643
2.427543
-30.171865
-16.716066
-22.576321
-4.756997
69.006073
-14.370312
-19.873882
4.203659
-33.465256
-9.857901
9.778067
-1.308785
-1.280700
-258.555145
302.730927
-43.661541
-381.967834
-287.012787
-343.303070
97.396507
888.854797
-194.566711
-172.086487
-39.679611
-406.759033
-82.681412
109.805458
0.838609
2.358413
-42.019691
25.139013
4.320343
-42.932522
-20.969833
-43.266701
-5.900971
100.582413
-22.592312
-22.152327
1.136226
-46.361343
-13.375571
15.418837
1.887121
0.248257
-78.954704
96.888245
-14.562607
-114.713844
-99.157341
-106.097969
42.927395
275.382843
-62.293278
-51.070217
-17.732824
-123.974274
-27.684753
32.834759
1.193371
1.071079
0.074413
0.044697
0.197699
-0.674175
-0.128537
-0.471193
-0.083007
0.293630
0.673453
0.207722
-0.093959
0.186457
0.346030
-0.270678
1.193371
1.071079
0.074413
0.044697
0.197699
-0.674175
-0.128537
-0.471193
-0.083007
0.293630
0.673453
0.207722
-0.093959
0.186457
0.346030
-0.270678
1.193371
1.071079
0.074413
0.044697
0.197699
-0.674175
-0.128537
-0.471193
-0.083007
0.293630
0.673453
0.207722
-0.093959
0.186457
0.346030
-0.270678
1.193371
1.071079
0.074413
0.044697
0.197699
-0.674175
-0.128537
-0.471193
-0.083007
0.293630
0.673453
0.207722
-0.093959
0.186457
0.346030
-0.270678
1.193371
1.071079
0.074413
0.044697
0.197699
-0.674175
-0.128537
-0.471193
-0.083007
0.293630
0.673453
0.207722
-0.093959
0.186457
0.346030
-0.270678
1.193371
1.071079
0.074413
0.044697
0.197699
-0.674175
-0.128537
-0.471193
-0.083007
0.293630
0.673453
0.207722
-0.093959
0.186457
0.346030
-0.270678
1.193371
1.071079
0.074413
0.044697
0.197699
-0.674175
-0.128537
-0.471193
-0.083007
0.293630
0.673453
0.207722
-0.093959
0.186457
0.346030
-0.270678
1.193371
1.071079
0.074413
0.044697
0.197699
-0.674175
-0.128537
-0.471193
-0.083007
0.293630
0.673453
0.207722
-0.093959
0.186457
0.346030
-0.270678
1.193371
1.071079
0.074413
0.044697
0.197699
-0.674175
-0.128537
-0.471193
-0.083007
0.293630
0.673453
0.207722
-0.093959
0.186457
0.346030
-0.270678
1.193371
1.071079
0.074413
0.044697
0.197699
-0.674175
-0.128537
-0.471193
-0.083007
0.293630
0.673453
0.207722
-0.093959
0.186457
0.346030
-0.270678
1.193371
1.071079
0.074413
0.044697
0.197699
-0.674175
-0.128537
-0.471193
-0.083007
0.293630
0.673453
0.207722
-0.093959
0.186457
0.346030
-0.270678
1.193371
1.071079
0.074413
0.044697
0.197699
-0.674175
-0.128537
-0.471193
-0.083007
0.293630
0.673453
0.207722
-0.093959
0.186457
0.346030
-0.270678
1.193371
1.071079
0.074413
0.044697
0.197699
-0.674175
-0.128537
-0.471193
-0.083007
0.293630
0.673453
0.207722
-0.093959
0.186457
0.346030
-0.270678
1.193371
1.071079
0.074413
0.044697
0.197699
-0.674175
-0.128537
-0.471193
-0.083007
0.293630
0.673453
0.207722
-0.093959
0.186457
0.346030
-0.270678
