0.327728
0.585133
-6.673208
3.595301
8.336554
0.230774
3.483399
2.072094
-4.349614
-0.804788
-5.994828
3.519949
1.700563
2.299511
-4.153474
-3.088890
0.019667
2.037698
277.569794
707.307007
-455.892792
-197.336288
-859.715271
268.937164
1704.074463
462.282562
-351.317322
-53.421619
-698.683777
-107.685509
-90.856308
54.313175
1.666712
-1.294481
-212.574249
-533.117249
344.270569
160.797653
642.672913
-200.789505
-1266.163086
-341.806396
256.825897
42.179821
522.817139
92.763687
64.866325
-34.694412
-3.707216
-3.371799
-12.821737
-39.475670
26.586897
7.271712
52.921936
-12.088567
-99.575714
-39.437233
21.874540
8.760306
38.064301
2.693987
4.884636
-3.768602
0.112012
0.002993
0.204696
-0.317628
0.179183
0.291307
0.646439
-0.196164
-0.095318
-0.148459
-0.738974
-0.375480
0.440994
-0.017104
0.100907
-0.228998
0.112012
0.002993
0.204696
-0.317628
0.179183
0.291307
0.646439
-0.196164
-0.095318
-0.148459
-0.738974
-0.375480
0.440994
-0.017104
0.100907
-0.228998
0.112012
0.002993
0.204696
-0.317628
0.179183
0.291307
0.646439
-0.196164
-0.095318
-0.148459
-0.738974
-0.375480
0.440994
-0.017104
0.100907
-0.228998
0.112012
0.002993
0.204696
-0.317628
0.179183
0.291307
0.646439
-0.196164
-0.095318
-0.148459
-0.738974
-0.375480
0.440994
-0.017104
0.100907
-0.228998
0.112012
0.002993
0.204696
-0.317628
0.179183
0.291307
0.646439
-0.196164
-0.095318
-0.148459
-0.738974
-0.375480
0.440994
-0.017104
0.100907
-0.228998
0.112012
0.002993
0.204696
-0.317628
0.179183
0.291307
0.646439
-0.196164
-0.095318
-0.148459
-0.738974
-0.375480
0.440994
-0.017104
0.100907
-0.228998
0.112012
0.002993
0.204696
-0.317628
0.179183
0.291307
0.646439
-0.196164
-0.095318
-0.148459
-0.738974
-0.375480
0.440994
-0.017104
0.100907
-0.228998
0.112012
0.002993
0.204696
-0.317628
0.179183
0.291307
0.646439
-0.196164
-0.095318
-0.148459
-0.738974
-0.375480
0.440994
-0.017104
0.100907
-0.228998
0.112012
0.002993
0.204696
-0.317628
0.179183
0.291307
0.646439
-0.196164
-0.095318
-0.148459
-0.738974
-0.375480
0.440994
-0.017104
0.100907
-0.228998
0.112012
0.002993
0.204696
-0.317628
0.179183
0.291307
0.646439
-0.196164
-0.095318
-0.148459
-0.738974
-0.375480
0.440994
-0.017104
0.100907
-0.228998
0.112012
0.002993
0.204696
-0.317628
0.179183
0.291307
0.646439
-0.196164
-0.095318
-0.148459
-0.738974
-0.375480
0.440994
-0.017104
0.100907
-0.228998
0.112012
0.002993
0.204696
-0.317628
0.179183
0.291307
0.646439
-0.196164
-0.095318
-0.148459
-0.738974
-0.375480
0.440994
-0.017104
0.100907
-0.228998
0.112012
0.002993
0.204696
-0.317628
0.179183
0.291307
0.646439
-0.196164
-0.095318
-0.148459
-0.738974
-0.375480
0.440994
-0.017104
0.100907
-0.228998
0.112012
0.002993
0.204696
-0.317628
0.179183
0.291307
0.646439
-0.196164
-0.095318
-0.148459
-0.738974
-0.375480
0.440994
-0.017104
0.100907
-0.228998
0.112012
0.002993
0.204696
-0.317628
0.179183
0.291307
0.646439
-0.196164
-0.095318
-0.148459
-0.738974
-0.375480
0.440994
-0.017104
0.100907
-0.228998
0.112012
0.002993
0.204696
-0.317628
0.179183
0.291307
0.646439
-0.196164
-0.095318
-0.148459
-0.738974
-0.375480
0.440994
-0.017104
0.100907
-0.228998
