-0.586044
-0.375439
1.277041
8.652838
3.488528
-5.660619
3.234124
-2.376252
-3.788630
2.990301
1.851463
6.914955
3.028525
-0.400899
-3.888167
2.154915
-0.557838
2.494102
-78.038857
780.462036
-354.285889
-227.479431
-774.239319
-211.910278
1462.798828
1328.583618
-328.275024
-118.557022
-594.818909
-554.486633
-123.559158
27.255129
-2.395371
-1.408290
33.137093
-271.026520
116.119736
89.032562
265.374420
80.451645
-486.930481
-473.344940
111.558983
41.614952
200.597336
199.517654
42.531727
-7.299133
2.937845
1.997047
6.056173
-41.290554
15.990473
11.525859
37.574776
11.343755
-66.647232
-69.764412
14.786234
9.510821
25.453678
30.376978
7.069109
-0.219896
4.720799
-2.051995
3.117568
-50.334766
21.942070
13.664446
50.695679
14.835033
-101.711761
-75.923744
20.699219
9.081853
42.407326
32.892483
4.620201
-4.474071
-1.870032
0.726192
32.554615
-236.886368
110.249741
68.284264
230.139908
68.442055
-445.855286
-419.207947
104.140358
37.103409
185.676743
182.382309
35.548668
-10.098708
0.298735
0.682670
-0.259907
0.244975
0.499533
0.333295
0.436961
0.402547
0.271426
-0.875156
-0.037605
0.241633
-0.219069
-0.069369
-0.319058
0.070583
0.298735
0.682670
-0.259907
0.244975
0.499533
0.333295
0.436961
0.402547
0.271426
-0.875156
-0.037605
0.241633
-0.219069
-0.069369
-0.319058
0.070583
0.298735
0.682670
-0.259907
0.244975
0.499533
0.333295
0.436961
0.402547
0.271426
-0.875156
-0.037605
0.241633
-0.219069
-0.069369
-0.319058
0.070583
0.298735
0.682670
-0.259907
0.244975
0.499533
0.333295
0.436961
0.402547
0.271426
-0.875156
-0.037605
0.241633
-0.219069
-0.069369
-0.319058
0.070583
0.298735
0.682670
-0.259907
0.244975
0.499533
0.333295
0.436961
0.402547
0.271426
-0.875156
-0.037605
0.241633
-0.219069
-0.069369
-0.319058
0.070583
0.298735
0.682670
-0.259907
0.244975
0.499533
0.333295
0.436961
0.402547
0.271426
-0.875156
-0.037605
0.241633
-0.219069
-0.069369
-0.319058
0.070583
0.298735
0.682670
-0.259907
0.244975
0.499533
0.333295
0.436961
0.402547
0.271426
-0.875156
-0.037605
0.241633
-0.219069
-0.069369
-0.319058
0.070583
0.298735
0.682670
-0.259907
0.244975
0.499533
0.333295
0.436961
0.402547
0.271426
-0.875156
-0.037605
0.241633
-0.219069
-0.069369
-0.319058
0.070583
0.298735
0.682670
-0.259907
0.244975
0.499533
0.333295
0.436961
0.402547
0.271426
-0.875156
-0.037605
0.241633
-0.219069
-0.069369
-0.319058
0.070583
0.298735
0.682670
-0.259907
0.244975
0.499533
0.333295
0.436961
0.402547
0.271426
-0.875156
-0.037605
0.241633
-0.219069
-0.069369
-0.319058
0.070583
0.298735
0.682670
-0.259907
0.244975
0.499533
0.333295
0.436961
0.402547
0.271426
-0.875156
-0.037605
0.241633
-0.219069
-0.069369
-0.319058
0.070583
0.298735
0.682670
-0.259907
0.244975
0.499533
0.333295
0.436961
0.402547
0.271426
-0.875156
-0.037605
0.241633
-0.219069
-0.069369
-0.319058
0.070583
0.298735
0.682670
-0.259907
0.244975
0.499533
0.333295
0.436961
0.402547
0.271426
-0.875156
-0.037605
0.241633
-0.219069
-0.069369
-0.319058
0.070583
0.298735
0.682670
-0.259907
0.244975
0.499533
0.333295
0.436961
0.402547
0.271426
-0.875156
-0.037605
0.241633
-0.219069
-0.069369
-0.319058
0.070583
