0.326011
-0.074556
-3.644155
6.421391
6.333515
-4.609135
3.083697
-0.060465
-3.631836
0.458336
-5.069487
4.791441
2.775479
3.799640
-3.412550
0.306198
-0.143027
-0.928251
707.603821
479.506165
-393.545319
124.606499
-564.013306
431.854828
1908.073364
-709.756042
-374.681580
154.564117
-853.908081
422.468536
-138.038116
247.666412
-3.764004
-0.525115
-366.440887
-250.010712
203.324097
-62.409676
292.069489
-223.388901
-979.315918
368.001923
192.493759
-84.473152
439.091309
-220.814102
67.545166
-128.392807
4.111117
-0.150216
-123.995819
-81.707970
70.895760
-24.511505
100.740517
-78.910759
-345.384216
131.050247
69.117943
-25.112539
155.295746
-76.217247
26.018661
-49.018562
1.692586
-1.263068
-52.637230
-39.480633
30.896635
-7.962977
45.503220
-30.849350
-152.080612
53.552593
27.322611
-10.266113
67.593346
-33.325935
12.591376
-18.619974
0.121961
0.156159
0.395488
-0.243076
0.241018
-0.165978
0.068586
-0.306143
-0.634164
-0.148963
-0.035522
-0.440844
0.019214
0.593392
0.083571
-0.364594
0.121961
0.156159
0.395488
-0.243076
0.241018
-0.165978
0.068586
-0.306143
-0.634164
-0.148963
-0.035522
-0.440844
0.019214
0.593392
0.083571
-0.364594
0.121961
0.156159
0.395488
-0.243076
0.241018
-0.165978
0.068586
-0.306143
-0.634164
-0.148963
-0.035522
-0.440844
0.019214
0.593392
0.083571
-0.364594
0.121961
0.156159
0.395488
-0.243076
0.241018
-0.165978
0.068586
-0.306143
-0.634164
-0.148963
-0.035522
-0.440844
0.019214
0.593392
0.083571
-0.364594
0.121961
0.156159
0.395488
-0.243076
0.241018
-0.165978
0.068586
-0.306143
-0.634164
-0.148963
-0.035522
-0.440844
0.019214
0.593392
0.083571
-0.364594
0.121961
0.156159
0.395488
-0.243076
0.241018
-0.165978
0.068586
-0.306143
-0.634164
-0.148963
-0.035522
-0.440844
0.019214
0.593392
0.083571
-0.364594
0.121961
0.156159
0.395488
-0.243076
0.241018
-0.165978
0.068586
-0.306143
-0.634164
-0.148963
-0.035522
-0.440844
0.019214
0.593392
0.083571
-0.364594
0.121961
0.156159
0.395488
-0.243076
0.241018
-0.165978
0.068586
-0.306143
-0.634164
-0.148963
-0.035522
-0.440844
0.019214
0.593392
0.083571
-0.364594
0.121961
0.156159
0.395488
-0.243076
0.241018
-0.165978
0.068586
-0.306143
-0.634164
-0.148963
-0.035522
-0.440844
0.019214
0.593392
0.083571
-0.364594
0.121961
0.156159
0.395488
-0.243076
0.241018
-0.165978
0.068586
-0.306143
-0.634164
-0.148963
-0.035522
-0.440844
0.019214
0.593392
0.083571
-0.364594
0.121961
0.156159
0.395488
-0.243076
0.241018
-0.165978
0.068586
-0.306143
-0.634164
-0.148963
-0.035522
-0.440844
0.019214
0.593392
0.083571
-0.364594
0.121961
0.156159
0.395488
-0.243076
0.241018
-0.165978
0.068586
-0.306143
-0.634164
-0.148963
-0.035522
-0.440844
0.019214
0.593392
0.083571
-0.364594
0.121961
0.156159
0.395488
-0.243076
0.241018
-0.165978
0.068586
-0.306143
-0.634164
-0.148963
-0.035522
-0.440844
0.019214
0.593392
0.083571
-0.364594
0.121961
0.156159
0.395488
-0.243076
0.241018
-0.165978
0.068586
-0.306143
-0.634164
-0.148963
-0.035522
-0.440844
0.019214
0.593392
0.083571
-0.364594
0.121961
0.156159
0.395488
-0.243076
0.241018
-0.165978
0.068586
-0.306143
-0.634164
-0.148963
-0.035522
-0.440844
0.019214
0.593392
0.083571
-0.364594
