-6.563873
3.503465
-29.156631
-16.381233
21.299736
16.595098
-1.611475
23.632761
-1.729012
-21.360182
-27.017429
-2.640036
-17.267529
9.411640
-8.305134
-11.899424
0.711928
0.431176
1.407334
2.711966
-4.279912
-1.144515
6.990022
-0.958794
-2.626982
4.068505
8.296157
0.273554
2.153091
0.964250
-0.071416
2.723306
33.529377
2.154554
-34.807343
1.246161
27.592646
4.117260
10.988425
-17.314865
7.466544
9.998471
-21.181217
7.584898
-18.763350
-14.480090
-2.620069
12.442771
2.491666
0.159234
-297.812439
869.010254
-258.156830
-316.850739
-508.746613
-452.464630
1194.362427
1709.271973
-117.644325
-271.700226
-628.461060
-803.641418
-130.942413
-18.088364
-3.458920
-3.205475
90.430931
-320.027740
98.273872
112.461388
192.323257
154.517563
-457.857574
-596.547119
50.031532
93.160477
241.591049
279.940002
49.356373
6.196795
0.092921
2.351634
25.142637
-53.591961
17.780890
17.233618
28.675888
33.543709
-67.875977
-124.675316
4.288024
22.164989
31.798479
59.100361
7.849198
2.339387
-0.611350
0.891946
16.591774
-38.141930
13.658779
17.519651
22.391514
22.960924
-46.535805
-88.952820
4.765446
15.187905
24.306902
41.083092
6.748381
3.843457
-1.043145
-1.108631
75.739304
-254.954193
72.642464
85.928993
151.569290
122.129768
-373.150391
-465.257629
38.105389
71.510216
198.214935
218.203766
37.226585
-1.189786
-0.514806
-0.290981
0.645464
-0.322914
-0.206249
0.027676
-0.584440
0.423164
-0.147228
0.106671
0.815981
0.174787
0.073884
0.852660
-0.663043
-0.050300
-0.514806
-0.290981
0.645464
-0.322914
-0.206249
0.027676
-0.584440
0.423164
-0.147228
0.106671
0.815981
0.174787
0.073884
0.852660
-0.663043
-0.050300
-0.514806
-0.290981
0.645464
-0.322914
-0.206249
0.027676
-0.584440
0.423164
-0.147228
0.106671
0.815981
0.174787
0.073884
0.852660
-0.663043
-0.050300
-0.514806
-0.290981
0.645464
-0.322914
-0.206249
0.027676
-0.584440
0.423164
-0.147228
0.106671
0.815981
0.174787
0.073884
0.852660
-0.663043
-0.050300
-0.514806
-0.290981
0.645464
-0.322914
-0.206249
0.027676
-0.584440
0.423164
-0.147228
0.106671
0.815981
0.174787
0.073884
0.852660
-0.663043
-0.050300
-0.514806
-0.290981
0.645464
-0.322914
-0.206249
0.027676
-0.584440
0.423164
-0.147228
0.106671
0.815981
0.174787
0.073884
0.852660
-0.663043
-0.050300
-0.514806
-0.290981
0.645464
-0.322914
-0.206249
0.027676
-0.584440
0.423164
-0.147228
0.106671
0.815981
0.174787
0.073884
0.852660
-0.663043
-0.050300
-0.514806
-0.290981
0.645464
-0.322914
-0.206249
0.027676
-0.584440
0.423164
-0.147228
0.106671
0.815981
0.174787
0.073884
0.852660
-0.663043
-0.050300
-0.514806
-0.290981
0.645464
-0.322914
-0.206249
0.027676
-0.584440
0.423164
-0.147228
0.106671
0.815981
0.174787
0.073884
0.852660
-0.663043
-0.050300
-0.514806
-0.290981
0.645464
-0.322914
-0.206249
0.027676
-0.584440
0.423164
-0.147228
0.106671
0.815981
0.174787
0.073884
0.852660
-0.663043
-0.050300
-0.514806
-0.290981
0.645464
-0.322914
-0.206249
0.027676
-0.584440
0.423164
-0.147228
0.106671
0.815981
0.174787
0.073884
0.852660
-0.663043
-0.050300
-0.514806
-0.290981
0.645464
-0.322914
-0.206249
0.027676
-0.584440
0.423164
-0.147228
0.106671
0.815981
0.174787
0.073884
0.852660
-0.663043
-0.050300
