-21.586334
-10.661812
5217.285156
-3452.389404
-1532.519287
-653.899902
-2160.497803
2738.467529
-3364.903564
8884.260742
1776.487549
2546.846191
6832.763672
755.784729
665.072205
947.397766
-0.350648
2.486553
-13.873911
26.538328
24.461014
-26.301464
19.448982
-19.794729
-9.635201
-2.109185
-0.522537
23.728474
0.716159
16.830158
-13.031105
5.936224
2.254257
-0.149528
38.826305
42.980431
7.321399
-13.437406
-0.704500
-11.996453
33.181568
62.913731
17.106625
-34.244770
-10.176164
55.843761
4.182820
-5.005130
-8.575092
-26.796247
9.549723
-38.268631
-14.195630
26.080929
13.849415
15.270001
-14.553566
6.804130
1.702344
-18.374159
20.904247
-11.107974
-20.664465
-5.679454
-3.513541
0.167081
-11.559752
-17.264812
-6.033363
7.478346
-1.502338
8.527263
-19.689535
-25.296112
-8.170604
18.309242
5.321896
-25.657246
-2.700489
0.521530
8.783079
2.342238
-2246.430420
1517.566772
672.910217
274.414124
923.717224
-1192.996826
1424.786987
-3887.433594
-776.739502
-1102.685791
-2977.879883
-295.894958
-294.649017
-414.049622
-1.575133
-2.312700
-262.866333
139.564392
67.821083
41.064297
119.237350
-120.953995
203.686127
-400.217651
-76.036499
-132.538681
-321.797852
-73.065338
-28.438116
-48.441490
1.082465
1.098729
-344.547760
182.595108
91.142326
48.530476
149.574448
-158.805023
264.696014
-521.310120
-94.134918
-169.189774
-417.981873
-88.574203
-32.006618
-62.223511
7.260303
5.284821
-1147.126953
810.068359
342.009186
139.361374
465.493286
-631.529419
693.922729
-2008.114746
-416.918365
-558.145020
-1530.417480
-122.121483
-156.536621
-207.218307
0.780272
0.224119
-1.111026
-0.731592
-0.009785
0.743920
0.422211
-0.814240
1.122265
0.077854
-0.193343
-0.372920
-0.328650
-0.986043
-0.711983
-0.086861
0.780272
0.224119
-1.111026
-0.731592
-0.009785
0.743920
0.422211
-0.814240
1.122265
0.077854
-0.193343
-0.372920
-0.328650
-0.986043
-0.711983
-0.086861
0.780272
0.224119
-1.111026
-0.731592
-0.009785
0.743920
0.422211
-0.814240
1.122265
0.077854
-0.193343
-0.372920
-0.328650
-0.986043
-0.711983
-0.086861
0.780272
0.224119
-1.111026
-0.731592
-0.009785
0.743920
0.422211
-0.814240
1.122265
0.077854
-0.193343
-0.372920
-0.328650
-0.986043
-0.711983
-0.086861
0.780272
0.224119
-1.111026
-0.731592
-0.009785
0.743920
0.422211
-0.814240
1.122265
0.077854
-0.193343
-0.372920
-0.328650
-0.986043
-0.711983
-0.086861
0.780272
0.224119
-1.111026
-0.731592
-0.009785
0.743920
0.422211
-0.814240
1.122265
0.077854
-0.193343
-0.372920
-0.328650
-0.986043
-0.711983
-0.086861
0.780272
0.224119
-1.111026
-0.731592
-0.009785
0.743920
0.422211
-0.814240
1.122265
0.077854
-0.193343
-0.372920
-0.328650
-0.986043
-0.711983
-0.086861
0.780272
0.224119
-1.111026
-0.731592
-0.009785
0.743920
0.422211
-0.814240
1.122265
0.077854
-0.193343
-0.372920
-0.328650
-0.986043
-0.711983
-0.086861
0.780272
0.224119
-1.111026
-0.731592
-0.009785
0.743920
0.422211
-0.814240
1.122265
0.077854
-0.193343
-0.372920
-0.328650
-0.986043
-0.711983
-0.086861
0.780272
0.224119
-1.111026
-0.731592
-0.009785
0.743920
0.422211
-0.814240
1.122265
0.077854
-0.193343
-0.372920
-0.328650
-0.986043
-0.711983
-0.086861
0.780272
0.224119
-1.111026
-0.731592
-0.009785
0.743920
0.422211
-0.814240
1.122265
0.077854
-0.193343
-0.372920
-0.328650
-0.986043
-0.711983
-0.086861
