-0.355800
1.520182
-3.992415
6.408901
5.415769
-3.491394
6.453910
2.910322
-5.121950
-1.587580
-0.313702
9.082223
0.727899
4.572900
-2.334862
0.770761
-1.040546
-2.619410
-256.055054
-77.818001
152.470154
494.465851
-526.773254
74.067978
127.938934
956.052368
418.199768
159.030655
-935.425598
264.222534
-127.826897
-478.791016
3.019242
2.120671
174.048065
46.672001
-114.511314
-326.878815
347.967896
-57.332520
-105.860107
-638.116028
-281.223145
-98.526321
618.180603
-191.385773
94.859238
315.299805
-0.528333
-2.392293
9.508495
12.020726
9.726573
-27.489964
26.942062
11.195618
22.996788
-47.989780
-12.771712
-18.882116
54.280586
14.836080
-10.510275
26.081146
0.208418
-0.085734
27.245863
-3.323733
-31.792477
-37.772766
51.650257
-28.188526
-49.428524
-84.533195
-49.709236
-1.122874
78.046356
-67.998375
30.104109
43.077106
-0.769351
-1.155850
0.355968
-0.071688
-0.165716
-0.758425
-1.084737
0.346057
0.420221
-0.460656
-0.050217
-0.018365
0.417989
-0.153593
-0.346434
0.014819
-0.769351
-1.155850
0.355968
-0.071688
-0.165716
-0.758425
-1.084737
0.346057
0.420221
-0.460656
-0.050217
-0.018365
0.417989
-0.153593
-0.346434
0.014819
-0.769351
-1.155850
0.355968
-0.071688
-0.165716
-0.758425
-1.084737
0.346057
0.420221
-0.460656
-0.050217
-0.018365
0.417989
-0.153593
-0.346434
0.014819
-0.769351
-1.155850
0.355968
-0.071688
-0.165716
-0.758425
-1.084737
0.346057
0.420221
-0.460656
-0.050217
-0.018365
0.417989
-0.153593
-0.346434
0.014819
-0.769351
-1.155850
0.355968
-0.071688
-0.165716
-0.758425
-1.084737
0.346057
0.420221
-0.460656
-0.050217
-0.018365
0.417989
-0.153593
-0.346434
0.014819
-0.769351
-1.155850
0.355968
-0.071688
-0.165716
-0.758425
-1.084737
0.346057
0.420221
-0.460656
-0.050217
-0.018365
0.417989
-0.153593
-0.346434
0.014819
-0.769351
-1.155850
0.355968
-0.071688
-0.165716
-0.758425
-1.084737
0.346057
0.420221
-0.460656
-0.050217
-0.018365
0.417989
-0.153593
-0.346434
0.014819
-0.769351
-1.155850
0.355968
-0.071688
-0.165716
-0.758425
-1.084737
0.346057
0.420221
-0.460656
-0.050217
-0.018365
0.417989
-0.153593
-0.346434
0.014819
-0.769351
-1.155850
0.355968
-0.071688
-0.165716
-0.758425
-1.084737
0.346057
0.420221
-0.460656
-0.050217
-0.018365
0.417989
-0.153593
-0.346434
0.014819
-0.769351
-1.155850
0.355968
-0.071688
-0.165716
-0.758425
-1.084737
0.346057
0.420221
-0.460656
-0.050217
-0.018365
0.417989
-0.153593
-0.346434
0.014819
-0.769351
-1.155850
0.355968
-0.071688
-0.165716
-0.758425
-1.084737
0.346057
0.420221
-0.460656
-0.050217
-0.018365
0.417989
-0.153593
-0.346434
0.014819
-0.769351
-1.155850
0.355968
-0.071688
-0.165716
-0.758425
-1.084737
0.346057
0.420221
-0.460656
-0.050217
-0.018365
0.417989
-0.153593
-0.346434
0.014819
-0.769351
-1.155850
0.355968
-0.071688
-0.165716
-0.758425
-1.084737
0.346057
0.420221
-0.460656
-0.050217
-0.018365
0.417989
-0.153593
-0.346434
0.014819
-0.769351
-1.155850
0.355968
-0.071688
-0.165716
-0.758425
-1.084737
0.346057
0.420221
-0.460656
-0.050217
-0.018365
0.417989
-0.153593
-0.346434
0.014819
-0.769351
-1.155850
0.355968
-0.071688
-0.165716
-0.758425
-1.084737
0.346057
0.420221
-0.460656
-0.050217
-0.018365
0.417989
-0.153593
-0.346434
0.014819
