-0.711804
1.393821
-4.091971
-4.827585
4.068019
5.990152
-5.324851
2.728336
3.719152
-4.936763
-5.981279
-3.322420
-6.995946
-0.145697
0.798660
-0.815078
1.079612
0.663173
4.999644
12.441040
-5.912466
-18.789717
-2.246593
1.469025
-12.657994
4.297804
2.841380
12.963801
7.030295
1.025599
1.262958
6.976908
1.778238
0.564417
192.924744
89.853470
-56.153416
-435.501221
518.608276
17.433903
17.877344
-855.863525
-321.341034
-224.808578
847.700989
-58.780006
74.354485
393.922485
-2.411467
0.591933
-173.297546
-84.702446
46.969318
401.936798
-472.754395
-13.329055
-18.988161
777.506836
291.242249
201.551254
-772.595642
57.566780
-68.865005
-359.245209
1.035628
-0.966792
-0.199748
-0.061877
-0.193711
0.014514
0.024300
-0.187529
0.416449
-0.120439
0.357169
-0.192965
-0.385930
0.508605
0.329186
0.337201
1.035628
-0.966792
-0.199748
-0.061877
-0.193711
0.014514
0.024300
-0.187529
0.416449
-0.120439
0.357169
-0.192965
-0.385930
0.508605
0.329186
0.337201
1.035628
-0.966792
-0.199748
-0.061877
-0.193711
0.014514
0.024300
-0.187529
0.416449
-0.120439
0.357169
-0.192965
-0.385930
0.508605
0.329186
0.337201
1.035628
-0.966792
-0.199748
-0.061877
-0.193711
0.014514
0.024300
-0.187529
0.416449
-0.120439
0.357169
-0.192965
-0.385930
0.508605
0.329186
0.337201
1.035628
-0.966792
-0.199748
-0.061877
-0.193711
0.014514
0.024300
-0.187529
0.416449
-0.120439
0.357169
-0.192965
-0.385930
0.508605
0.329186
0.337201
1.035628
-0.966792
-0.199748
-0.061877
-0.193711
0.014514
0.024300
-0.187529
0.416449
-0.120439
0.357169
-0.192965
-0.385930
0.508605
0.329186
0.337201
1.035628
-0.966792
-0.199748
-0.061877
-0.193711
0.014514
0.024300
-0.187529
0.416449
-0.120439
0.357169
-0.192965
-0.385930
0.508605
0.329186
0.337201
1.035628
-0.966792
-0.199748
-0.061877
-0.193711
0.014514
0.024300
-0.187529
0.416449
-0.120439
0.357169
-0.192965
-0.385930
0.508605
0.329186
0.337201
1.035628
-0.966792
-0.199748
-0.061877
-0.193711
0.014514
0.024300
-0.187529
0.416449
-0.120439
0.357169
-0.192965
-0.385930
0.508605
0.329186
0.337201
1.035628
-0.966792
-0.199748
-0.061877
-0.193711
0.014514
0.024300
-0.187529
0.416449
-0.120439
0.357169
-0.192965
-0.385930
0.508605
0.329186
0.337201
1.035628
-0.966792
-0.199748
-0.061877
-0.193711
0.014514
0.024300
-0.187529
0.416449
-0.120439
0.357169
-0.192965
-0.385930
0.508605
0.329186
0.337201
1.035628
-0.966792
-0.199748
-0.061877
-0.193711
0.014514
0.024300
-0.187529
0.416449
-0.120439
0.357169
-0.192965
-0.385930
0.508605
0.329186
0.337201
1.035628
-0.966792
-0.199748
-0.061877
-0.193711
0.014514
0.024300
-0.187529
0.416449
-0.120439
0.357169
-0.192965
-0.385930
0.508605
0.329186
0.337201
1.035628
-0.966792
-0.199748
-0.061877
-0.193711
0.014514
0.024300
-0.187529
0.416449
-0.120439
0.357169
-0.192965
-0.385930
0.508605
0.329186
0.337201
1.035628
-0.966792
-0.199748
-0.061877
-0.193711
0.014514
0.024300
-0.187529
0.416449
-0.120439
0.357169
-0.192965
-0.385930
0.508605
0.329186
0.337201
1.035628
-0.966792
-0.199748
-0.061877
-0.193711
0.014514
0.024300
-0.187529
0.416449
-0.120439
0.357169
-0.192965
-0.385930
0.508605
0.329186
0.337201
