0.478754
0.881366
-6.663790
-2.228428
3.616140
5.315450
1.296180
2.743817
-0.310025
-4.641282
-3.925849
-3.094625
-2.117198
3.549018
0.666041
-3.614753
1.052899
-1.107299
10.024520
2.165002
-7.368620
5.288182
6.597285
0.287741
-2.899177
-2.134487
2.382035
8.666124
-3.817072
3.555426
6.664288
6.461941
-1.025335
0.507066
146.013962
-173.203842
-466.436859
-40.000443
169.331650
-506.609894
-853.755310
-204.914963
-295.522797
246.823669
140.287643
-907.733643
470.728729
34.101128
0.346544
-1.640776
-10.473746
7.103380
23.236727
12.663391
-27.808582
27.623997
43.091911
37.945492
29.984560
-6.851084
-34.702618
54.646114
-27.761808
-14.215104
0.746881
-0.156135
-2.770161
13.136909
21.695143
-7.146083
4.144909
28.253572
44.405518
-11.938929
7.930603
-18.518641
18.925117
47.599323
-26.538885
6.854085
-1.522731
-2.236692
-119.551399
137.545975
376.501526
34.645260
-134.621460
403.457703
690.390137
172.079559
236.505569
-198.225906
-120.021355
719.443542
-372.926422
-34.132229
-0.848945
-0.657831
-0.468494
0.115486
-0.414285
-0.463201
0.028159
-0.109539
-0.046851
0.010332
0.238764
-0.011308
0.085090
0.063085
-0.117672
0.544069
-0.848945
-0.657831
-0.468494
0.115486
-0.414285
-0.463201
0.028159
-0.109539
-0.046851
0.010332
0.238764
-0.011308
0.085090
0.063085
-0.117672
0.544069
-0.848945
-0.657831
-0.468494
0.115486
-0.414285
-0.463201
0.028159
-0.109539
-0.046851
0.010332
0.238764
-0.011308
0.085090
0.063085
-0.117672
0.544069
-0.848945
-0.657831
-0.468494
0.115486
-0.414285
-0.463201
0.028159
-0.109539
-0.046851
0.010332
0.238764
-0.011308
0.085090
0.063085
-0.117672
0.544069
-0.848945
-0.657831
-0.468494
0.115486
-0.414285
-0.463201
0.028159
-0.109539
-0.046851
0.010332
0.238764
-0.011308
0.085090
0.063085
-0.117672
0.544069
-0.848945
-0.657831
-0.468494
0.115486
-0.414285
-0.463201
0.028159
-0.109539
-0.046851
0.010332
0.238764
-0.011308
0.085090
0.063085
-0.117672
0.544069
-0.848945
-0.657831
-0.468494
0.115486
-0.414285
-0.463201
0.028159
-0.109539
-0.046851
0.010332
0.238764
-0.011308
0.085090
0.063085
-0.117672
0.544069
-0.848945
-0.657831
-0.468494
0.115486
-0.414285
-0.463201
0.028159
-0.109539
-0.046851
0.010332
0.238764
-0.011308
0.085090
0.063085
-0.117672
0.544069
-0.848945
-0.657831
-0.468494
0.115486
-0.414285
-0.463201
0.028159
-0.109539
-0.046851
0.010332
0.238764
-0.011308
0.085090
0.063085
-0.117672
0.544069
-0.848945
-0.657831
-0.468494
0.115486
-0.414285
-0.463201
0.028159
-0.109539
-0.046851
0.010332
0.238764
-0.011308
0.085090
0.063085
-0.117672
0.544069
-0.848945
-0.657831
-0.468494
0.115486
-0.414285
-0.463201
0.028159
-0.109539
-0.046851
0.010332
0.238764
-0.011308
0.085090
0.063085
-0.117672
0.544069
-0.848945
-0.657831
-0.468494
0.115486
-0.414285
-0.463201
0.028159
-0.109539
-0.046851
0.010332
0.238764
-0.011308
0.085090
0.063085
-0.117672
0.544069
-0.848945
-0.657831
-0.468494
0.115486
-0.414285
-0.463201
0.028159
-0.109539
-0.046851
0.010332
0.238764
-0.011308
0.085090
0.063085
-0.117672
0.544069
-0.848945
-0.657831
-0.468494
0.115486
-0.414285
-0.463201
0.028159
-0.109539
-0.046851
0.010332
0.238764
-0.011308
0.085090
0.063085
-0.117672
0.544069
