-2.632393
1.771756
116.233635
235.630249
125.682465
-435.089264
482.949707
271.566071
508.985565
-753.478088
-165.595886
-367.814941
820.047668
321.786346
-149.043030
439.687164
3.999611
-1.652638
-94.109436
-197.175949
-105.464668
361.373993
-403.303009
-235.011185
-428.792786
621.845337
134.620682
316.536865
-684.280090
-279.647125
134.466827
-364.012543
-4.027345
-1.682877
-0.725029
-11.258572
-13.079571
13.451197
-12.424848
-18.475256
-33.701756
18.208403
-2.216035
13.141686
-24.552013
-27.646379
9.592335
-10.886498
0.469101
0.023208
0.940043
-0.538521
-0.772591
0.157355
-0.120873
-0.223000
-0.084351
0.174674
-0.591897
-0.235973
1.249083
0.542561
-0.069426
-0.094844
0.469101
0.023208
0.940043
-0.538521
-0.772591
0.157355
-0.120873
-0.223000
-0.084351
0.174674
-0.591897
-0.235973
1.249083
0.542561
-0.069426
-0.094844
0.469101
0.023208
0.940043
-0.538521
-0.772591
0.157355
-0.120873
-0.223000
-0.084351
0.174674
-0.591897
-0.235973
1.249083
0.542561
-0.069426
-0.094844
0.469101
0.023208
0.940043
-0.538521
-0.772591
0.157355
-0.120873
-0.223000
-0.084351
0.174674
-0.591897
-0.235973
1.249083
0.542561
-0.069426
-0.094844
0.469101
0.023208
0.940043
-0.538521
-0.772591
0.157355
-0.120873
-0.223000
-0.084351
0.174674
-0.591897
-0.235973
1.249083
0.542561
-0.069426
-0.094844
0.469101
0.023208
0.940043
-0.538521
-0.772591
0.157355
-0.120873
-0.223000
-0.084351
0.174674
-0.591897
-0.235973
1.249083
0.542561
-0.069426
-0.094844
0.469101
0.023208
0.940043
-0.538521
-0.772591
0.157355
-0.120873
-0.223000
-0.084351
0.174674
-0.591897
-0.235973
1.249083
0.542561
-0.069426
-0.094844
0.469101
0.023208
0.940043
-0.538521
-0.772591
0.157355
-0.120873
-0.223000
-0.084351
0.174674
-0.591897
-0.235973
1.249083
0.542561
-0.069426
-0.094844
0.469101
0.023208
0.940043
-0.538521
-0.772591
0.157355
-0.120873
-0.223000
-0.084351
0.174674
-0.591897
-0.235973
1.249083
0.542561
-0.069426
-0.094844
0.469101
0.023208
0.940043
-0.538521
-0.772591
0.157355
-0.120873
-0.223000
-0.084351
0.174674
-0.591897
-0.235973
1.249083
0.542561
-0.069426
-0.094844
0.469101
0.023208
0.940043
-0.538521
-0.772591
0.157355
-0.120873
-0.223000
-0.084351
0.174674
-0.591897
-0.235973
1.249083
0.542561
-0.069426
-0.094844
0.469101
0.023208
0.940043
-0.538521
-0.772591
0.157355
-0.120873
-0.223000
-0.084351
0.174674
-0.591897
-0.235973
1.249083
0.542561
-0.069426
-0.094844
0.469101
0.023208
0.940043
-0.538521
-0.772591
0.157355
-0.120873
-0.223000
-0.084351
0.174674
-0.591897
-0.235973
1.249083
0.542561
-0.069426
-0.094844
0.469101
0.023208
0.940043
-0.538521
-0.772591
0.157355
-0.120873
-0.223000
-0.084351
0.174674
-0.591897
-0.235973
1.249083
0.542561
-0.069426
-0.094844
0.469101
0.023208
0.940043
-0.538521
-0.772591
0.157355
-0.120873
-0.223000
-0.084351
0.174674
-0.591897
-0.235973
1.249083
0.542561
-0.069426
-0.094844
0.469101
0.023208
0.940043
-0.538521
-0.772591
0.157355
-0.120873
-0.223000
-0.084351
0.174674
-0.591897
-0.235973
1.249083
0.542561
-0.069426
-0.094844
0.469101
0.023208
0.940043
-0.538521
-0.772591
0.157355
-0.120873
-0.223000
-0.084351
0.174674
-0.591897
-0.235973
1.249083
0.542561
-0.069426
-0.094844
