0.634743
-1.517271
-4.754021
-8.144887
0.427239
8.074157
-1.519105
5.414286
3.399838
-3.852757
-3.147124
-7.601133
-4.852446
1.346916
0.832041
-2.359117
-2.834668
-2.051418
30.571091
99.734001
386.158020
16.215780
74.472374
566.067810
909.329712
-275.789917
193.202957
-362.617676
-163.059998
1235.467407
-469.994049
124.176498
2.713752
-1.367081
-19.048531
-63.455719
-262.464966
-14.015046
-44.351364
-391.102051
-618.545532
193.988007
-134.782074
249.082657
122.395973
-842.743042
317.645447
-78.712410
-0.249015
0.319829
-2.503056
-13.076567
-39.093292
1.897711
-6.520612
-50.679699
-92.778831
22.332720
-17.854197
33.045891
17.183887
-120.588371
46.880882
-13.634333
0.447307
3.239860
-3.589246
-2.016842
-22.263237
-1.970818
-7.620994
-33.369476
-51.878155
16.500843
-10.329855
23.814077
2.930892
-70.357460
26.979372
-7.151828
-0.008898
-0.255048
-0.719074
0.083933
0.378766
0.375157
0.491388
-0.305398
-0.367830
0.161885
-0.376529
-0.081176
-0.480091
-0.169239
-0.283441
-0.166597
-0.008898
-0.255048
-0.719074
0.083933
0.378766
0.375157
0.491388
-0.305398
-0.367830
0.161885
-0.376529
-0.081176
-0.480091
-0.169239
-0.283441
-0.166597
-0.008898
-0.255048
-0.719074
0.083933
0.378766
0.375157
0.491388
-0.305398
-0.367830
0.161885
-0.376529
-0.081176
-0.480091
-0.169239
-0.283441
-0.166597
-0.008898
-0.255048
-0.719074
0.083933
0.378766
0.375157
0.491388
-0.305398
-0.367830
0.161885
-0.376529
-0.081176
-0.480091
-0.169239
-0.283441
-0.166597
-0.008898
-0.255048
-0.719074
0.083933
0.378766
0.375157
0.491388
-0.305398
-0.367830
0.161885
-0.376529
-0.081176
-0.480091
-0.169239
-0.283441
-0.166597
-0.008898
-0.255048
-0.719074
0.083933
0.378766
0.375157
0.491388
-0.305398
-0.367830
0.161885
-0.376529
-0.081176
-0.480091
-0.169239
-0.283441
-0.166597
-0.008898
-0.255048
-0.719074
0.083933
0.378766
0.375157
0.491388
-0.305398
-0.367830
0.161885
-0.376529
-0.081176
-0.480091
-0.169239
-0.283441
-0.166597
-0.008898
-0.255048
-0.719074
0.083933
0.378766
0.375157
0.491388
-0.305398
-0.367830
0.161885
-0.376529
-0.081176
-0.480091
-0.169239
-0.283441
-0.166597
-0.008898
-0.255048
-0.719074
0.083933
0.378766
0.375157
0.491388
-0.305398
-0.367830
0.161885
-0.376529
-0.081176
-0.480091
-0.169239
-0.283441
-0.166597
-0.008898
-0.255048
-0.719074
0.083933
0.378766
0.375157
0.491388
-0.305398
-0.367830
0.161885
-0.376529
-0.081176
-0.480091
-0.169239
-0.283441
-0.166597
-0.008898
-0.255048
-0.719074
0.083933
0.378766
0.375157
0.491388
-0.305398
-0.367830
0.161885
-0.376529
-0.081176
-0.480091
-0.169239
-0.283441
-0.166597
-0.008898
-0.255048
-0.719074
0.083933
0.378766
0.375157
0.491388
-0.305398
-0.367830
0.161885
-0.376529
-0.081176
-0.480091
-0.169239
-0.283441
-0.166597
-0.008898
-0.255048
-0.719074
0.083933
0.378766
0.375157
0.491388
-0.305398
-0.367830
0.161885
-0.376529
-0.081176
-0.480091
-0.169239
-0.283441
-0.166597
-0.008898
-0.255048
-0.719074
0.083933
0.378766
0.375157
0.491388
-0.305398
-0.367830
0.161885
-0.376529
-0.081176
-0.480091
-0.169239
-0.283441
-0.166597
-0.008898
-0.255048
-0.719074
0.083933
0.378766
0.375157
0.491388
-0.305398
-0.367830
0.161885
-0.376529
-0.081176
-0.480091
-0.169239
-0.283441
-0.166597
