0.632580
0.709342
6.669362
1.597689
-5.941776
-3.557307
3.348744
-6.380314
-2.046504
6.482765
7.100973
1.456328
6.742479
-0.959752
-0.065649
1.980611
5.231399
-1.360981
-76.631294
-47.056896
-240.117691
310.571747
-428.022919
-248.653915
-290.590546
787.175781
161.893829
338.510284
-765.719604
-702.219788
137.921814
-327.555420
-1.171046
3.452221
50.623367
31.002991
162.851196
-212.360321
297.835175
166.592377
195.268646
-543.486755
-117.198647
-227.361145
524.106445
472.434326
-90.308830
229.123749
1.531874
-1.378981
7.243048
4.440900
18.524372
-20.537638
22.995201
20.198870
26.518061
-45.318592
-4.479188
-24.882349
44.371277
56.960892
-11.573671
18.874994
-4.427359
-1.132123
8.202218
4.668009
18.346079
-36.558456
42.973396
21.073175
17.084822
-85.426414
-19.716162
-31.084480
87.586052
61.432930
-9.889079
37.056274
-0.595916
-0.807353
-0.006743
-0.289149
0.122893
-0.155507
-0.238792
-0.841323
-0.528829
0.041374
0.407913
-0.402522
-0.123877
0.038516
0.329331
-0.251598
-0.595916
-0.807353
-0.006743
-0.289149
0.122893
-0.155507
-0.238792
-0.841323
-0.528829
0.041374
0.407913
-0.402522
-0.123877
0.038516
0.329331
-0.251598
-0.595916
-0.807353
-0.006743
-0.289149
0.122893
-0.155507
-0.238792
-0.841323
-0.528829
0.041374
0.407913
-0.402522
-0.123877
0.038516
0.329331
-0.251598
-0.595916
-0.807353
-0.006743
-0.289149
0.122893
-0.155507
-0.238792
-0.841323
-0.528829
0.041374
0.407913
-0.402522
-0.123877
0.038516
0.329331
-0.251598
-0.595916
-0.807353
-0.006743
-0.289149
0.122893
-0.155507
-0.238792
-0.841323
-0.528829
0.041374
0.407913
-0.402522
-0.123877
0.038516
0.329331
-0.251598
-0.595916
-0.807353
-0.006743
-0.289149
0.122893
-0.155507
-0.238792
-0.841323
-0.528829
0.041374
0.407913
-0.402522
-0.123877
0.038516
0.329331
-0.251598
-0.595916
-0.807353
-0.006743
-0.289149
0.122893
-0.155507
-0.238792
-0.841323
-0.528829
0.041374
0.407913
-0.402522
-0.123877
0.038516
0.329331
-0.251598
-0.595916
-0.807353
-0.006743
-0.289149
0.122893
-0.155507
-0.238792
-0.841323
-0.528829
0.041374
0.407913
-0.402522
-0.123877
0.038516
0.329331
-0.251598
-0.595916
-0.807353
-0.006743
-0.289149
0.122893
-0.155507
-0.238792
-0.841323
-0.528829
0.041374
0.407913
-0.402522
-0.123877
0.038516
0.329331
-0.251598
-0.595916
-0.807353
-0.006743
-0.289149
0.122893
-0.155507
-0.238792
-0.841323
-0.528829
0.041374
0.407913
-0.402522
-0.123877
0.038516
0.329331
-0.251598
-0.595916
-0.807353
-0.006743
-0.289149
0.122893
-0.155507
-0.238792
-0.841323
-0.528829
0.041374
0.407913
-0.402522
-0.123877
0.038516
0.329331
-0.251598
-0.595916
-0.807353
-0.006743
-0.289149
0.122893
-0.155507
-0.238792
-0.841323
-0.528829
0.041374
0.407913
-0.402522
-0.123877
0.038516
0.329331
-0.251598
-0.595916
-0.807353
-0.006743
-0.289149
0.122893
-0.155507
-0.238792
-0.841323
-0.528829
0.041374
0.407913
-0.402522
-0.123877
0.038516
0.329331
-0.251598
-0.595916
-0.807353
-0.006743
-0.289149
0.122893
-0.155507
-0.238792
-0.841323
-0.528829
0.041374
0.407913
-0.402522
-0.123877
0.038516
0.329331
-0.251598
-0.595916
-0.807353
-0.006743
-0.289149
0.122893
-0.155507
-0.238792
-0.841323
-0.528829
0.041374
0.407913
-0.402522
-0.123877
0.038516
0.329331
-0.251598
