-2.759275
19.460657
-53.317852
-0.053980
41.148643
-6.171907
5.127589
-33.908016
18.780901
7.302199
-32.039230
7.166526
-17.635321
-24.070314
3.003277
23.208237
5.229115
-2.790001
-292.727905
376.714752
-11.818589
914.875122
-1550.711426
-369.206390
1813.958252
1535.914795
200.045853
318.699829
178.072464
200.189880
-1482.356079
369.264038
-1.918347
-1.724281
102.264061
-128.452545
7.063329
-308.003235
549.274292
151.404953
-627.022644
-537.775024
-75.149513
-113.148163
-72.404579
-75.253731
509.929596
-123.246109
1.454955
0.417354
13.997949
-22.777214
5.152401
-50.964409
90.480621
16.745138
-98.568726
-87.525002
-12.048451
-20.547234
-10.022668
-12.301659
79.881737
-20.500038
-1.532892
2.528240
19.972471
-24.126177
2.247211
-55.773014
85.346367
19.820244
-104.163780
-85.727242
-8.826745
-17.291828
-11.717322
-9.391887
86.055824
-21.267908
-2.672739
2.753653
88.529472
-108.512939
0.432862
-273.294647
453.132294
102.722076
-537.385132
-459.617462
-56.626053
-88.536079
-42.774323
-57.457016
446.000244
-106.484840
-0.845194
0.571696
-0.494318
0.077276
0.427770
0.471178
-0.098848
0.756584
0.007597
0.069759
0.200456
-0.136776
-0.029365
-0.527151
-0.260187
0.246775
-0.845194
0.571696
-0.494318
0.077276
0.427770
0.471178
-0.098848
0.756584
0.007597
0.069759
0.200456
-0.136776
-0.029365
-0.527151
-0.260187
0.246775
-0.845194
0.571696
-0.494318
0.077276
0.427770
0.471178
-0.098848
0.756584
0.007597
0.069759
0.200456
-0.136776
-0.029365
-0.527151
-0.260187
0.246775
-0.845194
0.571696
-0.494318
0.077276
0.427770
0.471178
-0.098848
0.756584
0.007597
0.069759
0.200456
-0.136776
-0.029365
-0.527151
-0.260187
0.246775
-0.845194
0.571696
-0.494318
0.077276
0.427770
0.471178
-0.098848
0.756584
0.007597
0.069759
0.200456
-0.136776
-0.029365
-0.527151
-0.260187
0.246775
-0.845194
0.571696
-0.494318
0.077276
0.427770
0.471178
-0.098848
0.756584
0.007597
0.069759
0.200456
-0.136776
-0.029365
-0.527151
-0.260187
0.246775
-0.845194
0.571696
-0.494318
0.077276
0.427770
0.471178
-0.098848
0.756584
0.007597
0.069759
0.200456
-0.136776
-0.029365
-0.527151
-0.260187
0.246775
-0.845194
0.571696
-0.494318
0.077276
0.427770
0.471178
-0.098848
0.756584
0.007597
0.069759
0.200456
-0.136776
-0.029365
-0.527151
-0.260187
0.246775
-0.845194
0.571696
-0.494318
0.077276
0.427770
0.471178
-0.098848
0.756584
0.007597
0.069759
0.200456
-0.136776
-0.029365
-0.527151
-0.260187
0.246775
-0.845194
0.571696
-0.494318
0.077276
0.427770
0.471178
-0.098848
0.756584
0.007597
0.069759
0.200456
-0.136776
-0.029365
-0.527151
-0.260187
0.246775
-0.845194
0.571696
-0.494318
0.077276
0.427770
0.471178
-0.098848
0.756584
0.007597
0.069759
0.200456
-0.136776
-0.029365
-0.527151
-0.260187
0.246775
-0.845194
0.571696
-0.494318
0.077276
0.427770
0.471178
-0.098848
0.756584
0.007597
0.069759
0.200456
-0.136776
-0.029365
-0.527151
-0.260187
0.246775
-0.845194
0.571696
-0.494318
0.077276
0.427770
0.471178
-0.098848
0.756584
0.007597
0.069759
0.200456
-0.136776
-0.029365
-0.527151
-0.260187
0.246775
-0.845194
0.571696
-0.494318
0.077276
0.427770
0.471178
-0.098848
0.756584
0.007597
0.069759
0.200456
-0.136776
-0.029365
-0.527151
-0.260187
0.246775
