-0.532899
2.042305
4.441867
19.702784
-4.049163
-23.347500
-0.272182
-0.357039
-12.314700
6.453326
21.260611
12.672718
7.978541
4.206111
-1.012120
6.578161
0.279554
-1.549373
7.098922
-4.199919
-7.431017
-2.301022
-5.366221
-0.743156
3.858569
1.926982
7.418079
-2.268159
-0.821471
-4.037649
4.751620
0.880728
-7.147156
1.428035
189.485428
-877.042236
-338.981598
-1007.892395
1686.383667
-72.026802
-2338.951660
-1348.491211
-315.641296
436.199554
503.336029
-407.600494
874.176697
-175.089462
-17.727184
3.149672
-14.774920
-46.412727
14.752029
26.964485
27.409994
-1.136837
-8.333455
20.217966
-11.797588
-19.013556
5.094821
-24.443090
-24.411070
17.707882
1.207796
-0.524217
-72.691010
392.279419
170.257980
442.156708
-751.087341
49.848637
1059.241455
560.389404
130.647827
-194.016876
-215.793900
182.037140
-393.156494
94.788696
0.815761
2.809048
-7.853138
35.513058
10.266965
35.304092
-58.706596
-2.664421
82.147995
52.347805
13.273804
-12.002300
-20.292921
13.546255
-27.651606
4.184844
2.391589
-1.794356
-22.777664
58.870514
16.183432
78.897758
-122.245972
-8.106072
160.601166
122.969765
27.308676
-28.477457
-40.478889
25.779701
-65.693871
5.003228
3.333210
0.451720
-23.997370
196.821472
99.917809
219.708908
-371.976379
61.982571
549.798401
247.476273
58.372643
-110.053627
-102.635017
103.306831
-189.192719
58.808121
0.650126
0.589626
-1.211589
0.357802
0.470166
0.114198
-0.467111
-0.070894
0.283532
0.269486
-0.285103
0.366463
-0.671651
-0.307460
-0.376790
0.602267
0.650126
0.589626
-1.211589
0.357802
0.470166
0.114198
-0.467111
-0.070894
0.283532
0.269486
-0.285103
0.366463
-0.671651
-0.307460
-0.376790
0.602267
0.650126
0.589626
-1.211589
0.357802
0.470166
0.114198
-0.467111
-0.070894
0.283532
0.269486
-0.285103
0.366463
-0.671651
-0.307460
-0.376790
0.602267
0.650126
0.589626
-1.211589
0.357802
0.470166
0.114198
-0.467111
-0.070894
0.283532
0.269486
-0.285103
0.366463
-0.671651
-0.307460
-0.376790
0.602267
0.650126
0.589626
-1.211589
0.357802
0.470166
0.114198
-0.467111
-0.070894
0.283532
0.269486
-0.285103
0.366463
-0.671651
-0.307460
-0.376790
0.602267
0.650126
0.589626
-1.211589
0.357802
0.470166
0.114198
-0.467111
-0.070894
0.283532
0.269486
-0.285103
0.366463
-0.671651
-0.307460
-0.376790
0.602267
0.650126
0.589626
-1.211589
0.357802
0.470166
0.114198
-0.467111
-0.070894
0.283532
0.269486
-0.285103
0.366463
-0.671651
-0.307460
-0.376790
0.602267
0.650126
0.589626
-1.211589
0.357802
0.470166
0.114198
-0.467111
-0.070894
0.283532
0.269486
-0.285103
0.366463
-0.671651
-0.307460
-0.376790
0.602267
0.650126
0.589626
-1.211589
0.357802
0.470166
0.114198
-0.467111
-0.070894
0.283532
0.269486
-0.285103
0.366463
-0.671651
-0.307460
-0.376790
0.602267
0.650126
0.589626
-1.211589
0.357802
0.470166
0.114198
-0.467111
-0.070894
0.283532
0.269486
-0.285103
0.366463
-0.671651
-0.307460
-0.376790
0.602267
0.650126
0.589626
-1.211589
0.357802
0.470166
0.114198
-0.467111
-0.070894
0.283532
0.269486
-0.285103
0.366463
-0.671651
-0.307460
-0.376790
0.602267
0.650126
0.589626
-1.211589
0.357802
0.470166
0.114198
-0.467111
-0.070894
0.283532
0.269486
-0.285103
0.366463
-0.671651
-0.307460
-0.376790
0.602267
