3.400649
2.814882
4.979536
-32.160969
-20.088406
25.590176
-21.363977
-0.406714
18.531874
-5.059877
-0.567418
-29.234415
-7.726408
-19.785398
11.506670
-4.475416
-1.034436
0.588574
1.638352
-3.775596
-0.745403
6.413800
-0.870685
-5.195533
4.018214
1.344115
-2.439735
-8.461066
2.483162
-5.437469
0.686143
-1.994395
2.872450
-0.148865
-4.094061
4.769011
1.314607
-9.935772
3.982642
8.880628
22.719788
-3.340924
-3.554444
-2.870568
-3.491605
-3.423388
3.110524
7.902989
-3.730485
4.858729
95.419739
-857.273926
-941.105835
-870.107178
1187.854370
-755.878845
-2625.097168
-99.949524
-114.002541
354.143921
-1.450699
-940.966370
1129.214722
-813.689270
0.239599
-0.509328
-38.534142
331.000336
356.189148
329.495422
-453.983734
283.518860
992.658875
48.900116
48.709999
-131.450577
0.216236
363.491455
-429.332306
308.600281
1.970986
-1.910044
-2.698644
45.613400
50.488266
40.669994
-59.594215
42.418053
142.602798
0.601348
7.013285
-19.116512
2.954833
50.780685
-55.683929
47.067635
-0.010426
0.355119
-2.069011
50.574699
57.478092
50.055126
-66.611908
46.937817
156.682602
-2.121437
4.067981
-23.377277
3.637033
54.858192
-62.896446
49.139214
0.915436
-0.745265
-28.409351
225.854507
251.083435
236.017929
-319.276276
198.157135
701.501099
34.117947
31.783010
-95.049095
-7.415969
246.280899
-305.208923
214.368134
0.318862
-0.567558
0.035768
-0.269890
0.588697
-0.009832
-0.339820
-0.179750
0.306352
0.148551
-0.283514
-0.502917
-0.615399
0.268836
-0.076035
-0.019824
0.318862
-0.567558
0.035768
-0.269890
0.588697
-0.009832
-0.339820
-0.179750
0.306352
0.148551
-0.283514
-0.502917
-0.615399
0.268836
-0.076035
-0.019824
0.318862
-0.567558
0.035768
-0.269890
0.588697
-0.009832
-0.339820
-0.179750
0.306352
0.148551
-0.283514
-0.502917
-0.615399
0.268836
-0.076035
-0.019824
0.318862
-0.567558
0.035768
-0.269890
0.588697
-0.009832
-0.339820
-0.179750
0.306352
0.148551
-0.283514
-0.502917
-0.615399
0.268836
-0.076035
-0.019824
0.318862
-0.567558
0.035768
-0.269890
0.588697
-0.009832
-0.339820
-0.179750
0.306352
0.148551
-0.283514
-0.502917
-0.615399
0.268836
-0.076035
-0.019824
0.318862
-0.567558
0.035768
-0.269890
0.588697
-0.009832
-0.339820
-0.179750
0.306352
0.148551
-0.283514
-0.502917
-0.615399
0.268836
-0.076035
-0.019824
0.318862
-0.567558
0.035768
-0.269890
0.588697
-0.009832
-0.339820
-0.179750
0.306352
0.148551
-0.283514
-0.502917
-0.615399
0.268836
-0.076035
-0.019824
0.318862
-0.567558
0.035768
-0.269890
0.588697
-0.009832
-0.339820
-0.179750
0.306352
0.148551
-0.283514
-0.502917
-0.615399
0.268836
-0.076035
-0.019824
0.318862
-0.567558
0.035768
-0.269890
0.588697
-0.009832
-0.339820
-0.179750
0.306352
0.148551
-0.283514
-0.502917
-0.615399
0.268836
-0.076035
-0.019824
0.318862
-0.567558
0.035768
-0.269890
0.588697
-0.009832
-0.339820
-0.179750
0.306352
0.148551
-0.283514
-0.502917
-0.615399
0.268836
-0.076035
-0.019824
0.318862
-0.567558
0.035768
-0.269890
0.588697
-0.009832
-0.339820
-0.179750
0.306352
0.148551
-0.283514
-0.502917
-0.615399
0.268836
-0.076035
-0.019824
0.318862
-0.567558
0.035768
-0.269890
0.588697
-0.009832
-0.339820
-0.179750
0.306352
0.148551
-0.283514
-0.502917
-0.615399
0.268836
-0.076035
-0.019824
