-0.610441
0.460619
-3.180973
-6.707613
-1.040079
9.288376
-1.453675
2.899609
3.820922
-3.706690
-3.473578
-7.205192
-3.652835
-0.873661
2.291001
-4.520068
-2.370182
-6.621898
1248.182495
-588.465393
-1785.509766
-1521.324585
-686.098572
1844.986694
-267.786987
-854.996338
267.086639
647.609070
-836.468384
1469.522461
98.834465
47.919048
1.407687
-0.892860
11.294415
10.888485
7.660672
-26.942524
2.509409
-6.901202
1.899802
-5.801291
4.066742
-6.634223
12.163140
-1.336168
-0.077380
-2.478958
0.417506
-0.913609
-6.314073
-7.299031
-7.438962
23.023964
-3.575553
8.245941
-2.156028
5.676941
-1.617899
3.045881
-12.661160
5.258008
0.657032
-1.269589
0.282669
6.022946
-1113.097412
530.978821
1597.483765
1347.666382
612.280884
-1647.792969
236.980240
756.381958
-239.894058
-575.935791
735.127075
-1303.978516
-85.444328
-46.783768
-0.002633
0.442791
-0.203679
-0.041802
0.459915
0.491941
0.364311
-0.691535
-0.053641
0.058566
0.351916
-0.287029
0.344985
0.090523
0.047448
-0.224596
-0.002633
0.442791
-0.203679
-0.041802
0.459915
0.491941
0.364311
-0.691535
-0.053641
0.058566
0.351916
-0.287029
0.344985
0.090523
0.047448
-0.224596
-0.002633
0.442791
-0.203679
-0.041802
0.459915
0.491941
0.364311
-0.691535
-0.053641
0.058566
0.351916
-0.287029
0.344985
0.090523
0.047448
-0.224596
-0.002633
0.442791
-0.203679
-0.041802
0.459915
0.491941
0.364311
-0.691535
-0.053641
0.058566
0.351916
-0.287029
0.344985
0.090523
0.047448
-0.224596
-0.002633
0.442791
-0.203679
-0.041802
0.459915
0.491941
0.364311
-0.691535
-0.053641
0.058566
0.351916
-0.287029
0.344985
0.090523
0.047448
-0.224596
-0.002633
0.442791
-0.203679
-0.041802
0.459915
0.491941
0.364311
-0.691535
-0.053641
0.058566
0.351916
-0.287029
0.344985
0.090523
0.047448
-0.224596
-0.002633
0.442791
-0.203679
-0.041802
0.459915
0.491941
0.364311
-0.691535
-0.053641
0.058566
0.351916
-0.287029
0.344985
0.090523
0.047448
-0.224596
-0.002633
0.442791
-0.203679
-0.041802
0.459915
0.491941
0.364311
-0.691535
-0.053641
0.058566
0.351916
-0.287029
0.344985
0.090523
0.047448
-0.224596
-0.002633
0.442791
-0.203679
-0.041802
0.459915
0.491941
0.364311
-0.691535
-0.053641
0.058566
0.351916
-0.287029
0.344985
0.090523
0.047448
-0.224596
-0.002633
0.442791
-0.203679
-0.041802
0.459915
0.491941
0.364311
-0.691535
-0.053641
0.058566
0.351916
-0.287029
0.344985
0.090523
0.047448
-0.224596
-0.002633
0.442791
-0.203679
-0.041802
0.459915
0.491941
0.364311
-0.691535
-0.053641
0.058566
0.351916
-0.287029
0.344985
0.090523
0.047448
-0.224596
-0.002633
0.442791
-0.203679
-0.041802
0.459915
0.491941
0.364311
-0.691535
-0.053641
0.058566
0.351916
-0.287029
0.344985
0.090523
0.047448
-0.224596
-0.002633
0.442791
-0.203679
-0.041802
0.459915
0.491941
0.364311
-0.691535
-0.053641
0.058566
0.351916
-0.287029
0.344985
0.090523
0.047448
-0.224596
-0.002633
0.442791
-0.203679
-0.041802
0.459915
0.491941
0.364311
-0.691535
-0.053641
0.058566
0.351916
-0.287029
0.344985
0.090523
0.047448
-0.224596
-0.002633
0.442791
-0.203679
-0.041802
0.459915
0.491941
0.364311
-0.691535
-0.053641
0.058566
0.351916
-0.287029
0.344985
0.090523
0.047448
-0.224596
