5.738148
-0.039435
1461.532349
1284.558105
492.090790
-2741.903809
-2401.116943
355.389709
821.328064
-827.034973
-618.624695
707.360901
-2134.125977
-30.146484
26.815331
174.232803
0.815525
-0.910554
12.903533
-7.735414
-23.302189
-16.892159
-7.829356
-8.380631
-6.505483
-4.990055
-8.632797
-9.312007
8.371219
-19.456034
1.284633
-0.143321
-6.412183
1.042351
-729.078430
-603.303040
-198.487091
1341.103149
1165.484619
-212.364288
-391.822601
418.194244
290.306549
-354.012268
1041.870361
-20.252413
-19.604050
-84.384468
-2.560744
2.386509
-51.100883
-55.500759
-28.307753
99.582764
88.672623
-6.005691
-32.039063
25.875298
24.213301
-28.439280
78.100571
6.624729
-0.591695
-8.911057
4.492657
-1.017475
-86.154602
-103.577225
-62.399155
180.127335
166.023117
5.323150
-63.004280
47.870953
48.348141
-38.586273
144.178787
26.081923
-1.583519
-10.028773
0.159467
-1.380567
-301.984375
-213.898239
-41.423355
533.266418
449.182343
-113.221069
-141.637421
171.277466
105.141899
-142.930237
405.556641
-31.800671
-6.620593
-37.263733
-0.024249
-0.423519
-0.270963
-0.957052
-0.517321
0.207089
0.082889
0.132836
-0.448327
-0.176730
0.426175
-0.203056
0.470392
-0.019655
-1.158728
-0.633820
-0.024249
-0.423519
-0.270963
-0.957052
-0.517321
0.207089
0.082889
0.132836
-0.448327
-0.176730
0.426175
-0.203056
0.470392
-0.019655
-1.158728
-0.633820
-0.024249
-0.423519
-0.270963
-0.957052
-0.517321
0.207089
0.082889
0.132836
-0.448327
-0.176730
0.426175
-0.203056
0.470392
-0.019655
-1.158728
-0.633820
-0.024249
-0.423519
-0.270963
-0.957052
-0.517321
0.207089
0.082889
0.132836
-0.448327
-0.176730
0.426175
-0.203056
0.470392
-0.019655
-1.158728
-0.633820
-0.024249
-0.423519
-0.270963
-0.957052
-0.517321
0.207089
0.082889
0.132836
-0.448327
-0.176730
0.426175
-0.203056
0.470392
-0.019655
-1.158728
-0.633820
-0.024249
-0.423519
-0.270963
-0.957052
-0.517321
0.207089
0.082889
0.132836
-0.448327
-0.176730
0.426175
-0.203056
0.470392
-0.019655
-1.158728
-0.633820
-0.024249
-0.423519
-0.270963
-0.957052
-0.517321
0.207089
0.082889
0.132836
-0.448327
-0.176730
0.426175
-0.203056
0.470392
-0.019655
-1.158728
-0.633820
-0.024249
-0.423519
-0.270963
-0.957052
-0.517321
0.207089
0.082889
0.132836
-0.448327
-0.176730
0.426175
-0.203056
0.470392
-0.019655
-1.158728
-0.633820
-0.024249
-0.423519
-0.270963
-0.957052
-0.517321
0.207089
0.082889
0.132836
-0.448327
-0.176730
0.426175
-0.203056
0.470392
-0.019655
-1.158728
-0.633820
-0.024249
-0.423519
-0.270963
-0.957052
-0.517321
0.207089
0.082889
0.132836
-0.448327
-0.176730
0.426175
-0.203056
0.470392
-0.019655
-1.158728
-0.633820
-0.024249
-0.423519
-0.270963
-0.957052
-0.517321
0.207089
0.082889
0.132836
-0.448327
-0.176730
0.426175
-0.203056
0.470392
-0.019655
-1.158728
-0.633820
-0.024249
-0.423519
-0.270963
-0.957052
-0.517321
0.207089
0.082889
0.132836
-0.448327
-0.176730
0.426175
-0.203056
0.470392
-0.019655
-1.158728
-0.633820
-0.024249
-0.423519
-0.270963
-0.957052
-0.517321
0.207089
0.082889
0.132836
-0.448327
-0.176730
0.426175
-0.203056
0.470392
-0.019655
-1.158728
-0.633820
-0.024249
-0.423519
-0.270963
-0.957052
-0.517321
0.207089
0.082889
0.132836
-0.448327
-0.176730
0.426175
-0.203056
0.470392
-0.019655
-1.158728
-0.633820
