22.047817
-3.530948
-1631.685547
5877.331055
425.180084
302.214569
-9.596896
-3101.929443
-4119.585938
-7897.187500
-2777.236328
-1209.886841
-4102.047363
4982.841309
-1523.389282
870.469360
-1.836894
-1.382217
3.938874
-60.130016
-3.930153
5.391116
-10.788518
9.958462
24.838482
-67.456779
-32.407459
16.777216
49.175972
-16.945787
-8.048524
-11.944680
0.629823
-0.393112
-1.047216
24.072023
0.128820
-5.286726
4.194241
-3.511606
-8.598738
24.584482
13.870522
-7.847291
-18.766373
10.680851
2.280685
5.596441
-7.773494
-0.734667
665.820374
-2211.990723
-160.119995
-119.194290
-31.450619
1137.944580
1492.184692
2970.684570
1036.150635
459.387756
1550.165771
-1827.660156
568.096863
-320.465912
-7.291774
3.320840
453.268616
-1551.937012
-104.825996
-77.711235
-1.786655
851.625244
1059.715332
2155.318115
734.399170
339.284302
1150.799072
-1329.271484
422.736206
-224.040878
-0.662023
1.132774
63.805878
-258.212799
-16.542072
-12.054762
1.122676
131.623245
183.298416
340.013855
121.721809
51.160549
174.666626
-214.593063
65.512642
-34.425793
-2.422562
-0.401915
115.875221
-401.426636
-31.854618
-21.195210
0.501094
218.363861
286.628906
550.413574
188.295990
83.204224
284.567719
-345.642273
101.002045
-58.028904
-0.338581
-0.501362
0.825094
-0.752226
0.000365
-0.411487
-0.218430
0.188251
-0.283097
1.927916
0.343428
0.805224
1.594737
0.066098
0.236335
0.347002
-0.338581
-0.501362
0.825094
-0.752226
0.000365
-0.411487
-0.218430
0.188251
-0.283097
1.927916
0.343428
0.805224
1.594737
0.066098
0.236335
0.347002
-0.338581
-0.501362
0.825094
-0.752226
0.000365
-0.411487
-0.218430
0.188251
-0.283097
1.927916
0.343428
0.805224
1.594737
0.066098
0.236335
0.347002
-0.338581
-0.501362
0.825094
-0.752226
0.000365
-0.411487
-0.218430
0.188251
-0.283097
1.927916
0.343428
0.805224
1.594737
0.066098
0.236335
0.347002
-0.338581
-0.501362
0.825094
-0.752226
0.000365
-0.411487
-0.218430
0.188251
-0.283097
1.927916
0.343428
0.805224
1.594737
0.066098
0.236335
0.347002
-0.338581
-0.501362
0.825094
-0.752226
0.000365
-0.411487
-0.218430
0.188251
-0.283097
1.927916
0.343428
0.805224
1.594737
0.066098
0.236335
0.347002
-0.338581
-0.501362
0.825094
-0.752226
0.000365
-0.411487
-0.218430
0.188251
-0.283097
1.927916
0.343428
0.805224
1.594737
0.066098
0.236335
0.347002
-0.338581
-0.501362
0.825094
-0.752226
0.000365
-0.411487
-0.218430
0.188251
-0.283097
1.927916
0.343428
0.805224
1.594737
0.066098
0.236335
0.347002
-0.338581
-0.501362
0.825094
-0.752226
0.000365
-0.411487
-0.218430
0.188251
-0.283097
1.927916
0.343428
0.805224
1.594737
0.066098
0.236335
0.347002
-0.338581
-0.501362
0.825094
-0.752226
0.000365
-0.411487
-0.218430
0.188251
-0.283097
1.927916
0.343428
0.805224
1.594737
0.066098
0.236335
0.347002
-0.338581
-0.501362
0.825094
-0.752226
0.000365
-0.411487
-0.218430
0.188251
-0.283097
1.927916
0.343428
0.805224
1.594737
0.066098
0.236335
0.347002
-0.338581
-0.501362
0.825094
-0.752226
0.000365
-0.411487
-0.218430
0.188251
-0.283097
1.927916
0.343428
0.805224
1.594737
0.066098
0.236335
0.347002
-0.338581
-0.501362
0.825094
-0.752226
0.000365
-0.411487
-0.218430
0.188251
-0.283097
1.927916
0.343428
0.805224
1.594737
0.066098
0.236335
0.347002
