-3.155761
0.512376
-20.397858
1.550497
-2.626120
30.810278
12.500504
-2.734960
2.561647
-8.475371
-7.658862
18.452499
36.207298
3.766591
-17.832317
16.426426
-6.549179
4.388472
-2086.395020
-836.297424
2078.236084
2385.692627
1287.990723
3227.938965
-673.358826
-1335.720703
-867.864075
-1274.405884
-1057.878296
4358.252441
-1134.101318
-3463.164795
0.986086
-1.200577
16.389359
-0.888428
-1.169626
-20.136864
-8.356739
2.195373
-0.304265
3.807781
3.932087
-14.203094
-25.536421
-1.059360
12.238407
-13.225638
0.898848
-0.829113
121.545967
9.423883
-146.377960
-88.869560
-118.388138
-152.133560
62.394047
56.362083
64.728020
54.328167
-14.134791
-253.869781
113.821724
167.479095
1.545947
-3.697476
1410.901855
579.984619
-1387.919678
-1632.580322
-846.727844
-2191.676514
442.720795
913.693115
579.687561
867.204895
746.612366
-2935.617676
740.978882
2349.726807
2.061050
-1.831966
181.025177
117.899132
-156.932541
-263.917755
-66.475990
-327.997528
37.157848
135.770706
61.086948
136.661850
182.352585
-392.742340
47.340263
347.666718
0.343401
0.673421
0.588123
0.302768
0.164711
-0.022545
-0.033776
-0.253288
-0.310966
-0.609280
1.018765
0.249789
-0.777052
0.588011
0.585817
-0.418463
0.343401
0.673421
0.588123
0.302768
0.164711
-0.022545
-0.033776
-0.253288
-0.310966
-0.609280
1.018765
0.249789
-0.777052
0.588011
0.585817
-0.418463
0.343401
0.673421
0.588123
0.302768
0.164711
-0.022545
-0.033776
-0.253288
-0.310966
-0.609280
1.018765
0.249789
-0.777052
0.588011
0.585817
-0.418463
0.343401
0.673421
0.588123
0.302768
0.164711
-0.022545
-0.033776
-0.253288
-0.310966
-0.609280
1.018765
0.249789
-0.777052
0.588011
0.585817
-0.418463
0.343401
0.673421
0.588123
0.302768
0.164711
-0.022545
-0.033776
-0.253288
-0.310966
-0.609280
1.018765
0.249789
-0.777052
0.588011
0.585817
-0.418463
0.343401
0.673421
0.588123
0.302768
0.164711
-0.022545
-0.033776
-0.253288
-0.310966
-0.609280
1.018765
0.249789
-0.777052
0.588011
0.585817
-0.418463
0.343401
0.673421
0.588123
0.302768
0.164711
-0.022545
-0.033776
-0.253288
-0.310966
-0.609280
1.018765
0.249789
-0.777052
0.588011
0.585817
-0.418463
0.343401
0.673421
0.588123
0.302768
0.164711
-0.022545
-0.033776
-0.253288
-0.310966
-0.609280
1.018765
0.249789
-0.777052
0.588011
0.585817
-0.418463
0.343401
0.673421
0.588123
0.302768
0.164711
-0.022545
-0.033776
-0.253288
-0.310966
-0.609280
1.018765
0.249789
-0.777052
0.588011
0.585817
-0.418463
0.343401
0.673421
0.588123
0.302768
0.164711
-0.022545
-0.033776
-0.253288
-0.310966
-0.609280
1.018765
0.249789
-0.777052
0.588011
0.585817
-0.418463
0.343401
0.673421
0.588123
0.302768
0.164711
-0.022545
-0.033776
-0.253288
-0.310966
-0.609280
1.018765
0.249789
-0.777052
0.588011
0.585817
-0.418463
0.343401
0.673421
0.588123
0.302768
0.164711
-0.022545
-0.033776
-0.253288
-0.310966
-0.609280
1.018765
0.249789
-0.777052
0.588011
0.585817
-0.418463
0.343401
0.673421
0.588123
0.302768
0.164711
-0.022545
-0.033776
-0.253288
-0.310966
-0.609280
1.018765
0.249789
-0.777052
0.588011
0.585817
-0.418463
0.343401
0.673421
0.588123
0.302768
0.164711
-0.022545
-0.033776
-0.253288
-0.310966
-0.609280
1.018765
0.249789
-0.777052
0.588011
0.585817
-0.418463
