0.003929
0.575392
15.243119
-19.052927
-21.688982
-31.358467
-9.099436
12.499372
1.926848
10.352195
-1.570878
-17.702690
-32.406471
16.544842
4.604734
-25.726421
1.041774
1.006455
1212.972900
2208.928467
-284.451904
-3380.553711
888.874023
-3433.967285
50.263760
1469.539063
37.258785
1439.586304
3062.601318
-3144.540283
-1010.131165
3733.342041
1.050361
1.115222
-8.194689
15.595663
8.050310
15.109776
3.172354
-6.044257
-2.506490
-6.429786
2.897738
12.140511
17.556273
-6.776000
-1.984589
12.128951
-2.976710
1.022359
-677.939148
-1245.614990
150.938599
1904.041016
-507.218811
1933.288086
-28.957134
-830.289917
-23.499670
-809.888794
-1728.555054
1761.210327
576.943237
-2100.147705
-0.794863
-2.095454
-87.222885
-154.925064
26.564905
241.802719
-58.393345
247.948761
-6.743819
-103.419838
-3.885824
-98.694801
-213.060150
229.075806
62.896061
-267.824097
0.724013
2.614215
-175.892029
-341.679718
31.748867
515.300842
-148.375809
517.200684
-0.462541
-221.364990
1.937864
-222.644180
-479.780792
470.151733
168.180023
-567.453186
-0.127145
0.084325
-0.000557
-0.865126
-0.621740
0.053587
-1.061414
0.628822
0.306829
-0.442709
0.422406
-0.585724
-1.213036
0.156225
0.398329
-0.558217
-0.127145
0.084325
-0.000557
-0.865126
-0.621740
0.053587
-1.061414
0.628822
0.306829
-0.442709
0.422406
-0.585724
-1.213036
0.156225
0.398329
-0.558217
-0.127145
0.084325
-0.000557
-0.865126
-0.621740
0.053587
-1.061414
0.628822
0.306829
-0.442709
0.422406
-0.585724
-1.213036
0.156225
0.398329
-0.558217
-0.127145
0.084325
-0.000557
-0.865126
-0.621740
0.053587
-1.061414
0.628822
0.306829
-0.442709
0.422406
-0.585724
-1.213036
0.156225
0.398329
-0.558217
-0.127145
0.084325
-0.000557
-0.865126
-0.621740
0.053587
-1.061414
0.628822
0.306829
-0.442709
0.422406
-0.585724
-1.213036
0.156225
0.398329
-0.558217
-0.127145
0.084325
-0.000557
-0.865126
-0.621740
0.053587
-1.061414
0.628822
0.306829
-0.442709
0.422406
-0.585724
-1.213036
0.156225
0.398329
-0.558217
-0.127145
0.084325
-0.000557
-0.865126
-0.621740
0.053587
-1.061414
0.628822
0.306829
-0.442709
0.422406
-0.585724
-1.213036
0.156225
0.398329
-0.558217
-0.127145
0.084325
-0.000557
-0.865126
-0.621740
0.053587
-1.061414
0.628822
0.306829
-0.442709
0.422406
-0.585724
-1.213036
0.156225
0.398329
-0.558217
-0.127145
0.084325
-0.000557
-0.865126
-0.621740
0.053587
-1.061414
0.628822
0.306829
-0.442709
0.422406
-0.585724
-1.213036
0.156225
0.398329
-0.558217
-0.127145
0.084325
-0.000557
-0.865126
-0.621740
0.053587
-1.061414
0.628822
0.306829
-0.442709
0.422406
-0.585724
-1.213036
0.156225
0.398329
-0.558217
-0.127145
0.084325
-0.000557
-0.865126
-0.621740
0.053587
-1.061414
0.628822
0.306829
-0.442709
0.422406
-0.585724
-1.213036
0.156225
0.398329
-0.558217
-0.127145
0.084325
-0.000557
-0.865126
-0.621740
0.053587
-1.061414
0.628822
0.306829
-0.442709
0.422406
-0.585724
-1.213036
0.156225
0.398329
-0.558217
-0.127145
0.084325
-0.000557
-0.865126
-0.621740
0.053587
-1.061414
0.628822
0.306829
-0.442709
0.422406
-0.585724
-1.213036
0.156225
0.398329
-0.558217
-0.127145
0.084325
-0.000557
-0.865126
-0.621740
0.053587
-1.061414
0.628822
0.306829
-0.442709
0.422406
-0.585724
-1.213036
0.156225
0.398329
-0.558217
