-1.953188
-3.132061
23.041851
-19.256294
-23.692772
14.236424
-18.728416
-3.559037
15.777814
9.547341
21.938255
-25.603645
-9.941710
-14.537501
15.383148
-0.558107
1.169026
-0.044277
11.266155
-18.721937
-23.558359
-22.270889
-3.705235
10.077685
5.977020
10.713063
-4.790247
-17.778330
-27.848093
22.497290
-4.525178
-21.720213
3.073521
0.965119
696.699280
2200.718018
393.944855
-3178.980957
1384.326172
-2923.243164
-281.206909
1411.601440
-250.366333
1336.626465
3762.231934
-2318.985107
-1601.934692
3186.228516
0.738971
-1.608572
-14.633697
15.684829
22.217964
13.343492
3.267564
-10.366137
-1.975641
-8.265393
2.335196
15.271254
20.125631
-17.198112
4.945214
20.934637
-3.285905
0.320159
-516.796265
-1716.697021
-333.289185
2468.218018
-1098.786865
2256.987793
230.679642
-1092.329468
202.217056
-1037.683105
-2935.672119
1767.254395
1264.783813
-2457.129395
3.653810
-0.922858
11.473465
-152.290527
-108.095863
186.436325
-160.840485
144.752289
53.975548
-82.169357
50.263203
-74.040421
-296.280975
45.630203
184.161469
-154.762894
0.456960
1.279650
-84.782127
-84.439720
56.957169
154.414612
2.757071
169.066711
-21.522154
-70.420425
-17.795258
-67.823822
-120.176590
195.514084
-0.875141
-187.688599
-1.181111
-0.031546
0.242340
-0.491854
-0.582263
0.446345
-0.782475
1.009224
0.649172
0.404329
0.656290
-0.084070
-1.918020
0.366501
1.142352
-0.203168
-1.181111
-0.031546
0.242340
-0.491854
-0.582263
0.446345
-0.782475
1.009224
0.649172
0.404329
0.656290
-0.084070
-1.918020
0.366501
1.142352
-0.203168
-1.181111
-0.031546
0.242340
-0.491854
-0.582263
0.446345
-0.782475
1.009224
0.649172
0.404329
0.656290
-0.084070
-1.918020
0.366501
1.142352
-0.203168
-1.181111
-0.031546
0.242340
-0.491854
-0.582263
0.446345
-0.782475
1.009224
0.649172
0.404329
0.656290
-0.084070
-1.918020
0.366501
1.142352
-0.203168
-1.181111
-0.031546
0.242340
-0.491854
-0.582263
0.446345
-0.782475
1.009224
0.649172
0.404329
0.656290
-0.084070
-1.918020
0.366501
1.142352
-0.203168
-1.181111
-0.031546
0.242340
-0.491854
-0.582263
0.446345
-0.782475
1.009224
0.649172
0.404329
0.656290
-0.084070
-1.918020
0.366501
1.142352
-0.203168
-1.181111
-0.031546
0.242340
-0.491854
-0.582263
0.446345
-0.782475
1.009224
0.649172
0.404329
0.656290
-0.084070
-1.918020
0.366501
1.142352
-0.203168
-1.181111
-0.031546
0.242340
-0.491854
-0.582263
0.446345
-0.782475
1.009224
0.649172
0.404329
0.656290
-0.084070
-1.918020
0.366501
1.142352
-0.203168
-1.181111
-0.031546
0.242340
-0.491854
-0.582263
0.446345
-0.782475
1.009224
0.649172
0.404329
0.656290
-0.084070
-1.918020
0.366501
1.142352
-0.203168
-1.181111
-0.031546
0.242340
-0.491854
-0.582263
0.446345
-0.782475
1.009224
0.649172
0.404329
0.656290
-0.084070
-1.918020
0.366501
1.142352
-0.203168
-1.181111
-0.031546
0.242340
-0.491854
-0.582263
0.446345
-0.782475
1.009224
0.649172
0.404329
0.656290
-0.084070
-1.918020
0.366501
1.142352
-0.203168
-1.181111
-0.031546
0.242340
-0.491854
-0.582263
0.446345
-0.782475
1.009224
0.649172
0.404329
0.656290
-0.084070
-1.918020
0.366501
1.142352
-0.203168
-1.181111
-0.031546
0.242340
-0.491854
-0.582263
0.446345
-0.782475
1.009224
0.649172
0.404329
0.656290
-0.084070
-1.918020
0.366501
1.142352
-0.203168
