-3.149547
-0.420900
-3.433400
-19.180958
-2.081728
21.846901
2.842910
-3.580987
17.074171
6.141935
-0.450581
-13.499168
-4.445145
-2.828939
-2.419936
-8.252477
3.043101
1.591432
22.302063
-1.311086
-2.310614
-34.620712
-10.296933
9.341440
-3.318048
11.853745
7.731296
-17.885777
-36.562817
-4.564927
20.062471
-20.792425
0.851632
-0.710980
2131.862305
1269.201782
-1961.822388
-2860.350342
-913.780762
-3352.973633
778.222656
1373.250122
725.005310
1317.622803
1398.710083
-4550.927246
951.591125
3741.904541
-3.476325
-0.245687
-13.779451
1.427757
1.816002
23.281418
11.641005
-3.167861
-0.686820
-5.293749
-6.135190
13.716450
25.018261
2.335682
-13.831203
10.993751
-0.300359
2.308770
-1277.040649
-726.587952
1196.712402
1676.562378
581.117188
1978.724365
-481.458252
-808.592590
-446.160614
-774.353149
-777.716858
2720.363037
-612.164856
-2216.444336
0.280375
0.050937
-64.781380
-48.495449
56.145226
98.676537
18.785572
112.326561
-21.225437
-46.947243
-18.844650
-46.166378
-60.402592
142.723740
-22.540047
-123.586029
0.583327
-0.541445
-106.064629
-104.546135
73.587959
195.765762
3.187937
211.115082
-20.583374
-90.470383
-25.587770
-89.457352
-149.208038
247.768311
2.740160
-232.176514
0.494884
-1.296911
-308.541901
-124.972198
314.841125
336.284363
188.728378
423.637054
-127.802612
-163.857758
-121.895683
-157.630569
-94.631729
625.295654
-197.636139
-471.185425
0.294099
0.093360
-0.398341
-0.455724
0.084697
1.515479
-0.366611
0.512861
0.086661
-0.714252
0.253975
-0.507174
-1.576345
0.244802
0.631047
-0.672179
0.294099
0.093360
-0.398341
-0.455724
0.084697
1.515479
-0.366611
0.512861
0.086661
-0.714252
0.253975
-0.507174
-1.576345
0.244802
0.631047
-0.672179
0.294099
0.093360
-0.398341
-0.455724
0.084697
1.515479
-0.366611
0.512861
0.086661
-0.714252
0.253975
-0.507174
-1.576345
0.244802
0.631047
-0.672179
0.294099
0.093360
-0.398341
-0.455724
0.084697
1.515479
-0.366611
0.512861
0.086661
-0.714252
0.253975
-0.507174
-1.576345
0.244802
0.631047
-0.672179
0.294099
0.093360
-0.398341
-0.455724
0.084697
1.515479
-0.366611
0.512861
0.086661
-0.714252
0.253975
-0.507174
-1.576345
0.244802
0.631047
-0.672179
0.294099
0.093360
-0.398341
-0.455724
0.084697
1.515479
-0.366611
0.512861
0.086661
-0.714252
0.253975
-0.507174
-1.576345
0.244802
0.631047
-0.672179
0.294099
0.093360
-0.398341
-0.455724
0.084697
1.515479
-0.366611
0.512861
0.086661
-0.714252
0.253975
-0.507174
-1.576345
0.244802
0.631047
-0.672179
0.294099
0.093360
-0.398341
-0.455724
0.084697
1.515479
-0.366611
0.512861
0.086661
-0.714252
0.253975
-0.507174
-1.576345
0.244802
0.631047
-0.672179
0.294099
0.093360
-0.398341
-0.455724
0.084697
1.515479
-0.366611
0.512861
0.086661
-0.714252
0.253975
-0.507174
-1.576345
0.244802
0.631047
-0.672179
0.294099
0.093360
-0.398341
-0.455724
0.084697
1.515479
-0.366611
0.512861
0.086661
-0.714252
0.253975
-0.507174
-1.576345
0.244802
0.631047
-0.672179
0.294099
0.093360
-0.398341
-0.455724
0.084697
1.515479
-0.366611
0.512861
0.086661
-0.714252
0.253975
-0.507174
-1.576345
0.244802
0.631047
-0.672179
0.294099
0.093360
-0.398341
-0.455724
0.084697
1.515479
-0.366611
0.512861
0.086661
-0.714252
0.253975
-0.507174
-1.576345
0.244802
0.631047
-0.672179
