7.760918
26.373980
-6062.105469
571.600708
701.298828
816.920471
3645.311768
-482.569458
7994.382324
-5788.644043
267.475067
-4218.573242
-5905.671387
-3412.077393
-603.898132
-1831.544189
2.328022
-1.792207
-50.437328
-25.720692
-4.293418
11.489176
7.581357
15.494521
-68.187706
-32.616741
9.870262
50.883511
-8.783608
-53.723507
-10.184693
9.137519
-1.693944
-11.453408
2025.085205
-38.251057
-218.208511
-302.735840
-1212.971313
63.738480
-2801.733643
1703.281250
-202.657135
1384.404053
1865.232788
1283.395630
158.277954
602.618591
-1.446499
-0.094185
340.295319
-93.423721
-46.926243
-39.246620
-200.975052
60.835117
-391.307007
405.194763
28.149410
243.476395
366.171906
137.208023
55.580360
101.319817
-1.148136
1.896621
352.714081
-102.490181
-49.173130
-42.180363
-205.663910
67.464607
-405.381805
424.178406
29.415655
252.040085
382.868805
136.424774
57.483624
101.965302
-0.437677
-11.099648
1896.156006
-13.011983
-192.058670
-259.761780
-1155.493652
55.114208
-2635.684570
1600.374390
-189.516052
1312.239136
1750.172852
1221.073730
134.093491
604.903442
0.464504
0.166345
1.372600
0.658332
0.030438
-0.010227
-1.302796
-0.312706
-2.132496
0.070976
-0.827449
0.562390
0.777565
1.104936
-0.139921
0.063104
0.464504
0.166345
1.372600
0.658332
0.030438
-0.010227
-1.302796
-0.312706
-2.132496
0.070976
-0.827449
0.562390
0.777565
1.104936
-0.139921
0.063104
0.464504
0.166345
1.372600
0.658332
0.030438
-0.010227
-1.302796
-0.312706
-2.132496
0.070976
-0.827449
0.562390
0.777565
1.104936
-0.139921
0.063104
0.464504
0.166345
1.372600
0.658332
0.030438
-0.010227
-1.302796
-0.312706
-2.132496
0.070976
-0.827449
0.562390
0.777565
1.104936
-0.139921
0.063104
0.464504
0.166345
1.372600
0.658332
0.030438
-0.010227
-1.302796
-0.312706
-2.132496
0.070976
-0.827449
0.562390
0.777565
1.104936
-0.139921
0.063104
0.464504
0.166345
1.372600
0.658332
0.030438
-0.010227
-1.302796
-0.312706
-2.132496
0.070976
-0.827449
0.562390
0.777565
1.104936
-0.139921
0.063104
0.464504
0.166345
1.372600
0.658332
0.030438
-0.010227
-1.302796
-0.312706
-2.132496
0.070976
-0.827449
0.562390
0.777565
1.104936
-0.139921
0.063104
0.464504
0.166345
1.372600
0.658332
0.030438
-0.010227
-1.302796
-0.312706
-2.132496
0.070976
-0.827449
0.562390
0.777565
1.104936
-0.139921
0.063104
0.464504
0.166345
1.372600
0.658332
0.030438
-0.010227
-1.302796
-0.312706
-2.132496
0.070976
-0.827449
0.562390
0.777565
1.104936
-0.139921
0.063104
0.464504
0.166345
1.372600
0.658332
0.030438
-0.010227
-1.302796
-0.312706
-2.132496
0.070976
-0.827449
0.562390
0.777565
1.104936
-0.139921
0.063104
0.464504
0.166345
1.372600
0.658332
0.030438
-0.010227
-1.302796
-0.312706
-2.132496
0.070976
-0.827449
0.562390
0.777565
1.104936
-0.139921
0.063104
0.464504
0.166345
1.372600
0.658332
0.030438
-0.010227
-1.302796
-0.312706
-2.132496
0.070976
-0.827449
0.562390
0.777565
1.104936
-0.139921
0.063104
0.464504
0.166345
1.372600
0.658332
0.030438
-0.010227
-1.302796
-0.312706
-2.132496
0.070976
-0.827449
0.562390
0.777565
1.104936
-0.139921
0.063104
0.464504
0.166345
1.372600
0.658332
0.030438
-0.010227
-1.302796
-0.312706
-2.132496
0.070976
-0.827449
0.562390
0.777565
1.104936
-0.139921
0.063104
