1.675729
0.179948
14.115120
-6.892089
-20.066471
1.761995
-0.862470
-1.527868
5.966026
12.185097
12.298351
-5.019051
0.767204
-2.247893
9.939847
-3.754303
-1.409551
1.247723
24.596405
-17.545258
-17.488768
-35.976337
-8.414059
15.868406
0.954330
7.623684
-5.042891
-22.366404
-34.723774
16.136080
0.400328
-26.967646
0.692773
4.148573
1589.006836
2143.780273
-650.768677
-3687.418213
1124.909302
-3661.159424
-124.897621
1226.968750
-222.102539
1681.061523
3318.487549
-3409.769043
-942.369080
3786.567627
0.856876
-1.505575
-9.491131
5.745059
6.810770
19.071367
2.691696
-7.267696
-3.507290
-3.839724
-1.448537
11.143800
21.573082
-6.066708
-0.128125
12.540234
0.270249
-1.658405
-758.113892
-1008.254700
326.091248
1740.675415
-507.482330
1740.504761
54.672344
-582.198853
97.789841
-803.555359
-1554.116455
1636.926025
424.313263
-1803.298340
-0.746879
-1.688652
-51.692547
-90.812920
7.756064
147.239594
-64.835068
135.140411
12.508928
-51.287079
12.892979
-64.093147
-148.697250
111.559227
54.182518
-140.232452
-1.488533
-1.896541
-92.583443
-151.803024
17.906593
250.820602
-104.186646
229.652344
19.697975
-83.926270
23.397472
-106.947998
-246.948654
195.319153
92.409309
-243.111160
0.060009
-2.969569
-336.104218
-411.277740
164.526459
726.606628
-193.258667
739.078247
8.969659
-243.484024
30.410156
-335.096039
-624.460510
710.408569
150.793991
-765.983093
0.834884
0.548873
0.040461
0.099238
-0.512802
-0.176119
0.524364
0.109499
0.172846
-0.511549
0.049905
0.286346
-0.271570
0.450624
0.472156
-0.198695
0.834884
0.548873
0.040461
0.099238
-0.512802
-0.176119
0.524364
0.109499
0.172846
-0.511549
0.049905
0.286346
-0.271570
0.450624
0.472156
-0.198695
0.834884
0.548873
0.040461
0.099238
-0.512802
-0.176119
0.524364
0.109499
0.172846
-0.511549
0.049905
0.286346
-0.271570
0.450624
0.472156
-0.198695
0.834884
0.548873
0.040461
0.099238
-0.512802
-0.176119
0.524364
0.109499
0.172846
-0.511549
0.049905
0.286346
-0.271570
0.450624
0.472156
-0.198695
0.834884
0.548873
0.040461
0.099238
-0.512802
-0.176119
0.524364
0.109499
0.172846
-0.511549
0.049905
0.286346
-0.271570
0.450624
0.472156
-0.198695
0.834884
0.548873
0.040461
0.099238
-0.512802
-0.176119
0.524364
0.109499
0.172846
-0.511549
0.049905
0.286346
-0.271570
0.450624
0.472156
-0.198695
0.834884
0.548873
0.040461
0.099238
-0.512802
-0.176119
0.524364
0.109499
0.172846
-0.511549
0.049905
0.286346
-0.271570
0.450624
0.472156
-0.198695
0.834884
0.548873
0.040461
0.099238
-0.512802
-0.176119
0.524364
0.109499
0.172846
-0.511549
0.049905
0.286346
-0.271570
0.450624
0.472156
-0.198695
0.834884
0.548873
0.040461
0.099238
-0.512802
-0.176119
0.524364
0.109499
0.172846
-0.511549
0.049905
0.286346
-0.271570
0.450624
0.472156
-0.198695
0.834884
0.548873
0.040461
0.099238
-0.512802
-0.176119
0.524364
0.109499
0.172846
-0.511549
0.049905
0.286346
-0.271570
0.450624
0.472156
-0.198695
0.834884
0.548873
0.040461
0.099238
-0.512802
-0.176119
0.524364
0.109499
0.172846
-0.511549
0.049905
0.286346
-0.271570
0.450624
0.472156
-0.198695
0.834884
0.548873
0.040461
0.099238
-0.512802
-0.176119
0.524364
0.109499
0.172846
-0.511549
0.049905
0.286346
-0.271570
0.450624
0.472156
-0.198695
