2.354094
0.270992
-9.860408
1.265414
7.137817
-7.169454
-5.508842
-2.539596
4.884875
2.996323
-3.002985
-4.531831
0.501755
-4.539330
-6.310516
-6.041380
-2.861736
-2.337287
-66.814995
577.388123
-244.632111
209.401016
-547.213989
383.428009
219.260101
854.943787
-849.437927
958.175232
-1406.098877
-307.479187
-783.982300
351.580444
2.636685
2.450362
31.634447
-342.450836
147.239273
-118.338211
319.711761
-231.502670
-146.301071
-494.729370
490.582916
-554.702087
815.741272
167.366226
467.008514
-216.048309
-0.409992
1.985224
8.968685
-75.195900
26.544310
-32.904461
70.724632
-49.995064
-24.566248
-119.608803
110.842239
-134.214157
193.612961
42.911819
99.745743
-48.147686
-2.061186
-0.211049
3.317189
-33.435726
14.388024
-12.342810
34.998127
-22.542233
-12.600031
-49.410297
52.000629
-57.513893
83.294716
20.243998
45.305580
-18.568012
-0.323696
-0.094208
-0.238882
0.200650
0.310085
-0.060408
0.459980
-0.144511
-0.124443
-0.148007
0.079338
0.141364
-0.125239
0.039149
0.043137
-0.374387
-0.323696
-0.094208
-0.238882
0.200650
0.310085
-0.060408
0.459980
-0.144511
-0.124443
-0.148007
0.079338
0.141364
-0.125239
0.039149
0.043137
-0.374387
-0.323696
-0.094208
-0.238882
0.200650
0.310085
-0.060408
0.459980
-0.144511
-0.124443
-0.148007
0.079338
0.141364
-0.125239
0.039149
0.043137
-0.374387
-0.323696
-0.094208
-0.238882
0.200650
0.310085
-0.060408
0.459980
-0.144511
-0.124443
-0.148007
0.079338
0.141364
-0.125239
0.039149
0.043137
-0.374387
-0.323696
-0.094208
-0.238882
0.200650
0.310085
-0.060408
0.459980
-0.144511
-0.124443
-0.148007
0.079338
0.141364
-0.125239
0.039149
0.043137
-0.374387
-0.323696
-0.094208
-0.238882
0.200650
0.310085
-0.060408
0.459980
-0.144511
-0.124443
-0.148007
0.079338
0.141364
-0.125239
0.039149
0.043137
-0.374387
-0.323696
-0.094208
-0.238882
0.200650
0.310085
-0.060408
0.459980
-0.144511
-0.124443
-0.148007
0.079338
0.141364
-0.125239
0.039149
0.043137
-0.374387
-0.323696
-0.094208
-0.238882
0.200650
0.310085
-0.060408
0.459980
-0.144511
-0.124443
-0.148007
0.079338
0.141364
-0.125239
0.039149
0.043137
-0.374387
-0.323696
-0.094208
-0.238882
0.200650
0.310085
-0.060408
0.459980
-0.144511
-0.124443
-0.148007
0.079338
0.141364
-0.125239
0.039149
0.043137
-0.374387
-0.323696
-0.094208
-0.238882
0.200650
0.310085
-0.060408
0.459980
-0.144511
-0.124443
-0.148007
0.079338
0.141364
-0.125239
0.039149
0.043137
-0.374387
-0.323696
-0.094208
-0.238882
0.200650
0.310085
-0.060408
0.459980
-0.144511
-0.124443
-0.148007
0.079338
0.141364
-0.125239
0.039149
0.043137
-0.374387
-0.323696
-0.094208
-0.238882
0.200650
0.310085
-0.060408
0.459980
-0.144511
-0.124443
-0.148007
0.079338
0.141364
-0.125239
0.039149
0.043137
-0.374387
-0.323696
-0.094208
-0.238882
0.200650
0.310085
-0.060408
0.459980
-0.144511
-0.124443
-0.148007
0.079338
0.141364
-0.125239
0.039149
0.043137
-0.374387
-0.323696
-0.094208
-0.238882
0.200650
0.310085
-0.060408
0.459980
-0.144511
-0.124443
-0.148007
0.079338
0.141364
-0.125239
0.039149
0.043137
-0.374387
-0.323696
-0.094208
-0.238882
0.200650
0.310085
-0.060408
0.459980
-0.144511
-0.124443
-0.148007
0.079338
0.141364
-0.125239
0.039149
0.043137
-0.374387
