1.606723
-1.384860
7.869306
-1.373100
-4.862796
9.172273
6.086019
0.121464
-3.910508
1.887405
6.635074
5.527532
-0.108948
8.624104
11.087211
2.265875
-1.101097
4.428840
470.233276
47.360458
184.222610
222.773651
325.656555
442.145721
748.207642
-185.515198
962.927368
641.533386
-204.746765
1510.764526
503.422394
554.738037
0.991581
-2.295677
-20.794453
1.534499
-5.745349
-7.828085
-14.045724
-15.522225
-29.340633
7.720418
-42.575809
-29.134066
2.297308
-58.858501
-23.651058
-18.891493
1.855563
-3.620002
-339.104340
-36.267860
-134.033493
-162.686691
-242.757446
-329.841858
-546.875671
139.028290
-700.007751
-472.341370
156.923386
-1121.376587
-359.655182
-413.723846
-0.005578
-2.449114
-32.991642
-4.463064
-11.415538
-20.585945
-19.738144
-27.551876
-51.384830
7.759352
-61.125805
-45.340267
17.615604
-98.586266
-34.373638
-34.971333
-0.100720
0.148733
-0.387984
-0.906058
-0.397294
0.336917
-0.006103
0.044067
0.274010
0.040576
0.338254
-0.044415
-0.079383
-0.236499
-0.205009
-0.186132
-0.100720
0.148733
-0.387984
-0.906058
-0.397294
0.336917
-0.006103
0.044067
0.274010
0.040576
0.338254
-0.044415
-0.079383
-0.236499
-0.205009
-0.186132
-0.100720
0.148733
-0.387984
-0.906058
-0.397294
0.336917
-0.006103
0.044067
0.274010
0.040576
0.338254
-0.044415
-0.079383
-0.236499
-0.205009
-0.186132
-0.100720
0.148733
-0.387984
-0.906058
-0.397294
0.336917
-0.006103
0.044067
0.274010
0.040576
0.338254
-0.044415
-0.079383
-0.236499
-0.205009
-0.186132
-0.100720
0.148733
-0.387984
-0.906058
-0.397294
0.336917
-0.006103
0.044067
0.274010
0.040576
0.338254
-0.044415
-0.079383
-0.236499
-0.205009
-0.186132
-0.100720
0.148733
-0.387984
-0.906058
-0.397294
0.336917
-0.006103
0.044067
0.274010
0.040576
0.338254
-0.044415
-0.079383
-0.236499
-0.205009
-0.186132
-0.100720
0.148733
-0.387984
-0.906058
-0.397294
0.336917
-0.006103
0.044067
0.274010
0.040576
0.338254
-0.044415
-0.079383
-0.236499
-0.205009
-0.186132
-0.100720
0.148733
-0.387984
-0.906058
-0.397294
0.336917
-0.006103
0.044067
0.274010
0.040576
0.338254
-0.044415
-0.079383
-0.236499
-0.205009
-0.186132
-0.100720
0.148733
-0.387984
-0.906058
-0.397294
0.336917
-0.006103
0.044067
0.274010
0.040576
0.338254
-0.044415
-0.079383
-0.236499
-0.205009
-0.186132
-0.100720
0.148733
-0.387984
-0.906058
-0.397294
0.336917
-0.006103
0.044067
0.274010
0.040576
0.338254
-0.044415
-0.079383
-0.236499
-0.205009
-0.186132
-0.100720
0.148733
-0.387984
-0.906058
-0.397294
0.336917
-0.006103
0.044067
0.274010
0.040576
0.338254
-0.044415
-0.079383
-0.236499
-0.205009
-0.186132
-0.100720
0.148733
-0.387984
-0.906058
-0.397294
0.336917
-0.006103
0.044067
0.274010
0.040576
0.338254
-0.044415
-0.079383
-0.236499
-0.205009
-0.186132
-0.100720
0.148733
-0.387984
-0.906058
-0.397294
0.336917
-0.006103
0.044067
0.274010
0.040576
0.338254
-0.044415
-0.079383
-0.236499
-0.205009
-0.186132
-0.100720
0.148733
-0.387984
-0.906058
-0.397294
0.336917
-0.006103
0.044067
0.274010
0.040576
0.338254
-0.044415
-0.079383
-0.236499
-0.205009
-0.186132
-0.100720
0.148733
-0.387984
-0.906058
-0.397294
0.336917
-0.006103
0.044067
0.274010
0.040576
0.338254
-0.044415
-0.079383
-0.236499
-0.205009
-0.186132
