0.454662
0.179826
-7.142180
1.916551
7.697884
1.330870
3.553453
2.354843
-2.500296
-3.084872
-5.194328
0.761919
-0.197849
4.414168
-3.193090
-1.226724
-2.045760
-0.235801
2.456748
-8.544085
2.204430
9.913836
4.014812
-4.293366
-1.608428
3.093090
5.154541
-0.946113
5.136922
2.931432
10.676736
-6.655787
-0.565612
0.429529
-7.175728
4.949012
-0.644691
-6.441211
-5.063414
1.707962
5.969033
-8.742928
-2.420935
17.661720
-12.289132
10.251120
4.261905
8.640930
1.011916
-1.175462
-253.599533
-450.836761
42.066128
-333.459167
200.472900
-488.296326
-652.189514
-644.142029
-82.886665
-1292.733521
1427.266235
-686.337219
252.521240
-750.073975
0.421961
-0.728495
7.494008
14.498433
-3.541848
14.026666
-8.888392
19.107920
19.994186
22.110384
1.052107
49.927364
-50.156521
24.364712
-9.023036
26.292154
0.724793
-0.014741
136.414520
238.025391
-21.823708
174.906555
-107.736214
255.901276
338.603455
345.772064
37.815834
685.977783
-757.111145
359.209290
-144.197693
395.023987
-2.098055
1.500196
18.765860
27.327362
-4.542238
19.777489
-13.096353
33.861214
40.854332
35.737240
5.632953
77.709587
-82.929787
46.572598
-10.359238
44.978798
0.731784
1.925254
35.871841
75.962227
-6.868229
53.485397
-35.415409
76.166214
109.118896
112.490913
9.840466
208.550934
-239.924805
103.443588
-39.331833
124.196693
0.738370
-0.823357
-0.400250
0.332409
0.194117
-0.028844
0.677015
0.374269
0.244168
-0.018172
0.259452
0.578114
-0.274619
-0.766174
0.340861
-0.299848
0.738370
-0.823357
-0.400250
0.332409
0.194117
-0.028844
0.677015
0.374269
0.244168
-0.018172
0.259452
0.578114
-0.274619
-0.766174
0.340861
-0.299848
0.738370
-0.823357
-0.400250
0.332409
0.194117
-0.028844
0.677015
0.374269
0.244168
-0.018172
0.259452
0.578114
-0.274619
-0.766174
0.340861
-0.299848
0.738370
-0.823357
-0.400250
0.332409
0.194117
-0.028844
0.677015
0.374269
0.244168
-0.018172
0.259452
0.578114
-0.274619
-0.766174
0.340861
-0.299848
0.738370
-0.823357
-0.400250
0.332409
0.194117
-0.028844
0.677015
0.374269
0.244168
-0.018172
0.259452
0.578114
-0.274619
-0.766174
0.340861
-0.299848
0.738370
-0.823357
-0.400250
0.332409
0.194117
-0.028844
0.677015
0.374269
0.244168
-0.018172
0.259452
0.578114
-0.274619
-0.766174
0.340861
-0.299848
0.738370
-0.823357
-0.400250
0.332409
0.194117
-0.028844
0.677015
0.374269
0.244168
-0.018172
0.259452
0.578114
-0.274619
-0.766174
0.340861
-0.299848
0.738370
-0.823357
-0.400250
0.332409
0.194117
-0.028844
0.677015
0.374269
0.244168
-0.018172
0.259452
0.578114
-0.274619
-0.766174
0.340861
-0.299848
0.738370
-0.823357
-0.400250
0.332409
0.194117
-0.028844
0.677015
0.374269
0.244168
-0.018172
0.259452
0.578114
-0.274619
-0.766174
0.340861
-0.299848
0.738370
-0.823357
-0.400250
0.332409
0.194117
-0.028844
0.677015
0.374269
0.244168
-0.018172
0.259452
0.578114
-0.274619
-0.766174
0.340861
-0.299848
0.738370
-0.823357
-0.400250
0.332409
0.194117
-0.028844
0.677015
0.374269
0.244168
-0.018172
0.259452
0.578114
-0.274619
-0.766174
0.340861
-0.299848
0.738370
-0.823357
-0.400250
0.332409
0.194117
-0.028844
0.677015
0.374269
0.244168
-0.018172
0.259452
0.578114
-0.274619
-0.766174
0.340861
-0.299848
