2.315992
0.441128
275.566742
-385.672943
292.667969
-121.181152
506.516144
-2.903152
238.645309
-748.659851
1083.145508
-515.181885
1182.111694
943.574158
715.791321
-73.778992
-0.665570
-0.939964
-196.530457
292.409363
-215.284393
87.493469
-373.271667
4.726963
-175.286911
557.376404
-798.924866
391.676788
-884.745422
-691.307678
-527.190918
56.937363
-2.954149
0.534366
-22.896208
11.788612
-19.160160
2.301693
-25.161234
-9.138708
-23.148567
30.697998
-66.456383
8.221522
-39.842838
-66.319199
-36.554523
-7.298068
0.847637
2.407076
-13.684197
29.968601
-18.589214
16.124258
-37.421551
11.956554
-5.593162
59.152489
-69.244064
56.263859
-103.667221
-47.951580
-54.422024
16.543343
-0.252870
-0.576109
-0.693347
0.265378
0.332569
0.327011
0.065910
-0.079910
0.251515
-0.413373
0.188873
0.321328
0.382411
0.184387
0.143308
0.324591
-0.252870
-0.576109
-0.693347
0.265378
0.332569
0.327011
0.065910
-0.079910
0.251515
-0.413373
0.188873
0.321328
0.382411
0.184387
0.143308
0.324591
-0.252870
-0.576109
-0.693347
0.265378
0.332569
0.327011
0.065910
-0.079910
0.251515
-0.413373
0.188873
0.321328
0.382411
0.184387
0.143308
0.324591
-0.252870
-0.576109
-0.693347
0.265378
0.332569
0.327011
0.065910
-0.079910
0.251515
-0.413373
0.188873
0.321328
0.382411
0.184387
0.143308
0.324591
-0.252870
-0.576109
-0.693347
0.265378
0.332569
0.327011
0.065910
-0.079910
0.251515
-0.413373
0.188873
0.321328
0.382411
0.184387
0.143308
0.324591
-0.252870
-0.576109
-0.693347
0.265378
0.332569
0.327011
0.065910
-0.079910
0.251515
-0.413373
0.188873
0.321328
0.382411
0.184387
0.143308
0.324591
-0.252870
-0.576109
-0.693347
0.265378
0.332569
0.327011
0.065910
-0.079910
0.251515
-0.413373
0.188873
0.321328
0.382411
0.184387
0.143308
0.324591
-0.252870
-0.576109
-0.693347
0.265378
0.332569
0.327011
0.065910
-0.079910
0.251515
-0.413373
0.188873
0.321328
0.382411
0.184387
0.143308
0.324591
-0.252870
-0.576109
-0.693347
0.265378
0.332569
0.327011
0.065910
-0.079910
0.251515
-0.413373
0.188873
0.321328
0.382411
0.184387
0.143308
0.324591
-0.252870
-0.576109
-0.693347
0.265378
0.332569
0.327011
0.065910
-0.079910
0.251515
-0.413373
0.188873
0.321328
0.382411
0.184387
0.143308
0.324591
-0.252870
-0.576109
-0.693347
0.265378
0.332569
0.327011
0.065910
-0.079910
0.251515
-0.413373
0.188873
0.321328
0.382411
0.184387
0.143308
0.324591
-0.252870
-0.576109
-0.693347
0.265378
0.332569
0.327011
0.065910
-0.079910
0.251515
-0.413373
0.188873
0.321328
0.382411
0.184387
0.143308
0.324591
-0.252870
-0.576109
-0.693347
0.265378
0.332569
0.327011
0.065910
-0.079910
0.251515
-0.413373
0.188873
0.321328
0.382411
0.184387
0.143308
0.324591
-0.252870
-0.576109
-0.693347
0.265378
0.332569
0.327011
0.065910
-0.079910
0.251515
-0.413373
0.188873
0.321328
0.382411
0.184387
0.143308
0.324591
-0.252870
-0.576109
-0.693347
0.265378
0.332569
0.327011
0.065910
-0.079910
0.251515
-0.413373
0.188873
0.321328
0.382411
0.184387
0.143308
0.324591
-0.252870
-0.576109
-0.693347
0.265378
0.332569
0.327011
0.065910
-0.079910
0.251515
-0.413373
0.188873
0.321328
0.382411
0.184387
0.143308
0.324591
