1.356154
-6.047743
110.444313
-76.463440
-17.648077
1017.217529
63.195747
481.198273
269.203979
-132.208572
-360.548798
-458.540039
-201.503494
600.165283
-826.841553
-308.683685
-1.502837
1.162358
9.199965
1.305884
-8.534610
4.642437
5.824272
1.949393
-4.484533
-3.325808
3.634032
9.627397
-3.906944
4.069413
9.628681
7.683058
0.306412
-0.092617
-7.640048
1.593749
8.004879
2.717202
0.585134
4.147487
-1.650832
-6.230284
-8.108118
3.816298
-4.855110
4.142527
-2.155691
-2.127167
-3.273302
3.942380
-36.091572
23.771358
19.257998
-371.192810
-21.665756
-171.514084
-100.736710
52.293068
128.823776
183.385925
86.848892
-222.808823
292.696472
135.213348
0.046144
-4.986197
-5.943800
-0.059996
-8.839691
-46.175270
-5.382694
-21.874504
-8.290926
7.982862
20.517885
11.507642
5.548634
-30.528311
41.232365
6.102217
3.162073
-0.183968
-5.099622
8.916658
-12.362180
-70.059586
-9.816575
-32.630249
-15.499710
11.726418
30.251520
21.296059
5.216224
-41.615913
63.925167
14.460349
0.340376
3.836063
-36.597713
25.986734
22.579126
-289.259003
-6.435203
-139.244568
-79.309464
23.541918
92.596367
134.538757
56.813782
-162.562851
231.595078
91.163666
-0.670308
-0.553443
0.390369
-0.038538
-0.401220
0.166063
0.129897
-0.643190
0.421956
-0.788763
-0.286186
-0.167825
0.430336
0.113366
0.060635
-0.524629
-0.670308
-0.553443
0.390369
-0.038538
-0.401220
0.166063
0.129897
-0.643190
0.421956
-0.788763
-0.286186
-0.167825
0.430336
0.113366
0.060635
-0.524629
-0.670308
-0.553443
0.390369
-0.038538
-0.401220
0.166063
0.129897
-0.643190
0.421956
-0.788763
-0.286186
-0.167825
0.430336
0.113366
0.060635
-0.524629
-0.670308
-0.553443
0.390369
-0.038538
-0.401220
0.166063
0.129897
-0.643190
0.421956
-0.788763
-0.286186
-0.167825
0.430336
0.113366
0.060635
-0.524629
-0.670308
-0.553443
0.390369
-0.038538
-0.401220
0.166063
0.129897
-0.643190
0.421956
-0.788763
-0.286186
-0.167825
0.430336
0.113366
0.060635
-0.524629
-0.670308
-0.553443
0.390369
-0.038538
-0.401220
0.166063
0.129897
-0.643190
0.421956
-0.788763
-0.286186
-0.167825
0.430336
0.113366
0.060635
-0.524629
-0.670308
-0.553443
0.390369
-0.038538
-0.401220
0.166063
0.129897
-0.643190
0.421956
-0.788763
-0.286186
-0.167825
0.430336
0.113366
0.060635
-0.524629
-0.670308
-0.553443
0.390369
-0.038538
-0.401220
0.166063
0.129897
-0.643190
0.421956
-0.788763
-0.286186
-0.167825
0.430336
0.113366
0.060635
-0.524629
-0.670308
-0.553443
0.390369
-0.038538
-0.401220
0.166063
0.129897
-0.643190
0.421956
-0.788763
-0.286186
-0.167825
0.430336
0.113366
0.060635
-0.524629
-0.670308
-0.553443
0.390369
-0.038538
-0.401220
0.166063
0.129897
-0.643190
0.421956
-0.788763
-0.286186
-0.167825
0.430336
0.113366
0.060635
-0.524629
-0.670308
-0.553443
0.390369
-0.038538
-0.401220
0.166063
0.129897
-0.643190
0.421956
-0.788763
-0.286186
-0.167825
0.430336
0.113366
0.060635
-0.524629
-0.670308
-0.553443
0.390369
-0.038538
-0.401220
0.166063
0.129897
-0.643190
0.421956
-0.788763
-0.286186
-0.167825
0.430336
0.113366
0.060635
-0.524629
-0.670308
-0.553443
0.390369
-0.038538
-0.401220
0.166063
0.129897
-0.643190
0.421956
-0.788763
-0.286186
-0.167825
0.430336
0.113366
0.060635
-0.524629
