2.405784
-0.421731
7.725874
-4.137202
-6.701571
1.312007
-2.428250
-4.650974
4.718133
4.206292
4.319390
-5.706164
1.720483
-4.445565
3.226446
1.438024
-2.307177
-0.673496
-58.158287
119.298012
888.148315
398.661407
474.728943
82.139046
-254.262283
-359.190338
-612.166138
100.788727
284.528412
807.423401
-664.072205
233.599228
1.059885
-0.074027
22.320332
-50.981998
-380.006805
-163.748245
-204.425293
-32.306091
108.629143
151.698715
262.196442
-46.477390
-125.612404
-346.839020
279.322083
-106.222656
2.721995
0.904867
1.766347
-4.749493
-38.797417
-17.964304
-18.382427
-7.676356
9.592360
13.218971
26.366827
-2.805918
-12.200192
-35.014927
25.702694
-9.152067
-1.250023
0.535720
4.581093
-9.609187
-60.201683
-30.945925
-29.794559
-8.086093
15.441404
24.665428
43.211708
-6.161963
-20.139400
-53.749073
47.400841
-7.670985
-0.899241
1.651031
16.498068
-29.849340
-209.902069
-88.138123
-110.239677
-14.613161
60.385483
84.963234
142.002075
-27.882280
-66.966438
-183.527435
154.976807
-58.408314
0.395490
0.811167
-0.056772
-0.335855
0.129856
-0.263148
-0.080862
-0.371364
-0.062247
-0.233775
0.529489
0.223128
-0.457452
-0.508812
-0.072968
0.193575
0.395490
0.811167
-0.056772
-0.335855
0.129856
-0.263148
-0.080862
-0.371364
-0.062247
-0.233775
0.529489
0.223128
-0.457452
-0.508812
-0.072968
0.193575
0.395490
0.811167
-0.056772
-0.335855
0.129856
-0.263148
-0.080862
-0.371364
-0.062247
-0.233775
0.529489
0.223128
-0.457452
-0.508812
-0.072968
0.193575
0.395490
0.811167
-0.056772
-0.335855
0.129856
-0.263148
-0.080862
-0.371364
-0.062247
-0.233775
0.529489
0.223128
-0.457452
-0.508812
-0.072968
0.193575
0.395490
0.811167
-0.056772
-0.335855
0.129856
-0.263148
-0.080862
-0.371364
-0.062247
-0.233775
0.529489
0.223128
-0.457452
-0.508812
-0.072968
0.193575
0.395490
0.811167
-0.056772
-0.335855
0.129856
-0.263148
-0.080862
-0.371364
-0.062247
-0.233775
0.529489
0.223128
-0.457452
-0.508812
-0.072968
0.193575
0.395490
0.811167
-0.056772
-0.335855
0.129856
-0.263148
-0.080862
-0.371364
-0.062247
-0.233775
0.529489
0.223128
-0.457452
-0.508812
-0.072968
0.193575
0.395490
0.811167
-0.056772
-0.335855
0.129856
-0.263148
-0.080862
-0.371364
-0.062247
-0.233775
0.529489
0.223128
-0.457452
-0.508812
-0.072968
0.193575
0.395490
0.811167
-0.056772
-0.335855
0.129856
-0.263148
-0.080862
-0.371364
-0.062247
-0.233775
0.529489
0.223128
-0.457452
-0.508812
-0.072968
0.193575
0.395490
0.811167
-0.056772
-0.335855
0.129856
-0.263148
-0.080862
-0.371364
-0.062247
-0.233775
0.529489
0.223128
-0.457452
-0.508812
-0.072968
0.193575
0.395490
0.811167
-0.056772
-0.335855
0.129856
-0.263148
-0.080862
-0.371364
-0.062247
-0.233775
0.529489
0.223128
-0.457452
-0.508812
-0.072968
0.193575
0.395490
0.811167
-0.056772
-0.335855
0.129856
-0.263148
-0.080862
-0.371364
-0.062247
-0.233775
0.529489
0.223128
-0.457452
-0.508812
-0.072968
0.193575
0.395490
0.811167
-0.056772
-0.335855
0.129856
-0.263148
-0.080862
-0.371364
-0.062247
-0.233775
0.529489
0.223128
-0.457452
-0.508812
-0.072968
0.193575
0.395490
0.811167
-0.056772
-0.335855
0.129856
-0.263148
-0.080862
-0.371364
-0.062247
-0.233775
0.529489
0.223128
-0.457452
-0.508812
-0.072968
0.193575
