0.404591
2.994483
68.329231
34.435272
752.668701
70.092102
415.051331
-151.520767
-399.688324
-207.253220
-452.197693
247.822556
541.030457
563.244446
-428.505310
388.290009
-0.295278
-0.758934
-1.050241
-3.271131
1.373558
7.003214
-4.473816
-2.416668
3.389943
0.280698
-4.136401
-5.377427
0.818216
-5.034409
-0.722192
-2.220716
-3.320054
0.639339
1.942972
26.982803
6.161598
-27.446783
16.435432
-2.523129
-12.633585
7.499004
14.297090
25.131651
23.171192
12.600410
-8.346443
7.302259
1.688691
-0.776779
-65.813049
-27.930906
-740.315247
-67.554230
-416.383362
149.765549
390.056702
202.401779
447.797882
-234.392044
-529.523010
-558.292847
429.795227
-377.856415
0.776931
-0.556648
-0.030734
0.447531
-0.068218
-0.012015
0.130570
0.714395
-0.151272
-0.415175
0.329626
-0.578166
0.265402
-0.120168
0.325189
-0.084437
0.776931
-0.556648
-0.030734
0.447531
-0.068218
-0.012015
0.130570
0.714395
-0.151272
-0.415175
0.329626
-0.578166
0.265402
-0.120168
0.325189
-0.084437
0.776931
-0.556648
-0.030734
0.447531
-0.068218
-0.012015
0.130570
0.714395
-0.151272
-0.415175
0.329626
-0.578166
0.265402
-0.120168
0.325189
-0.084437
0.776931
-0.556648
-0.030734
0.447531
-0.068218
-0.012015
0.130570
0.714395
-0.151272
-0.415175
0.329626
-0.578166
0.265402
-0.120168
0.325189
-0.084437
0.776931
-0.556648
-0.030734
0.447531
-0.068218
-0.012015
0.130570
0.714395
-0.151272
-0.415175
0.329626
-0.578166
0.265402
-0.120168
0.325189
-0.084437
0.776931
-0.556648
-0.030734
0.447531
-0.068218
-0.012015
0.130570
0.714395
-0.151272
-0.415175
0.329626
-0.578166
0.265402
-0.120168
0.325189
-0.084437
0.776931
-0.556648
-0.030734
0.447531
-0.068218
-0.012015
0.130570
0.714395
-0.151272
-0.415175
0.329626
-0.578166
0.265402
-0.120168
0.325189
-0.084437
0.776931
-0.556648
-0.030734
0.447531
-0.068218
-0.012015
0.130570
0.714395
-0.151272
-0.415175
0.329626
-0.578166
0.265402
-0.120168
0.325189
-0.084437
0.776931
-0.556648
-0.030734
0.447531
-0.068218
-0.012015
0.130570
0.714395
-0.151272
-0.415175
0.329626
-0.578166
0.265402
-0.120168
0.325189
-0.084437
0.776931
-0.556648
-0.030734
0.447531
-0.068218
-0.012015
0.130570
0.714395
-0.151272
-0.415175
0.329626
-0.578166
0.265402
-0.120168
0.325189
-0.084437
0.776931
-0.556648
-0.030734
0.447531
-0.068218
-0.012015
0.130570
0.714395
-0.151272
-0.415175
0.329626
-0.578166
0.265402
-0.120168
0.325189
-0.084437
0.776931
-0.556648
-0.030734
0.447531
-0.068218
-0.012015
0.130570
0.714395
-0.151272
-0.415175
0.329626
-0.578166
0.265402
-0.120168
0.325189
-0.084437
0.776931
-0.556648
-0.030734
0.447531
-0.068218
-0.012015
0.130570
0.714395
-0.151272
-0.415175
0.329626
-0.578166
0.265402
-0.120168
0.325189
-0.084437
0.776931
-0.556648
-0.030734
0.447531
-0.068218
-0.012015
0.130570
0.714395
-0.151272
-0.415175
0.329626
-0.578166
0.265402
-0.120168
0.325189
-0.084437
0.776931
-0.556648
-0.030734
0.447531
-0.068218
-0.012015
0.130570
0.714395
-0.151272
-0.415175
0.329626
-0.578166
0.265402
-0.120168
0.325189
-0.084437
0.776931
-0.556648
-0.030734
0.447531
-0.068218
-0.012015
0.130570
0.714395
-0.151272
-0.415175
0.329626
-0.578166
0.265402
-0.120168
0.325189
-0.084437
