0.426272
-2.766775
6.360763
-20.266073
9.347074
-34.087444
-14.415685
40.148605
27.179737
18.839243
37.580299
33.976528
-3.170160
-16.453846
21.281576
16.504400
-0.361988
2.075695
31.549124
-10.584589
45.960064
-8.393313
-66.160942
13.341718
-15.730832
45.692451
-13.311282
69.909721
26.888346
-11.358768
-9.354465
31.845478
1.800466
1.372063
-42.081394
21.217283
-64.339149
20.046162
71.867996
-22.190958
8.300122
-64.448235
6.381304
-96.074249
-24.869349
17.224663
-2.450226
-54.341999
-2.426714
2.007835
28.370256
-4.844607
34.060181
-6.807991
-40.405888
1.385698
-12.381990
35.747486
-19.483297
43.649406
19.698185
-1.295284
-4.091680
16.672176
1.767025
-1.381792
14.349548
-0.498391
-640.349731
-531.813232
-491.643585
-169.377502
127.678558
388.768280
408.082733
62.380241
-98.127701
-813.432739
485.424988
-51.704792
2.461293
4.019598
-4.078086
21.513868
-13.520141
32.326557
12.366669
-36.485588
-21.086246
-22.000816
-34.333828
-34.122860
5.118496
18.692959
-16.600828
-18.221176
-1.487000
-0.924548
-7.259316
18.858290
-12.305264
29.390018
15.862427
-38.826862
-24.747030
-21.058502
-32.758656
-35.403500
-3.718182
18.605206
-19.095432
-13.688442
-4.813287
-1.835598
2.869414
-17.975237
6.600595
-30.409798
-7.506930
31.855804
17.514330
21.311066
32.727737
28.685516
-2.791878
-16.596863
13.701493
13.168550
1.989440
-2.499822
3.643662
-17.567549
10.042171
-28.568594
-8.147355
36.618530
25.581436
20.733347
33.421700
26.335735
-1.404823
-19.797850
15.753431
11.682985
1.224131
0.302914
-10.904914
-5.065953
574.643738
484.491058
437.952576
154.790039
-110.874962
-344.475189
-368.765472
-59.972076
79.852951
731.438416
-434.210449
46.022289
1.043047
0.431482
0.334422
-0.174904
-0.662632
-0.163289
-0.243883
-0.204757
-0.586838
-0.204134
-0.227344
-0.020935
0.645631
0.673397
-0.027027
-0.392769
1.043047
0.431482
0.334422
-0.174904
-0.662632
-0.163289
-0.243883
-0.204757
-0.586838
-0.204134
-0.227344
-0.020935
0.645631
0.673397
-0.027027
-0.392769
1.043047
0.431482
0.334422
-0.174904
-0.662632
-0.163289
-0.243883
-0.204757
-0.586838
-0.204134
-0.227344
-0.020935
0.645631
0.673397
-0.027027
-0.392769
1.043047
0.431482
0.334422
-0.174904
-0.662632
-0.163289
-0.243883
-0.204757
-0.586838
-0.204134
-0.227344
-0.020935
0.645631
0.673397
-0.027027
-0.392769
1.043047
0.431482
0.334422
-0.174904
-0.662632
-0.163289
-0.243883
-0.204757
-0.586838
-0.204134
-0.227344
-0.020935
0.645631
0.673397
-0.027027
-0.392769
1.043047
0.431482
0.334422
-0.174904
-0.662632
-0.163289
-0.243883
-0.204757
-0.586838
-0.204134
-0.227344
-0.020935
0.645631
0.673397
-0.027027
-0.392769
1.043047
0.431482
0.334422
-0.174904
-0.662632
-0.163289
-0.243883
-0.204757
-0.586838
-0.204134
-0.227344
-0.020935
0.645631
0.673397
-0.027027
-0.392769
1.043047
0.431482
0.334422
-0.174904
-0.662632
-0.163289
-0.243883
-0.204757
-0.586838
-0.204134
-0.227344
-0.020935
0.645631
0.673397
-0.027027
-0.392769
1.043047
0.431482
0.334422
-0.174904
-0.662632
-0.163289
-0.243883
-0.204757
-0.586838
-0.204134
-0.227344
-0.020935
0.645631
0.673397
-0.027027
-0.392769
1.043047
0.431482
0.334422
-0.174904
-0.662632
-0.163289
-0.243883
-0.204757
-0.586838
-0.204134
-0.227344
-0.020935
0.645631
0.673397
-0.027027
-0.392769
