3.724740
-0.275591
-2280.041260
-87.714417
-1006.296631
253.861313
572.329651
-2366.114502
188.823227
1430.307861
2302.376953
85.746681
-1723.311768
-2971.365967
3125.249268
-1093.413330
1.052572
2.469902
-18.103340
-6.136893
5.146853
-2.625284
-5.795406
9.627661
2.616737
7.944051
34.538860
-3.310287
-15.119134
-22.835720
17.828636
11.670466
-5.403182
-13.222853
-39.289497
-16.849968
35.393368
17.219849
24.601824
-24.001038
16.055841
13.446918
-19.527382
-4.915455
-22.985640
-20.334158
-8.423344
14.156288
-2.113782
3.955531
883.339661
52.727600
384.614655
-95.441216
-244.984833
911.094666
-61.843193
-560.126465
-884.630981
-47.535656
644.281921
1171.538696
-1209.829956
393.758087
0.259734
-2.447704
49.875790
-1.077294
21.181959
-5.581577
-12.117328
49.886787
-7.834613
-31.091085
-50.450436
-2.898395
41.569370
63.409279
-68.115173
25.766058
0.744670
-1.784652
147.286758
-1.374636
67.755600
-17.211006
-25.689655
154.625443
-14.590137
-93.412231
-150.270874
-2.451946
118.785553
184.752838
-203.647888
83.763870
0.395501
-0.748545
110.101723
-1.094993
48.420963
-12.380959
-24.261044
112.463959
-13.319993
-68.766655
-109.084991
1.302246
83.245110
134.491760
-148.771469
54.609070
-0.196434
-0.624539
594.575867
42.476643
267.982880
-55.876328
-162.943130
619.104736
-39.174675
-372.856293
-605.742310
-42.304565
427.451416
790.443054
-827.009705
266.240143
-0.311591
0.286593
0.244320
0.599618
0.142768
0.016313
-0.464212
0.462583
0.390430
0.137486
-0.035200
-0.033796
-0.386870
0.804407
-0.485760
-0.373804
-0.311591
0.286593
0.244320
0.599618
0.142768
0.016313
-0.464212
0.462583
0.390430
0.137486
-0.035200
-0.033796
-0.386870
0.804407
-0.485760
-0.373804
-0.311591
0.286593
0.244320
0.599618
0.142768
0.016313
-0.464212
0.462583
0.390430
0.137486
-0.035200
-0.033796
-0.386870
0.804407
-0.485760
-0.373804
-0.311591
0.286593
0.244320
0.599618
0.142768
0.016313
-0.464212
0.462583
0.390430
0.137486
-0.035200
-0.033796
-0.386870
0.804407
-0.485760
-0.373804
-0.311591
0.286593
0.244320
0.599618
0.142768
0.016313
-0.464212
0.462583
0.390430
0.137486
-0.035200
-0.033796
-0.386870
0.804407
-0.485760
-0.373804
-0.311591
0.286593
0.244320
0.599618
0.142768
0.016313
-0.464212
0.462583
0.390430
0.137486
-0.035200
-0.033796
-0.386870
0.804407
-0.485760
-0.373804
-0.311591
0.286593
0.244320
0.599618
0.142768
0.016313
-0.464212
0.462583
0.390430
0.137486
-0.035200
-0.033796
-0.386870
0.804407
-0.485760
-0.373804
-0.311591
0.286593
0.244320
0.599618
0.142768
0.016313
-0.464212
0.462583
0.390430
0.137486
-0.035200
-0.033796
-0.386870
0.804407
-0.485760
-0.373804
-0.311591
0.286593
0.244320
0.599618
0.142768
0.016313
-0.464212
0.462583
0.390430
0.137486
-0.035200
-0.033796
-0.386870
0.804407
-0.485760
-0.373804
-0.311591
0.286593
0.244320
0.599618
0.142768
0.016313
-0.464212
0.462583
0.390430
0.137486
-0.035200
-0.033796
-0.386870
0.804407
-0.485760
-0.373804
-0.311591
0.286593
0.244320
0.599618
0.142768
0.016313
-0.464212
0.462583
0.390430
0.137486
-0.035200
-0.033796
-0.386870
0.804407
-0.485760
-0.373804
-0.311591
0.286593
0.244320
0.599618
0.142768
0.016313
-0.464212
0.462583
0.390430
0.137486
-0.035200
-0.033796
-0.386870
0.804407
-0.485760
-0.373804
