0.168366
-2.724451
18.100386
3.301188
-18.248781
-7.264468
3.000397
-1.270974
-8.351965
13.943240
13.600775
4.381384
1.664018
-4.544308
1.646889
0.144317
-5.266149
-11.171414
3.407239
36.910389
11.722954
-36.510403
-31.073107
-12.988194
5.421360
-19.605032
1.098398
22.919867
-15.544108
22.265793
12.800287
0.092620
-0.173033
-1.747663
21.274269
7.162142
-7.361973
2.570589
4.295320
-7.512531
0.247171
-12.142787
-25.451216
5.071314
14.949027
20.743860
-13.537854
-13.209540
1.006440
3.270147
-15.386881
-11.834195
3.481527
4.013608
2.633478
11.020122
2.553539
10.929471
19.654339
-7.339586
-9.069885
-19.567566
5.122471
11.081958
-2.459659
2.845949
2046.366943
200.390671
943.867615
-72.394440
-791.243408
2116.712891
-107.349785
-1345.646851
-2059.452637
-222.176010
1399.302979
2811.881836
-2994.256104
813.380676
5.672468
-3.324219
-1438.455811
-168.535095
-666.548096
40.783566
592.382080
-1483.957520
58.172905
953.450623
1457.548950
181.606674
-949.478149
-2007.963501
2126.934570
-538.850952
1.322376
-0.851370
-168.754837
-77.323250
-77.417381
-27.887333
131.964478
-150.284561
-31.475506
112.892212
159.405212
90.705673
-26.292583
-278.753540
277.650757
35.878597
-4.085651
-1.206349
-109.388779
45.684769
-47.798054
27.955730
-20.281645
-128.038879
41.948227
63.587635
110.372955
-44.855824
-148.935349
-103.837410
127.568657
-125.397614
0.002115
-0.056181
0.674611
-0.607268
-0.783787
0.408216
0.824144
-0.474693
0.037042
0.352742
0.462836
0.077800
0.599589
-0.420555
0.523820
-0.123725
0.002115
-0.056181
0.674611
-0.607268
-0.783787
0.408216
0.824144
-0.474693
0.037042
0.352742
0.462836
0.077800
0.599589
-0.420555
0.523820
-0.123725
0.002115
-0.056181
0.674611
-0.607268
-0.783787
0.408216
0.824144
-0.474693
0.037042
0.352742
0.462836
0.077800
0.599589
-0.420555
0.523820
-0.123725
0.002115
-0.056181
0.674611
-0.607268
-0.783787
0.408216
0.824144
-0.474693
0.037042
0.352742
0.462836
0.077800
0.599589
-0.420555
0.523820
-0.123725
0.002115
-0.056181
0.674611
-0.607268
-0.783787
0.408216
0.824144
-0.474693
0.037042
0.352742
0.462836
0.077800
0.599589
-0.420555
0.523820
-0.123725
0.002115
-0.056181
0.674611
-0.607268
-0.783787
0.408216
0.824144
-0.474693
0.037042
0.352742
0.462836
0.077800
0.599589
-0.420555
0.523820
-0.123725
0.002115
-0.056181
0.674611
-0.607268
-0.783787
0.408216
0.824144
-0.474693
0.037042
0.352742
0.462836
0.077800
0.599589
-0.420555
0.523820
-0.123725
0.002115
-0.056181
0.674611
-0.607268
-0.783787
0.408216
0.824144
-0.474693
0.037042
0.352742
0.462836
0.077800
0.599589
-0.420555
0.523820
-0.123725
0.002115
-0.056181
0.674611
-0.607268
-0.783787
0.408216
0.824144
-0.474693
0.037042
0.352742
0.462836
0.077800
0.599589
-0.420555
0.523820
-0.123725
0.002115
-0.056181
0.674611
-0.607268
-0.783787
0.408216
0.824144
-0.474693
0.037042
0.352742
0.462836
0.077800
0.599589
-0.420555
0.523820
-0.123725
0.002115
-0.056181
0.674611
-0.607268
-0.783787
0.408216
0.824144
-0.474693
0.037042
0.352742
0.462836
0.077800
0.599589
-0.420555
0.523820
-0.123725
0.002115
-0.056181
0.674611
-0.607268
-0.783787
0.408216
0.824144
-0.474693
0.037042
0.352742
0.462836
0.077800
0.599589
-0.420555
0.523820
-0.123725
