-10.293447
-7.328551
1.007679
-31.034578
-9.555262
32.753643
29.944895
17.075504
-13.331614
21.057253
-0.614415
-23.017885
17.218201
-17.549479
-22.868580
-8.309775
0.968345
-0.571921
-0.874509
-18.068493
11.147234
8.484271
-6.944810
-3.597421
-8.748637
3.595352
5.728535
18.567894
9.714008
-22.321852
-10.164139
13.257032
-1.910959
1.544893
3.211290
8.926509
-11.661990
-6.524551
7.084641
8.631275
3.591360
-0.170157
-2.410713
-12.699624
-2.630864
16.955332
4.262961
-11.704337
-0.653914
-1.352311
-593.892761
1737.902100
-269.077667
925.561157
-1659.679810
-1302.559814
1088.954468
301.574677
607.996338
-1649.940063
-2784.098145
324.050446
19.510803
-2645.810547
-0.687464
1.650799
389.562836
-1158.470825
178.517014
-608.782776
1102.584961
864.413147
-724.471863
-196.935471
-402.640991
1094.132446
1847.962646
-219.128784
-9.346326
1751.680298
2.053860
1.791642
34.655754
-103.847786
10.134318
-57.391552
96.647453
72.042763
-65.940063
-14.321255
-28.064426
95.400040
161.472733
-26.088354
3.717500
149.873779
0.044875
-0.797000
64.962395
-172.691925
25.369947
-102.448875
164.534988
133.343857
-110.586151
-33.751484
-61.194584
168.932510
282.374084
-25.018700
-0.355599
268.242981
1.211730
-0.545261
0.407171
-0.227257
0.287778
-0.451526
-0.764606
0.558191
-0.085707
-0.168563
-0.143016
0.142122
0.399420
0.186408
-0.256260
-0.426580
1.211730
-0.545261
0.407171
-0.227257
0.287778
-0.451526
-0.764606
0.558191
-0.085707
-0.168563
-0.143016
0.142122
0.399420
0.186408
-0.256260
-0.426580
1.211730
-0.545261
0.407171
-0.227257
0.287778
-0.451526
-0.764606
0.558191
-0.085707
-0.168563
-0.143016
0.142122
0.399420
0.186408
-0.256260
-0.426580
1.211730
-0.545261
0.407171
-0.227257
0.287778
-0.451526
-0.764606
0.558191
-0.085707
-0.168563
-0.143016
0.142122
0.399420
0.186408
-0.256260
-0.426580
1.211730
-0.545261
0.407171
-0.227257
0.287778
-0.451526
-0.764606
0.558191
-0.085707
-0.168563
-0.143016
0.142122
0.399420
0.186408
-0.256260
-0.426580
1.211730
-0.545261
0.407171
-0.227257
0.287778
-0.451526
-0.764606
0.558191
-0.085707
-0.168563
-0.143016
0.142122
0.399420
0.186408
-0.256260
-0.426580
1.211730
-0.545261
0.407171
-0.227257
0.287778
-0.451526
-0.764606
0.558191
-0.085707
-0.168563
-0.143016
0.142122
0.399420
0.186408
-0.256260
-0.426580
1.211730
-0.545261
0.407171
-0.227257
0.287778
-0.451526
-0.764606
0.558191
-0.085707
-0.168563
-0.143016
0.142122
0.399420
0.186408
-0.256260
-0.426580
1.211730
-0.545261
0.407171
-0.227257
0.287778
-0.451526
-0.764606
0.558191
-0.085707
-0.168563
-0.143016
0.142122
0.399420
0.186408
-0.256260
-0.426580
1.211730
-0.545261
0.407171
-0.227257
0.287778
-0.451526
-0.764606
0.558191
-0.085707
-0.168563
-0.143016
0.142122
0.399420
0.186408
-0.256260
-0.426580
1.211730
-0.545261
0.407171
-0.227257
0.287778
-0.451526
-0.764606
0.558191
-0.085707
-0.168563
-0.143016
0.142122
0.399420
0.186408
-0.256260
-0.426580
1.211730
-0.545261
0.407171
-0.227257
0.287778
-0.451526
-0.764606
0.558191
-0.085707
-0.168563
-0.143016
0.142122
0.399420
0.186408
-0.256260
-0.426580
1.211730
-0.545261
0.407171
-0.227257
0.287778
-0.451526
-0.764606
0.558191
-0.085707
-0.168563
-0.143016
0.142122
0.399420
0.186408
-0.256260
-0.426580
