-25.805058
1.663383
30.371372
-1.167526
-37.460857
-5.006454
-10.534111
32.852436
-8.057707
-11.263366
26.503283
-7.245522
17.224411
13.729344
4.075413
-19.210024
0.115250
4.640861
1033.881714
-2049.446045
368.991089
-956.114319
1885.620483
1524.035767
-1351.995605
-422.569702
-1014.274353
1985.215210
3336.765381
-320.124420
-341.732513
3236.773926
2.083956
-0.183009
4.325833
20.791609
-11.671714
-4.553830
10.606112
1.998428
10.658628
-10.204025
-14.203506
-24.862251
-10.482653
25.491783
6.914827
-23.107401
1.394421
-2.186197
-6.505903
-12.474127
8.719426
6.535614
-0.154720
-2.650895
-3.792225
6.058570
-2.526043
12.364285
3.875548
-16.608618
-8.344595
16.004059
-1.172318
-0.587499
-426.431152
934.569580
-141.523087
430.176544
-873.034180
-639.738281
621.802490
158.460007
413.713959
-909.449707
-1491.768799
205.668304
91.311920
-1459.044312
1.235337
1.916821
-72.518005
87.941299
-29.524483
45.337429
-76.713661
-95.748940
63.290531
35.435711
74.057137
-86.639107
-170.268082
-20.419453
50.014709
-157.286743
0.217646
-1.070773
-90.599068
101.536598
-39.086002
49.247246
-81.815536
-121.184334
63.939987
49.351959
93.079491
-93.797966
-191.996674
-39.792065
71.991875
-173.787048
-0.866127
-1.201991
-163.545898
465.093475
-58.002071
218.925446
-443.883911
-272.506470
291.224396
58.035530
164.729477
-449.286346
-697.203979
158.772964
-11.774067
-703.481018
-0.004558
0.071564
-0.423979
0.541555
-0.139824
0.032498
-0.209131
-1.251182
0.095777
-0.005298
0.255357
-0.222622
-0.929543
-0.686866
0.915553
-0.720344
-0.004558
0.071564
-0.423979
0.541555
-0.139824
0.032498
-0.209131
-1.251182
0.095777
-0.005298
0.255357
-0.222622
-0.929543
-0.686866
0.915553
-0.720344
-0.004558
0.071564
-0.423979
0.541555
-0.139824
0.032498
-0.209131
-1.251182
0.095777
-0.005298
0.255357
-0.222622
-0.929543
-0.686866
0.915553
-0.720344
-0.004558
0.071564
-0.423979
0.541555
-0.139824
0.032498
-0.209131
-1.251182
0.095777
-0.005298
0.255357
-0.222622
-0.929543
-0.686866
0.915553
-0.720344
-0.004558
0.071564
-0.423979
0.541555
-0.139824
0.032498
-0.209131
-1.251182
0.095777
-0.005298
0.255357
-0.222622
-0.929543
-0.686866
0.915553
-0.720344
-0.004558
0.071564
-0.423979
0.541555
-0.139824
0.032498
-0.209131
-1.251182
0.095777
-0.005298
0.255357
-0.222622
-0.929543
-0.686866
0.915553
-0.720344
-0.004558
0.071564
-0.423979
0.541555
-0.139824
0.032498
-0.209131
-1.251182
0.095777
-0.005298
0.255357
-0.222622
-0.929543
-0.686866
0.915553
-0.720344
-0.004558
0.071564
-0.423979
0.541555
-0.139824
0.032498
-0.209131
-1.251182
0.095777
-0.005298
0.255357
-0.222622
-0.929543
-0.686866
0.915553
-0.720344
-0.004558
0.071564
-0.423979
0.541555
-0.139824
0.032498
-0.209131
-1.251182
0.095777
-0.005298
0.255357
-0.222622
-0.929543
-0.686866
0.915553
-0.720344
-0.004558
0.071564
-0.423979
0.541555
-0.139824
0.032498
-0.209131
-1.251182
0.095777
-0.005298
0.255357
-0.222622
-0.929543
-0.686866
0.915553
-0.720344
-0.004558
0.071564
-0.423979
0.541555
-0.139824
0.032498
-0.209131
-1.251182
0.095777
-0.005298
0.255357
-0.222622
-0.929543
-0.686866
0.915553
-0.720344
-0.004558
0.071564
-0.423979
0.541555
-0.139824
0.032498
-0.209131
-1.251182
0.095777
-0.005298
0.255357
-0.222622
-0.929543
-0.686866
0.915553
-0.720344
