-1.258257
-3.555186
542.648499
414.444183
65.226074
609.576843
780.815063
3037.952148
1729.752930
-2310.019043
-66.906570
-1316.103760
-228.958832
3407.770264
-495.697876
-901.499512
13.440512
6.229465
38.962975
22.985537
-22.218761
-10.706059
-17.234753
13.177843
-3.917428
-11.291249
18.862329
5.360361
3.907736
14.477108
7.060253
-18.970486
2.120926
-0.358163
14.314670
-3.610601
2.210565
6.499287
10.363121
-2.524161
-17.002256
-11.869191
3.231035
15.845711
29.649872
9.670597
-6.347123
-1.964122
-2.363324
-1.356930
-4.540678
3.564057
-3.331067
-4.124634
-8.672499
4.877197
14.974962
11.347243
0.196161
-12.677588
-25.672014
-5.456070
4.048841
-5.173192
-0.374485
2.590060
-437.745667
-343.206604
-50.577618
-496.407104
-621.112122
-2480.003418
-1426.820679
1881.152222
48.834564
1074.960815
203.077316
-2778.471436
399.647949
736.354187
2.723583
-0.853154
-22.326267
-3.467613
-11.968057
-15.588964
-67.694283
-70.622879
-12.249033
85.333229
17.807489
35.311367
-42.410660
-97.992775
29.286633
15.580252
-3.184561
-0.545597
-15.804752
-25.413458
9.625404
-28.124146
15.820768
-134.710861
-104.786316
63.035324
-18.241276
51.647491
62.931911
-128.139893
1.956352
45.120098
-0.401932
-0.325570
0.392573
-0.040378
-0.376591
0.038909
-0.186661
-0.395376
-0.031052
0.212692
0.205757
0.497210
0.837575
-0.343680
-0.393590
-0.549490
-0.401932
-0.325570
0.392573
-0.040378
-0.376591
0.038909
-0.186661
-0.395376
-0.031052
0.212692
0.205757
0.497210
0.837575
-0.343680
-0.393590
-0.549490
-0.401932
-0.325570
0.392573
-0.040378
-0.376591
0.038909
-0.186661
-0.395376
-0.031052
0.212692
0.205757
0.497210
0.837575
-0.343680
-0.393590
-0.549490
-0.401932
-0.325570
0.392573
-0.040378
-0.376591
0.038909
-0.186661
-0.395376
-0.031052
0.212692
0.205757
0.497210
0.837575
-0.343680
-0.393590
-0.549490
-0.401932
-0.325570
0.392573
-0.040378
-0.376591
0.038909
-0.186661
-0.395376
-0.031052
0.212692
0.205757
0.497210
0.837575
-0.343680
-0.393590
-0.549490
-0.401932
-0.325570
0.392573
-0.040378
-0.376591
0.038909
-0.186661
-0.395376
-0.031052
0.212692
0.205757
0.497210
0.837575
-0.343680
-0.393590
-0.549490
-0.401932
-0.325570
0.392573
-0.040378
-0.376591
0.038909
-0.186661
-0.395376
-0.031052
0.212692
0.205757
0.497210
0.837575
-0.343680
-0.393590
-0.549490
-0.401932
-0.325570
0.392573
-0.040378
-0.376591
0.038909
-0.186661
-0.395376
-0.031052
0.212692
0.205757
0.497210
0.837575
-0.343680
-0.393590
-0.549490
-0.401932
-0.325570
0.392573
-0.040378
-0.376591
0.038909
-0.186661
-0.395376
-0.031052
0.212692
0.205757
0.497210
0.837575
-0.343680
-0.393590
-0.549490
-0.401932
-0.325570
0.392573
-0.040378
-0.376591
0.038909
-0.186661
-0.395376
-0.031052
0.212692
0.205757
0.497210
0.837575
-0.343680
-0.393590
-0.549490
-0.401932
-0.325570
0.392573
-0.040378
-0.376591
0.038909
-0.186661
-0.395376
-0.031052
0.212692
0.205757
0.497210
0.837575
-0.343680
-0.393590
-0.549490
-0.401932
-0.325570
0.392573
-0.040378
-0.376591
0.038909
-0.186661
-0.395376
-0.031052
0.212692
0.205757
0.497210
0.837575
-0.343680
-0.393590
-0.549490
-0.401932
-0.325570
0.392573
-0.040378
-0.376591
0.038909
-0.186661
-0.395376
-0.031052
0.212692
0.205757
0.497210
0.837575
-0.343680
-0.393590
-0.549490
