-4.250394
-2.184379
510.292450
21.086029
291.974335
699.083130
1652.605225
2441.554932
569.524048
-2615.722168
-623.811462
-1171.760010
1029.171875
3063.811768
-847.249817
-627.269592
-3.082479
0.656635
12.624124
-0.896064
-3.482356
7.751052
12.716903
1.849795
-9.136446
-22.492590
-1.709323
13.097323
25.380581
22.852806
-6.826640
-4.076828
0.511305
-2.005576
-8.978180
-2.410932
-1.900621
-5.398844
-12.425658
2.932543
6.679827
17.108957
4.470251
-12.702811
-19.402851
-17.189098
5.409722
1.685763
1.066989
3.005815
-478.077728
-20.605732
-274.492676
-651.244080
-1553.501099
-2285.568115
-533.695251
2455.595215
585.916992
1098.433350
-965.786316
-2876.299072
797.070740
586.311340
-0.352882
0.041121
-0.588023
-0.176428
0.443547
0.146720
0.371280
-0.647801
0.101739
-0.176575
-0.676326
-0.062610
-0.131734
-0.202945
0.176306
0.308048
-0.352882
0.041121
-0.588023
-0.176428
0.443547
0.146720
0.371280
-0.647801
0.101739
-0.176575
-0.676326
-0.062610
-0.131734
-0.202945
0.176306
0.308048
-0.352882
0.041121
-0.588023
-0.176428
0.443547
0.146720
0.371280
-0.647801
0.101739
-0.176575
-0.676326
-0.062610
-0.131734
-0.202945
0.176306
0.308048
-0.352882
0.041121
-0.588023
-0.176428
0.443547
0.146720
0.371280
-0.647801
0.101739
-0.176575
-0.676326
-0.062610
-0.131734
-0.202945
0.176306
0.308048
-0.352882
0.041121
-0.588023
-0.176428
0.443547
0.146720
0.371280
-0.647801
0.101739
-0.176575
-0.676326
-0.062610
-0.131734
-0.202945
0.176306
0.308048
-0.352882
0.041121
-0.588023
-0.176428
0.443547
0.146720
0.371280
-0.647801
0.101739
-0.176575
-0.676326
-0.062610
-0.131734
-0.202945
0.176306
0.308048
-0.352882
0.041121
-0.588023
-0.176428
0.443547
0.146720
0.371280
-0.647801
0.101739
-0.176575
-0.676326
-0.062610
-0.131734
-0.202945
0.176306
0.308048
-0.352882
0.041121
-0.588023
-0.176428
0.443547
0.146720
0.371280
-0.647801
0.101739
-0.176575
-0.676326
-0.062610
-0.131734
-0.202945
0.176306
0.308048
-0.352882
0.041121
-0.588023
-0.176428
0.443547
0.146720
0.371280
-0.647801
0.101739
-0.176575
-0.676326
-0.062610
-0.131734
-0.202945
0.176306
0.308048
-0.352882
0.041121
-0.588023
-0.176428
0.443547
0.146720
0.371280
-0.647801
0.101739
-0.176575
-0.676326
-0.062610
-0.131734
-0.202945
0.176306
0.308048
-0.352882
0.041121
-0.588023
-0.176428
0.443547
0.146720
0.371280
-0.647801
0.101739
-0.176575
-0.676326
-0.062610
-0.131734
-0.202945
0.176306
0.308048
-0.352882
0.041121
-0.588023
-0.176428
0.443547
0.146720
0.371280
-0.647801
0.101739
-0.176575
-0.676326
-0.062610
-0.131734
-0.202945
0.176306
0.308048
-0.352882
0.041121
-0.588023
-0.176428
0.443547
0.146720
0.371280
-0.647801
0.101739
-0.176575
-0.676326
-0.062610
-0.131734
-0.202945
0.176306
0.308048
-0.352882
0.041121
-0.588023
-0.176428
0.443547
0.146720
0.371280
-0.647801
0.101739
-0.176575
-0.676326
-0.062610
-0.131734
-0.202945
0.176306
0.308048
-0.352882
0.041121
-0.588023
-0.176428
0.443547
0.146720
0.371280
-0.647801
0.101739
-0.176575
-0.676326
-0.062610
-0.131734
-0.202945
0.176306
0.308048
-0.352882
0.041121
-0.588023
-0.176428
0.443547
0.146720
0.371280
-0.647801
0.101739
-0.176575
-0.676326
-0.062610
-0.131734
-0.202945
0.176306
0.308048
