-0.995511
-1.050464
1.624383
3.400809
9.468657
21.838345
-16.844643
-56.675034
-19.124981
25.131365
-1.608297
7.838246
-2.178004
14.189854
1.877935
15.664746
2.785598
-3.719699
8.884324
-2.103273
17.073608
-1.162615
-43.961143
-16.874929
4.245104
20.725147
1.908699
5.842916
10.427711
5.425223
13.062581
4.736334
2.441096
0.779060
27.677549
-7.738958
-25.794468
-26.363283
-0.280048
6.712309
-5.835644
1.308337
-8.588943
0.227203
-9.641380
12.106316
0.134134
-6.673332
-0.829123
4.493602
2350.355957
1950.811157
445.608673
-3520.144043
2081.151367
-1324.996704
668.408264
-209.084457
-570.611877
415.594330
1461.329224
-590.351135
-622.409119
1062.345215
-3.885392
0.158338
-16.377827
5.820927
11.930257
15.081917
0.261732
-3.530012
3.391348
-0.427766
6.979056
2.517433
4.808499
-5.598285
-0.108184
4.563621
1.467989
3.034632
-4.118577
-5.541945
-5.650054
-16.539700
4.718397
54.736088
20.530855
-20.483446
6.691556
-8.151890
3.882749
-12.597557
1.429473
-13.142813
-4.378136
3.491104
-5.549684
1.378675
-9.023468
-18.502958
3.762060
51.026649
16.124775
-14.424325
4.395620
-8.064466
2.849138
-14.429254
-2.040986
-14.585111
-0.706764
-2.035558
-1230.993164
-1008.138733
-226.928055
1835.640747
-1104.193237
700.012512
-329.947754
89.168228
303.014618
-244.007843
-770.063416
329.802673
336.178284
-558.116943
1.676999
0.779531
-77.569939
-60.739788
-12.464761
115.029892
-70.270966
44.519115
-23.591368
6.895448
17.678656
-14.256548
-46.062790
20.863522
21.102430
-38.559959
-2.961962
-0.072983
-394.415344
-355.417755
-95.081230
606.868103
-348.263153
211.544464
-129.456467
44.882790
95.232018
-50.746479
-249.222244
76.740364
101.853859
-176.674042
0.148290
-4.391263
-164.788055
-121.649002
-18.541727
237.388580
-136.780197
94.598000
-43.430389
15.863321
38.614780
-25.834879
-99.086281
48.182434
42.576714
-72.790298
-0.284942
-0.457474
0.235082
-0.744177
-0.746285
0.178024
-0.379353
0.242464
0.097744
-0.115219
0.613766
0.271621
0.182274
-0.004034
0.284456
-0.232481
-0.284942
-0.457474
0.235082
-0.744177
-0.746285
0.178024
-0.379353
0.242464
0.097744
-0.115219
0.613766
0.271621
0.182274
-0.004034
0.284456
-0.232481
-0.284942
-0.457474
0.235082
-0.744177
-0.746285
0.178024
-0.379353
0.242464
0.097744
-0.115219
0.613766
0.271621
0.182274
-0.004034
0.284456
-0.232481
-0.284942
-0.457474
0.235082
-0.744177
-0.746285
0.178024
-0.379353
0.242464
0.097744
-0.115219
0.613766
0.271621
0.182274
-0.004034
0.284456
-0.232481
-0.284942
-0.457474
0.235082
-0.744177
-0.746285
0.178024
-0.379353
0.242464
0.097744
-0.115219
0.613766
0.271621
0.182274
-0.004034
0.284456
-0.232481
-0.284942
-0.457474
0.235082
-0.744177
-0.746285
0.178024
-0.379353
0.242464
0.097744
-0.115219
0.613766
0.271621
0.182274
-0.004034
0.284456
-0.232481
-0.284942
-0.457474
0.235082
-0.744177
-0.746285
0.178024
-0.379353
0.242464
0.097744
-0.115219
0.613766
0.271621
0.182274
-0.004034
0.284456
-0.232481
-0.284942
-0.457474
0.235082
-0.744177
-0.746285
0.178024
-0.379353
0.242464
0.097744
-0.115219
0.613766
0.271621
0.182274
-0.004034
0.284456
-0.232481
-0.284942
-0.457474
0.235082
-0.744177
-0.746285
0.178024
-0.379353
0.242464
0.097744
-0.115219
0.613766
0.271621
0.182274
-0.004034
0.284456
-0.232481
