-1.393274
1.413582
7.305745
1.820930
9.872265
42.099895
-2.098838
-70.119926
-42.179241
30.131714
-21.256840
22.048729
1.354061
14.352077
-10.543599
19.127041
3.703728
0.371245
-1.274731
-3.267626
13.760331
-14.432620
-31.424444
17.715309
26.802425
5.005803
18.067537
4.902889
0.564754
-6.422412
6.820363
0.627547
1.114787
1.557000
2740.601807
-172.533676
-1855.838989
-2930.159424
791.377991
-2774.750732
50.687378
-206.204269
-235.759796
868.185120
1105.716064
-1714.839966
-243.064148
1077.617920
0.439959
3.395637
25.430695
12.305051
-0.498891
-39.902416
-7.101034
8.219856
-2.427964
-1.151440
-6.175039
-12.365374
-17.056866
4.330648
3.986477
-6.703739
2.572495
4.769853
-4.185570
-0.686714
2.433748
-32.160076
-10.015693
52.887314
37.066872
-15.703100
19.222633
-14.537177
-4.261513
-6.257381
12.527116
-7.656780
1.951897
-0.716631
-10.537179
1.192984
2.707863
-37.611801
-1.078468
64.007332
38.398735
-27.053347
20.706696
-20.541731
-5.324432
-13.381236
12.885203
-15.496783
-0.303977
-4.393575
-16.123886
-10.126481
3.116757
22.587742
5.873828
-5.867129
0.446615
0.751709
4.053862
4.926964
9.662256
-3.243899
-3.519412
7.128659
0.650541
-2.419837
-1505.601807
116.010864
1047.261719
1600.562866
-409.243256
1538.490479
-26.206659
113.746361
122.077034
-482.008057
-598.306213
951.659973
123.832954
-597.055725
-1.451575
0.761627
-62.349766
-10.650247
29.008635
77.416206
-35.723797
62.198551
-0.361059
5.476115
8.079510
-17.077560
-35.998737
34.165733
12.441730
-25.835487
1.841785
-1.970296
-215.635406
0.292844
125.720467
235.617935
-75.349426
207.673035
-4.005463
13.252017
22.876570
-63.452152
-96.288658
128.513672
26.775351
-79.881493
-1.001019
1.854379
-444.273529
63.643406
340.130676
451.266388
-93.213272
461.815887
-5.418229
34.941254
29.382919
-146.088242
-155.310684
295.479523
27.543839
-179.351212
-0.704380
0.736733
0.341132
-0.863693
-0.569721
1.112556
-0.873397
0.554955
-0.257074
-0.221021
0.131187
-0.461505
0.039912
-0.122827
-0.382859
-0.231305
-0.704380
0.736733
0.341132
-0.863693
-0.569721
1.112556
-0.873397
0.554955
-0.257074
-0.221021
0.131187
-0.461505
0.039912
-0.122827
-0.382859
-0.231305
-0.704380
0.736733
0.341132
-0.863693
-0.569721
1.112556
-0.873397
0.554955
-0.257074
-0.221021
0.131187
-0.461505
0.039912
-0.122827
-0.382859
-0.231305
-0.704380
0.736733
0.341132
-0.863693
-0.569721
1.112556
-0.873397
0.554955
-0.257074
-0.221021
0.131187
-0.461505
0.039912
-0.122827
-0.382859
-0.231305
-0.704380
0.736733
0.341132
-0.863693
-0.569721
1.112556
-0.873397
0.554955
-0.257074
-0.221021
0.131187
-0.461505
0.039912
-0.122827
-0.382859
-0.231305
-0.704380
0.736733
0.341132
-0.863693
-0.569721
1.112556
-0.873397
0.554955
-0.257074
-0.221021
0.131187
-0.461505
0.039912
-0.122827
-0.382859
-0.231305
-0.704380
0.736733
0.341132
-0.863693
-0.569721
1.112556
-0.873397
0.554955
-0.257074
-0.221021
0.131187
-0.461505
0.039912
-0.122827
-0.382859
-0.231305
-0.704380
0.736733
0.341132
-0.863693
-0.569721
1.112556
-0.873397
0.554955
-0.257074
-0.221021
0.131187
-0.461505
0.039912
-0.122827
-0.382859
-0.231305
-0.704380
0.736733
0.341132
-0.863693
-0.569721
1.112556
-0.873397
0.554955
-0.257074
-0.221021
0.131187
-0.461505
0.039912
-0.122827
-0.382859
-0.231305
