-1.056150
1.655916
13.649629
13.560924
9.087927
-31.593681
-8.140073
1.975259
-2.460913
-3.118607
-4.505444
-8.093734
-10.935331
-0.835535
4.242476
-3.020947
2.633548
4.280105
2299.880859
-798.663452
-2191.282471
-1920.957520
-114.404846
-2258.031250
417.304749
-331.207855
-16.108322
727.091248
274.371338
-1404.000366
57.617981
1031.588867
-1.314555
-1.790723
-18.143663
-13.500613
-2.520477
27.881296
9.612057
-7.766553
7.123615
-0.315526
-0.819999
7.832027
11.057094
-2.500416
-2.209685
3.517113
-1.643473
-1.893510
-2021.521606
707.029114
1934.030273
1683.498535
112.992912
1990.681885
-369.431458
293.541107
13.531133
-642.096436
-229.698792
1235.565552
-56.086452
-909.317993
-0.337610
-0.067737
0.008657
-0.411620
0.256823
-0.266062
-0.415124
-0.134267
-0.541573
0.297892
0.109180
0.165928
-0.671324
-0.015827
-0.055380
0.747323
-0.337610
-0.067737
0.008657
-0.411620
0.256823
-0.266062
-0.415124
-0.134267
-0.541573
0.297892
0.109180
0.165928
-0.671324
-0.015827
-0.055380
0.747323
-0.337610
-0.067737
0.008657
-0.411620
0.256823
-0.266062
-0.415124
-0.134267
-0.541573
0.297892
0.109180
0.165928
-0.671324
-0.015827
-0.055380
0.747323
-0.337610
-0.067737
0.008657
-0.411620
0.256823
-0.266062
-0.415124
-0.134267
-0.541573
0.297892
0.109180
0.165928
-0.671324
-0.015827
-0.055380
0.747323
-0.337610
-0.067737
0.008657
-0.411620
0.256823
-0.266062
-0.415124
-0.134267
-0.541573
0.297892
0.109180
0.165928
-0.671324
-0.015827
-0.055380
0.747323
-0.337610
-0.067737
0.008657
-0.411620
0.256823
-0.266062
-0.415124
-0.134267
-0.541573
0.297892
0.109180
0.165928
-0.671324
-0.015827
-0.055380
0.747323
-0.337610
-0.067737
0.008657
-0.411620
0.256823
-0.266062
-0.415124
-0.134267
-0.541573
0.297892
0.109180
0.165928
-0.671324
-0.015827
-0.055380
0.747323
-0.337610
-0.067737
0.008657
-0.411620
0.256823
-0.266062
-0.415124
-0.134267
-0.541573
0.297892
0.109180
0.165928
-0.671324
-0.015827
-0.055380
0.747323
-0.337610
-0.067737
0.008657
-0.411620
0.256823
-0.266062
-0.415124
-0.134267
-0.541573
0.297892
0.109180
0.165928
-0.671324
-0.015827
-0.055380
0.747323
-0.337610
-0.067737
0.008657
-0.411620
0.256823
-0.266062
-0.415124
-0.134267
-0.541573
0.297892
0.109180
0.165928
-0.671324
-0.015827
-0.055380
0.747323
-0.337610
-0.067737
0.008657
-0.411620
0.256823
-0.266062
-0.415124
-0.134267
-0.541573
0.297892
0.109180
0.165928
-0.671324
-0.015827
-0.055380
0.747323
-0.337610
-0.067737
0.008657
-0.411620
0.256823
-0.266062
-0.415124
-0.134267
-0.541573
0.297892
0.109180
0.165928
-0.671324
-0.015827
-0.055380
0.747323
-0.337610
-0.067737
0.008657
-0.411620
0.256823
-0.266062
-0.415124
-0.134267
-0.541573
0.297892
0.109180
0.165928
-0.671324
-0.015827
-0.055380
0.747323
-0.337610
-0.067737
0.008657
-0.411620
0.256823
-0.266062
-0.415124
-0.134267
-0.541573
0.297892
0.109180
0.165928
-0.671324
-0.015827
-0.055380
0.747323
-0.337610
-0.067737
0.008657
-0.411620
0.256823
-0.266062
-0.415124
-0.134267
-0.541573
0.297892
0.109180
0.165928
-0.671324
-0.015827
-0.055380
0.747323
-0.337610
-0.067737
0.008657
-0.411620
0.256823
-0.266062
-0.415124
-0.134267
-0.541573
0.297892
0.109180
0.165928
-0.671324
-0.015827
-0.055380
0.747323
