2.226172
-2.710970
-18.835028
-29.694057
6.616819
32.837379
-11.603067
11.170645
12.286552
-20.514240
-26.185860
-18.033714
-12.022650
-7.103424
8.362519
-15.333426
-0.456971
-0.253438
-21.098532
-9.845677
-2.105582
37.011032
3.380867
-9.740424
4.830366
-0.150503
4.570726
16.045168
15.239368
1.819947
1.039660
7.782055
-2.367818
-2.934493
-2842.639648
388.342407
2107.239990
2705.349609
-437.758331
2553.465820
-602.401306
291.844330
152.651505
-858.243713
-556.749634
1518.108521
150.687317
-1178.828613
-0.063385
1.628166
1220.889282
-150.750534
-889.706665
-1168.265381
199.420746
-1097.667847
257.021332
-121.012032
-68.435509
367.031830
244.885162
-647.457947
-72.457245
502.848969
0.915772
-0.539053
67.777359
-19.513981
-55.841537
-58.589199
8.749125
-60.249191
13.500847
-9.350574
-2.514496
17.927010
11.422121
-34.461624
-1.078246
26.772797
0.282375
-1.445528
166.050201
-20.946091
-123.489220
-159.702408
22.767193
-150.129395
35.034962
-15.216945
-9.321758
54.751949
33.470043
-89.862366
-7.104169
70.039230
2.293990
-1.117970
142.407715
-14.099306
-102.434860
-140.618835
25.678671
-124.933937
29.164688
-16.448130
-12.373421
42.411160
31.690256
-75.878723
-9.810401
60.116749
0.711846
2.434564
652.038513
-75.058228
-468.590424
-630.648621
114.439667
-578.672424
142.594604
-63.733646
-37.887249
196.848450
135.159332
-342.833771
-39.787888
268.037170
-0.942479
0.158740
1.175905
0.279007
-0.141940
-0.415820
0.443505
-1.005144
-0.113730
-0.629450
-0.010362
-0.240458
0.398177
-0.049443
-0.068480
-0.363095
-0.942479
0.158740
1.175905
0.279007
-0.141940
-0.415820
0.443505
-1.005144
-0.113730
-0.629450
-0.010362
-0.240458
0.398177
-0.049443
-0.068480
-0.363095
-0.942479
0.158740
1.175905
0.279007
-0.141940
-0.415820
0.443505
-1.005144
-0.113730
-0.629450
-0.010362
-0.240458
0.398177
-0.049443
-0.068480
-0.363095
-0.942479
0.158740
1.175905
0.279007
-0.141940
-0.415820
0.443505
-1.005144
-0.113730
-0.629450
-0.010362
-0.240458
0.398177
-0.049443
-0.068480
-0.363095
-0.942479
0.158740
1.175905
0.279007
-0.141940
-0.415820
0.443505
-1.005144
-0.113730
-0.629450
-0.010362
-0.240458
0.398177
-0.049443
-0.068480
-0.363095
-0.942479
0.158740
1.175905
0.279007
-0.141940
-0.415820
0.443505
-1.005144
-0.113730
-0.629450
-0.010362
-0.240458
0.398177
-0.049443
-0.068480
-0.363095
-0.942479
0.158740
1.175905
0.279007
-0.141940
-0.415820
0.443505
-1.005144
-0.113730
-0.629450
-0.010362
-0.240458
0.398177
-0.049443
-0.068480
-0.363095
-0.942479
0.158740
1.175905
0.279007
-0.141940
-0.415820
0.443505
-1.005144
-0.113730
-0.629450
-0.010362
-0.240458
0.398177
-0.049443
-0.068480
-0.363095
-0.942479
0.158740
1.175905
0.279007
-0.141940
-0.415820
0.443505
-1.005144
-0.113730
-0.629450
-0.010362
-0.240458
0.398177
-0.049443
-0.068480
-0.363095
-0.942479
0.158740
1.175905
0.279007
-0.141940
-0.415820
0.443505
-1.005144
-0.113730
-0.629450
-0.010362
-0.240458
0.398177
-0.049443
-0.068480
-0.363095
-0.942479
0.158740
1.175905
0.279007
-0.141940
-0.415820
0.443505
-1.005144
-0.113730
-0.629450
-0.010362
-0.240458
0.398177
-0.049443
-0.068480
-0.363095
-0.942479
0.158740
1.175905
0.279007
-0.141940
-0.415820
0.443505
-1.005144
-0.113730
-0.629450
-0.010362
-0.240458
0.398177
-0.049443
-0.068480
-0.363095
