30.570972
-17.382315
4151.890625
-3894.762695
-6341.520996
-2135.803467
-1407.867554
913.932617
-7798.649902
5476.972168
3137.129639
3757.330566
6734.470215
2582.764404
-3297.058350
3005.875488
-3.775413
0.603286
21.479841
43.337051
40.211475
-58.490868
-2.813454
-5.895905
63.503242
31.531677
35.412872
-48.003201
2.090793
63.449245
-7.054223
-25.179865
1.445732
-0.906775
-21.208389
-35.637756
-35.878433
49.395565
2.325327
5.686675
-51.123997
-23.841112
-28.194868
39.672321
-2.675924
-57.494247
6.524164
22.343826
-30.037014
17.215574
-3476.026123
3249.563965
5285.542969
1740.147705
1145.008301
-786.239502
6467.907715
-4545.557129
-2601.891357
-3101.867188
-5615.938477
-2111.470947
2761.223633
-2507.983398
2.206098
1.013454
-184.644943
115.809128
223.325165
134.473572
67.766045
-18.094206
346.233154
-153.771133
-91.646614
-170.316772
-235.601135
-152.260742
145.954803
-89.858612
-1.442084
0.903830
-137.461823
209.254333
301.545105
36.210598
55.593834
-49.149658
285.375092
-326.599701
-178.970718
-139.820816
-319.308075
-54.195457
109.877281
-160.497421
-0.203125
-0.997619
-1.171781
0.257335
0.370524
0.790986
0.341836
0.771159
1.767847
0.307037
0.134248
-0.686879
-0.012531
-0.631120
1.230139
-0.036505
-0.203125
-0.997619
-1.171781
0.257335
0.370524
0.790986
0.341836
0.771159
1.767847
0.307037
0.134248
-0.686879
-0.012531
-0.631120
1.230139
-0.036505
-0.203125
-0.997619
-1.171781
0.257335
0.370524
0.790986
0.341836
0.771159
1.767847
0.307037
0.134248
-0.686879
-0.012531
-0.631120
1.230139
-0.036505
-0.203125
-0.997619
-1.171781
0.257335
0.370524
0.790986
0.341836
0.771159
1.767847
0.307037
0.134248
-0.686879
-0.012531
-0.631120
1.230139
-0.036505
-0.203125
-0.997619
-1.171781
0.257335
0.370524
0.790986
0.341836
0.771159
1.767847
0.307037
0.134248
-0.686879
-0.012531
-0.631120
1.230139
-0.036505
-0.203125
-0.997619
-1.171781
0.257335
0.370524
0.790986
0.341836
0.771159
1.767847
0.307037
0.134248
-0.686879
-0.012531
-0.631120
1.230139
-0.036505
-0.203125
-0.997619
-1.171781
0.257335
0.370524
0.790986
0.341836
0.771159
1.767847
0.307037
0.134248
-0.686879
-0.012531
-0.631120
1.230139
-0.036505
-0.203125
-0.997619
-1.171781
0.257335
0.370524
0.790986
0.341836
0.771159
1.767847
0.307037
0.134248
-0.686879
-0.012531
-0.631120
1.230139
-0.036505
-0.203125
-0.997619
-1.171781
0.257335
0.370524
0.790986
0.341836
0.771159
1.767847
0.307037
0.134248
-0.686879
-0.012531
-0.631120
1.230139
-0.036505
-0.203125
-0.997619
-1.171781
0.257335
0.370524
0.790986
0.341836
0.771159
1.767847
0.307037
0.134248
-0.686879
-0.012531
-0.631120
1.230139
-0.036505
-0.203125
-0.997619
-1.171781
0.257335
0.370524
0.790986
0.341836
0.771159
1.767847
0.307037
0.134248
-0.686879
-0.012531
-0.631120
1.230139
-0.036505
-0.203125
-0.997619
-1.171781
0.257335
0.370524
0.790986
0.341836
0.771159
1.767847
0.307037
0.134248
-0.686879
-0.012531
-0.631120
1.230139
-0.036505
-0.203125
-0.997619
-1.171781
0.257335
0.370524
0.790986
0.341836
0.771159
1.767847
0.307037
0.134248
-0.686879
-0.012531
-0.631120
1.230139
-0.036505
-0.203125
-0.997619
-1.171781
0.257335
0.370524
0.790986
0.341836
0.771159
1.767847
0.307037
0.134248
-0.686879
-0.012531
-0.631120
1.230139
-0.036505
