3.933780
-3.141311
1165.650513
623.418030
-153.276215
-1774.720947
824.682800
-1384.534668
-703.616577
-1358.067871
-1249.668945
-245.593307
495.849701
-938.320984
270.770050
323.027710
-2.185831
4.232941
12.137689
-0.555800
-10.011338
-15.667567
-2.393400
5.963439
1.320828
-13.639079
-12.942066
5.363707
-10.956639
1.783066
3.166823
1.630777
-1.191463
2.736087
-422.982910
-203.506134
83.077271
626.634277
-260.690033
518.991516
276.944458
440.179901
446.603943
57.973969
-154.688416
352.990814
-99.867760
-105.626793
0.429978
2.872441
-42.221703
-34.087524
-5.528252
73.850845
-39.792732
46.856945
17.949505
58.334076
47.872059
17.140799
-25.140272
28.139450
-10.288219
-14.024447
-1.698688
-2.433546
-360.519562
-145.320328
97.357170
515.211426
-212.215256
414.389191
236.827042
408.938629
369.815826
50.057259
-128.084839
275.770691
-86.862869
-89.461922
-1.527049
0.101569
-81.299339
-60.686939
-8.146691
137.346878
-75.738190
98.865379
42.262272
107.882683
95.430573
30.338688
-46.616226
68.014046
-20.253443
-28.381502
-0.524436
-1.494578
-0.295429
0.085797
-0.399238
0.298305
-0.326433
0.440754
-0.504339
0.253938
0.183265
0.668917
0.176986
0.349962
0.396114
-0.082265
-0.524436
-1.494578
-0.295429
0.085797
-0.399238
0.298305
-0.326433
0.440754
-0.504339
0.253938
0.183265
0.668917
0.176986
0.349962
0.396114
-0.082265
-0.524436
-1.494578
-0.295429
0.085797
-0.399238
0.298305
-0.326433
0.440754
-0.504339
0.253938
0.183265
0.668917
0.176986
0.349962
0.396114
-0.082265
-0.524436
-1.494578
-0.295429
0.085797
-0.399238
0.298305
-0.326433
0.440754
-0.504339
0.253938
0.183265
0.668917
0.176986
0.349962
0.396114
-0.082265
-0.524436
-1.494578
-0.295429
0.085797
-0.399238
0.298305
-0.326433
0.440754
-0.504339
0.253938
0.183265
0.668917
0.176986
0.349962
0.396114
-0.082265
-0.524436
-1.494578
-0.295429
0.085797
-0.399238
0.298305
-0.326433
0.440754
-0.504339
0.253938
0.183265
0.668917
0.176986
0.349962
0.396114
-0.082265
-0.524436
-1.494578
-0.295429
0.085797
-0.399238
0.298305
-0.326433
0.440754
-0.504339
0.253938
0.183265
0.668917
0.176986
0.349962
0.396114
-0.082265
-0.524436
-1.494578
-0.295429
0.085797
-0.399238
0.298305
-0.326433
0.440754
-0.504339
0.253938
0.183265
0.668917
0.176986
0.349962
0.396114
-0.082265
-0.524436
-1.494578
-0.295429
0.085797
-0.399238
0.298305
-0.326433
0.440754
-0.504339
0.253938
0.183265
0.668917
0.176986
0.349962
0.396114
-0.082265
-0.524436
-1.494578
-0.295429
0.085797
-0.399238
0.298305
-0.326433
0.440754
-0.504339
0.253938
0.183265
0.668917
0.176986
0.349962
0.396114
-0.082265
-0.524436
-1.494578
-0.295429
0.085797
-0.399238
0.298305
-0.326433
0.440754
-0.504339
0.253938
0.183265
0.668917
0.176986
0.349962
0.396114
-0.082265
-0.524436
-1.494578
-0.295429
0.085797
-0.399238
0.298305
-0.326433
0.440754
-0.504339
0.253938
0.183265
0.668917
0.176986
0.349962
0.396114
-0.082265
-0.524436
-1.494578
-0.295429
0.085797
-0.399238
0.298305
-0.326433
0.440754
-0.504339
0.253938
0.183265
0.668917
0.176986
0.349962
0.396114
-0.082265
-0.524436
-1.494578
-0.295429
0.085797
-0.399238
0.298305
-0.326433
0.440754
-0.504339
0.253938
0.183265
0.668917
0.176986
0.349962
0.396114
-0.082265
