-3.086570
-0.874228
28.328552
-8.070149
-35.014404
1.426144
-6.207730
-13.336330
0.556435
13.758603
20.334087
-12.112687
17.590080
-14.987686
4.131564
9.823582
1.396855
-1.722329
5.968187
0.050825
-6.453819
0.724048
2.128758
-3.489611
-1.012518
3.020098
6.160980
-3.639461
4.940296
3.193786
2.579793
0.955856
-0.437792
-1.406264
-4.040512
10.028058
13.380258
0.460846
-0.991442
-3.839562
6.771295
10.129328
4.963028
-16.113802
7.720777
-3.149383
0.714114
3.454400
-2.883067
1.658636
-69.033463
-1216.872803
-1092.521973
930.414673
-1243.299194
254.867798
-503.142853
991.035339
466.448822
897.111938
-730.253113
197.089310
37.734070
-349.883850
4.559720
-4.527319
67.109100
1143.859985
1022.441223
-871.956970
1166.655762
-240.128235
470.713654
-930.197632
-443.741119
-843.755066
689.843994
-184.108368
-34.783279
325.845245
0.017197
0.443695
-0.477468
-0.827010
0.441412
0.280373
-0.311793
-0.142289
0.186346
-0.126886
-0.186687
-0.435860
0.660522
0.165574
-0.413165
-0.359129
0.017197
0.443695
-0.477468
-0.827010
0.441412
0.280373
-0.311793
-0.142289
0.186346
-0.126886
-0.186687
-0.435860
0.660522
0.165574
-0.413165
-0.359129
0.017197
0.443695
-0.477468
-0.827010
0.441412
0.280373
-0.311793
-0.142289
0.186346
-0.126886
-0.186687
-0.435860
0.660522
0.165574
-0.413165
-0.359129
0.017197
0.443695
-0.477468
-0.827010
0.441412
0.280373
-0.311793
-0.142289
0.186346
-0.126886
-0.186687
-0.435860
0.660522
0.165574
-0.413165
-0.359129
0.017197
0.443695
-0.477468
-0.827010
0.441412
0.280373
-0.311793
-0.142289
0.186346
-0.126886
-0.186687
-0.435860
0.660522
0.165574
-0.413165
-0.359129
0.017197
0.443695
-0.477468
-0.827010
0.441412
0.280373
-0.311793
-0.142289
0.186346
-0.126886
-0.186687
-0.435860
0.660522
0.165574
-0.413165
-0.359129
0.017197
0.443695
-0.477468
-0.827010
0.441412
0.280373
-0.311793
-0.142289
0.186346
-0.126886
-0.186687
-0.435860
0.660522
0.165574
-0.413165
-0.359129
0.017197
0.443695
-0.477468
-0.827010
0.441412
0.280373
-0.311793
-0.142289
0.186346
-0.126886
-0.186687
-0.435860
0.660522
0.165574
-0.413165
-0.359129
0.017197
0.443695
-0.477468
-0.827010
0.441412
0.280373
-0.311793
-0.142289
0.186346
-0.126886
-0.186687
-0.435860
0.660522
0.165574
-0.413165
-0.359129
0.017197
0.443695
-0.477468
-0.827010
0.441412
0.280373
-0.311793
-0.142289
0.186346
-0.126886
-0.186687
-0.435860
0.660522
0.165574
-0.413165
-0.359129
0.017197
0.443695
-0.477468
-0.827010
0.441412
0.280373
-0.311793
-0.142289
0.186346
-0.126886
-0.186687
-0.435860
0.660522
0.165574
-0.413165
-0.359129
0.017197
0.443695
-0.477468
-0.827010
0.441412
0.280373
-0.311793
-0.142289
0.186346
-0.126886
-0.186687
-0.435860
0.660522
0.165574
-0.413165
-0.359129
0.017197
0.443695
-0.477468
-0.827010
0.441412
0.280373
-0.311793
-0.142289
0.186346
-0.126886
-0.186687
-0.435860
0.660522
0.165574
-0.413165
-0.359129
0.017197
0.443695
-0.477468
-0.827010
0.441412
0.280373
-0.311793
-0.142289
0.186346
-0.126886
-0.186687
-0.435860
0.660522
0.165574
-0.413165
-0.359129
0.017197
0.443695
-0.477468
-0.827010
0.441412
0.280373
-0.311793
-0.142289
0.186346
-0.126886
-0.186687
-0.435860
0.660522
0.165574
-0.413165
-0.359129
