7.051904
16.897257
37.206299
-13.315307
-13.481032
8.096251
1.238717
26.606081
-6.194474
-3.451875
30.320328
-12.629809
77.462814
6.546637
-4.611656
-17.325397
-0.125795
-0.682436
3.185414
-3.267190
-3.939058
3.300907
0.051828
-4.525036
1.459009
2.970014
1.114303
-6.003579
3.760296
-1.661915
1.046538
-0.262040
1.326547
-1.574277
11.083110
-32.378666
-18.719362
25.408869
-19.725382
-2.635164
15.681670
-1.044185
-1.570428
-24.836794
-0.473688
-11.467091
4.801696
1.635823
-0.729383
-1.094136
-698.226929
-953.986389
-290.858826
1267.902954
-972.017273
905.348816
198.022522
968.420776
795.341797
395.543091
-303.988831
443.578186
-119.386719
-306.662811
-1.444657
1.448442
600.503174
826.160583
264.264343
-1086.700806
838.786499
-780.602417
-156.976334
-828.787903
-677.974121
-346.024689
271.022827
-377.156189
96.100227
269.607117
0.317139
-0.204900
0.441411
-0.162063
-0.106807
-0.040764
-0.433405
-0.655118
-0.010887
-0.740766
-0.164397
0.490174
-0.215616
0.252186
0.172221
-0.564355
0.317139
-0.204900
0.441411
-0.162063
-0.106807
-0.040764
-0.433405
-0.655118
-0.010887
-0.740766
-0.164397
0.490174
-0.215616
0.252186
0.172221
-0.564355
0.317139
-0.204900
0.441411
-0.162063
-0.106807
-0.040764
-0.433405
-0.655118
-0.010887
-0.740766
-0.164397
0.490174
-0.215616
0.252186
0.172221
-0.564355
0.317139
-0.204900
0.441411
-0.162063
-0.106807
-0.040764
-0.433405
-0.655118
-0.010887
-0.740766
-0.164397
0.490174
-0.215616
0.252186
0.172221
-0.564355
0.317139
-0.204900
0.441411
-0.162063
-0.106807
-0.040764
-0.433405
-0.655118
-0.010887
-0.740766
-0.164397
0.490174
-0.215616
0.252186
0.172221
-0.564355
0.317139
-0.204900
0.441411
-0.162063
-0.106807
-0.040764
-0.433405
-0.655118
-0.010887
-0.740766
-0.164397
0.490174
-0.215616
0.252186
0.172221
-0.564355
0.317139
-0.204900
0.441411
-0.162063
-0.106807
-0.040764
-0.433405
-0.655118
-0.010887
-0.740766
-0.164397
0.490174
-0.215616
0.252186
0.172221
-0.564355
0.317139
-0.204900
0.441411
-0.162063
-0.106807
-0.040764
-0.433405
-0.655118
-0.010887
-0.740766
-0.164397
0.490174
-0.215616
0.252186
0.172221
-0.564355
0.317139
-0.204900
0.441411
-0.162063
-0.106807
-0.040764
-0.433405
-0.655118
-0.010887
-0.740766
-0.164397
0.490174
-0.215616
0.252186
0.172221
-0.564355
0.317139
-0.204900
0.441411
-0.162063
-0.106807
-0.040764
-0.433405
-0.655118
-0.010887
-0.740766
-0.164397
0.490174
-0.215616
0.252186
0.172221
-0.564355
0.317139
-0.204900
0.441411
-0.162063
-0.106807
-0.040764
-0.433405
-0.655118
-0.010887
-0.740766
-0.164397
0.490174
-0.215616
0.252186
0.172221
-0.564355
0.317139
-0.204900
0.441411
-0.162063
-0.106807
-0.040764
-0.433405
-0.655118
-0.010887
-0.740766
-0.164397
0.490174
-0.215616
0.252186
0.172221
-0.564355
0.317139
-0.204900
0.441411
-0.162063
-0.106807
-0.040764
-0.433405
-0.655118
-0.010887
-0.740766
-0.164397
0.490174
-0.215616
0.252186
0.172221
-0.564355
0.317139
-0.204900
0.441411
-0.162063
-0.106807
-0.040764
-0.433405
-0.655118
-0.010887
-0.740766
-0.164397
0.490174
-0.215616
0.252186
0.172221
-0.564355
0.317139
-0.204900
0.441411
-0.162063
-0.106807
-0.040764
-0.433405
-0.655118
-0.010887
-0.740766
-0.164397
0.490174
-0.215616
0.252186
0.172221
-0.564355
