1.603767
0.543959
2.545380
-6.279742
-5.942928
5.590056
-3.369967
2.025014
5.664782
-0.219428
2.421844
-7.059892
-2.064564
-2.145236
4.702326
-1.856753
-0.422123
0.191758
-9.460349
-8.533749
-5.296357
14.720419
6.051859
-1.388793
-9.091568
3.293986
11.756040
6.948580
5.265530
5.101747
-5.708269
0.070435
1.661552
-1.211584
1168.107910
-328.860413
-1157.936035
-896.568909
-544.894958
-1194.964600
-1080.987671
-303.954681
-837.502625
611.895569
-319.916626
-796.152222
427.734833
71.946869
1.421484
2.740378
-1167.759644
330.494385
1158.049316
894.476196
539.805725
1197.675049
1087.477173
304.847504
837.121887
-609.879395
314.971954
791.282410
-427.881744
-69.660126
0.554876
0.337149
0.200534
0.385719
0.041108
-0.070456
0.239895
0.382404
-0.647526
0.066602
-0.646492
-0.324810
0.263901
-0.110402
0.435640
-0.243702
0.554876
0.337149
0.200534
0.385719
0.041108
-0.070456
0.239895
0.382404
-0.647526
0.066602
-0.646492
-0.324810
0.263901
-0.110402
0.435640
-0.243702
0.554876
0.337149
0.200534
0.385719
0.041108
-0.070456
0.239895
0.382404
-0.647526
0.066602
-0.646492
-0.324810
0.263901
-0.110402
0.435640
-0.243702
0.554876
0.337149
0.200534
0.385719
0.041108
-0.070456
0.239895
0.382404
-0.647526
0.066602
-0.646492
-0.324810
0.263901
-0.110402
0.435640
-0.243702
0.554876
0.337149
0.200534
0.385719
0.041108
-0.070456
0.239895
0.382404
-0.647526
0.066602
-0.646492
-0.324810
0.263901
-0.110402
0.435640
-0.243702
0.554876
0.337149
0.200534
0.385719
0.041108
-0.070456
0.239895
0.382404
-0.647526
0.066602
-0.646492
-0.324810
0.263901
-0.110402
0.435640
-0.243702
0.554876
0.337149
0.200534
0.385719
0.041108
-0.070456
0.239895
0.382404
-0.647526
0.066602
-0.646492
-0.324810
0.263901
-0.110402
0.435640
-0.243702
0.554876
0.337149
0.200534
0.385719
0.041108
-0.070456
0.239895
0.382404
-0.647526
0.066602
-0.646492
-0.324810
0.263901
-0.110402
0.435640
-0.243702
0.554876
0.337149
0.200534
0.385719
0.041108
-0.070456
0.239895
0.382404
-0.647526
0.066602
-0.646492
-0.324810
0.263901
-0.110402
0.435640
-0.243702
0.554876
0.337149
0.200534
0.385719
0.041108
-0.070456
0.239895
0.382404
-0.647526
0.066602
-0.646492
-0.324810
0.263901
-0.110402
0.435640
-0.243702
0.554876
0.337149
0.200534
0.385719
0.041108
-0.070456
0.239895
0.382404
-0.647526
0.066602
-0.646492
-0.324810
0.263901
-0.110402
0.435640
-0.243702
0.554876
0.337149
0.200534
0.385719
0.041108
-0.070456
0.239895
0.382404
-0.647526
0.066602
-0.646492
-0.324810
0.263901
-0.110402
0.435640
-0.243702
0.554876
0.337149
0.200534
0.385719
0.041108
-0.070456
0.239895
0.382404
-0.647526
0.066602
-0.646492
-0.324810
0.263901
-0.110402
0.435640
-0.243702
0.554876
0.337149
0.200534
0.385719
0.041108
-0.070456
0.239895
0.382404
-0.647526
0.066602
-0.646492
-0.324810
0.263901
-0.110402
0.435640
-0.243702
0.554876
0.337149
0.200534
0.385719
0.041108
-0.070456
0.239895
0.382404
-0.647526
0.066602
-0.646492
-0.324810
0.263901
-0.110402
0.435640
-0.243702
0.554876
0.337149
0.200534
0.385719
0.041108
-0.070456
0.239895
0.382404
-0.647526
0.066602
-0.646492
-0.324810
0.263901
-0.110402
0.435640
-0.243702
