2.791292
-2.046038
4.748083
14.137657
-1.297374
-18.334578
-1.565002
4.761418
-12.914456
5.684047
6.290074
14.100517
2.123074
2.252203
1.268118
9.504518
-1.333912
-1.563507
7.442205
2.433555
-7.740875
-5.170218
1.047543
-5.779666
0.178106
6.037903
8.381566
-0.428409
4.357756
-0.875093
1.215996
3.840874
-0.768769
0.161786
1097.356445
-785.431580
-1485.024292
-509.583984
-1005.576843
-1101.012329
-1169.195068
227.872101
-558.007324
876.802063
-580.279602
-583.490479
365.602692
-154.085144
1.730937
0.801969
-842.973206
584.532715
1122.316772
401.562592
750.884216
850.288025
897.072388
-165.078400
436.649750
-661.634033
438.420898
451.220917
-280.261292
113.901924
0.308094
-1.420790
-22.061825
62.532558
73.268097
-21.257139
69.405991
17.067154
40.863968
-42.666687
0.569505
-51.080086
37.486698
10.107587
-8.862708
17.594383
-1.572188
-2.561308
-89.712585
12.996534
73.799850
77.322235
25.501734
96.051811
74.225197
26.666605
58.751858
-37.407211
14.300405
52.990265
-26.644993
-2.469955
0.144746
-0.377772
0.513930
-0.471141
-0.148914
0.274538
-0.107038
-0.174232
0.058030
-0.107908
-0.285901
-0.117230
0.178521
-0.109796
-0.664775
0.382482
0.144746
-0.377772
0.513930
-0.471141
-0.148914
0.274538
-0.107038
-0.174232
0.058030
-0.107908
-0.285901
-0.117230
0.178521
-0.109796
-0.664775
0.382482
0.144746
-0.377772
0.513930
-0.471141
-0.148914
0.274538
-0.107038
-0.174232
0.058030
-0.107908
-0.285901
-0.117230
0.178521
-0.109796
-0.664775
0.382482
0.144746
-0.377772
0.513930
-0.471141
-0.148914
0.274538
-0.107038
-0.174232
0.058030
-0.107908
-0.285901
-0.117230
0.178521
-0.109796
-0.664775
0.382482
0.144746
-0.377772
0.513930
-0.471141
-0.148914
0.274538
-0.107038
-0.174232
0.058030
-0.107908
-0.285901
-0.117230
0.178521
-0.109796
-0.664775
0.382482
0.144746
-0.377772
0.513930
-0.471141
-0.148914
0.274538
-0.107038
-0.174232
0.058030
-0.107908
-0.285901
-0.117230
0.178521
-0.109796
-0.664775
0.382482
0.144746
-0.377772
0.513930
-0.471141
-0.148914
0.274538
-0.107038
-0.174232
0.058030
-0.107908
-0.285901
-0.117230
0.178521
-0.109796
-0.664775
0.382482
0.144746
-0.377772
0.513930
-0.471141
-0.148914
0.274538
-0.107038
-0.174232
0.058030
-0.107908
-0.285901
-0.117230
0.178521
-0.109796
-0.664775
0.382482
0.144746
-0.377772
0.513930
-0.471141
-0.148914
0.274538
-0.107038
-0.174232
0.058030
-0.107908
-0.285901
-0.117230
0.178521
-0.109796
-0.664775
0.382482
0.144746
-0.377772
0.513930
-0.471141
-0.148914
0.274538
-0.107038
-0.174232
0.058030
-0.107908
-0.285901
-0.117230
0.178521
-0.109796
-0.664775
0.382482
0.144746
-0.377772
0.513930
-0.471141
-0.148914
0.274538
-0.107038
-0.174232
0.058030
-0.107908
-0.285901
-0.117230
0.178521
-0.109796
-0.664775
0.382482
0.144746
-0.377772
0.513930
-0.471141
-0.148914
0.274538
-0.107038
-0.174232
0.058030
-0.107908
-0.285901
-0.117230
0.178521
-0.109796
-0.664775
0.382482
0.144746
-0.377772
0.513930
-0.471141
-0.148914
0.274538
-0.107038
-0.174232
0.058030
-0.107908
-0.285901
-0.117230
0.178521
-0.109796
-0.664775
0.382482
0.144746
-0.377772
0.513930
-0.471141
-0.148914
0.274538
-0.107038
-0.174232
0.058030
-0.107908
-0.285901
-0.117230
0.178521
-0.109796
-0.664775
0.382482
