4.160104
1.256151
19.500340
-17.476767
-29.057577
15.019366
-23.364019
-4.758974
19.592045
-1.490825
5.201079
-24.307959
-3.343681
-10.934012
10.471944
9.038094
-10.826206
0.356599
-59.086346
-1631.037842
-1113.402954
-382.684448
64.775223
793.023010
1221.547729
1881.327637
1565.729370
657.346863
-169.238785
-625.697083
-671.507568
834.515869
0.403310
0.346833
-2.872933
1.074246
6.772460
-2.584376
0.140950
3.085074
-0.194871
-3.549661
-3.327623
4.914756
-3.849232
2.131927
-2.437228
-2.955219
1.878690
0.469640
4.375455
-17.343958
-3.606065
11.140607
-2.579733
1.744308
6.284100
-12.660241
-19.253984
12.735464
6.015320
4.110046
0.940637
6.769483
2.081784
-0.657682
-7.291415
17.248688
6.785902
-12.930294
1.475396
-2.740141
-7.873766
13.852388
14.944904
-7.436777
-5.397370
-6.629377
-1.700434
-8.381323
8.212412
-0.823583
44.781193
1618.519043
1099.899780
382.166931
-68.775261
-776.060608
-1179.127197
-1855.860107
-1533.834351
-693.015625
164.249329
614.546448
701.359619
-826.739868
0.571234
0.229804
-0.084289
-0.619591
0.020785
0.369084
0.084140
-0.395844
0.228501
0.441425
0.372558
0.038857
0.270081
0.217133
-0.356758
-0.224278
0.571234
0.229804
-0.084289
-0.619591
0.020785
0.369084
0.084140
-0.395844
0.228501
0.441425
0.372558
0.038857
0.270081
0.217133
-0.356758
-0.224278
0.571234
0.229804
-0.084289
-0.619591
0.020785
0.369084
0.084140
-0.395844
0.228501
0.441425
0.372558
0.038857
0.270081
0.217133
-0.356758
-0.224278
0.571234
0.229804
-0.084289
-0.619591
0.020785
0.369084
0.084140
-0.395844
0.228501
0.441425
0.372558
0.038857
0.270081
0.217133
-0.356758
-0.224278
0.571234
0.229804
-0.084289
-0.619591
0.020785
0.369084
0.084140
-0.395844
0.228501
0.441425
0.372558
0.038857
0.270081
0.217133
-0.356758
-0.224278
0.571234
0.229804
-0.084289
-0.619591
0.020785
0.369084
0.084140
-0.395844
0.228501
0.441425
0.372558
0.038857
0.270081
0.217133
-0.356758
-0.224278
0.571234
0.229804
-0.084289
-0.619591
0.020785
0.369084
0.084140
-0.395844
0.228501
0.441425
0.372558
0.038857
0.270081
0.217133
-0.356758
-0.224278
0.571234
0.229804
-0.084289
-0.619591
0.020785
0.369084
0.084140
-0.395844
0.228501
0.441425
0.372558
0.038857
0.270081
0.217133
-0.356758
-0.224278
0.571234
0.229804
-0.084289
-0.619591
0.020785
0.369084
0.084140
-0.395844
0.228501
0.441425
0.372558
0.038857
0.270081
0.217133
-0.356758
-0.224278
0.571234
0.229804
-0.084289
-0.619591
0.020785
0.369084
0.084140
-0.395844
0.228501
0.441425
0.372558
0.038857
0.270081
0.217133
-0.356758
-0.224278
0.571234
0.229804
-0.084289
-0.619591
0.020785
0.369084
0.084140
-0.395844
0.228501
0.441425
0.372558
0.038857
0.270081
0.217133
-0.356758
-0.224278
0.571234
0.229804
-0.084289
-0.619591
0.020785
0.369084
0.084140
-0.395844
0.228501
0.441425
0.372558
0.038857
0.270081
0.217133
-0.356758
-0.224278
0.571234
0.229804
-0.084289
-0.619591
0.020785
0.369084
0.084140
-0.395844
0.228501
0.441425
0.372558
0.038857
0.270081
0.217133
-0.356758
-0.224278
0.571234
0.229804
-0.084289
-0.619591
0.020785
0.369084
0.084140
-0.395844
0.228501
0.441425
0.372558
0.038857
0.270081
0.217133
-0.356758
-0.224278
