-0.691913
0.277986
6.232841
5.190686
-2.242876
-6.930628
-0.232027
-4.069514
-1.643103
3.273699
4.122409
4.353437
3.351769
-2.912959
-0.682185
4.804188
-1.211888
0.932336
16.282177
-17.719435
-19.153425
16.910130
0.795450
1.166675
7.251397
12.333871
5.871052
-15.930547
3.997437
-4.006643
8.300303
-4.453967
0.497983
1.069392
-433.487549
-454.901031
126.769615
654.876953
416.537079
3.721740
-1196.509888
1262.690186
-318.595551
419.298126
495.261627
-171.902878
-658.398254
132.561813
-0.808750
0.228253
-5.876060
6.755790
0.559479
-10.870696
-7.352910
3.926386
4.848925
-2.281427
-6.491007
-4.638723
-2.294308
-4.911696
-11.568074
1.513047
-0.203765
0.255783
357.469879
382.298767
-108.449684
-539.554504
-339.075745
-6.024030
979.701294
-1052.166992
260.948395
-348.421631
-398.201813
141.200851
541.520264
-117.549416
-0.141602
-0.089502
0.044988
0.187191
0.108010
-0.526025
-0.151483
-0.407818
0.561525
-0.358015
0.332762
-0.196374
-0.576801
0.086219
0.377551
-0.228541
-0.141602
-0.089502
0.044988
0.187191
0.108010
-0.526025
-0.151483
-0.407818
0.561525
-0.358015
0.332762
-0.196374
-0.576801
0.086219
0.377551
-0.228541
-0.141602
-0.089502
0.044988
0.187191
0.108010
-0.526025
-0.151483
-0.407818
0.561525
-0.358015
0.332762
-0.196374
-0.576801
0.086219
0.377551
-0.228541
-0.141602
-0.089502
0.044988
0.187191
0.108010
-0.526025
-0.151483
-0.407818
0.561525
-0.358015
0.332762
-0.196374
-0.576801
0.086219
0.377551
-0.228541
-0.141602
-0.089502
0.044988
0.187191
0.108010
-0.526025
-0.151483
-0.407818
0.561525
-0.358015
0.332762
-0.196374
-0.576801
0.086219
0.377551
-0.228541
-0.141602
-0.089502
0.044988
0.187191
0.108010
-0.526025
-0.151483
-0.407818
0.561525
-0.358015
0.332762
-0.196374
-0.576801
0.086219
0.377551
-0.228541
-0.141602
-0.089502
0.044988
0.187191
0.108010
-0.526025
-0.151483
-0.407818
0.561525
-0.358015
0.332762
-0.196374
-0.576801
0.086219
0.377551
-0.228541
-0.141602
-0.089502
0.044988
0.187191
0.108010
-0.526025
-0.151483
-0.407818
0.561525
-0.358015
0.332762
-0.196374
-0.576801
0.086219
0.377551
-0.228541
-0.141602
-0.089502
0.044988
0.187191
0.108010
-0.526025
-0.151483
-0.407818
0.561525
-0.358015
0.332762
-0.196374
-0.576801
0.086219
0.377551
-0.228541
-0.141602
-0.089502
0.044988
0.187191
0.108010
-0.526025
-0.151483
-0.407818
0.561525
-0.358015
0.332762
-0.196374
-0.576801
0.086219
0.377551
-0.228541
-0.141602
-0.089502
0.044988
0.187191
0.108010
-0.526025
-0.151483
-0.407818
0.561525
-0.358015
0.332762
-0.196374
-0.576801
0.086219
0.377551
-0.228541
-0.141602
-0.089502
0.044988
0.187191
0.108010
-0.526025
-0.151483
-0.407818
0.561525
-0.358015
0.332762
-0.196374
-0.576801
0.086219
0.377551
-0.228541
-0.141602
-0.089502
0.044988
0.187191
0.108010
-0.526025
-0.151483
-0.407818
0.561525
-0.358015
0.332762
-0.196374
-0.576801
0.086219
0.377551
-0.228541
-0.141602
-0.089502
0.044988
0.187191
0.108010
-0.526025
-0.151483
-0.407818
0.561525
-0.358015
0.332762
-0.196374
-0.576801
0.086219
0.377551
-0.228541
-0.141602
-0.089502
0.044988
0.187191
0.108010
-0.526025
-0.151483
-0.407818
0.561525
-0.358015
0.332762
-0.196374
-0.576801
0.086219
0.377551
-0.228541
