-4.200998
2.834729
-2.695190
-30.230928
-9.921985
26.456886
-17.605167
7.059684
26.034969
-4.080206
-9.387122
-20.788647
-12.392135
-17.935232
11.414814
-5.291986
-0.833355
-0.101509
-1.654189
-4.609037
5.009100
4.578215
-3.995306
0.154526
2.015039
-0.358205
-8.370022
-2.378737
-0.803587
-5.137618
-1.805702
-1.352369
1.481508
0.011474
4.040699
6.874204
-9.444757
-2.603056
4.261419
6.489810
-1.951758
-2.077531
-5.340985
6.499431
-6.061530
-0.748656
-3.250424
11.134512
0.158601
0.717318
336.102570
520.197632
-2.534513
-664.605225
-392.740997
-1.720975
1322.721069
-1192.842896
307.023926
-452.787689
-380.073456
124.939583
571.254272
-86.887863
0.993718
-1.521985
-296.240997
-454.787994
1.150899
576.032715
340.443573
-7.083047
-1164.286987
1048.272217
-266.541809
396.699554
340.809479
-115.522141
-498.647675
82.077835
0.311706
-0.479830
0.645362
0.193961
-0.368716
0.317175
-0.302374
-0.462436
-0.130659
-0.571823
-0.007038
0.550211
0.951706
0.000526
-0.222168
-0.638901
0.311706
-0.479830
0.645362
0.193961
-0.368716
0.317175
-0.302374
-0.462436
-0.130659
-0.571823
-0.007038
0.550211
0.951706
0.000526
-0.222168
-0.638901
0.311706
-0.479830
0.645362
0.193961
-0.368716
0.317175
-0.302374
-0.462436
-0.130659
-0.571823
-0.007038
0.550211
0.951706
0.000526
-0.222168
-0.638901
0.311706
-0.479830
0.645362
0.193961
-0.368716
0.317175
-0.302374
-0.462436
-0.130659
-0.571823
-0.007038
0.550211
0.951706
0.000526
-0.222168
-0.638901
0.311706
-0.479830
0.645362
0.193961
-0.368716
0.317175
-0.302374
-0.462436
-0.130659
-0.571823
-0.007038
0.550211
0.951706
0.000526
-0.222168
-0.638901
0.311706
-0.479830
0.645362
0.193961
-0.368716
0.317175
-0.302374
-0.462436
-0.130659
-0.571823
-0.007038
0.550211
0.951706
0.000526
-0.222168
-0.638901
0.311706
-0.479830
0.645362
0.193961
-0.368716
0.317175
-0.302374
-0.462436
-0.130659
-0.571823
-0.007038
0.550211
0.951706
0.000526
-0.222168
-0.638901
0.311706
-0.479830
0.645362
0.193961
-0.368716
0.317175
-0.302374
-0.462436
-0.130659
-0.571823
-0.007038
0.550211
0.951706
0.000526
-0.222168
-0.638901
0.311706
-0.479830
0.645362
0.193961
-0.368716
0.317175
-0.302374
-0.462436
-0.130659
-0.571823
-0.007038
0.550211
0.951706
0.000526
-0.222168
-0.638901
0.311706
-0.479830
0.645362
0.193961
-0.368716
0.317175
-0.302374
-0.462436
-0.130659
-0.571823
-0.007038
0.550211
0.951706
0.000526
-0.222168
-0.638901
0.311706
-0.479830
0.645362
0.193961
-0.368716
0.317175
-0.302374
-0.462436
-0.130659
-0.571823
-0.007038
0.550211
0.951706
0.000526
-0.222168
-0.638901
0.311706
-0.479830
0.645362
0.193961
-0.368716
0.317175
-0.302374
-0.462436
-0.130659
-0.571823
-0.007038
0.550211
0.951706
0.000526
-0.222168
-0.638901
0.311706
-0.479830
0.645362
0.193961
-0.368716
0.317175
-0.302374
-0.462436
-0.130659
-0.571823
-0.007038
0.550211
0.951706
0.000526
-0.222168
-0.638901
0.311706
-0.479830
0.645362
0.193961
-0.368716
0.317175
-0.302374
-0.462436
-0.130659
-0.571823
-0.007038
0.550211
0.951706
0.000526
-0.222168
-0.638901
0.311706
-0.479830
0.645362
0.193961
-0.368716
0.317175
-0.302374
-0.462436
-0.130659
-0.571823
-0.007038
0.550211
0.951706
0.000526
-0.222168
-0.638901
