0.610357
0.303767
-592.606689
434.099060
772.175354
-56.789692
-56.288578
-438.084961
1377.812744
1510.607666
486.453400
388.078735
-148.699295
-546.793823
41.125980
728.770813
-0.912682
1.822449
34.320499
-16.484041
-37.285309
-4.581104
-2.917344
20.913895
-56.864498
-88.285324
-23.702454
-24.510635
0.499199
26.297031
2.040128
-40.876495
-1.382693
-0.220104
402.076263
-302.541595
-528.042419
48.281750
47.148945
299.123779
-950.593262
-1027.743042
-333.783234
-261.267731
102.204857
375.404114
-29.721762
-496.493439
1.747861
-2.666214
50.815998
-45.441601
-67.607658
10.149405
8.972871
37.146252
-145.273682
-120.735756
-49.806995
-29.184145
17.530365
47.518429
-12.618374
-64.948555
-1.435045
0.175662
0.474056
0.481398
-0.300019
-0.316298
-0.521228
-0.351000
-0.446956
-0.642614
0.061814
-0.230513
-0.034921
0.462015
0.676700
-0.257257
-1.435045
0.175662
0.474056
0.481398
-0.300019
-0.316298
-0.521228
-0.351000
-0.446956
-0.642614
0.061814
-0.230513
-0.034921
0.462015
0.676700
-0.257257
-1.435045
0.175662
0.474056
0.481398
-0.300019
-0.316298
-0.521228
-0.351000
-0.446956
-0.642614
0.061814
-0.230513
-0.034921
0.462015
0.676700
-0.257257
-1.435045
0.175662
0.474056
0.481398
-0.300019
-0.316298
-0.521228
-0.351000
-0.446956
-0.642614
0.061814
-0.230513
-0.034921
0.462015
0.676700
-0.257257
-1.435045
0.175662
0.474056
0.481398
-0.300019
-0.316298
-0.521228
-0.351000
-0.446956
-0.642614
0.061814
-0.230513
-0.034921
0.462015
0.676700
-0.257257
-1.435045
0.175662
0.474056
0.481398
-0.300019
-0.316298
-0.521228
-0.351000
-0.446956
-0.642614
0.061814
-0.230513
-0.034921
0.462015
0.676700
-0.257257
-1.435045
0.175662
0.474056
0.481398
-0.300019
-0.316298
-0.521228
-0.351000
-0.446956
-0.642614
0.061814
-0.230513
-0.034921
0.462015
0.676700
-0.257257
-1.435045
0.175662
0.474056
0.481398
-0.300019
-0.316298
-0.521228
-0.351000
-0.446956
-0.642614
0.061814
-0.230513
-0.034921
0.462015
0.676700
-0.257257
-1.435045
0.175662
0.474056
0.481398
-0.300019
-0.316298
-0.521228
-0.351000
-0.446956
-0.642614
0.061814
-0.230513
-0.034921
0.462015
0.676700
-0.257257
-1.435045
0.175662
0.474056
0.481398
-0.300019
-0.316298
-0.521228
-0.351000
-0.446956
-0.642614
0.061814
-0.230513
-0.034921
0.462015
0.676700
-0.257257
-1.435045
0.175662
0.474056
0.481398
-0.300019
-0.316298
-0.521228
-0.351000
-0.446956
-0.642614
0.061814
-0.230513
-0.034921
0.462015
0.676700
-0.257257
-1.435045
0.175662
0.474056
0.481398
-0.300019
-0.316298
-0.521228
-0.351000
-0.446956
-0.642614
0.061814
-0.230513
-0.034921
0.462015
0.676700
-0.257257
-1.435045
0.175662
0.474056
0.481398
-0.300019
-0.316298
-0.521228
-0.351000
-0.446956
-0.642614
0.061814
-0.230513
-0.034921
0.462015
0.676700
-0.257257
-1.435045
0.175662
0.474056
0.481398
-0.300019
-0.316298
-0.521228
-0.351000
-0.446956
-0.642614
0.061814
-0.230513
-0.034921
0.462015
0.676700
-0.257257
-1.435045
0.175662
0.474056
0.481398
-0.300019
-0.316298
-0.521228
-0.351000
-0.446956
-0.642614
0.061814
-0.230513
-0.034921
0.462015
0.676700
-0.257257
-1.435045
0.175662
0.474056
0.481398
-0.300019
-0.316298
-0.521228
-0.351000
-0.446956
-0.642614
0.061814
-0.230513
-0.034921
0.462015
0.676700
-0.257257
