-1.416251
-4.145835
173.549133
712.343323
387.386078
-720.057861
-517.911682
52.828243
2129.500488
-352.233215
573.429626
-291.699402
-756.926941
287.123505
407.712341
256.751404
1.934986
4.076914
-15.564384
-36.150612
-2.795170
38.205765
27.753798
-8.537326
-99.533440
25.342844
-14.330222
18.143080
44.044350
-5.511855
-18.999199
-13.065944
-0.522503
1.710778
-167.065994
-626.655579
-347.181366
651.745667
456.002655
-64.158218
-1921.745850
408.718842
-520.815186
274.942474
669.677795
-324.185059
-379.429108
-211.600952
0.802971
1.077399
10.351699
-31.495853
-30.337543
16.567659
21.315659
11.834055
-72.522240
-48.122620
-27.339973
-1.017241
23.547272
19.241592
-5.546335
-20.381626
0.226508
-1.026793
-0.358528
0.205957
0.289414
0.278852
-0.057069
-0.556864
0.496819
-0.093758
0.474157
-0.412047
-0.204591
-0.043847
0.373824
0.331625
0.226508
-1.026793
-0.358528
0.205957
0.289414
0.278852
-0.057069
-0.556864
0.496819
-0.093758
0.474157
-0.412047
-0.204591
-0.043847
0.373824
0.331625
0.226508
-1.026793
-0.358528
0.205957
0.289414
0.278852
-0.057069
-0.556864
0.496819
-0.093758
0.474157
-0.412047
-0.204591
-0.043847
0.373824
0.331625
0.226508
-1.026793
-0.358528
0.205957
0.289414
0.278852
-0.057069
-0.556864
0.496819
-0.093758
0.474157
-0.412047
-0.204591
-0.043847
0.373824
0.331625
0.226508
-1.026793
-0.358528
0.205957
0.289414
0.278852
-0.057069
-0.556864
0.496819
-0.093758
0.474157
-0.412047
-0.204591
-0.043847
0.373824
0.331625
0.226508
-1.026793
-0.358528
0.205957
0.289414
0.278852
-0.057069
-0.556864
0.496819
-0.093758
0.474157
-0.412047
-0.204591
-0.043847
0.373824
0.331625
0.226508
-1.026793
-0.358528
0.205957
0.289414
0.278852
-0.057069
-0.556864
0.496819
-0.093758
0.474157
-0.412047
-0.204591
-0.043847
0.373824
0.331625
0.226508
-1.026793
-0.358528
0.205957
0.289414
0.278852
-0.057069
-0.556864
0.496819
-0.093758
0.474157
-0.412047
-0.204591
-0.043847
0.373824
0.331625
0.226508
-1.026793
-0.358528
0.205957
0.289414
0.278852
-0.057069
-0.556864
0.496819
-0.093758
0.474157
-0.412047
-0.204591
-0.043847
0.373824
0.331625
0.226508
-1.026793
-0.358528
0.205957
0.289414
0.278852
-0.057069
-0.556864
0.496819
-0.093758
0.474157
-0.412047
-0.204591
-0.043847
0.373824
0.331625
0.226508
-1.026793
-0.358528
0.205957
0.289414
0.278852
-0.057069
-0.556864
0.496819
-0.093758
0.474157
-0.412047
-0.204591
-0.043847
0.373824
0.331625
0.226508
-1.026793
-0.358528
0.205957
0.289414
0.278852
-0.057069
-0.556864
0.496819
-0.093758
0.474157
-0.412047
-0.204591
-0.043847
0.373824
0.331625
0.226508
-1.026793
-0.358528
0.205957
0.289414
0.278852
-0.057069
-0.556864
0.496819
-0.093758
0.474157
-0.412047
-0.204591
-0.043847
0.373824
0.331625
0.226508
-1.026793
-0.358528
0.205957
0.289414
0.278852
-0.057069
-0.556864
0.496819
-0.093758
0.474157
-0.412047
-0.204591
-0.043847
0.373824
0.331625
0.226508
-1.026793
-0.358528
0.205957
0.289414
0.278852
-0.057069
-0.556864
0.496819
-0.093758
0.474157
-0.412047
-0.204591
-0.043847
0.373824
0.331625
0.226508
-1.026793
-0.358528
0.205957
0.289414
0.278852
-0.057069
-0.556864
0.496819
-0.093758
0.474157
-0.412047
-0.204591
-0.043847
0.373824
0.331625
