-0.379366
-0.536350
8.495055
-0.964483
-6.752914
-0.512089
-0.504116
-5.521387
-0.402061
4.847495
6.805070
-1.744265
4.474962
-1.704823
2.686496
1.846375
1.044378
0.184726
6.876637
-14.257056
-15.903956
13.647707
5.327214
-2.706470
12.101263
12.020809
10.161401
-8.873279
-0.536489
-6.191864
7.452129
-6.528968
-0.143007
-2.270976
-766.038452
33.366901
810.283691
413.985199
517.524780
-446.387878
-79.441223
1502.412476
-213.158203
445.479492
363.925201
-594.246826
-412.222229
509.045624
0.536663
0.399244
-6.500371
-0.029962
5.539694
0.587919
1.871921
4.149997
-0.621512
-3.727607
-7.146907
0.385175
-3.836335
1.848345
-3.180296
-0.286259
-0.665591
-0.411145
566.305481
-32.659996
-603.752747
-301.918091
-382.855469
321.306183
46.788609
-1122.460327
164.264114
-329.296478
-269.982574
451.917419
307.806702
-375.805145
-0.049376
2.064408
48.893608
-8.455972
-52.218307
-20.132969
-26.114080
31.823744
-1.744046
-86.646126
7.684633
-29.311005
-16.664072
39.468750
20.060694
-35.099083
-0.226340
0.450737
-0.127753
-0.822724
-0.062914
0.579485
0.064203
0.372682
0.059558
0.069283
-0.180480
-0.017620
-0.084681
-0.156116
-0.493944
-0.096171
-0.226340
0.450737
-0.127753
-0.822724
-0.062914
0.579485
0.064203
0.372682
0.059558
0.069283
-0.180480
-0.017620
-0.084681
-0.156116
-0.493944
-0.096171
-0.226340
0.450737
-0.127753
-0.822724
-0.062914
0.579485
0.064203
0.372682
0.059558
0.069283
-0.180480
-0.017620
-0.084681
-0.156116
-0.493944
-0.096171
-0.226340
0.450737
-0.127753
-0.822724
-0.062914
0.579485
0.064203
0.372682
0.059558
0.069283
-0.180480
-0.017620
-0.084681
-0.156116
-0.493944
-0.096171
-0.226340
0.450737
-0.127753
-0.822724
-0.062914
0.579485
0.064203
0.372682
0.059558
0.069283
-0.180480
-0.017620
-0.084681
-0.156116
-0.493944
-0.096171
-0.226340
0.450737
-0.127753
-0.822724
-0.062914
0.579485
0.064203
0.372682
0.059558
0.069283
-0.180480
-0.017620
-0.084681
-0.156116
-0.493944
-0.096171
-0.226340
0.450737
-0.127753
-0.822724
-0.062914
0.579485
0.064203
0.372682
0.059558
0.069283
-0.180480
-0.017620
-0.084681
-0.156116
-0.493944
-0.096171
-0.226340
0.450737
-0.127753
-0.822724
-0.062914
0.579485
0.064203
0.372682
0.059558
0.069283
-0.180480
-0.017620
-0.084681
-0.156116
-0.493944
-0.096171
-0.226340
0.450737
-0.127753
-0.822724
-0.062914
0.579485
0.064203
0.372682
0.059558
0.069283
-0.180480
-0.017620
-0.084681
-0.156116
-0.493944
-0.096171
-0.226340
0.450737
-0.127753
-0.822724
-0.062914
0.579485
0.064203
0.372682
0.059558
0.069283
-0.180480
-0.017620
-0.084681
-0.156116
-0.493944
-0.096171
-0.226340
0.450737
-0.127753
-0.822724
-0.062914
0.579485
0.064203
0.372682
0.059558
0.069283
-0.180480
-0.017620
-0.084681
-0.156116
-0.493944
-0.096171
-0.226340
0.450737
-0.127753
-0.822724
-0.062914
0.579485
0.064203
0.372682
0.059558
0.069283
-0.180480
-0.017620
-0.084681
-0.156116
-0.493944
-0.096171
-0.226340
0.450737
-0.127753
-0.822724
-0.062914
0.579485
0.064203
0.372682
0.059558
0.069283
-0.180480
-0.017620
-0.084681
-0.156116
-0.493944
-0.096171
-0.226340
0.450737
-0.127753
-0.822724
-0.062914
0.579485
0.064203
0.372682
0.059558
0.069283
-0.180480
-0.017620
-0.084681
-0.156116
-0.493944
-0.096171
