1.972485
-0.474511
-12.637796
13.158316
12.235868
-8.784145
1.185734
-4.873312
-9.455584
15.504155
24.335817
-8.468753
-8.774367
-1.704703
5.126445
-7.041835
-9.321724
1.849875
-619.116272
-1587.844482
-1292.636963
-81.976921
182.373947
744.845215
1607.099487
1848.913086
2075.353027
330.736877
-9.685760
-859.856750
-270.516022
1261.144775
0.153278
1.651626
10.334096
-13.314689
-14.038059
8.286986
0.708920
7.168128
8.898219
-15.986362
-22.050337
7.501678
8.563536
0.652817
-2.304483
3.769459
7.580838
-1.197723
571.319763
1480.004639
1204.055542
81.532410
-166.149948
-699.182556
-1498.429077
-1737.874023
-1947.161255
-313.117249
17.606602
799.766357
254.409439
-1173.553711
0.143923
-0.815862
0.169668
0.547840
0.905829
0.151278
0.041564
-0.703467
0.095968
-0.841137
-0.215780
-0.213436
-0.685105
-0.010307
0.312210
-0.600934
0.143923
-0.815862
0.169668
0.547840
0.905829
0.151278
0.041564
-0.703467
0.095968
-0.841137
-0.215780
-0.213436
-0.685105
-0.010307
0.312210
-0.600934
0.143923
-0.815862
0.169668
0.547840
0.905829
0.151278
0.041564
-0.703467
0.095968
-0.841137
-0.215780
-0.213436
-0.685105
-0.010307
0.312210
-0.600934
0.143923
-0.815862
0.169668
0.547840
0.905829
0.151278
0.041564
-0.703467
0.095968
-0.841137
-0.215780
-0.213436
-0.685105
-0.010307
0.312210
-0.600934
0.143923
-0.815862
0.169668
0.547840
0.905829
0.151278
0.041564
-0.703467
0.095968
-0.841137
-0.215780
-0.213436
-0.685105
-0.010307
0.312210
-0.600934
0.143923
-0.815862
0.169668
0.547840
0.905829
0.151278
0.041564
-0.703467
0.095968
-0.841137
-0.215780
-0.213436
-0.685105
-0.010307
0.312210
-0.600934
0.143923
-0.815862
0.169668
0.547840
0.905829
0.151278
0.041564
-0.703467
0.095968
-0.841137
-0.215780
-0.213436
-0.685105
-0.010307
0.312210
-0.600934
0.143923
-0.815862
0.169668
0.547840
0.905829
0.151278
0.041564
-0.703467
0.095968
-0.841137
-0.215780
-0.213436
-0.685105
-0.010307
0.312210
-0.600934
0.143923
-0.815862
0.169668
0.547840
0.905829
0.151278
0.041564
-0.703467
0.095968
-0.841137
-0.215780
-0.213436
-0.685105
-0.010307
0.312210
-0.600934
0.143923
-0.815862
0.169668
0.547840
0.905829
0.151278
0.041564
-0.703467
0.095968
-0.841137
-0.215780
-0.213436
-0.685105
-0.010307
0.312210
-0.600934
0.143923
-0.815862
0.169668
0.547840
0.905829
0.151278
0.041564
-0.703467
0.095968
-0.841137
-0.215780
-0.213436
-0.685105
-0.010307
0.312210
-0.600934
0.143923
-0.815862
0.169668
0.547840
0.905829
0.151278
0.041564
-0.703467
0.095968
-0.841137
-0.215780
-0.213436
-0.685105
-0.010307
0.312210
-0.600934
0.143923
-0.815862
0.169668
0.547840
0.905829
0.151278
0.041564
-0.703467
0.095968
-0.841137
-0.215780
-0.213436
-0.685105
-0.010307
0.312210
-0.600934
0.143923
-0.815862
0.169668
0.547840
0.905829
0.151278
0.041564
-0.703467
0.095968
-0.841137
-0.215780
-0.213436
-0.685105
-0.010307
0.312210
-0.600934
0.143923
-0.815862
0.169668
0.547840
0.905829
0.151278
0.041564
-0.703467
0.095968
-0.841137
-0.215780
-0.213436
-0.685105
-0.010307
0.312210
-0.600934
0.143923
-0.815862
0.169668
0.547840
0.905829
0.151278
0.041564
-0.703467
0.095968
-0.841137
-0.215780
-0.213436
-0.685105
-0.010307
0.312210
-0.600934
