-0.971021
-0.711268
-6.354997
-6.502513
8.539019
0.443782
-6.918483
-3.989339
2.231793
1.380202
2.267600
-9.876313
6.172935
-2.286591
-2.665986
-10.402854
-2.555310
0.876018
2.992071
-16.743156
-5.562802
17.755289
0.474449
-0.821901
13.373859
3.170769
1.765066
-13.721829
-0.271906
-4.438972
0.811229
-6.787889
2.962829
-0.867911
809.061340
-120.177620
-1071.129272
-304.257324
-351.816528
742.738220
-423.637787
-1745.214966
-131.012589
-517.339905
-269.334808
890.579041
184.859421
-615.506348
-0.236049
0.834192
-295.905518
55.822918
389.664093
102.565361
126.505478
-265.019684
159.813156
635.885986
43.624660
193.934479
96.162643
-321.209503
-63.789196
233.456451
-1.053129
1.968818
-38.552296
3.570629
49.532196
20.117456
21.240030
-36.731369
19.671341
87.573662
5.867411
21.201912
17.189594
-40.136730
-8.527158
24.686132
-3.228390
-2.001368
-50.267609
0.448800
66.334274
22.176542
22.455328
-47.091942
22.432781
113.765816
7.757372
30.970575
23.002684
-57.784523
-14.944007
34.744839
-1.001940
-1.432611
-226.097672
35.379208
306.584778
77.922852
88.442719
-215.765015
135.532776
485.515289
51.614624
141.039841
65.619080
-257.363190
-46.521526
168.965988
0.215975
0.588205
0.111778
-0.287874
1.086177
-0.359046
-0.130675
-0.719897
-0.411775
0.560825
0.663929
0.117796
-0.458075
0.089758
-0.304009
0.396085
0.215975
0.588205
0.111778
-0.287874
1.086177
-0.359046
-0.130675
-0.719897
-0.411775
0.560825
0.663929
0.117796
-0.458075
0.089758
-0.304009
0.396085
0.215975
0.588205
0.111778
-0.287874
1.086177
-0.359046
-0.130675
-0.719897
-0.411775
0.560825
0.663929
0.117796
-0.458075
0.089758
-0.304009
0.396085
0.215975
0.588205
0.111778
-0.287874
1.086177
-0.359046
-0.130675
-0.719897
-0.411775
0.560825
0.663929
0.117796
-0.458075
0.089758
-0.304009
0.396085
0.215975
0.588205
0.111778
-0.287874
1.086177
-0.359046
-0.130675
-0.719897
-0.411775
0.560825
0.663929
0.117796
-0.458075
0.089758
-0.304009
0.396085
0.215975
0.588205
0.111778
-0.287874
1.086177
-0.359046
-0.130675
-0.719897
-0.411775
0.560825
0.663929
0.117796
-0.458075
0.089758
-0.304009
0.396085
0.215975
0.588205
0.111778
-0.287874
1.086177
-0.359046
-0.130675
-0.719897
-0.411775
0.560825
0.663929
0.117796
-0.458075
0.089758
-0.304009
0.396085
0.215975
0.588205
0.111778
-0.287874
1.086177
-0.359046
-0.130675
-0.719897
-0.411775
0.560825
0.663929
0.117796
-0.458075
0.089758
-0.304009
0.396085
0.215975
0.588205
0.111778
-0.287874
1.086177
-0.359046
-0.130675
-0.719897
-0.411775
0.560825
0.663929
0.117796
-0.458075
0.089758
-0.304009
0.396085
0.215975
0.588205
0.111778
-0.287874
1.086177
-0.359046
-0.130675
-0.719897
-0.411775
0.560825
0.663929
0.117796
-0.458075
0.089758
-0.304009
0.396085
0.215975
0.588205
0.111778
-0.287874
1.086177
-0.359046
-0.130675
-0.719897
-0.411775
0.560825
0.663929
0.117796
-0.458075
0.089758
-0.304009
0.396085
0.215975
0.588205
0.111778
-0.287874
1.086177
-0.359046
-0.130675
-0.719897
-0.411775
0.560825
0.663929
0.117796
-0.458075
0.089758
-0.304009
0.396085
0.215975
0.588205
0.111778
-0.287874
1.086177
-0.359046
-0.130675
-0.719897
-0.411775
0.560825
0.663929
0.117796
-0.458075
0.089758
-0.304009
0.396085
