0.210780
1.348467
4.723828
-7.539176
-6.550709
4.238030
-4.680063
-4.462075
4.780877
2.407385
2.774470
-8.072255
-0.332036
-5.294518
3.408696
0.426099
0.847440
-1.205059
-691.945007
-461.003601
424.691772
1033.475342
1238.333130
-1274.680664
-434.849976
1346.082886
526.748718
749.733704
-133.601593
-1209.910034
254.851959
-302.191772
-1.116230
1.084594
-10.498590
3.890294
7.564493
9.472124
-3.662524
5.401705
5.666988
10.774540
5.357069
-7.781644
-12.035721
-4.494311
1.591031
6.841161
-0.838946
2.044662
448.127869
285.954041
-280.856750
-657.672180
-759.057922
817.116394
234.577148
-892.580750
-367.947174
-485.116730
127.801392
795.461060
-180.446930
178.320251
0.162940
-0.281905
73.078522
44.492023
-45.416615
-103.544052
-126.983017
140.543564
47.267933
-126.514923
-46.875469
-72.602272
10.385083
115.958763
-16.894672
37.854092
-1.064220
-1.665444
30.550529
24.617952
-13.824599
-50.832428
-69.433884
51.003597
32.150887
-54.215679
-15.516589
-35.960094
-3.735452
54.630192
-9.692442
12.499673
0.480693
0.139280
-0.114448
-0.145298
-0.203508
0.534002
0.087379
-0.108917
-0.290519
-0.314368
0.226848
0.310389
-0.021653
-0.220600
-0.044712
-0.514799
0.480693
0.139280
-0.114448
-0.145298
-0.203508
0.534002
0.087379
-0.108917
-0.290519
-0.314368
0.226848
0.310389
-0.021653
-0.220600
-0.044712
-0.514799
0.480693
0.139280
-0.114448
-0.145298
-0.203508
0.534002
0.087379
-0.108917
-0.290519
-0.314368
0.226848
0.310389
-0.021653
-0.220600
-0.044712
-0.514799
0.480693
0.139280
-0.114448
-0.145298
-0.203508
0.534002
0.087379
-0.108917
-0.290519
-0.314368
0.226848
0.310389
-0.021653
-0.220600
-0.044712
-0.514799
0.480693
0.139280
-0.114448
-0.145298
-0.203508
0.534002
0.087379
-0.108917
-0.290519
-0.314368
0.226848
0.310389
-0.021653
-0.220600
-0.044712
-0.514799
0.480693
0.139280
-0.114448
-0.145298
-0.203508
0.534002
0.087379
-0.108917
-0.290519
-0.314368
0.226848
0.310389
-0.021653
-0.220600
-0.044712
-0.514799
0.480693
0.139280
-0.114448
-0.145298
-0.203508
0.534002
0.087379
-0.108917
-0.290519
-0.314368
0.226848
0.310389
-0.021653
-0.220600
-0.044712
-0.514799
0.480693
0.139280
-0.114448
-0.145298
-0.203508
0.534002
0.087379
-0.108917
-0.290519
-0.314368
0.226848
0.310389
-0.021653
-0.220600
-0.044712
-0.514799
0.480693
0.139280
-0.114448
-0.145298
-0.203508
0.534002
0.087379
-0.108917
-0.290519
-0.314368
0.226848
0.310389
-0.021653
-0.220600
-0.044712
-0.514799
0.480693
0.139280
-0.114448
-0.145298
-0.203508
0.534002
0.087379
-0.108917
-0.290519
-0.314368
0.226848
0.310389
-0.021653
-0.220600
-0.044712
-0.514799
0.480693
0.139280
-0.114448
-0.145298
-0.203508
0.534002
0.087379
-0.108917
-0.290519
-0.314368
0.226848
0.310389
-0.021653
-0.220600
-0.044712
-0.514799
0.480693
0.139280
-0.114448
-0.145298
-0.203508
0.534002
0.087379
-0.108917
-0.290519
-0.314368
0.226848
0.310389
-0.021653
-0.220600
-0.044712
-0.514799
0.480693
0.139280
-0.114448
-0.145298
-0.203508
0.534002
0.087379
-0.108917
-0.290519
-0.314368
0.226848
0.310389
-0.021653
-0.220600
-0.044712
-0.514799
0.480693
0.139280
-0.114448
-0.145298
-0.203508
0.534002
0.087379
-0.108917
-0.290519
-0.314368
0.226848
0.310389
-0.021653
-0.220600
-0.044712
-0.514799
