-1.807648
0.734123
-1.744311
9.922701
14.707639
-4.223485
5.936907
2.495487
13.436136
-4.374130
-14.108458
-7.044920
-7.035705
13.556034
3.404650
2.441031
-2.174272
-0.553263
-8.073000
-15.022002
4.574811
19.475134
1.628772
-1.748599
12.130707
0.631521
-4.014468
-13.394289
-6.572363
-0.526553
2.404189
-6.966397
-2.242422
2.278454
530.386414
-733.393738
-1157.795410
423.673096
1345.849609
1243.203125
-1763.068481
-444.993439
-889.582275
579.913391
1513.716553
-196.921051
244.710297
307.785187
1.289066
-1.366541
-346.362976
503.608429
779.623230
-304.489716
-914.840210
-830.725220
1195.860962
284.758148
597.417053
-403.831146
-1014.169800
148.548798
-163.410599
-200.667877
-1.317432
-2.225914
-47.310333
34.090462
76.019691
-2.360579
-57.490261
-95.336960
97.220589
57.197170
59.775135
-19.999231
-93.428207
-17.964045
-10.639631
-24.435881
-0.873189
3.222611
-37.180508
83.377007
100.877373
-64.866440
-164.673096
-89.593658
181.582016
3.095414
74.037804
-76.127365
-144.994598
55.999908
-33.660988
-28.243412
-0.040497
-0.057055
0.430700
0.047230
-0.010700
-0.302626
0.239476
-0.658976
0.415221
-0.371121
-0.089809
-0.102756
0.374528
-0.253083
0.592035
-0.571378
-0.040497
-0.057055
0.430700
0.047230
-0.010700
-0.302626
0.239476
-0.658976
0.415221
-0.371121
-0.089809
-0.102756
0.374528
-0.253083
0.592035
-0.571378
-0.040497
-0.057055
0.430700
0.047230
-0.010700
-0.302626
0.239476
-0.658976
0.415221
-0.371121
-0.089809
-0.102756
0.374528
-0.253083
0.592035
-0.571378
-0.040497
-0.057055
0.430700
0.047230
-0.010700
-0.302626
0.239476
-0.658976
0.415221
-0.371121
-0.089809
-0.102756
0.374528
-0.253083
0.592035
-0.571378
-0.040497
-0.057055
0.430700
0.047230
-0.010700
-0.302626
0.239476
-0.658976
0.415221
-0.371121
-0.089809
-0.102756
0.374528
-0.253083
0.592035
-0.571378
-0.040497
-0.057055
0.430700
0.047230
-0.010700
-0.302626
0.239476
-0.658976
0.415221
-0.371121
-0.089809
-0.102756
0.374528
-0.253083
0.592035
-0.571378
-0.040497
-0.057055
0.430700
0.047230
-0.010700
-0.302626
0.239476
-0.658976
0.415221
-0.371121
-0.089809
-0.102756
0.374528
-0.253083
0.592035
-0.571378
-0.040497
-0.057055
0.430700
0.047230
-0.010700
-0.302626
0.239476
-0.658976
0.415221
-0.371121
-0.089809
-0.102756
0.374528
-0.253083
0.592035
-0.571378
-0.040497
-0.057055
0.430700
0.047230
-0.010700
-0.302626
0.239476
-0.658976
0.415221
-0.371121
-0.089809
-0.102756
0.374528
-0.253083
0.592035
-0.571378
-0.040497
-0.057055
0.430700
0.047230
-0.010700
-0.302626
0.239476
-0.658976
0.415221
-0.371121
-0.089809
-0.102756
0.374528
-0.253083
0.592035
-0.571378
-0.040497
-0.057055
0.430700
0.047230
-0.010700
-0.302626
0.239476
-0.658976
0.415221
-0.371121
-0.089809
-0.102756
0.374528
-0.253083
0.592035
-0.571378
-0.040497
-0.057055
0.430700
0.047230
-0.010700
-0.302626
0.239476
-0.658976
0.415221
-0.371121
-0.089809
-0.102756
0.374528
-0.253083
0.592035
-0.571378
-0.040497
-0.057055
0.430700
0.047230
-0.010700
-0.302626
0.239476
-0.658976
0.415221
-0.371121
-0.089809
-0.102756
0.374528
-0.253083
0.592035
-0.571378
-0.040497
-0.057055
0.430700
0.047230
-0.010700
-0.302626
0.239476
-0.658976
0.415221
-0.371121
-0.089809
-0.102756
0.374528
-0.253083
0.592035
-0.571378
