-4.445783
-7.548257
6.886174
35.220142
-0.532403
-25.158178
20.826097
-14.997125
-19.642151
4.308069
8.990760
30.520071
22.782703
4.117233
-6.759543
2.287711
1.148850
0.567638
-4.295638
-0.228632
5.403801
-1.024545
-2.756851
6.619514
-0.551424
-2.990767
-6.193579
6.557345
-3.757095
-1.069257
-1.326536
-1.228869
0.310664
1.660390
-452.037140
-1014.971985
-299.987549
1337.336304
1942.571411
-449.583435
-1540.478027
1420.949707
-4.324877
1204.358398
995.118835
-1415.449463
269.659119
128.644592
1.970577
-1.183944
8.331698
0.252248
-10.688537
4.684593
9.016367
2.482225
-3.506304
-1.784611
1.475003
8.450138
-2.833713
3.975543
6.273068
8.393665
-0.073399
0.109506
-7.097004
7.722650
10.330599
7.936881
4.532990
4.420236
14.043605
7.225265
-1.350147
-15.852092
-13.618584
6.033111
-1.748381
0.958939
1.916790
-1.668547
150.515350
342.577118
102.410873
-453.411957
-660.166504
149.920029
522.412231
-480.062103
2.969055
-405.050140
-341.013947
475.989746
-89.736176
-43.169518
0.590747
4.844035
12.000753
50.842678
23.186905
-62.070751
-97.956604
16.221882
85.254135
-60.954063
5.626745
-59.879692
-56.224258
63.731079
-13.554394
-2.524683
-1.885158
-0.271937
22.723612
71.289505
26.728458
-86.798141
-126.780716
16.213928
111.449875
-84.267860
8.360647
-77.603722
-73.791519
88.749023
-12.875099
-6.828696
-1.613730
-0.354741
140.680252
310.466980
91.948090
-410.971130
-589.107788
138.827438
470.443481
-431.388458
2.100609
-366.701569
-300.266571
432.741119
-85.001221
-40.194687
0.136866
-0.108000
-0.114798
-0.017524
0.278796
-0.090833
-0.335556
0.383206
0.174881
-0.398852
0.138248
-0.301785
0.032706
0.146217
-0.017227
0.472315
0.136866
-0.108000
-0.114798
-0.017524
0.278796
-0.090833
-0.335556
0.383206
0.174881
-0.398852
0.138248
-0.301785
0.032706
0.146217
-0.017227
0.472315
0.136866
-0.108000
-0.114798
-0.017524
0.278796
-0.090833
-0.335556
0.383206
0.174881
-0.398852
0.138248
-0.301785
0.032706
0.146217
-0.017227
0.472315
0.136866
-0.108000
-0.114798
-0.017524
0.278796
-0.090833
-0.335556
0.383206
0.174881
-0.398852
0.138248
-0.301785
0.032706
0.146217
-0.017227
0.472315
0.136866
-0.108000
-0.114798
-0.017524
0.278796
-0.090833
-0.335556
0.383206
0.174881
-0.398852
0.138248
-0.301785
0.032706
0.146217
-0.017227
0.472315
0.136866
-0.108000
-0.114798
-0.017524
0.278796
-0.090833
-0.335556
0.383206
0.174881
-0.398852
0.138248
-0.301785
0.032706
0.146217
-0.017227
0.472315
0.136866
-0.108000
-0.114798
-0.017524
0.278796
-0.090833
-0.335556
0.383206
0.174881
-0.398852
0.138248
-0.301785
0.032706
0.146217
-0.017227
0.472315
0.136866
-0.108000
-0.114798
-0.017524
0.278796
-0.090833
-0.335556
0.383206
0.174881
-0.398852
0.138248
-0.301785
0.032706
0.146217
-0.017227
0.472315
0.136866
-0.108000
-0.114798
-0.017524
0.278796
-0.090833
-0.335556
0.383206
0.174881
-0.398852
0.138248
-0.301785
0.032706
0.146217
-0.017227
0.472315
0.136866
-0.108000
-0.114798
-0.017524
0.278796
-0.090833
-0.335556
0.383206
0.174881
-0.398852
0.138248
-0.301785
0.032706
0.146217
-0.017227
0.472315
0.136866
-0.108000
-0.114798
-0.017524
0.278796
-0.090833
-0.335556
0.383206
0.174881
-0.398852
0.138248
-0.301785
0.032706
0.146217
-0.017227
0.472315
