-0.163397
2.270303
13.830853
-15.150426
-18.713116
14.813599
4.905661
0.352040
8.182318
12.607473
13.475709
-10.206854
1.672736
-9.815434
4.490561
-0.170608
-1.255910
0.852158
2.114830
-9.537336
-3.120772
7.132908
-5.589453
-2.123270
5.691087
1.511869
-0.255681
-9.431395
-1.682275
-5.148337
4.628259
-0.909361
2.261578
3.821202
-3.780742
-3.456497
-10.986823
10.253582
-8.415731
5.297824
-8.865480
13.215140
19.705488
-1.292014
-2.986062
-15.132006
2.452909
-1.791773
2.871211
0.729667
-907.379089
320.402863
1190.348999
427.954926
-356.449371
-2042.148804
1388.924194
1677.435181
1264.270996
51.459751
-1488.421143
-1263.719360
307.549042
-289.402618
-3.626742
-0.007782
411.132080
-133.375092
-530.283569
-204.648453
139.600891
920.204529
-606.093994
-768.175964
-568.170654
-34.436211
658.462830
584.214600
-140.778778
127.729225
-0.106302
-0.722441
36.510853
-14.797840
-52.112003
-12.094419
23.955687
84.959671
-68.053543
-62.073917
-51.859528
4.511441
66.050888
45.745838
-12.977261
13.680124
0.991899
-1.474749
56.350594
-29.021536
-79.126450
-14.980501
42.460457
131.663116
-106.840027
-98.253929
-83.955208
6.368816
105.059090
70.224701
-21.218576
25.966955
-2.562776
0.696626
202.302383
-56.589870
-255.862900
-109.579422
49.262661
449.050720
-279.969116
-384.321564
-275.004059
-27.844797
309.950836
293.586578
-70.226875
54.066360
-0.198016
-0.087267
-0.005616
-0.210636
-0.274075
-0.191281
-0.455987
0.056910
-0.257294
-0.150256
0.062470
-0.333075
-0.409456
0.341392
-0.433338
0.452463
-0.198016
-0.087267
-0.005616
-0.210636
-0.274075
-0.191281
-0.455987
0.056910
-0.257294
-0.150256
0.062470
-0.333075
-0.409456
0.341392
-0.433338
0.452463
-0.198016
-0.087267
-0.005616
-0.210636
-0.274075
-0.191281
-0.455987
0.056910
-0.257294
-0.150256
0.062470
-0.333075
-0.409456
0.341392
-0.433338
0.452463
-0.198016
-0.087267
-0.005616
-0.210636
-0.274075
-0.191281
-0.455987
0.056910
-0.257294
-0.150256
0.062470
-0.333075
-0.409456
0.341392
-0.433338
0.452463
-0.198016
-0.087267
-0.005616
-0.210636
-0.274075
-0.191281
-0.455987
0.056910
-0.257294
-0.150256
0.062470
-0.333075
-0.409456
0.341392
-0.433338
0.452463
-0.198016
-0.087267
-0.005616
-0.210636
-0.274075
-0.191281
-0.455987
0.056910
-0.257294
-0.150256
0.062470
-0.333075
-0.409456
0.341392
-0.433338
0.452463
-0.198016
-0.087267
-0.005616
-0.210636
-0.274075
-0.191281
-0.455987
0.056910
-0.257294
-0.150256
0.062470
-0.333075
-0.409456
0.341392
-0.433338
0.452463
-0.198016
-0.087267
-0.005616
-0.210636
-0.274075
-0.191281
-0.455987
0.056910
-0.257294
-0.150256
0.062470
-0.333075
-0.409456
0.341392
-0.433338
0.452463
-0.198016
-0.087267
-0.005616
-0.210636
-0.274075
-0.191281
-0.455987
0.056910
-0.257294
-0.150256
0.062470
-0.333075
-0.409456
0.341392
-0.433338
0.452463
-0.198016
-0.087267
-0.005616
-0.210636
-0.274075
-0.191281
-0.455987
0.056910
-0.257294
-0.150256
0.062470
-0.333075
-0.409456
0.341392
-0.433338
0.452463
-0.198016
-0.087267
-0.005616
-0.210636
-0.274075
-0.191281
-0.455987
0.056910
-0.257294
-0.150256
0.062470
-0.333075
-0.409456
0.341392
-0.433338
0.452463
-0.198016
-0.087267
-0.005616
-0.210636
-0.274075
-0.191281
-0.455987
0.056910
-0.257294
-0.150256
0.062470
-0.333075
-0.409456
0.341392
-0.433338
0.452463
