0.389191
-2.280597
-5.936892
1.853015
6.439396
-1.604212
3.944216
5.379417
-1.894576
-2.581978
-4.052183
6.218369
-3.083947
3.971321
-2.400554
-3.838800
2.858275
0.741351
12.588394
-5.555088
-23.460382
1.910984
-3.086681
8.155040
-0.003041
4.542835
6.819793
-3.674220
5.153278
-2.068154
2.373498
1.144604
0.461377
2.700120
-11.812199
-13.238704
5.710050
13.581771
3.922802
2.672646
-11.768353
-13.002992
-2.426144
23.339033
3.902677
-3.392101
9.895405
4.176247
4.372896
11.873144
-1314.343872
1015.990173
355.967224
1155.567505
639.705872
-279.613708
1093.733643
-1775.430298
-281.567444
-1937.740112
-604.272766
255.612610
1288.513794
-52.632542
-1.138855
-3.806052
13.064569
14.357459
-4.010217
-10.757348
3.213450
-3.552598
11.250052
13.406909
-0.700330
-22.765621
-5.388410
1.821839
-6.275846
-3.103419
0.648697
1.588981
-24.336426
-74.498711
-52.468113
-5.345319
0.783920
31.084969
52.504265
77.761322
83.629623
19.128096
1.743630
-29.923750
-20.179195
54.983768
2.355637
-0.026963
59.879993
41.894848
42.330936
-30.137070
-17.925486
-21.958292
-87.218338
-20.312826
-74.273170
42.713326
18.271353
19.843639
-20.405119
-50.231590
-5.081239
-11.214250
1315.118286
-1017.086426
-357.200073
-1155.325439
-638.081177
275.814117
-1088.149048
1773.625488
279.228058
1933.665039
603.660767
-255.016006
-1283.989746
51.383415
0.104487
-1.037792
0.200382
0.049717
-0.578203
-0.206473
0.015019
-0.076130
-0.393118
-0.357826
-0.376950
0.134528
0.845646
0.203420
0.309273
-0.526510
0.104487
-1.037792
0.200382
0.049717
-0.578203
-0.206473
0.015019
-0.076130
-0.393118
-0.357826
-0.376950
0.134528
0.845646
0.203420
0.309273
-0.526510
0.104487
-1.037792
0.200382
0.049717
-0.578203
-0.206473
0.015019
-0.076130
-0.393118
-0.357826
-0.376950
0.134528
0.845646
0.203420
0.309273
-0.526510
0.104487
-1.037792
0.200382
0.049717
-0.578203
-0.206473
0.015019
-0.076130
-0.393118
-0.357826
-0.376950
0.134528
0.845646
0.203420
0.309273
-0.526510
0.104487
-1.037792
0.200382
0.049717
-0.578203
-0.206473
0.015019
-0.076130
-0.393118
-0.357826
-0.376950
0.134528
0.845646
0.203420
0.309273
-0.526510
0.104487
-1.037792
0.200382
0.049717
-0.578203
-0.206473
0.015019
-0.076130
-0.393118
-0.357826
-0.376950
0.134528
0.845646
0.203420
0.309273
-0.526510
0.104487
-1.037792
0.200382
0.049717
-0.578203
-0.206473
0.015019
-0.076130
-0.393118
-0.357826
-0.376950
0.134528
0.845646
0.203420
0.309273
-0.526510
0.104487
-1.037792
0.200382
0.049717
-0.578203
-0.206473
0.015019
-0.076130
-0.393118
-0.357826
-0.376950
0.134528
0.845646
0.203420
0.309273
-0.526510
0.104487
-1.037792
0.200382
0.049717
-0.578203
-0.206473
0.015019
-0.076130
-0.393118
-0.357826
-0.376950
0.134528
0.845646
0.203420
0.309273
-0.526510
0.104487
-1.037792
0.200382
0.049717
-0.578203
-0.206473
0.015019
-0.076130
-0.393118
-0.357826
-0.376950
0.134528
0.845646
0.203420
0.309273
-0.526510
0.104487
-1.037792
0.200382
0.049717
-0.578203
-0.206473
0.015019
-0.076130
-0.393118
-0.357826
-0.376950
0.134528
0.845646
0.203420
0.309273
-0.526510
0.104487
-1.037792
0.200382
0.049717
-0.578203
-0.206473
0.015019
-0.076130
-0.393118
-0.357826
-0.376950
0.134528
0.845646
0.203420
0.309273
-0.526510
