1.129723
0.244872
-10.910934
-5.431972
3.262681
8.129583
0.706037
4.524436
0.675789
-4.925847
-6.998713
-5.907410
-3.171048
2.083219
0.164973
-4.311036
-0.550092
0.943161
-8.287001
-3.211411
6.391120
-5.123137
-8.408000
-0.575542
2.915062
0.445411
-2.305696
-7.790690
6.516074
-3.723760
-8.287267
-9.411080
2.543978
-0.776417
470.514801
865.880493
323.652191
-1052.909912
-152.870346
-1462.297363
791.237366
89.125267
-103.202698
-611.093628
-311.772217
-817.586548
-222.523926
-37.508965
0.226645
-0.021363
-401.913788
-747.504578
-280.186432
899.438721
120.669922
1251.335815
-672.557434
-80.150223
81.385139
526.929626
260.315521
702.093140
189.347427
34.972664
-0.495284
0.061461
-0.470793
-0.019154
0.141667
0.486494
-0.030511
0.456260
-0.276410
-0.507505
-0.266906
-0.046576
-0.649147
-0.253626
-0.205958
0.548361
-0.495284
0.061461
-0.470793
-0.019154
0.141667
0.486494
-0.030511
0.456260
-0.276410
-0.507505
-0.266906
-0.046576
-0.649147
-0.253626
-0.205958
0.548361
-0.495284
0.061461
-0.470793
-0.019154
0.141667
0.486494
-0.030511
0.456260
-0.276410
-0.507505
-0.266906
-0.046576
-0.649147
-0.253626
-0.205958
0.548361
-0.495284
0.061461
-0.470793
-0.019154
0.141667
0.486494
-0.030511
0.456260
-0.276410
-0.507505
-0.266906
-0.046576
-0.649147
-0.253626
-0.205958
0.548361
-0.495284
0.061461
-0.470793
-0.019154
0.141667
0.486494
-0.030511
0.456260
-0.276410
-0.507505
-0.266906
-0.046576
-0.649147
-0.253626
-0.205958
0.548361
-0.495284
0.061461
-0.470793
-0.019154
0.141667
0.486494
-0.030511
0.456260
-0.276410
-0.507505
-0.266906
-0.046576
-0.649147
-0.253626
-0.205958
0.548361
-0.495284
0.061461
-0.470793
-0.019154
0.141667
0.486494
-0.030511
0.456260
-0.276410
-0.507505
-0.266906
-0.046576
-0.649147
-0.253626
-0.205958
0.548361
-0.495284
0.061461
-0.470793
-0.019154
0.141667
0.486494
-0.030511
0.456260
-0.276410
-0.507505
-0.266906
-0.046576
-0.649147
-0.253626
-0.205958
0.548361
-0.495284
0.061461
-0.470793
-0.019154
0.141667
0.486494
-0.030511
0.456260
-0.276410
-0.507505
-0.266906
-0.046576
-0.649147
-0.253626
-0.205958
0.548361
-0.495284
0.061461
-0.470793
-0.019154
0.141667
0.486494
-0.030511
0.456260
-0.276410
-0.507505
-0.266906
-0.046576
-0.649147
-0.253626
-0.205958
0.548361
-0.495284
0.061461
-0.470793
-0.019154
0.141667
0.486494
-0.030511
0.456260
-0.276410
-0.507505
-0.266906
-0.046576
-0.649147
-0.253626
-0.205958
0.548361
-0.495284
0.061461
-0.470793
-0.019154
0.141667
0.486494
-0.030511
0.456260
-0.276410
-0.507505
-0.266906
-0.046576
-0.649147
-0.253626
-0.205958
0.548361
-0.495284
0.061461
-0.470793
-0.019154
0.141667
0.486494
-0.030511
0.456260
-0.276410
-0.507505
-0.266906
-0.046576
-0.649147
-0.253626
-0.205958
0.548361
-0.495284
0.061461
-0.470793
-0.019154
0.141667
0.486494
-0.030511
0.456260
-0.276410
-0.507505
-0.266906
-0.046576
-0.649147
-0.253626
-0.205958
0.548361
-0.495284
0.061461
-0.470793
-0.019154
0.141667
0.486494
-0.030511
0.456260
-0.276410
-0.507505
-0.266906
-0.046576
-0.649147
-0.253626
-0.205958
0.548361
-0.495284
0.061461
-0.470793
-0.019154
0.141667
0.486494
-0.030511
0.456260
-0.276410
-0.507505
-0.266906
-0.046576
-0.649147
-0.253626
-0.205958
0.548361
