0.755997
-1.486882
-2.535210
-4.595632
7.658869
2.234040
-1.651510
-7.757872
3.681039
2.978066
7.869860
-9.699902
5.585911
1.060833
4.425909
-10.821290
-0.215749
2.140038
-773.082703
-655.543945
82.164276
1084.023682
740.611267
1307.160156
-778.179626
249.264343
313.662231
500.531342
600.323730
540.499146
210.609695
-78.311531
3.862421
0.621023
31.105513
21.560423
-9.591248
-40.567215
-29.126188
-44.908592
29.130102
-10.904262
-14.805410
-15.919740
-26.622276
-15.278235
-9.056414
8.037146
2.039093
-3.346494
33.264862
37.802917
4.470642
-57.401215
-32.873817
-73.896202
42.264622
-4.546574
-12.244048
-27.247416
-23.065250
-37.535439
-13.089071
4.284248
-3.417229
-1.055638
606.002258
520.076355
-61.569523
-854.036682
-581.117065
-1033.020630
612.212280
-196.187531
-245.669098
-395.604797
-473.921600
-422.695984
-161.252090
58.992496
-0.252685
0.407130
0.041488
0.150626
0.131790
-0.328037
-0.448317
-0.587727
0.156303
0.787714
0.491305
0.317450
-0.065382
0.085997
-0.117254
-0.333040
-0.252685
0.407130
0.041488
0.150626
0.131790
-0.328037
-0.448317
-0.587727
0.156303
0.787714
0.491305
0.317450
-0.065382
0.085997
-0.117254
-0.333040
-0.252685
0.407130
0.041488
0.150626
0.131790
-0.328037
-0.448317
-0.587727
0.156303
0.787714
0.491305
0.317450
-0.065382
0.085997
-0.117254
-0.333040
-0.252685
0.407130
0.041488
0.150626
0.131790
-0.328037
-0.448317
-0.587727
0.156303
0.787714
0.491305
0.317450
-0.065382
0.085997
-0.117254
-0.333040
-0.252685
0.407130
0.041488
0.150626
0.131790
-0.328037
-0.448317
-0.587727
0.156303
0.787714
0.491305
0.317450
-0.065382
0.085997
-0.117254
-0.333040
-0.252685
0.407130
0.041488
0.150626
0.131790
-0.328037
-0.448317
-0.587727
0.156303
0.787714
0.491305
0.317450
-0.065382
0.085997
-0.117254
-0.333040
-0.252685
0.407130
0.041488
0.150626
0.131790
-0.328037
-0.448317
-0.587727
0.156303
0.787714
0.491305
0.317450
-0.065382
0.085997
-0.117254
-0.333040
-0.252685
0.407130
0.041488
0.150626
0.131790
-0.328037
-0.448317
-0.587727
0.156303
0.787714
0.491305
0.317450
-0.065382
0.085997
-0.117254
-0.333040
-0.252685
0.407130
0.041488
0.150626
0.131790
-0.328037
-0.448317
-0.587727
0.156303
0.787714
0.491305
0.317450
-0.065382
0.085997
-0.117254
-0.333040
-0.252685
0.407130
0.041488
0.150626
0.131790
-0.328037
-0.448317
-0.587727
0.156303
0.787714
0.491305
0.317450
-0.065382
0.085997
-0.117254
-0.333040
-0.252685
0.407130
0.041488
0.150626
0.131790
-0.328037
-0.448317
-0.587727
0.156303
0.787714
0.491305
0.317450
-0.065382
0.085997
-0.117254
-0.333040
-0.252685
0.407130
0.041488
0.150626
0.131790
-0.328037
-0.448317
-0.587727
0.156303
0.787714
0.491305
0.317450
-0.065382
0.085997
-0.117254
-0.333040
-0.252685
0.407130
0.041488
0.150626
0.131790
-0.328037
-0.448317
-0.587727
0.156303
0.787714
0.491305
0.317450
-0.065382
0.085997
-0.117254
-0.333040
-0.252685
0.407130
0.041488
0.150626
0.131790
-0.328037
-0.448317
-0.587727
0.156303
0.787714
0.491305
0.317450
-0.065382
0.085997
-0.117254
-0.333040
-0.252685
0.407130
0.041488
0.150626
0.131790
-0.328037
-0.448317
-0.587727
0.156303
0.787714
0.491305
0.317450
-0.065382
0.085997
-0.117254
-0.333040
