1.649130
5.484742
14.659161
24.422766
-9.365439
-34.461617
7.878006
-17.887648
-8.829728
12.751199
25.771698
16.261248
18.155424
7.785089
-15.452478
11.919518
1.753014
11.521063
-1429.772583
920.407715
-134.486969
943.827271
845.144165
324.660248
1318.266479
-1156.670898
701.185730
-2003.714722
-521.201111
485.920715
1171.801880
358.262787
-0.015410
-1.163876
-11.674703
-10.454855
7.589873
8.699110
7.809439
2.720780
-14.041965
-9.891285
10.803242
24.933632
4.082149
-3.881743
8.339489
2.358410
0.550992
-1.710378
9.265434
6.335195
-6.061787
-8.733244
-7.363407
1.519431
11.374067
8.665313
-3.846959
-18.330412
-1.843129
3.561841
-6.355922
-5.863600
-1.137495
-0.084524
66.198280
-81.031319
8.441755
-52.359879
-62.189342
3.741709
-13.531210
79.573692
-44.873421
94.827560
17.221985
-61.430939
-53.563675
-28.839306
-0.695068
-9.085248
1078.627930
-660.335083
80.646416
-707.947632
-601.941406
-272.214630
-1082.611816
861.768555
-473.085388
1561.169678
400.825195
-304.856049
-919.023682
-219.801041
3.326683
-1.855880
66.382813
-32.560246
11.597334
-35.947735
-35.395390
-14.807754
-56.180702
40.046833
-44.188065
75.581619
24.026489
-22.448708
-43.574799
-28.462704
0.265929
0.993587
0.191478
0.015508
-0.283861
-0.204111
-0.201579
0.485932
0.065771
0.016438
0.080754
-0.025956
0.116904
-0.133569
-0.212076
-0.466336
0.265929
0.993587
0.191478
0.015508
-0.283861
-0.204111
-0.201579
0.485932
0.065771
0.016438
0.080754
-0.025956
0.116904
-0.133569
-0.212076
-0.466336
0.265929
0.993587
0.191478
0.015508
-0.283861
-0.204111
-0.201579
0.485932
0.065771
0.016438
0.080754
-0.025956
0.116904
-0.133569
-0.212076
-0.466336
0.265929
0.993587
0.191478
0.015508
-0.283861
-0.204111
-0.201579
0.485932
0.065771
0.016438
0.080754
-0.025956
0.116904
-0.133569
-0.212076
-0.466336
0.265929
0.993587
0.191478
0.015508
-0.283861
-0.204111
-0.201579
0.485932
0.065771
0.016438
0.080754
-0.025956
0.116904
-0.133569
-0.212076
-0.466336
0.265929
0.993587
0.191478
0.015508
-0.283861
-0.204111
-0.201579
0.485932
0.065771
0.016438
0.080754
-0.025956
0.116904
-0.133569
-0.212076
-0.466336
0.265929
0.993587
0.191478
0.015508
-0.283861
-0.204111
-0.201579
0.485932
0.065771
0.016438
0.080754
-0.025956
0.116904
-0.133569
-0.212076
-0.466336
0.265929
0.993587
0.191478
0.015508
-0.283861
-0.204111
-0.201579
0.485932
0.065771
0.016438
0.080754
-0.025956
0.116904
-0.133569
-0.212076
-0.466336
0.265929
0.993587
0.191478
0.015508
-0.283861
-0.204111
-0.201579
0.485932
0.065771
0.016438
0.080754
-0.025956
0.116904
-0.133569
-0.212076
-0.466336
0.265929
0.993587
0.191478
0.015508
-0.283861
-0.204111
-0.201579
0.485932
0.065771
0.016438
0.080754
-0.025956
0.116904
-0.133569
-0.212076
-0.466336
0.265929
0.993587
0.191478
0.015508
-0.283861
-0.204111
-0.201579
0.485932
0.065771
0.016438
0.080754
-0.025956
0.116904
-0.133569
-0.212076
-0.466336
0.265929
0.993587
0.191478
0.015508
-0.283861
-0.204111
-0.201579
0.485932
0.065771
0.016438
0.080754
-0.025956
0.116904
-0.133569
-0.212076
-0.466336
0.265929
0.993587
0.191478
0.015508
-0.283861
-0.204111
-0.201579
0.485932
0.065771
0.016438
0.080754
-0.025956
0.116904
-0.133569
-0.212076
-0.466336
