1.593265
2.688842
-5.381425
-19.443764
-2.988961
29.119644
3.036916
1.414462
13.480229
-1.676485
-20.836781
-14.359395
-6.786221
-8.452729
2.641082
-5.738745
0.953874
-1.918441
1178.995850
83.497665
-852.670959
-981.598267
-1638.549561
-705.647095
646.975952
-792.438538
-681.267212
-257.801239
-1078.127319
-246.314056
-136.630951
216.597748
-0.713311
-1.005779
5.763312
-5.936476
-6.617473
-0.020857
-3.418514
-2.048765
3.611202
3.568819
4.412220
-3.095945
-1.390273
-4.043714
2.120699
1.688060
-0.107186
-3.622598
-422.792908
-33.544907
300.589478
357.478821
587.173401
264.412689
-239.092987
278.534088
245.615463
98.800278
382.429901
94.872307
51.970608
-76.018768
-0.205248
6.973994
-64.595451
-6.692507
51.792213
54.144653
91.273972
31.263235
-33.295158
49.438999
34.785843
9.093565
66.597176
11.736097
5.539052
-15.402467
0.635755
-1.957806
-65.519241
-5.011021
51.010853
54.089012
94.812630
39.997318
-35.274311
50.796379
41.553986
13.063226
61.114159
12.907528
8.630368
-14.743179
-0.197238
0.796614
-338.480530
-30.973814
239.408417
284.803558
462.176788
206.953690
-189.842529
220.750244
187.651306
77.594040
305.838196
69.298164
36.641621
-58.169876
-0.541464
0.127804
0.344078
-0.409987
-0.619839
0.184284
0.003550
0.979527
-0.017464
0.061833
0.753622
-0.084713
0.737841
0.611011
0.585715
-0.081457
-0.541464
0.127804
0.344078
-0.409987
-0.619839
0.184284
0.003550
0.979527
-0.017464
0.061833
0.753622
-0.084713
0.737841
0.611011
0.585715
-0.081457
-0.541464
0.127804
0.344078
-0.409987
-0.619839
0.184284
0.003550
0.979527
-0.017464
0.061833
0.753622
-0.084713
0.737841
0.611011
0.585715
-0.081457
-0.541464
0.127804
0.344078
-0.409987
-0.619839
0.184284
0.003550
0.979527
-0.017464
0.061833
0.753622
-0.084713
0.737841
0.611011
0.585715
-0.081457
-0.541464
0.127804
0.344078
-0.409987
-0.619839
0.184284
0.003550
0.979527
-0.017464
0.061833
0.753622
-0.084713
0.737841
0.611011
0.585715
-0.081457
-0.541464
0.127804
0.344078
-0.409987
-0.619839
0.184284
0.003550
0.979527
-0.017464
0.061833
0.753622
-0.084713
0.737841
0.611011
0.585715
-0.081457
-0.541464
0.127804
0.344078
-0.409987
-0.619839
0.184284
0.003550
0.979527
-0.017464
0.061833
0.753622
-0.084713
0.737841
0.611011
0.585715
-0.081457
-0.541464
0.127804
0.344078
-0.409987
-0.619839
0.184284
0.003550
0.979527
-0.017464
0.061833
0.753622
-0.084713
0.737841
0.611011
0.585715
-0.081457
-0.541464
0.127804
0.344078
-0.409987
-0.619839
0.184284
0.003550
0.979527
-0.017464
0.061833
0.753622
-0.084713
0.737841
0.611011
0.585715
-0.081457
-0.541464
0.127804
0.344078
-0.409987
-0.619839
0.184284
0.003550
0.979527
-0.017464
0.061833
0.753622
-0.084713
0.737841
0.611011
0.585715
-0.081457
-0.541464
0.127804
0.344078
-0.409987
-0.619839
0.184284
0.003550
0.979527
-0.017464
0.061833
0.753622
-0.084713
0.737841
0.611011
0.585715
-0.081457
-0.541464
0.127804
0.344078
-0.409987
-0.619839
0.184284
0.003550
0.979527
-0.017464
0.061833
0.753622
-0.084713
0.737841
0.611011
0.585715
-0.081457
-0.541464
0.127804
0.344078
-0.409987
-0.619839
0.184284
0.003550
0.979527
-0.017464
0.061833
0.753622
-0.084713
0.737841
0.611011
0.585715
-0.081457
