1.015279
-0.168620
7.085410
-6.142203
-9.204465
1.368391
-3.883978
-2.302363
4.797068
1.096073
6.770326
-4.376410
-3.918530
-0.856908
5.405821
1.912812
-2.461975
2.615315
333.495300
-1244.360229
-619.669922
596.747620
-737.051636
48.401840
1307.821411
-1017.533386
326.472809
-852.812500
-1707.254150
1738.836182
-53.071255
-1491.522705
-2.588744
-2.031925
-1.664896
13.819328
12.606850
1.917132
-0.630497
-5.669538
-11.495167
-10.502533
2.159665
11.460241
14.526201
-11.010339
-7.263031
10.302978
1.557655
-0.578169
-199.441223
752.644409
367.851593
-366.297211
432.834503
-25.014200
-767.666199
602.265198
-198.186615
503.347931
1010.422607
-1046.751831
46.128788
891.497314
-0.223164
-1.401041
-32.102665
87.671829
47.861721
-38.161816
58.508144
2.533923
-104.461029
67.518799
-29.269363
60.071804
144.533264
-118.635025
-6.331123
110.509254
2.385806
-1.947991
-42.146374
173.518997
84.719551
-85.596191
103.237137
-14.262965
-183.556274
155.857300
-39.529282
128.087265
232.120148
-257.683502
13.929193
212.545883
-0.946015
0.321080
0.195469
-0.454887
-0.474721
-0.131501
0.227590
-0.329268
0.085557
-0.092400
0.023118
-0.087769
0.308918
-0.324356
-0.077477
-0.157067
-0.946015
0.321080
0.195469
-0.454887
-0.474721
-0.131501
0.227590
-0.329268
0.085557
-0.092400
0.023118
-0.087769
0.308918
-0.324356
-0.077477
-0.157067
-0.946015
0.321080
0.195469
-0.454887
-0.474721
-0.131501
0.227590
-0.329268
0.085557
-0.092400
0.023118
-0.087769
0.308918
-0.324356
-0.077477
-0.157067
-0.946015
0.321080
0.195469
-0.454887
-0.474721
-0.131501
0.227590
-0.329268
0.085557
-0.092400
0.023118
-0.087769
0.308918
-0.324356
-0.077477
-0.157067
-0.946015
0.321080
0.195469
-0.454887
-0.474721
-0.131501
0.227590
-0.329268
0.085557
-0.092400
0.023118
-0.087769
0.308918
-0.324356
-0.077477
-0.157067
-0.946015
0.321080
0.195469
-0.454887
-0.474721
-0.131501
0.227590
-0.329268
0.085557
-0.092400
0.023118
-0.087769
0.308918
-0.324356
-0.077477
-0.157067
-0.946015
0.321080
0.195469
-0.454887
-0.474721
-0.131501
0.227590
-0.329268
0.085557
-0.092400
0.023118
-0.087769
0.308918
-0.324356
-0.077477
-0.157067
-0.946015
0.321080
0.195469
-0.454887
-0.474721
-0.131501
0.227590
-0.329268
0.085557
-0.092400
0.023118
-0.087769
0.308918
-0.324356
-0.077477
-0.157067
-0.946015
0.321080
0.195469
-0.454887
-0.474721
-0.131501
0.227590
-0.329268
0.085557
-0.092400
0.023118
-0.087769
0.308918
-0.324356
-0.077477
-0.157067
-0.946015
0.321080
0.195469
-0.454887
-0.474721
-0.131501
0.227590
-0.329268
0.085557
-0.092400
0.023118
-0.087769
0.308918
-0.324356
-0.077477
-0.157067
-0.946015
0.321080
0.195469
-0.454887
-0.474721
-0.131501
0.227590
-0.329268
0.085557
-0.092400
0.023118
-0.087769
0.308918
-0.324356
-0.077477
-0.157067
-0.946015
0.321080
0.195469
-0.454887
-0.474721
-0.131501
0.227590
-0.329268
0.085557
-0.092400
0.023118
-0.087769
0.308918
-0.324356
-0.077477
-0.157067
-0.946015
0.321080
0.195469
-0.454887
-0.474721
-0.131501
0.227590
-0.329268
0.085557
-0.092400
0.023118
-0.087769
0.308918
-0.324356
-0.077477
-0.157067
-0.946015
0.321080
0.195469
-0.454887
-0.474721
-0.131501
0.227590
-0.329268
0.085557
-0.092400
0.023118
-0.087769
0.308918
-0.324356
-0.077477
-0.157067
