-24.357618
15.235778
22.702778
-15.474127
59.590412
-42.745228
21.197950
-16.676535
98.974022
-44.944775
143.940552
-108.977974
376.702484
-332.803436
34.081108
-47.112957
8.845860
7.574168
-47.200214
2.809844
-46.092766
52.050575
-11.818703
-3.163104
-87.404243
50.765652
-168.771759
92.207588
-417.536255
263.083252
-49.946465
48.032322
0.325736
0.082372
-7.363431
-2.882507
3.471693
4.530261
-0.201590
3.771273
-0.895914
-5.184690
-6.565598
-4.203060
-1.206482
3.231665
-1.015993
-5.448645
-1.780624
2.433850
-1030.326050
614.391724
741.365173
-65.903908
675.766052
396.859009
-1473.944214
87.550491
-604.908386
510.164978
1800.349243
-382.081085
-864.011536
1028.661865
2.759761
-3.895940
6.611959
-31.846191
-34.665287
49.168545
-28.496542
2.949190
87.216660
-97.659576
8.240003
-67.959885
-117.935333
224.726074
-6.702263
-70.834412
14.167791
-15.512794
-6.293188
7.832420
-22.219065
17.683464
-14.649103
14.152170
-43.312271
19.637722
-52.669708
61.769428
-128.525726
161.513840
-8.703873
20.070629
-0.505358
0.588020
12.993540
-26.079601
-29.108498
43.692856
-29.208364
4.419688
65.561211
-94.427383
-0.229937
-63.727634
-61.921188
220.787155
-8.838517
-65.145844
-3.330312
1.889199
15.521918
-0.353092
23.113392
-17.340981
6.540047
1.250328
40.960754
-17.064671
75.309067
-28.835527
193.971100
-74.937195
24.574707
-19.601717
7.864980
-8.467094
-0.257774
3.917652
16.720078
3.991143
5.342870
5.545630
16.377064
1.792273
36.832508
5.388738
95.158653
-16.676723
2.499634
4.050266
-0.928982
-1.668826
985.449463
-539.218811
-657.353821
-31.784098
-601.682312
-397.856659
1285.894165
111.087486
587.121765
-362.098358
-1574.420776
-89.780167
861.684753
-867.042175
-2.012050
8.077702
-1.630245
3.493904
-19.982201
3.091933
-6.498734
-3.693569
-32.253593
3.764685
-44.280205
8.624948
-133.123032
37.283146
-9.425088
3.677504
-5.214073
2.647035
-3.967577
5.948989
2.264030
15.881540
3.821426
1.540572
-12.269587
23.277138
-19.292307
40.763992
-38.677563
87.874466
-2.201158
15.440480
0.219645
-4.234740
7.092109
-9.886779
4.741021
-19.294640
-1.400770
-4.684927
15.922190
-19.269899
31.140652
-47.727737
72.446686
-114.276604
2.154170
-17.723114
0.629110
0.395288
-0.433207
-0.175317
-0.774258
0.135789
-0.194918
0.556271
0.448498
0.254258
-0.277067
0.473354
-0.062845
-0.113963
0.451557
0.107786
0.629110
0.395288
-0.433207
-0.175317
-0.774258
0.135789
-0.194918
0.556271
0.448498
0.254258
-0.277067
0.473354
-0.062845
-0.113963
0.451557
0.107786
0.629110
0.395288
-0.433207
-0.175317
-0.774258
0.135789
-0.194918
0.556271
0.448498
0.254258
-0.277067
0.473354
-0.062845
-0.113963
0.451557
0.107786
0.629110
0.395288
-0.433207
-0.175317
-0.774258
0.135789
-0.194918
0.556271
0.448498
0.254258
-0.277067
0.473354
-0.062845
-0.113963
0.451557
0.107786
0.629110
0.395288
-0.433207
-0.175317
-0.774258
0.135789
-0.194918
0.556271
0.448498
0.254258
-0.277067
0.473354
-0.062845
-0.113963
0.451557
0.107786
0.629110
0.395288
-0.433207
-0.175317
-0.774258
0.135789
-0.194918
0.556271
0.448498
0.254258
-0.277067
0.473354
-0.062845
-0.113963
0.451557
0.107786
0.629110
0.395288
-0.433207
-0.175317
-0.774258
0.135789
-0.194918
0.556271
0.448498
0.254258
-0.277067
0.473354
-0.062845
-0.113963
0.451557
0.107786
