-0.235357
0.565505
-8.005115
-1.237566
4.962823
3.151365
-4.480217
4.540327
1.943609
-6.202447
-9.290814
-0.211192
-4.711375
2.119801
-0.006085
-2.413198
-0.978205
-1.920406
11.342335
-0.602047
-1.029591
-12.442842
-1.382450
0.991174
-4.575924
10.992146
8.469019
-4.058590
-7.667085
-11.941967
7.222358
4.303949
-0.445039
2.457766
1000.081238
288.684814
-439.662445
-657.820557
-74.067757
-767.153931
832.132813
1124.198120
724.089905
248.495071
-1267.104004
-1508.627075
1254.569458
71.897697
-1.023983
-1.118341
-949.114380
-278.771973
416.125061
627.687378
70.458199
731.514832
-792.763123
-1071.058350
-690.110046
-237.704025
1206.045532
1432.349976
-1193.266479
-65.043282
0.364259
1.485083
0.090257
-0.639139
-0.159930
0.185699
-0.296279
-0.418644
0.227024
-0.434058
-0.138973
-0.174115
-0.866446
0.982336
0.052247
-0.093630
0.364259
1.485083
0.090257
-0.639139
-0.159930
0.185699
-0.296279
-0.418644
0.227024
-0.434058
-0.138973
-0.174115
-0.866446
0.982336
0.052247
-0.093630
0.364259
1.485083
0.090257
-0.639139
-0.159930
0.185699
-0.296279
-0.418644
0.227024
-0.434058
-0.138973
-0.174115
-0.866446
0.982336
0.052247
-0.093630
0.364259
1.485083
0.090257
-0.639139
-0.159930
0.185699
-0.296279
-0.418644
0.227024
-0.434058
-0.138973
-0.174115
-0.866446
0.982336
0.052247
-0.093630
0.364259
1.485083
0.090257
-0.639139
-0.159930
0.185699
-0.296279
-0.418644
0.227024
-0.434058
-0.138973
-0.174115
-0.866446
0.982336
0.052247
-0.093630
0.364259
1.485083
0.090257
-0.639139
-0.159930
0.185699
-0.296279
-0.418644
0.227024
-0.434058
-0.138973
-0.174115
-0.866446
0.982336
0.052247
-0.093630
0.364259
1.485083
0.090257
-0.639139
-0.159930
0.185699
-0.296279
-0.418644
0.227024
-0.434058
-0.138973
-0.174115
-0.866446
0.982336
0.052247
-0.093630
0.364259
1.485083
0.090257
-0.639139
-0.159930
0.185699
-0.296279
-0.418644
0.227024
-0.434058
-0.138973
-0.174115
-0.866446
0.982336
0.052247
-0.093630
0.364259
1.485083
0.090257
-0.639139
-0.159930
0.185699
-0.296279
-0.418644
0.227024
-0.434058
-0.138973
-0.174115
-0.866446
0.982336
0.052247
-0.093630
0.364259
1.485083
0.090257
-0.639139
-0.159930
0.185699
-0.296279
-0.418644
0.227024
-0.434058
-0.138973
-0.174115
-0.866446
0.982336
0.052247
-0.093630
0.364259
1.485083
0.090257
-0.639139
-0.159930
0.185699
-0.296279
-0.418644
0.227024
-0.434058
-0.138973
-0.174115
-0.866446
0.982336
0.052247
-0.093630
0.364259
1.485083
0.090257
-0.639139
-0.159930
0.185699
-0.296279
-0.418644
0.227024
-0.434058
-0.138973
-0.174115
-0.866446
0.982336
0.052247
-0.093630
0.364259
1.485083
0.090257
-0.639139
-0.159930
0.185699
-0.296279
-0.418644
0.227024
-0.434058
-0.138973
-0.174115
-0.866446
0.982336
0.052247
-0.093630
0.364259
1.485083
0.090257
-0.639139
-0.159930
0.185699
-0.296279
-0.418644
0.227024
-0.434058
-0.138973
-0.174115
-0.866446
0.982336
0.052247
-0.093630
0.364259
1.485083
0.090257
-0.639139
-0.159930
0.185699
-0.296279
-0.418644
0.227024
-0.434058
-0.138973
-0.174115
-0.866446
0.982336
0.052247
-0.093630
0.364259
1.485083
0.090257
-0.639139
-0.159930
0.185699
-0.296279
-0.418644
0.227024
-0.434058
-0.138973
-0.174115
-0.866446
0.982336
0.052247
-0.093630
