12.054889
14.151725
-595.075378
1319.078247
510.047272
1074.623047
998.877686
-547.815613
377.020813
-2518.110352
-1722.531128
-2012.015381
-338.569855
607.475098
1221.903809
-713.809204
-2.245398
1.661525
-3.151955
-12.458010
2.583352
9.017439
0.077092
4.468011
-5.510961
-18.675169
-20.637436
26.653723
4.888763
0.009799
7.022055
11.369022
-5.483942
-5.874385
277.180237
-580.898071
-211.908539
-484.699890
-454.086578
232.824860
-193.601013
1116.786743
748.154053
917.473328
151.993347
-270.431091
-544.606201
305.849548
-2.726168
-3.379401
27.984003
-68.631035
-33.541866
-52.865917
-48.148643
32.376377
-10.330881
125.085258
95.127243
92.752090
14.546355
-32.322144
-60.274658
40.665810
-1.826273
-0.904555
19.755749
-81.823296
-37.060501
-53.727299
-51.632149
39.715199
0.228958
146.107880
117.732353
101.611511
13.232912
-40.465660
-64.890549
53.492722
-1.433233
0.172852
150.649048
-279.338013
-97.892471
-237.397232
-221.025909
103.888550
-119.268143
539.251526
337.042786
455.371490
91.969193
-119.794472
-281.228729
128.727463
0.678400
-0.446182
0.789790
-0.678270
0.049713
-0.501489
-0.484055
-0.457706
-0.458964
0.833567
-0.182500
0.872181
-0.005996
-0.186551
-0.922728
0.237070
0.678400
-0.446182
0.789790
-0.678270
0.049713
-0.501489
-0.484055
-0.457706
-0.458964
0.833567
-0.182500
0.872181
-0.005996
-0.186551
-0.922728
0.237070
0.678400
-0.446182
0.789790
-0.678270
0.049713
-0.501489
-0.484055
-0.457706
-0.458964
0.833567
-0.182500
0.872181
-0.005996
-0.186551
-0.922728
0.237070
0.678400
-0.446182
0.789790
-0.678270
0.049713
-0.501489
-0.484055
-0.457706
-0.458964
0.833567
-0.182500
0.872181
-0.005996
-0.186551
-0.922728
0.237070
0.678400
-0.446182
0.789790
-0.678270
0.049713
-0.501489
-0.484055
-0.457706
-0.458964
0.833567
-0.182500
0.872181
-0.005996
-0.186551
-0.922728
0.237070
0.678400
-0.446182
0.789790
-0.678270
0.049713
-0.501489
-0.484055
-0.457706
-0.458964
0.833567
-0.182500
0.872181
-0.005996
-0.186551
-0.922728
0.237070
0.678400
-0.446182
0.789790
-0.678270
0.049713
-0.501489
-0.484055
-0.457706
-0.458964
0.833567
-0.182500
0.872181
-0.005996
-0.186551
-0.922728
0.237070
0.678400
-0.446182
0.789790
-0.678270
0.049713
-0.501489
-0.484055
-0.457706
-0.458964
0.833567
-0.182500
0.872181
-0.005996
-0.186551
-0.922728
0.237070
0.678400
-0.446182
0.789790
-0.678270
0.049713
-0.501489
-0.484055
-0.457706
-0.458964
0.833567
-0.182500
0.872181
-0.005996
-0.186551
-0.922728
0.237070
0.678400
-0.446182
0.789790
-0.678270
0.049713
-0.501489
-0.484055
-0.457706
-0.458964
0.833567
-0.182500
0.872181
-0.005996
-0.186551
-0.922728
0.237070
0.678400
-0.446182
0.789790
-0.678270
0.049713
-0.501489
-0.484055
-0.457706
-0.458964
0.833567
-0.182500
0.872181
-0.005996
-0.186551
-0.922728
0.237070
0.678400
-0.446182
0.789790
-0.678270
0.049713
-0.501489
-0.484055
-0.457706
-0.458964
0.833567
-0.182500
0.872181
-0.005996
-0.186551
-0.922728
0.237070
0.678400
-0.446182
0.789790
-0.678270
0.049713
-0.501489
-0.484055
-0.457706
-0.458964
0.833567
-0.182500
0.872181
-0.005996
-0.186551
-0.922728
0.237070
0.678400
-0.446182
0.789790
-0.678270
0.049713
-0.501489
-0.484055
-0.457706
-0.458964
0.833567
-0.182500
0.872181
-0.005996
-0.186551
-0.922728
0.237070
