1.152179
-3.480237
17.678108
-1419.239502
-1083.647583
665.808350
-344.062042
451.882904
896.475891
-265.818909
996.829468
-888.462708
-1697.369873
57.195255
1819.044922
-1381.291382
2.984351
1.678074
-5.153813
17.072083
12.690434
-4.229447
1.041510
-2.506441
-4.849258
-2.558740
11.811822
10.581046
5.387280
-14.041881
8.034094
13.375281
-1.883861
-0.512558
-2.428180
9.278390
7.146687
-5.187883
2.547152
-2.025328
-5.614833
0.383123
-2.263962
7.737703
4.225869
1.507759
-2.945607
1.580603
-1.419207
2.045492
1.694187
990.476929
749.290710
-474.810791
241.870895
-299.660400
-632.269348
192.636780
-694.095947
633.042419
1184.632080
-41.086723
-1273.370605
977.877197
2.502549
-0.522006
-20.380638
66.933983
61.892246
-16.749332
22.591465
-20.459219
-44.775837
0.885163
-61.178200
26.498970
79.344223
24.252132
-104.122513
38.531044
0.639268
0.891385
31.361824
121.908539
76.334976
-83.159164
12.799747
-51.863407
-65.711105
42.723255
-58.231087
94.511047
141.449005
-51.072029
-115.107147
158.052002
-0.927899
0.668568
0.327014
0.085941
0.135603
0.300370
0.203045
0.103916
-0.210188
0.155128
-0.497797
-0.144361
0.031294
0.143745
-1.608264
-0.449304
-0.927899
0.668568
0.327014
0.085941
0.135603
0.300370
0.203045
0.103916
-0.210188
0.155128
-0.497797
-0.144361
0.031294
0.143745
-1.608264
-0.449304
-0.927899
0.668568
0.327014
0.085941
0.135603
0.300370
0.203045
0.103916
-0.210188
0.155128
-0.497797
-0.144361
0.031294
0.143745
-1.608264
-0.449304
-0.927899
0.668568
0.327014
0.085941
0.135603
0.300370
0.203045
0.103916
-0.210188
0.155128
-0.497797
-0.144361
0.031294
0.143745
-1.608264
-0.449304
-0.927899
0.668568
0.327014
0.085941
0.135603
0.300370
0.203045
0.103916
-0.210188
0.155128
-0.497797
-0.144361
0.031294
0.143745
-1.608264
-0.449304
-0.927899
0.668568
0.327014
0.085941
0.135603
0.300370
0.203045
0.103916
-0.210188
0.155128
-0.497797
-0.144361
0.031294
0.143745
-1.608264
-0.449304
-0.927899
0.668568
0.327014
0.085941
0.135603
0.300370
0.203045
0.103916
-0.210188
0.155128
-0.497797
-0.144361
0.031294
0.143745
-1.608264
-0.449304
-0.927899
0.668568
0.327014
0.085941
0.135603
0.300370
0.203045
0.103916
-0.210188
0.155128
-0.497797
-0.144361
0.031294
0.143745
-1.608264
-0.449304
-0.927899
0.668568
0.327014
0.085941
0.135603
0.300370
0.203045
0.103916
-0.210188
0.155128
-0.497797
-0.144361
0.031294
0.143745
-1.608264
-0.449304
-0.927899
0.668568
0.327014
0.085941
0.135603
0.300370
0.203045
0.103916
-0.210188
0.155128
-0.497797
-0.144361
0.031294
0.143745
-1.608264
-0.449304
-0.927899
0.668568
0.327014
0.085941
0.135603
0.300370
0.203045
0.103916
-0.210188
0.155128
-0.497797
-0.144361
0.031294
0.143745
-1.608264
-0.449304
-0.927899
0.668568
0.327014
0.085941
0.135603
0.300370
0.203045
0.103916
-0.210188
0.155128
-0.497797
-0.144361
0.031294
0.143745
-1.608264
-0.449304
-0.927899
0.668568
0.327014
0.085941
0.135603
0.300370
0.203045
0.103916
-0.210188
0.155128
-0.497797
-0.144361
0.031294
0.143745
-1.608264
-0.449304
-0.927899
0.668568
0.327014
0.085941
0.135603
0.300370
0.203045
0.103916
-0.210188
0.155128
-0.497797
-0.144361
0.031294
0.143745
-1.608264
-0.449304
