0.147087
-0.174028
8.174482
0.916494
-5.388283
-1.113235
3.990636
-7.499228
0.271230
4.351109
7.577512
-0.017300
4.237231
-2.835543
-0.594859
1.330166
1.746115
0.218427
7.710770
4.974735
3.572526
-10.006119
0.845829
-0.530957
-1.604398
8.911782
10.980454
-7.489255
-14.248505
-7.466570
10.227300
0.145428
0.857413
1.989349
1154.942871
-269.644745
-684.114868
-951.237854
-535.287415
-499.890503
503.530457
856.209778
1024.513062
683.093262
-63.103191
-1704.672485
1560.492432
1395.766724
1.384211
0.146748
9.342072
3.945691
-12.439127
-0.494093
5.417694
4.979719
-1.357676
-3.570725
-0.095440
6.172956
-5.688162
1.003709
5.654827
9.593003
0.632150
1.142083
-798.176392
178.504929
466.173279
659.707703
366.143280
348.620636
-338.373566
-594.749756
-703.846741
-478.630096
35.678200
1171.727417
-1067.150024
-970.153198
2.022422
-0.559455
-116.785835
8.846577
49.523190
105.955101
43.443886
59.678375
-39.043686
-93.097878
-87.243416
-81.741463
-22.235899
170.373093
-133.933807
-164.194199
0.431334
-0.878823
-74.741699
32.224731
59.316742
53.858334
41.724281
24.418150
-44.863182
-47.290604
-76.516197
-28.909904
25.193003
113.204895
-119.650612
-69.575142
-0.141251
0.539775
0.101201
0.179413
-0.098702
-0.254656
0.691328
-0.246338
-0.045612
0.137752
0.045427
-0.011044
-0.255317
-0.133961
0.246698
-0.047048
-0.141251
0.539775
0.101201
0.179413
-0.098702
-0.254656
0.691328
-0.246338
-0.045612
0.137752
0.045427
-0.011044
-0.255317
-0.133961
0.246698
-0.047048
-0.141251
0.539775
0.101201
0.179413
-0.098702
-0.254656
0.691328
-0.246338
-0.045612
0.137752
0.045427
-0.011044
-0.255317
-0.133961
0.246698
-0.047048
-0.141251
0.539775
0.101201
0.179413
-0.098702
-0.254656
0.691328
-0.246338
-0.045612
0.137752
0.045427
-0.011044
-0.255317
-0.133961
0.246698
-0.047048
-0.141251
0.539775
0.101201
0.179413
-0.098702
-0.254656
0.691328
-0.246338
-0.045612
0.137752
0.045427
-0.011044
-0.255317
-0.133961
0.246698
-0.047048
-0.141251
0.539775
0.101201
0.179413
-0.098702
-0.254656
0.691328
-0.246338
-0.045612
0.137752
0.045427
-0.011044
-0.255317
-0.133961
0.246698
-0.047048
-0.141251
0.539775
0.101201
0.179413
-0.098702
-0.254656
0.691328
-0.246338
-0.045612
0.137752
0.045427
-0.011044
-0.255317
-0.133961
0.246698
-0.047048
-0.141251
0.539775
0.101201
0.179413
-0.098702
-0.254656
0.691328
-0.246338
-0.045612
0.137752
0.045427
-0.011044
-0.255317
-0.133961
0.246698
-0.047048
-0.141251
0.539775
0.101201
0.179413
-0.098702
-0.254656
0.691328
-0.246338
-0.045612
0.137752
0.045427
-0.011044
-0.255317
-0.133961
0.246698
-0.047048
-0.141251
0.539775
0.101201
0.179413
-0.098702
-0.254656
0.691328
-0.246338
-0.045612
0.137752
0.045427
-0.011044
-0.255317
-0.133961
0.246698
-0.047048
-0.141251
0.539775
0.101201
0.179413
-0.098702
-0.254656
0.691328
-0.246338
-0.045612
0.137752
0.045427
-0.011044
-0.255317
-0.133961
0.246698
-0.047048
-0.141251
0.539775
0.101201
0.179413
-0.098702
-0.254656
0.691328
-0.246338
-0.045612
0.137752
0.045427
-0.011044
-0.255317
-0.133961
0.246698
-0.047048
-0.141251
0.539775
0.101201
0.179413
-0.098702
-0.254656
0.691328
-0.246338
-0.045612
0.137752
0.045427
-0.011044
-0.255317
-0.133961
0.246698
-0.047048
