1.671704
0.444655
2.927917
8.541004
3.081757
-7.633932
2.138873
-0.531682
-4.479060
0.531543
-0.887702
8.172456
4.000005
-0.439863
-3.872565
1.817782
0.673712
3.379776
11.585310
5.369203
-1.502107
-11.047191
-1.820460
1.716064
-2.235507
9.025032
16.880651
-11.158778
-14.031866
-6.353207
14.538356
-10.472752
2.816896
1.096651
1394.693115
-122.896851
-636.743469
-923.721069
-406.333282
-559.895081
451.801422
958.282043
1054.289917
946.516296
134.249374
-1639.306030
1609.960327
1831.829956
-1.515215
1.837890
-937.586365
87.678291
429.315979
620.246094
274.123383
384.957275
-308.927246
-650.981934
-719.108215
-639.237488
-92.294937
1107.807739
-1089.426270
-1237.225952
2.784418
-1.765822
-96.662018
9.513563
45.504890
61.733303
27.322319
34.213207
-30.454794
-61.694241
-71.775116
-61.504177
-4.243111
114.508301
-112.333755
-113.640999
-3.282123
-1.179397
-151.933228
13.171154
66.004295
97.757599
43.754421
57.478245
-45.800289
-103.073906
-106.796417
-100.822975
-22.187996
171.525955
-166.228012
-195.959442
0.796646
0.286004
-0.252686
-0.146044
0.644740
0.024933
-0.032838
-0.219878
-0.140745
0.157681
-0.095874
0.641713
0.015601
-0.256149
-0.399061
0.364572
0.796646
0.286004
-0.252686
-0.146044
0.644740
0.024933
-0.032838
-0.219878
-0.140745
0.157681
-0.095874
0.641713
0.015601
-0.256149
-0.399061
0.364572
0.796646
0.286004
-0.252686
-0.146044
0.644740
0.024933
-0.032838
-0.219878
-0.140745
0.157681
-0.095874
0.641713
0.015601
-0.256149
-0.399061
0.364572
0.796646
0.286004
-0.252686
-0.146044
0.644740
0.024933
-0.032838
-0.219878
-0.140745
0.157681
-0.095874
0.641713
0.015601
-0.256149
-0.399061
0.364572
0.796646
0.286004
-0.252686
-0.146044
0.644740
0.024933
-0.032838
-0.219878
-0.140745
0.157681
-0.095874
0.641713
0.015601
-0.256149
-0.399061
0.364572
0.796646
0.286004
-0.252686
-0.146044
0.644740
0.024933
-0.032838
-0.219878
-0.140745
0.157681
-0.095874
0.641713
0.015601
-0.256149
-0.399061
0.364572
0.796646
0.286004
-0.252686
-0.146044
0.644740
0.024933
-0.032838
-0.219878
-0.140745
0.157681
-0.095874
0.641713
0.015601
-0.256149
-0.399061
0.364572
0.796646
0.286004
-0.252686
-0.146044
0.644740
0.024933
-0.032838
-0.219878
-0.140745
0.157681
-0.095874
0.641713
0.015601
-0.256149
-0.399061
0.364572
0.796646
0.286004
-0.252686
-0.146044
0.644740
0.024933
-0.032838
-0.219878
-0.140745
0.157681
-0.095874
0.641713
0.015601
-0.256149
-0.399061
0.364572
0.796646
0.286004
-0.252686
-0.146044
0.644740
0.024933
-0.032838
-0.219878
-0.140745
0.157681
-0.095874
0.641713
0.015601
-0.256149
-0.399061
0.364572
0.796646
0.286004
-0.252686
-0.146044
0.644740
0.024933
-0.032838
-0.219878
-0.140745
0.157681
-0.095874
0.641713
0.015601
-0.256149
-0.399061
0.364572
0.796646
0.286004
-0.252686
-0.146044
0.644740
0.024933
-0.032838
-0.219878
-0.140745
0.157681
-0.095874
0.641713
0.015601
-0.256149
-0.399061
0.364572
0.796646
0.286004
-0.252686
-0.146044
0.644740
0.024933
-0.032838
-0.219878
-0.140745
0.157681
-0.095874
0.641713
0.015601
-0.256149
-0.399061
0.364572
0.796646
0.286004
-0.252686
-0.146044
0.644740
0.024933
-0.032838
-0.219878
-0.140745
0.157681
-0.095874
0.641713
0.015601
-0.256149
-0.399061
0.364572
