-1.849571
1.436115
-2.614298
9.746578
5.733478
-5.840666
2.805456
0.716004
-5.354412
-0.413356
-1.737850
8.302590
3.781809
0.915236
-4.751248
0.610066
-0.416586
1.679756
-11.239939
3.654071
11.866435
6.458932
5.114800
0.513636
-5.463560
-7.392837
0.384539
15.038459
13.081063
-12.567166
-4.408649
13.594646
1.869523
-0.362148
-935.696533
-956.033020
-382.495026
1053.234619
-42.744717
737.072937
367.811035
-931.235779
6.302812
-1317.739502
-1421.740845
1049.904541
386.052734
-2252.212158
-0.363502
-2.096626
745.144409
752.095215
297.122711
-832.801697
28.694973
-585.745850
-288.429443
737.958618
5.893116
1040.262695
1123.396973
-833.995850
-294.663971
1780.825562
-2.745794
-0.395177
32.662971
63.325935
36.323124
-51.599686
12.330958
-37.596619
-29.354944
44.195313
-22.957960
70.535660
85.636887
-36.723228
-51.365494
111.460426
-0.970245
2.396261
74.718781
43.893555
7.699464
-74.795013
-9.920575
-50.751152
-9.507889
63.337627
20.911581
83.006546
71.421524
-89.267159
12.127259
150.109070
-0.069257
0.505098
-0.304179
-0.289509
-0.278364
0.287996
-0.475699
0.647370
-0.288233
-0.015890
-0.289580
0.038506
-0.194174
-0.088743
0.291907
-0.469927
-0.069257
0.505098
-0.304179
-0.289509
-0.278364
0.287996
-0.475699
0.647370
-0.288233
-0.015890
-0.289580
0.038506
-0.194174
-0.088743
0.291907
-0.469927
-0.069257
0.505098
-0.304179
-0.289509
-0.278364
0.287996
-0.475699
0.647370
-0.288233
-0.015890
-0.289580
0.038506
-0.194174
-0.088743
0.291907
-0.469927
-0.069257
0.505098
-0.304179
-0.289509
-0.278364
0.287996
-0.475699
0.647370
-0.288233
-0.015890
-0.289580
0.038506
-0.194174
-0.088743
0.291907
-0.469927
-0.069257
0.505098
-0.304179
-0.289509
-0.278364
0.287996
-0.475699
0.647370
-0.288233
-0.015890
-0.289580
0.038506
-0.194174
-0.088743
0.291907
-0.469927
-0.069257
0.505098
-0.304179
-0.289509
-0.278364
0.287996
-0.475699
0.647370
-0.288233
-0.015890
-0.289580
0.038506
-0.194174
-0.088743
0.291907
-0.469927
-0.069257
0.505098
-0.304179
-0.289509
-0.278364
0.287996
-0.475699
0.647370
-0.288233
-0.015890
-0.289580
0.038506
-0.194174
-0.088743
0.291907
-0.469927
-0.069257
0.505098
-0.304179
-0.289509
-0.278364
0.287996
-0.475699
0.647370
-0.288233
-0.015890
-0.289580
0.038506
-0.194174
-0.088743
0.291907
-0.469927
-0.069257
0.505098
-0.304179
-0.289509
-0.278364
0.287996
-0.475699
0.647370
-0.288233
-0.015890
-0.289580
0.038506
-0.194174
-0.088743
0.291907
-0.469927
-0.069257
0.505098
-0.304179
-0.289509
-0.278364
0.287996
-0.475699
0.647370
-0.288233
-0.015890
-0.289580
0.038506
-0.194174
-0.088743
0.291907
-0.469927
-0.069257
0.505098
-0.304179
-0.289509
-0.278364
0.287996
-0.475699
0.647370
-0.288233
-0.015890
-0.289580
0.038506
-0.194174
-0.088743
0.291907
-0.469927
-0.069257
0.505098
-0.304179
-0.289509
-0.278364
0.287996
-0.475699
0.647370
-0.288233
-0.015890
-0.289580
0.038506
-0.194174
-0.088743
0.291907
-0.469927
-0.069257
0.505098
-0.304179
-0.289509
-0.278364
0.287996
-0.475699
0.647370
-0.288233
-0.015890
-0.289580
0.038506
-0.194174
-0.088743
0.291907
-0.469927
-0.069257
0.505098
-0.304179
-0.289509
-0.278364
0.287996
-0.475699
0.647370
-0.288233
-0.015890
-0.289580
0.038506
-0.194174
-0.088743
0.291907
-0.469927
