16.157145
-2.442584
28.488930
3.621822
-7.868421
-21.360552
-8.384719
14.007784
10.919566
-15.393904
27.574446
-25.671379
64.411652
-2.710757
3.175968
-20.861828
-0.664917
-0.956070
-4.088123
7.963331
6.789958
-4.071266
4.477109
-1.168267
-3.463793
-0.559444
-3.844210
4.678939
2.054801
1.343262
-4.541461
0.416896
-2.363808
-1.600972
-10.679570
-3.892652
3.206678
8.656738
2.214551
2.395371
-1.662544
-5.858443
-5.117014
5.907129
13.061757
3.991853
-12.079780
4.259741
-0.416128
-1.272835
-1284.015137
-70.824959
477.409210
832.270630
466.440826
460.253876
-387.996582
-731.109436
-775.945251
-654.644958
7.285270
1221.565552
-1149.943481
-1638.938477
-3.825520
-0.691166
948.337830
50.522415
-365.165863
-615.961365
-344.662292
-333.650208
298.102509
539.799561
587.691040
478.616211
-33.029575
-908.583618
860.153259
1211.850952
-0.900560
1.276968
78.347610
0.853916
-28.062828
-48.287144
-29.754595
-31.811460
24.084808
44.351475
48.556919
38.146214
0.634838
-71.438881
72.476524
96.625725
1.189487
0.633109
107.844711
8.631650
-37.103313
-69.230965
-36.475475
-39.402885
27.166733
61.154568
57.624500
55.575787
10.333490
-98.543076
85.522568
135.992630
0.581426
0.206085
0.203272
0.851694
0.145681
-0.282200
-0.025770
-0.989228
-0.513225
-0.158153
0.178042
0.381370
-0.024448
0.072619
0.378078
0.470837
0.581426
0.206085
0.203272
0.851694
0.145681
-0.282200
-0.025770
-0.989228
-0.513225
-0.158153
0.178042
0.381370
-0.024448
0.072619
0.378078
0.470837
0.581426
0.206085
0.203272
0.851694
0.145681
-0.282200
-0.025770
-0.989228
-0.513225
-0.158153
0.178042
0.381370
-0.024448
0.072619
0.378078
0.470837
0.581426
0.206085
0.203272
0.851694
0.145681
-0.282200
-0.025770
-0.989228
-0.513225
-0.158153
0.178042
0.381370
-0.024448
0.072619
0.378078
0.470837
0.581426
0.206085
0.203272
0.851694
0.145681
-0.282200
-0.025770
-0.989228
-0.513225
-0.158153
0.178042
0.381370
-0.024448
0.072619
0.378078
0.470837
0.581426
0.206085
0.203272
0.851694
0.145681
-0.282200
-0.025770
-0.989228
-0.513225
-0.158153
0.178042
0.381370
-0.024448
0.072619
0.378078
0.470837
0.581426
0.206085
0.203272
0.851694
0.145681
-0.282200
-0.025770
-0.989228
-0.513225
-0.158153
0.178042
0.381370
-0.024448
0.072619
0.378078
0.470837
0.581426
0.206085
0.203272
0.851694
0.145681
-0.282200
-0.025770
-0.989228
-0.513225
-0.158153
0.178042
0.381370
-0.024448
0.072619
0.378078
0.470837
0.581426
0.206085
0.203272
0.851694
0.145681
-0.282200
-0.025770
-0.989228
-0.513225
-0.158153
0.178042
0.381370
-0.024448
0.072619
0.378078
0.470837
0.581426
0.206085
0.203272
0.851694
0.145681
-0.282200
-0.025770
-0.989228
-0.513225
-0.158153
0.178042
0.381370
-0.024448
0.072619
0.378078
0.470837
0.581426
0.206085
0.203272
0.851694
0.145681
-0.282200
-0.025770
-0.989228
-0.513225
-0.158153
0.178042
0.381370
-0.024448
0.072619
0.378078
0.470837
0.581426
0.206085
0.203272
0.851694
0.145681
-0.282200
-0.025770
-0.989228
-0.513225
-0.158153
0.178042
0.381370
-0.024448
0.072619
0.378078
0.470837
0.581426
0.206085
0.203272
0.851694
0.145681
-0.282200
-0.025770
-0.989228
-0.513225
-0.158153
0.178042
0.381370
-0.024448
0.072619
0.378078
0.470837
