-0.902418
-0.713729
-5.288910
-0.168128
5.524548
4.039028
0.848089
-3.226793
-0.119493
-0.277494
-5.452434
-2.123983
4.811915
-0.533735
-3.095774
-2.121600
2.675078
-1.753007
1159.024780
480.495331
-16.603899
-1233.104370
-124.967422
-646.877136
-110.798187
1054.336182
347.756348
1258.590576
854.754211
-1465.223999
300.332062
2094.930176
5.085206
0.475505
10.733611
0.246991
-8.283935
-8.173997
-1.508397
3.101697
1.923906
8.886388
5.915342
-12.355567
-14.125543
0.624772
7.578220
-7.320060
-2.329399
-1.907283
-764.767334
-326.889618
5.942336
815.914917
77.893326
431.215271
82.703537
-699.313110
-222.633804
-837.669922
-576.738770
965.107849
-186.044144
-1384.879272
-0.812897
2.909929
-106.015594
-63.086315
-15.963628
123.877159
6.506687
63.271011
26.665628
-101.152222
-15.174102
-126.475388
-103.806236
126.213188
0.342147
-208.746735
1.349327
2.545428
-60.660847
-12.813148
11.715950
61.697609
10.802115
30.684317
-5.176232
-52.048634
-26.683464
-60.195572
-27.915857
78.244812
-31.935026
-101.026939
0.152692
-0.866168
-0.032687
-0.462376
-0.239731
0.634455
-0.198322
0.499160
0.211028
-0.193430
0.319038
-0.614377
0.318076
0.114357
0.339670
-0.718876
0.152692
-0.866168
-0.032687
-0.462376
-0.239731
0.634455
-0.198322
0.499160
0.211028
-0.193430
0.319038
-0.614377
0.318076
0.114357
0.339670
-0.718876
0.152692
-0.866168
-0.032687
-0.462376
-0.239731
0.634455
-0.198322
0.499160
0.211028
-0.193430
0.319038
-0.614377
0.318076
0.114357
0.339670
-0.718876
0.152692
-0.866168
-0.032687
-0.462376
-0.239731
0.634455
-0.198322
0.499160
0.211028
-0.193430
0.319038
-0.614377
0.318076
0.114357
0.339670
-0.718876
0.152692
-0.866168
-0.032687
-0.462376
-0.239731
0.634455
-0.198322
0.499160
0.211028
-0.193430
0.319038
-0.614377
0.318076
0.114357
0.339670
-0.718876
0.152692
-0.866168
-0.032687
-0.462376
-0.239731
0.634455
-0.198322
0.499160
0.211028
-0.193430
0.319038
-0.614377
0.318076
0.114357
0.339670
-0.718876
0.152692
-0.866168
-0.032687
-0.462376
-0.239731
0.634455
-0.198322
0.499160
0.211028
-0.193430
0.319038
-0.614377
0.318076
0.114357
0.339670
-0.718876
0.152692
-0.866168
-0.032687
-0.462376
-0.239731
0.634455
-0.198322
0.499160
0.211028
-0.193430
0.319038
-0.614377
0.318076
0.114357
0.339670
-0.718876
0.152692
-0.866168
-0.032687
-0.462376
-0.239731
0.634455
-0.198322
0.499160
0.211028
-0.193430
0.319038
-0.614377
0.318076
0.114357
0.339670
-0.718876
0.152692
-0.866168
-0.032687
-0.462376
-0.239731
0.634455
-0.198322
0.499160
0.211028
-0.193430
0.319038
-0.614377
0.318076
0.114357
0.339670
-0.718876
0.152692
-0.866168
-0.032687
-0.462376
-0.239731
0.634455
-0.198322
0.499160
0.211028
-0.193430
0.319038
-0.614377
0.318076
0.114357
0.339670
-0.718876
0.152692
-0.866168
-0.032687
-0.462376
-0.239731
0.634455
-0.198322
0.499160
0.211028
-0.193430
0.319038
-0.614377
0.318076
0.114357
0.339670
-0.718876
0.152692
-0.866168
-0.032687
-0.462376
-0.239731
0.634455
-0.198322
0.499160
0.211028
-0.193430
0.319038
-0.614377
0.318076
0.114357
0.339670
-0.718876
0.152692
-0.866168
-0.032687
-0.462376
-0.239731
0.634455
-0.198322
0.499160
0.211028
-0.193430
0.319038
-0.614377
0.318076
0.114357
0.339670
-0.718876
