0.344287
-0.101352
5.742787
2.983111
-4.118868
-6.327435
4.215255
-2.624249
-2.234513
4.668513
6.116756
1.801432
5.000448
-0.136337
-0.924988
1.616334
0.455427
0.501632
-5.371064
9.382493
11.093519
3.573780
0.797279
-2.701220
-7.577091
-0.732463
9.064430
12.638573
9.121271
-10.971272
4.746798
15.760403
1.297686
-2.896719
-424.180756
-1334.644287
-885.057068
763.308838
-514.332214
383.877380
836.183655
-400.526489
714.263550
-1135.595337
-1785.537476
337.742096
1412.605347
-1841.788086
2.663019
3.410620
185.885529
544.211243
351.403473
-319.903229
196.770493
-159.306808
-338.171509
170.898407
-275.433075
473.289001
720.013367
-148.315552
-561.700439
762.273621
-2.220117
-1.426724
17.249987
68.898201
47.572987
-38.476177
25.570045
-18.850471
-39.935341
15.309448
-38.588039
55.618382
87.790947
-14.129538
-72.621307
87.176559
-3.815923
-0.892519
22.864199
83.772354
58.196922
-45.854252
36.160728
-24.381100
-54.013622
20.203234
-50.873428
64.481903
112.235924
-15.026298
-91.633682
108.896492
-0.925292
1.422817
109.308830
320.751953
211.974228
-187.980240
129.075760
-96.021561
-203.556244
102.917168
-172.182236
278.065094
438.428528
-96.666412
-336.536072
457.006195
-1.305526
-0.092632
-0.461072
0.588351
0.154544
-0.121585
-0.753481
-0.417165
0.374646
-0.433859
-0.144718
-0.139380
0.417000
-0.196562
-0.130283
0.552835
-1.305526
-0.092632
-0.461072
0.588351
0.154544
-0.121585
-0.753481
-0.417165
0.374646
-0.433859
-0.144718
-0.139380
0.417000
-0.196562
-0.130283
0.552835
-1.305526
-0.092632
-0.461072
0.588351
0.154544
-0.121585
-0.753481
-0.417165
0.374646
-0.433859
-0.144718
-0.139380
0.417000
-0.196562
-0.130283
0.552835
-1.305526
-0.092632
-0.461072
0.588351
0.154544
-0.121585
-0.753481
-0.417165
0.374646
-0.433859
-0.144718
-0.139380
0.417000
-0.196562
-0.130283
0.552835
-1.305526
-0.092632
-0.461072
0.588351
0.154544
-0.121585
-0.753481
-0.417165
0.374646
-0.433859
-0.144718
-0.139380
0.417000
-0.196562
-0.130283
0.552835
-1.305526
-0.092632
-0.461072
0.588351
0.154544
-0.121585
-0.753481
-0.417165
0.374646
-0.433859
-0.144718
-0.139380
0.417000
-0.196562
-0.130283
0.552835
-1.305526
-0.092632
-0.461072
0.588351
0.154544
-0.121585
-0.753481
-0.417165
0.374646
-0.433859
-0.144718
-0.139380
0.417000
-0.196562
-0.130283
0.552835
-1.305526
-0.092632
-0.461072
0.588351
0.154544
-0.121585
-0.753481
-0.417165
0.374646
-0.433859
-0.144718
-0.139380
0.417000
-0.196562
-0.130283
0.552835
-1.305526
-0.092632
-0.461072
0.588351
0.154544
-0.121585
-0.753481
-0.417165
0.374646
-0.433859
-0.144718
-0.139380
0.417000
-0.196562
-0.130283
0.552835
-1.305526
-0.092632
-0.461072
0.588351
0.154544
-0.121585
-0.753481
-0.417165
0.374646
-0.433859
-0.144718
-0.139380
0.417000
-0.196562
-0.130283
0.552835
-1.305526
-0.092632
-0.461072
0.588351
0.154544
-0.121585
-0.753481
-0.417165
0.374646
-0.433859
-0.144718
-0.139380
0.417000
-0.196562
-0.130283
0.552835
-1.305526
-0.092632
-0.461072
0.588351
0.154544
-0.121585
-0.753481
-0.417165
0.374646
-0.433859
-0.144718
-0.139380
0.417000
-0.196562
-0.130283
0.552835
-1.305526
-0.092632
-0.461072
0.588351
0.154544
-0.121585
-0.753481
-0.417165
0.374646
-0.433859
-0.144718
-0.139380
0.417000
-0.196562
-0.130283
0.552835
