-7.885449
0.003159
-170.861160
9.522970
-60.507759
348.905975
-1437.837769
2265.904053
1547.587646
-1161.087646
413.538330
-808.333008
-1335.335571
658.849121
860.342896
-89.420311
3.482649
-1.581796
-11.719779
29.065475
19.220350
-24.646360
15.974157
7.775204
-23.409029
-3.369312
-8.094660
32.110153
9.474282
11.386042
-16.317837
-0.612184
0.663259
-0.807973
-5.440389
-0.537032
6.719464
1.391505
-5.499235
3.401636
4.779445
-2.072814
-6.208562
-0.490048
-3.821689
-2.783881
-1.054994
0.301441
4.194577
-1.874717
64.389771
-7.843654
19.042358
-129.972412
527.405640
-864.649231
-586.155273
445.531769
-140.909973
316.711365
495.965332
-252.809311
-319.585754
40.979183
0.582999
0.534869
13.582836
-4.297348
0.440644
-20.899374
97.580559
-145.755096
-95.956375
74.214134
-30.230108
46.679165
93.490288
-43.209152
-53.233299
3.452124
1.438573
-1.697657
7.092296
0.642731
5.358979
-15.936052
70.180420
-104.744980
-75.502556
51.387672
-21.876989
36.011997
63.406616
-28.766521
-40.921707
3.729795
3.321260
0.687925
45.166954
3.916562
22.216797
-97.638870
394.771454
-606.516418
-415.988678
310.829315
-121.340393
215.873154
361.254974
-177.271927
-238.987198
21.179138
0.016019
0.220278
0.758970
-0.327892
0.182553
-0.139173
0.429587
-0.837794
-0.123034
-0.113056
0.088949
-0.111300
0.615502
0.613325
0.451824
-0.374888
0.016019
0.220278
0.758970
-0.327892
0.182553
-0.139173
0.429587
-0.837794
-0.123034
-0.113056
0.088949
-0.111300
0.615502
0.613325
0.451824
-0.374888
0.016019
0.220278
0.758970
-0.327892
0.182553
-0.139173
0.429587
-0.837794
-0.123034
-0.113056
0.088949
-0.111300
0.615502
0.613325
0.451824
-0.374888
0.016019
0.220278
0.758970
-0.327892
0.182553
-0.139173
0.429587
-0.837794
-0.123034
-0.113056
0.088949
-0.111300
0.615502
0.613325
0.451824
-0.374888
0.016019
0.220278
0.758970
-0.327892
0.182553
-0.139173
0.429587
-0.837794
-0.123034
-0.113056
0.088949
-0.111300
0.615502
0.613325
0.451824
-0.374888
0.016019
0.220278
0.758970
-0.327892
0.182553
-0.139173
0.429587
-0.837794
-0.123034
-0.113056
0.088949
-0.111300
0.615502
0.613325
0.451824
-0.374888
0.016019
0.220278
0.758970
-0.327892
0.182553
-0.139173
0.429587
-0.837794
-0.123034
-0.113056
0.088949
-0.111300
0.615502
0.613325
0.451824
-0.374888
0.016019
0.220278
0.758970
-0.327892
0.182553
-0.139173
0.429587
-0.837794
-0.123034
-0.113056
0.088949
-0.111300
0.615502
0.613325
0.451824
-0.374888
0.016019
0.220278
0.758970
-0.327892
0.182553
-0.139173
0.429587
-0.837794
-0.123034
-0.113056
0.088949
-0.111300
0.615502
0.613325
0.451824
-0.374888
0.016019
0.220278
0.758970
-0.327892
0.182553
-0.139173
0.429587
-0.837794
-0.123034
-0.113056
0.088949
-0.111300
0.615502
0.613325
0.451824
-0.374888
0.016019
0.220278
0.758970
-0.327892
0.182553
-0.139173
0.429587
-0.837794
-0.123034
-0.113056
0.088949
-0.111300
0.615502
0.613325
0.451824
-0.374888
0.016019
0.220278
0.758970
-0.327892
0.182553
-0.139173
0.429587
-0.837794
-0.123034
-0.113056
0.088949
-0.111300
0.615502
0.613325
0.451824
-0.374888
0.016019
0.220278
0.758970
-0.327892
0.182553
-0.139173
0.429587
-0.837794
-0.123034
-0.113056
0.088949
-0.111300
0.615502
0.613325
0.451824
-0.374888
