-0.271447
1.284200
6.256397
-6.661313
-8.161193
1.382643
-3.514430
-0.652787
3.706377
4.118019
7.407166
-1.469536
-1.079723
-4.516104
3.523402
2.934138
1.388743
0.610418
-4.162729
2.451978
8.240711
1.407668
-0.648755
-7.179173
-12.093429
-3.380409
17.539633
7.630316
7.801699
-12.195001
7.659000
6.666530
-0.990988
-1.673494
-227.969543
-199.483231
-268.135254
497.916809
-1267.103149
1731.473267
1619.994385
-698.955627
1137.205566
-587.404358
-1388.324097
602.277344
1106.799561
66.404221
0.848489
3.220109
120.390541
108.690102
149.013916
-267.046417
702.466064
-928.361816
-890.422607
356.219086
-630.648499
304.075104
753.941345
-314.783600
-590.232056
-51.060783
0.725364
3.315817
12.518343
10.990383
5.331222
-24.532759
42.261101
-71.602852
-58.001591
33.566021
-40.342251
29.285767
50.888618
-25.963989
-42.562046
1.532465
0.710002
0.869489
16.111149
9.418848
7.499277
-29.270468
54.666683
-107.584335
-83.478386
59.360260
-55.305904
45.638184
75.737930
-48.882668
-65.966217
5.602976
-3.058636
-2.261182
30.699976
35.226254
53.024971
-73.290894
217.816910
-252.260727
-257.744293
86.448006
-182.958588
78.070778
225.721146
-72.687088
-173.801453
-22.928843
-0.001710
-0.206612
0.253674
0.205242
0.433339
-0.593146
0.449627
-0.107057
0.557079
0.074502
0.079634
-0.687013
0.527037
1.176381
0.765067
-0.258517
-0.001710
-0.206612
0.253674
0.205242
0.433339
-0.593146
0.449627
-0.107057
0.557079
0.074502
0.079634
-0.687013
0.527037
1.176381
0.765067
-0.258517
-0.001710
-0.206612
0.253674
0.205242
0.433339
-0.593146
0.449627
-0.107057
0.557079
0.074502
0.079634
-0.687013
0.527037
1.176381
0.765067
-0.258517
-0.001710
-0.206612
0.253674
0.205242
0.433339
-0.593146
0.449627
-0.107057
0.557079
0.074502
0.079634
-0.687013
0.527037
1.176381
0.765067
-0.258517
-0.001710
-0.206612
0.253674
0.205242
0.433339
-0.593146
0.449627
-0.107057
0.557079
0.074502
0.079634
-0.687013
0.527037
1.176381
0.765067
-0.258517
-0.001710
-0.206612
0.253674
0.205242
0.433339
-0.593146
0.449627
-0.107057
0.557079
0.074502
0.079634
-0.687013
0.527037
1.176381
0.765067
-0.258517
-0.001710
-0.206612
0.253674
0.205242
0.433339
-0.593146
0.449627
-0.107057
0.557079
0.074502
0.079634
-0.687013
0.527037
1.176381
0.765067
-0.258517
-0.001710
-0.206612
0.253674
0.205242
0.433339
-0.593146
0.449627
-0.107057
0.557079
0.074502
0.079634
-0.687013
0.527037
1.176381
0.765067
-0.258517
-0.001710
-0.206612
0.253674
0.205242
0.433339
-0.593146
0.449627
-0.107057
0.557079
0.074502
0.079634
-0.687013
0.527037
1.176381
0.765067
-0.258517
-0.001710
-0.206612
0.253674
0.205242
0.433339
-0.593146
0.449627
-0.107057
0.557079
0.074502
0.079634
-0.687013
0.527037
1.176381
0.765067
-0.258517
-0.001710
-0.206612
0.253674
0.205242
0.433339
-0.593146
0.449627
-0.107057
0.557079
0.074502
0.079634
-0.687013
0.527037
1.176381
0.765067
-0.258517
-0.001710
-0.206612
0.253674
0.205242
0.433339
-0.593146
0.449627
-0.107057
0.557079
0.074502
0.079634
-0.687013
0.527037
1.176381
0.765067
-0.258517
-0.001710
-0.206612
0.253674
0.205242
0.433339
-0.593146
0.449627
-0.107057
0.557079
0.074502
0.079634
-0.687013
0.527037
1.176381
0.765067
-0.258517
