10.978538
1.734008
-39.266479
-8.696463
32.535305
13.876762
24.662643
-16.446545
10.821306
9.533223
-26.072176
9.638772
-22.472569
-37.149158
-16.794250
19.789337
-0.484571
-0.926736
-8.646640
-0.385796
8.469349
5.323359
1.501856
2.837560
-1.230630
-4.123274
-7.530868
-2.009507
-1.001925
4.473069
-2.523643
-5.091949
-2.416121
4.844103
47.823105
210.815018
323.949036
-97.008850
2047.732544
-73.312386
-1574.275024
-736.336914
-866.045349
-369.732697
1205.004639
764.817810
-365.567841
-896.935303
2.474257
-2.911923
-33.092400
-129.424591
-199.076813
57.309853
-1271.930054
36.948017
975.705566
467.012634
536.976746
237.443390
-743.337280
-483.493225
217.644669
568.082153
-1.340183
-0.803629
-2.886231
-26.646141
-42.183552
7.675500
-248.462250
-5.622410
181.948608
95.340637
102.137688
47.014351
-137.193558
-94.326721
39.946419
103.736305
-1.337810
2.802206
-3.808048
-12.457706
-18.608084
8.132820
-118.768181
12.850119
93.953049
37.764839
50.086079
18.470980
-74.722763
-43.763672
24.262133
51.084961
-0.211081
0.163812
0.063022
-0.083597
0.250264
0.149417
-0.211176
0.531055
0.471927
0.194572
0.234789
-0.682008
-0.172698
0.179004
0.204628
0.228429
-0.211081
0.163812
0.063022
-0.083597
0.250264
0.149417
-0.211176
0.531055
0.471927
0.194572
0.234789
-0.682008
-0.172698
0.179004
0.204628
0.228429
-0.211081
0.163812
0.063022
-0.083597
0.250264
0.149417
-0.211176
0.531055
0.471927
0.194572
0.234789
-0.682008
-0.172698
0.179004
0.204628
0.228429
-0.211081
0.163812
0.063022
-0.083597
0.250264
0.149417
-0.211176
0.531055
0.471927
0.194572
0.234789
-0.682008
-0.172698
0.179004
0.204628
0.228429
-0.211081
0.163812
0.063022
-0.083597
0.250264
0.149417
-0.211176
0.531055
0.471927
0.194572
0.234789
-0.682008
-0.172698
0.179004
0.204628
0.228429
-0.211081
0.163812
0.063022
-0.083597
0.250264
0.149417
-0.211176
0.531055
0.471927
0.194572
0.234789
-0.682008
-0.172698
0.179004
0.204628
0.228429
-0.211081
0.163812
0.063022
-0.083597
0.250264
0.149417
-0.211176
0.531055
0.471927
0.194572
0.234789
-0.682008
-0.172698
0.179004
0.204628
0.228429
-0.211081
0.163812
0.063022
-0.083597
0.250264
0.149417
-0.211176
0.531055
0.471927
0.194572
0.234789
-0.682008
-0.172698
0.179004
0.204628
0.228429
-0.211081
0.163812
0.063022
-0.083597
0.250264
0.149417
-0.211176
0.531055
0.471927
0.194572
0.234789
-0.682008
-0.172698
0.179004
0.204628
0.228429
-0.211081
0.163812
0.063022
-0.083597
0.250264
0.149417
-0.211176
0.531055
0.471927
0.194572
0.234789
-0.682008
-0.172698
0.179004
0.204628
0.228429
-0.211081
0.163812
0.063022
-0.083597
0.250264
0.149417
-0.211176
0.531055
0.471927
0.194572
0.234789
-0.682008
-0.172698
0.179004
0.204628
0.228429
-0.211081
0.163812
0.063022
-0.083597
0.250264
0.149417
-0.211176
0.531055
0.471927
0.194572
0.234789
-0.682008
-0.172698
0.179004
0.204628
0.228429
-0.211081
0.163812
0.063022
-0.083597
0.250264
0.149417
-0.211176
0.531055
0.471927
0.194572
0.234789
-0.682008
-0.172698
0.179004
0.204628
0.228429
-0.211081
0.163812
0.063022
-0.083597
0.250264
0.149417
-0.211176
0.531055
0.471927
0.194572
0.234789
-0.682008
-0.172698
0.179004
0.204628
0.228429
