-0.305316
0.200006
8.227480
-2.473702
-7.823866
-0.612600
-2.079227
-2.586095
2.852767
3.759511
7.042820
0.258761
-0.766766
-5.499833
3.667909
1.919121
-1.106060
0.472333
8.259583
-5.306982
-5.679620
9.205282
6.050823
-0.681954
-5.240302
-0.072497
5.623709
4.810719
-2.710650
7.751414
10.124454
3.647855
2.109918
1.991803
229.995544
154.649643
127.770477
-238.054001
1180.567993
-1546.318604
-1295.383789
659.660645
-768.543396
463.150421
1177.652954
-403.976807
-979.980957
-133.836044
-4.478493
-0.048023
-170.269730
-108.259621
-97.506744
182.393906
-883.911926
1184.400757
976.142212
-498.118286
581.619080
-351.659332
-895.609619
311.846130
740.137329
93.457344
2.188817
-0.099614
-11.394343
-10.578168
-8.017332
8.825314
-83.042473
48.245907
74.267860
-8.969782
44.328415
-5.043045
-64.911873
-4.888885
43.468658
24.379547
-0.166628
-1.876881
-17.727634
-9.566121
-2.963362
17.584433
-44.364220
126.161606
71.327553
-79.702034
35.796616
-52.148899
-68.006668
56.045692
69.310440
-11.843101
-0.791742
0.374345
0.507079
-0.214385
-0.439757
-0.325991
-0.569208
0.041831
-0.162223
0.536239
0.464716
0.370436
-0.638806
-0.161347
0.343339
-0.089671
-0.791742
0.374345
0.507079
-0.214385
-0.439757
-0.325991
-0.569208
0.041831
-0.162223
0.536239
0.464716
0.370436
-0.638806
-0.161347
0.343339
-0.089671
-0.791742
0.374345
0.507079
-0.214385
-0.439757
-0.325991
-0.569208
0.041831
-0.162223
0.536239
0.464716
0.370436
-0.638806
-0.161347
0.343339
-0.089671
-0.791742
0.374345
0.507079
-0.214385
-0.439757
-0.325991
-0.569208
0.041831
-0.162223
0.536239
0.464716
0.370436
-0.638806
-0.161347
0.343339
-0.089671
-0.791742
0.374345
0.507079
-0.214385
-0.439757
-0.325991
-0.569208
0.041831
-0.162223
0.536239
0.464716
0.370436
-0.638806
-0.161347
0.343339
-0.089671
-0.791742
0.374345
0.507079
-0.214385
-0.439757
-0.325991
-0.569208
0.041831
-0.162223
0.536239
0.464716
0.370436
-0.638806
-0.161347
0.343339
-0.089671
-0.791742
0.374345
0.507079
-0.214385
-0.439757
-0.325991
-0.569208
0.041831
-0.162223
0.536239
0.464716
0.370436
-0.638806
-0.161347
0.343339
-0.089671
-0.791742
0.374345
0.507079
-0.214385
-0.439757
-0.325991
-0.569208
0.041831
-0.162223
0.536239
0.464716
0.370436
-0.638806
-0.161347
0.343339
-0.089671
-0.791742
0.374345
0.507079
-0.214385
-0.439757
-0.325991
-0.569208
0.041831
-0.162223
0.536239
0.464716
0.370436
-0.638806
-0.161347
0.343339
-0.089671
-0.791742
0.374345
0.507079
-0.214385
-0.439757
-0.325991
-0.569208
0.041831
-0.162223
0.536239
0.464716
0.370436
-0.638806
-0.161347
0.343339
-0.089671
-0.791742
0.374345
0.507079
-0.214385
-0.439757
-0.325991
-0.569208
0.041831
-0.162223
0.536239
0.464716
0.370436
-0.638806
-0.161347
0.343339
-0.089671
-0.791742
0.374345
0.507079
-0.214385
-0.439757
-0.325991
-0.569208
0.041831
-0.162223
0.536239
0.464716
0.370436
-0.638806
-0.161347
0.343339
-0.089671
-0.791742
0.374345
0.507079
-0.214385
-0.439757
-0.325991
-0.569208
0.041831
-0.162223
0.536239
0.464716
0.370436
-0.638806
-0.161347
0.343339
-0.089671
-0.791742
0.374345
0.507079
-0.214385
-0.439757
-0.325991
-0.569208
0.041831
-0.162223
0.536239
0.464716
0.370436
-0.638806
-0.161347
0.343339
-0.089671
