-4.727734
5.122653
0.990174
-32.139286
-9.292176
30.634514
-21.555540
3.525784
21.838573
-4.399585
-8.574373
-21.902916
-12.906215
-13.101311
11.341441
-14.697061
0.972837
-0.375285
4.938714
1.339322
-5.757490
-1.496834
5.283576
-3.214662
-3.376101
2.796158
7.108302
1.553093
3.204207
4.318232
0.271277
1.020386
2.177305
-0.464472
121.144676
73.246681
158.549637
-109.710739
1463.458618
-1305.681641
-1498.211304
306.414581
-900.262695
282.616852
1169.747681
-136.873199
-771.458557
-408.392639
1.446458
1.987121
10.112785
-7.113181
-8.151707
-11.967310
-77.943596
-55.805008
28.090012
61.959221
25.562634
31.646189
-10.725600
-52.089836
-14.828091
37.161381
-0.879238
-3.017701
-116.683754
-65.316406
-135.927078
111.543129
-1314.741455
1130.878174
1340.717529
-226.170868
803.181335
-227.016266
-1058.609009
91.310989
683.685059
382.409485
0.380652
-1.306811
-2.919663
6.043122
4.454422
4.485902
51.637348
68.344093
-10.264915
-74.378845
-9.530830
-40.417252
1.564281
59.664150
23.529524
-37.965740
-0.482087
-0.437015
0.271585
0.061495
0.128602
0.240322
0.032830
-0.592256
0.897424
-0.233745
0.425576
0.085029
0.066738
-0.567174
0.067160
-0.247076
-0.482087
-0.437015
0.271585
0.061495
0.128602
0.240322
0.032830
-0.592256
0.897424
-0.233745
0.425576
0.085029
0.066738
-0.567174
0.067160
-0.247076
-0.482087
-0.437015
0.271585
0.061495
0.128602
0.240322
0.032830
-0.592256
0.897424
-0.233745
0.425576
0.085029
0.066738
-0.567174
0.067160
-0.247076
-0.482087
-0.437015
0.271585
0.061495
0.128602
0.240322
0.032830
-0.592256
0.897424
-0.233745
0.425576
0.085029
0.066738
-0.567174
0.067160
-0.247076
-0.482087
-0.437015
0.271585
0.061495
0.128602
0.240322
0.032830
-0.592256
0.897424
-0.233745
0.425576
0.085029
0.066738
-0.567174
0.067160
-0.247076
-0.482087
-0.437015
0.271585
0.061495
0.128602
0.240322
0.032830
-0.592256
0.897424
-0.233745
0.425576
0.085029
0.066738
-0.567174
0.067160
-0.247076
-0.482087
-0.437015
0.271585
0.061495
0.128602
0.240322
0.032830
-0.592256
0.897424
-0.233745
0.425576
0.085029
0.066738
-0.567174
0.067160
-0.247076
-0.482087
-0.437015
0.271585
0.061495
0.128602
0.240322
0.032830
-0.592256
0.897424
-0.233745
0.425576
0.085029
0.066738
-0.567174
0.067160
-0.247076
-0.482087
-0.437015
0.271585
0.061495
0.128602
0.240322
0.032830
-0.592256
0.897424
-0.233745
0.425576
0.085029
0.066738
-0.567174
0.067160
-0.247076
-0.482087
-0.437015
0.271585
0.061495
0.128602
0.240322
0.032830
-0.592256
0.897424
-0.233745
0.425576
0.085029
0.066738
-0.567174
0.067160
-0.247076
-0.482087
-0.437015
0.271585
0.061495
0.128602
0.240322
0.032830
-0.592256
0.897424
-0.233745
0.425576
0.085029
0.066738
-0.567174
0.067160
-0.247076
-0.482087
-0.437015
0.271585
0.061495
0.128602
0.240322
0.032830
-0.592256
0.897424
-0.233745
0.425576
0.085029
0.066738
-0.567174
0.067160
-0.247076
-0.482087
-0.437015
0.271585
0.061495
0.128602
0.240322
0.032830
-0.592256
0.897424
-0.233745
0.425576
0.085029
0.066738
-0.567174
0.067160
-0.247076
-0.482087
-0.437015
0.271585
0.061495
0.128602
0.240322
0.032830
-0.592256
0.897424
-0.233745
0.425576
0.085029
0.066738
-0.567174
0.067160
-0.247076
