-0.303903
-4.905539
16.121229
-6.992613
-21.872248
1.761583
-1.017916
5.790488
-3.535055
14.998068
14.023871
-0.508631
3.480972
-1.137642
7.679070
-0.828368
-6.930871
-0.545324
-117.406342
-87.639313
-240.143219
343.073730
-809.435547
1989.190918
1311.380615
-1012.394775
719.381287
-719.404785
-1233.773193
727.427917
1050.278198
-105.859962
4.916390
-0.181474
63.033123
43.663944
119.355186
-183.465454
403.849304
-1049.529785
-674.184265
546.162354
-367.260040
385.482117
634.148132
-393.760712
-547.215698
69.697411
-2.894943
0.423071
6.266465
7.190910
17.724871
-17.450136
62.202999
-114.262367
-86.013260
50.075817
-47.259693
40.471771
80.476738
-37.930294
-64.852997
-2.316609
-0.586847
1.268815
6.240838
0.944398
8.057195
-14.131605
29.924786
-78.619316
-50.834496
40.102180
-25.907423
27.336084
46.300503
-27.687634
-38.302158
7.198645
4.668281
-0.643167
23.073166
13.277288
34.956047
-60.016899
101.098549
-346.499756
-204.010269
190.459137
-107.832230
128.394760
199.490860
-140.619995
-175.385178
32.642902
0.185073
-0.269318
0.492130
-0.194305
-0.156660
-0.213292
0.039504
-0.169845
-0.195957
-0.011650
-0.019043
-0.110108
0.805816
0.121006
-0.166509
-0.592845
0.185073
-0.269318
0.492130
-0.194305
-0.156660
-0.213292
0.039504
-0.169845
-0.195957
-0.011650
-0.019043
-0.110108
0.805816
0.121006
-0.166509
-0.592845
0.185073
-0.269318
0.492130
-0.194305
-0.156660
-0.213292
0.039504
-0.169845
-0.195957
-0.011650
-0.019043
-0.110108
0.805816
0.121006
-0.166509
-0.592845
0.185073
-0.269318
0.492130
-0.194305
-0.156660
-0.213292
0.039504
-0.169845
-0.195957
-0.011650
-0.019043
-0.110108
0.805816
0.121006
-0.166509
-0.592845
0.185073
-0.269318
0.492130
-0.194305
-0.156660
-0.213292
0.039504
-0.169845
-0.195957
-0.011650
-0.019043
-0.110108
0.805816
0.121006
-0.166509
-0.592845
0.185073
-0.269318
0.492130
-0.194305
-0.156660
-0.213292
0.039504
-0.169845
-0.195957
-0.011650
-0.019043
-0.110108
0.805816
0.121006
-0.166509
-0.592845
0.185073
-0.269318
0.492130
-0.194305
-0.156660
-0.213292
0.039504
-0.169845
-0.195957
-0.011650
-0.019043
-0.110108
0.805816
0.121006
-0.166509
-0.592845
0.185073
-0.269318
0.492130
-0.194305
-0.156660
-0.213292
0.039504
-0.169845
-0.195957
-0.011650
-0.019043
-0.110108
0.805816
0.121006
-0.166509
-0.592845
0.185073
-0.269318
0.492130
-0.194305
-0.156660
-0.213292
0.039504
-0.169845
-0.195957
-0.011650
-0.019043
-0.110108
0.805816
0.121006
-0.166509
-0.592845
0.185073
-0.269318
0.492130
-0.194305
-0.156660
-0.213292
0.039504
-0.169845
-0.195957
-0.011650
-0.019043
-0.110108
0.805816
0.121006
-0.166509
-0.592845
0.185073
-0.269318
0.492130
-0.194305
-0.156660
-0.213292
0.039504
-0.169845
-0.195957
-0.011650
-0.019043
-0.110108
0.805816
0.121006
-0.166509
-0.592845
0.185073
-0.269318
0.492130
-0.194305
-0.156660
-0.213292
0.039504
-0.169845
-0.195957
-0.011650
-0.019043
-0.110108
0.805816
0.121006
-0.166509
-0.592845
0.185073
-0.269318
0.492130
-0.194305
-0.156660
-0.213292
0.039504
-0.169845
-0.195957
-0.011650
-0.019043
-0.110108
0.805816
0.121006
-0.166509
-0.592845
0.185073
-0.269318
0.492130
-0.194305
-0.156660
-0.213292
0.039504
-0.169845
-0.195957
-0.011650
-0.019043
-0.110108
0.805816
0.121006
-0.166509
-0.592845
