-0.476717
0.710834
-6.054045
4.108171
6.699982
-0.166897
4.150003
7.699963
-4.654563
-4.829269
-5.874159
4.339952
-1.187752
4.709517
-3.453857
-2.594641
0.846404
2.995614
170.783203
2.938988
20.180346
-431.987976
-432.592987
-2176.253418
-604.784851
1666.490601
-207.403259
1024.471069
632.645447
-1326.458984
-873.987854
681.764038
-1.415577
-1.542524
-69.375580
-4.408289
-11.371217
174.056213
156.910217
876.821045
260.062561
-666.391479
90.357521
-407.635040
-263.886810
526.080811
351.065216
-267.975342
0.864667
-0.938466
-9.234770
2.262225
1.246604
25.475792
39.301292
128.863571
25.440550
-102.984100
7.160265
-62.140930
-35.833023
84.700203
50.991394
-44.835903
3.134214
0.558208
-7.134912
0.600298
-0.870210
26.275490
29.416710
113.397072
24.650547
-82.803978
5.148602
-50.979153
-27.928169
67.790009
42.579651
-35.693352
1.124934
0.630778
-45.237213
-0.577475
-6.485707
105.713943
85.055168
544.259583
165.757263
-410.596039
61.435081
-256.282471
-167.370041
324.598846
227.152390
-162.840057
0.190762
-0.528626
0.602025
-0.098147
-0.575001
-0.541469
-0.587301
0.522832
0.181561
-0.169655
0.677042
0.019879
-0.000934
0.796864
0.243808
-0.036652
0.190762
-0.528626
0.602025
-0.098147
-0.575001
-0.541469
-0.587301
0.522832
0.181561
-0.169655
0.677042
0.019879
-0.000934
0.796864
0.243808
-0.036652
0.190762
-0.528626
0.602025
-0.098147
-0.575001
-0.541469
-0.587301
0.522832
0.181561
-0.169655
0.677042
0.019879
-0.000934
0.796864
0.243808
-0.036652
0.190762
-0.528626
0.602025
-0.098147
-0.575001
-0.541469
-0.587301
0.522832
0.181561
-0.169655
0.677042
0.019879
-0.000934
0.796864
0.243808
-0.036652
0.190762
-0.528626
0.602025
-0.098147
-0.575001
-0.541469
-0.587301
0.522832
0.181561
-0.169655
0.677042
0.019879
-0.000934
0.796864
0.243808
-0.036652
0.190762
-0.528626
0.602025
-0.098147
-0.575001
-0.541469
-0.587301
0.522832
0.181561
-0.169655
0.677042
0.019879
-0.000934
0.796864
0.243808
-0.036652
0.190762
-0.528626
0.602025
-0.098147
-0.575001
-0.541469
-0.587301
0.522832
0.181561
-0.169655
0.677042
0.019879
-0.000934
0.796864
0.243808
-0.036652
0.190762
-0.528626
0.602025
-0.098147
-0.575001
-0.541469
-0.587301
0.522832
0.181561
-0.169655
0.677042
0.019879
-0.000934
0.796864
0.243808
-0.036652
0.190762
-0.528626
0.602025
-0.098147
-0.575001
-0.541469
-0.587301
0.522832
0.181561
-0.169655
0.677042
0.019879
-0.000934
0.796864
0.243808
-0.036652
0.190762
-0.528626
0.602025
-0.098147
-0.575001
-0.541469
-0.587301
0.522832
0.181561
-0.169655
0.677042
0.019879
-0.000934
0.796864
0.243808
-0.036652
0.190762
-0.528626
0.602025
-0.098147
-0.575001
-0.541469
-0.587301
0.522832
0.181561
-0.169655
0.677042
0.019879
-0.000934
0.796864
0.243808
-0.036652
0.190762
-0.528626
0.602025
-0.098147
-0.575001
-0.541469
-0.587301
0.522832
0.181561
-0.169655
0.677042
0.019879
-0.000934
0.796864
0.243808
-0.036652
0.190762
-0.528626
0.602025
-0.098147
-0.575001
-0.541469
-0.587301
0.522832
0.181561
-0.169655
0.677042
0.019879
-0.000934
0.796864
0.243808
-0.036652
0.190762
-0.528626
0.602025
-0.098147
-0.575001
-0.541469
-0.587301
0.522832
0.181561
-0.169655
0.677042
0.019879
-0.000934
0.796864
0.243808
-0.036652
