3.745290
-1.294447
50.514210
620.088074
-39.584393
-448.857483
-268.517792
-148.697418
670.683838
249.437332
444.654938
-167.659042
-736.108826
300.060913
-25.799768
-310.854645
0.382879
0.357439
0.145785
8.183913
0.504164
-7.590795
8.027284
0.219454
-5.946239
0.127684
3.129767
8.119337
4.733306
4.967809
-3.452222
0.085084
-4.678425
0.754048
-26.388416
-251.995102
27.014606
181.097794
113.359650
42.544285
-286.007996
-85.767128
-185.877182
84.650642
302.092346
-135.577332
10.757950
127.363091
-0.750122
3.715853
4.076647
-27.424967
0.798426
24.228807
10.492011
8.701059
-28.272362
-24.241545
-19.726900
3.717886
35.756031
-8.003232
-0.702325
14.803903
3.286310
-0.011881
6.115023
-42.770626
-7.669858
30.587982
13.575130
16.037329
-42.831757
-25.886629
-31.700392
-0.856988
51.534546
-9.252398
-3.432693
20.440577
-0.840985
-1.568663
-24.817118
-150.166138
12.249697
107.919106
65.721489
46.330990
-160.261337
-56.408264
-99.379433
41.356880
166.825119
-80.759575
19.013601
78.337669
-0.763527
-0.472216
-1.034734
-0.605777
0.204140
0.420025
-0.057175
1.003191
-0.437915
0.252331
-0.698115
-0.264570
-0.286391
-0.071956
-0.472591
0.968559
-0.763527
-0.472216
-1.034734
-0.605777
0.204140
0.420025
-0.057175
1.003191
-0.437915
0.252331
-0.698115
-0.264570
-0.286391
-0.071956
-0.472591
0.968559
-0.763527
-0.472216
-1.034734
-0.605777
0.204140
0.420025
-0.057175
1.003191
-0.437915
0.252331
-0.698115
-0.264570
-0.286391
-0.071956
-0.472591
0.968559
-0.763527
-0.472216
-1.034734
-0.605777
0.204140
0.420025
-0.057175
1.003191
-0.437915
0.252331
-0.698115
-0.264570
-0.286391
-0.071956
-0.472591
0.968559
-0.763527
-0.472216
-1.034734
-0.605777
0.204140
0.420025
-0.057175
1.003191
-0.437915
0.252331
-0.698115
-0.264570
-0.286391
-0.071956
-0.472591
0.968559
-0.763527
-0.472216
-1.034734
-0.605777
0.204140
0.420025
-0.057175
1.003191
-0.437915
0.252331
-0.698115
-0.264570
-0.286391
-0.071956
-0.472591
0.968559
-0.763527
-0.472216
-1.034734
-0.605777
0.204140
0.420025
-0.057175
1.003191
-0.437915
0.252331
-0.698115
-0.264570
-0.286391
-0.071956
-0.472591
0.968559
-0.763527
-0.472216
-1.034734
-0.605777
0.204140
0.420025
-0.057175
1.003191
-0.437915
0.252331
-0.698115
-0.264570
-0.286391
-0.071956
-0.472591
0.968559
-0.763527
-0.472216
-1.034734
-0.605777
0.204140
0.420025
-0.057175
1.003191
-0.437915
0.252331
-0.698115
-0.264570
-0.286391
-0.071956
-0.472591
0.968559
-0.763527
-0.472216
-1.034734
-0.605777
0.204140
0.420025
-0.057175
1.003191
-0.437915
0.252331
-0.698115
-0.264570
-0.286391
-0.071956
-0.472591
0.968559
-0.763527
-0.472216
-1.034734
-0.605777
0.204140
0.420025
-0.057175
1.003191
-0.437915
0.252331
-0.698115
-0.264570
-0.286391
-0.071956
-0.472591
0.968559
-0.763527
-0.472216
-1.034734
-0.605777
0.204140
0.420025
-0.057175
1.003191
-0.437915
0.252331
-0.698115
-0.264570
-0.286391
-0.071956
-0.472591
0.968559
-0.763527
-0.472216
-1.034734
-0.605777
0.204140
0.420025
-0.057175
1.003191
-0.437915
0.252331
-0.698115
-0.264570
-0.286391
-0.071956
-0.472591
0.968559
-0.763527
-0.472216
-1.034734
-0.605777
0.204140
0.420025
-0.057175
1.003191
-0.437915
0.252331
-0.698115
-0.264570
-0.286391
-0.071956
-0.472591
0.968559
