0.033247
-0.346528
15.572076
5.662999
-17.930573
-8.433509
0.440880
1.135613
-3.879274
14.361060
14.289995
5.494257
4.947948
-3.928205
9.015525
7.743817
0.114683
2.724239
402.560394
305.860657
-407.739777
-244.063049
-487.072937
53.043880
627.776001
-115.351242
269.252014
-327.629303
-397.775665
636.885986
-155.217606
-170.518982
-1.571386
-0.483174
-4.793938
5.555641
6.026822
-5.015930
5.549748
4.465875
-5.592688
-3.162642
-2.398058
7.152468
-0.332282
7.008299
-1.562722
-0.141494
-0.873195
-1.229937
-205.367142
-158.293671
215.438614
143.189758
303.963867
10.179064
-349.962585
17.562290
-172.919083
169.204865
236.319794
-339.117523
74.613518
93.327599
2.739011
-1.029118
-54.671879
-66.559631
59.898979
50.357735
66.026642
-1.014849
-105.959869
7.116923
-47.810448
45.699921
81.956612
-89.163620
23.066166
33.840485
-1.401266
2.896169
-37.591373
-14.244186
34.206139
9.614909
32.441196
-20.932648
-44.444347
26.733385
-10.777442
34.370106
12.008724
-56.626076
15.467240
9.350986
0.705921
-1.252970
-0.375809
-0.340324
-0.378865
0.189300
0.258751
0.086252
0.041890
-0.255189
0.271638
0.224200
0.036653
-0.597660
-0.451156
0.759474
0.705921
-1.252970
-0.375809
-0.340324
-0.378865
0.189300
0.258751
0.086252
0.041890
-0.255189
0.271638
0.224200
0.036653
-0.597660
-0.451156
0.759474
0.705921
-1.252970
-0.375809
-0.340324
-0.378865
0.189300
0.258751
0.086252
0.041890
-0.255189
0.271638
0.224200
0.036653
-0.597660
-0.451156
0.759474
0.705921
-1.252970
-0.375809
-0.340324
-0.378865
0.189300
0.258751
0.086252
0.041890
-0.255189
0.271638
0.224200
0.036653
-0.597660
-0.451156
0.759474
0.705921
-1.252970
-0.375809
-0.340324
-0.378865
0.189300
0.258751
0.086252
0.041890
-0.255189
0.271638
0.224200
0.036653
-0.597660
-0.451156
0.759474
0.705921
-1.252970
-0.375809
-0.340324
-0.378865
0.189300
0.258751
0.086252
0.041890
-0.255189
0.271638
0.224200
0.036653
-0.597660
-0.451156
0.759474
0.705921
-1.252970
-0.375809
-0.340324
-0.378865
0.189300
0.258751
0.086252
0.041890
-0.255189
0.271638
0.224200
0.036653
-0.597660
-0.451156
0.759474
0.705921
-1.252970
-0.375809
-0.340324
-0.378865
0.189300
0.258751
0.086252
0.041890
-0.255189
0.271638
0.224200
0.036653
-0.597660
-0.451156
0.759474
0.705921
-1.252970
-0.375809
-0.340324
-0.378865
0.189300
0.258751
0.086252
0.041890
-0.255189
0.271638
0.224200
0.036653
-0.597660
-0.451156
0.759474
0.705921
-1.252970
-0.375809
-0.340324
-0.378865
0.189300
0.258751
0.086252
0.041890
-0.255189
0.271638
0.224200
0.036653
-0.597660
-0.451156
0.759474
0.705921
-1.252970
-0.375809
-0.340324
-0.378865
0.189300
0.258751
0.086252
0.041890
-0.255189
0.271638
0.224200
0.036653
-0.597660
-0.451156
0.759474
0.705921
-1.252970
-0.375809
-0.340324
-0.378865
0.189300
0.258751
0.086252
0.041890
-0.255189
0.271638
0.224200
0.036653
-0.597660
-0.451156
0.759474
0.705921
-1.252970
-0.375809
-0.340324
-0.378865
0.189300
0.258751
0.086252
0.041890
-0.255189
0.271638
0.224200
0.036653
-0.597660
-0.451156
0.759474
0.705921
-1.252970
-0.375809
-0.340324
-0.378865
0.189300
0.258751
0.086252
0.041890
-0.255189
0.271638
0.224200
0.036653
-0.597660
-0.451156
0.759474
