-20.302975
-8.258876
36.933434
22.259970
-26.981245
-8.109850
-18.623493
20.045206
-10.343259
-13.383680
18.401598
15.193201
3.047970
14.560313
3.855901
-14.892540
-0.262993
-3.279618
522.172729
538.417969
-336.208130
-476.148468
-863.395752
-63.412258
616.842224
48.925236
145.877335
-246.359894
-282.094208
500.494263
-293.121582
-13.392431
-2.285871
0.130516
9.578641
-0.907445
-11.477141
2.882706
6.681255
5.847108
-2.579808
-2.510525
2.546643
7.631303
-5.323710
6.079847
5.643178
9.331219
-2.084468
1.809621
-20.071865
-5.036210
20.707092
9.090734
0.360067
-2.909753
6.328312
-8.217380
-11.420591
-5.934088
-5.012642
3.797386
-7.867345
-1.496274
-0.800102
-0.833584
7.259668
-5.491502
-6.589655
5.862805
-4.300900
-4.002586
4.548315
3.607465
4.458034
-7.411630
0.382785
-5.796442
2.023403
-0.664094
0.366461
0.664688
-262.216339
-270.744904
145.550980
246.407547
397.258575
37.079147
-279.867096
-43.427971
-53.584229
109.325401
90.453621
-221.940826
165.061920
-18.363873
1.430516
2.831626
-94.795692
-94.058586
75.079430
78.155754
182.454056
5.365434
-130.429398
-0.844752
-42.388382
50.796528
80.859917
-106.019157
44.697792
15.662980
-0.840412
-2.293749
-17.278902
-18.494913
13.833660
14.799225
36.491867
1.228277
-26.117567
-1.897200
-3.744020
9.890522
16.864546
-18.877337
9.088571
2.694939
1.577620
1.456472
-34.029564
-33.180176
21.185911
28.895281
54.451817
-2.711546
-39.014458
-0.356908
-8.210371
17.182182
15.585613
-36.386208
19.728468
2.857935
-0.018508
0.526327
0.508765
-0.293317
0.201200
0.171165
0.056705
-0.243689
-0.412107
0.027965
-0.295705
0.405297
-0.220988
0.323554
-0.134440
0.533932
-0.018508
0.526327
0.508765
-0.293317
0.201200
0.171165
0.056705
-0.243689
-0.412107
0.027965
-0.295705
0.405297
-0.220988
0.323554
-0.134440
0.533932
-0.018508
0.526327
0.508765
-0.293317
0.201200
0.171165
0.056705
-0.243689
-0.412107
0.027965
-0.295705
0.405297
-0.220988
0.323554
-0.134440
0.533932
-0.018508
0.526327
0.508765
-0.293317
0.201200
0.171165
0.056705
-0.243689
-0.412107
0.027965
-0.295705
0.405297
-0.220988
0.323554
-0.134440
0.533932
-0.018508
0.526327
0.508765
-0.293317
0.201200
0.171165
0.056705
-0.243689
-0.412107
0.027965
-0.295705
0.405297
-0.220988
0.323554
-0.134440
0.533932
-0.018508
0.526327
0.508765
-0.293317
0.201200
0.171165
0.056705
-0.243689
-0.412107
0.027965
-0.295705
0.405297
-0.220988
0.323554
-0.134440
0.533932
-0.018508
0.526327
0.508765
-0.293317
0.201200
0.171165
0.056705
-0.243689
-0.412107
0.027965
-0.295705
0.405297
-0.220988
0.323554
-0.134440
0.533932
-0.018508
0.526327
0.508765
-0.293317
0.201200
0.171165
0.056705
-0.243689
-0.412107
0.027965
-0.295705
0.405297
-0.220988
0.323554
-0.134440
0.533932
-0.018508
0.526327
0.508765
-0.293317
0.201200
0.171165
0.056705
-0.243689
-0.412107
0.027965
-0.295705
0.405297
-0.220988
0.323554
-0.134440
0.533932
-0.018508
0.526327
0.508765
-0.293317
0.201200
0.171165
0.056705
-0.243689
-0.412107
0.027965
-0.295705
0.405297
-0.220988
0.323554
-0.134440
0.533932
-0.018508
0.526327
0.508765
-0.293317
0.201200
0.171165
0.056705
-0.243689
-0.412107
0.027965
-0.295705
0.405297
-0.220988
0.323554
-0.134440
0.533932
