5.529208
-0.798784
29.930668
-10.483743
-28.536690
-14.042107
-13.231793
-25.036352
12.697739
18.192661
29.638390
-8.905462
3.925859
-11.261802
12.076848
17.910927
0.768112
-2.491249
-65.657455
565.075562
58.829132
-422.942352
-337.591461
-254.576416
636.788086
254.686661
328.964874
-169.921753
-897.529846
38.036396
21.451855
-340.378937
-0.396504
0.165113
9.922540
-0.490794
-6.260870
7.694461
6.823009
-0.866200
-4.652065
-1.138492
2.872804
8.437990
-4.034327
6.851114
8.468661
7.670713
-2.484305
-0.990288
35.473339
-348.367096
-30.818064
253.531265
216.432190
152.114624
-385.726318
-170.111725
-210.245163
91.129501
531.984741
-16.936571
-13.817513
197.755371
1.197154
1.893633
11.833270
-73.207146
-10.113512
59.919174
33.651485
37.577042
-80.504929
-22.427603
-33.809391
24.104492
121.017838
-7.682683
-0.842524
43.501083
-0.087147
1.869164
3.693378
-31.765482
-1.975317
24.851278
21.096319
12.949715
-38.920902
-16.944838
-22.651020
13.615592
53.824501
-3.483413
-3.290041
21.458912
0.683039
0.328758
-0.435350
0.702958
0.228851
-0.267519
0.134113
0.197481
0.189534
-0.400322
0.153405
0.132079
0.306358
0.867780
0.659011
0.074369
0.683039
0.328758
-0.435350
0.702958
0.228851
-0.267519
0.134113
0.197481
0.189534
-0.400322
0.153405
0.132079
0.306358
0.867780
0.659011
0.074369
0.683039
0.328758
-0.435350
0.702958
0.228851
-0.267519
0.134113
0.197481
0.189534
-0.400322
0.153405
0.132079
0.306358
0.867780
0.659011
0.074369
0.683039
0.328758
-0.435350
0.702958
0.228851
-0.267519
0.134113
0.197481
0.189534
-0.400322
0.153405
0.132079
0.306358
0.867780
0.659011
0.074369
0.683039
0.328758
-0.435350
0.702958
0.228851
-0.267519
0.134113
0.197481
0.189534
-0.400322
0.153405
0.132079
0.306358
0.867780
0.659011
0.074369
0.683039
0.328758
-0.435350
0.702958
0.228851
-0.267519
0.134113
0.197481
0.189534
-0.400322
0.153405
0.132079
0.306358
0.867780
0.659011
0.074369
0.683039
0.328758
-0.435350
0.702958
0.228851
-0.267519
0.134113
0.197481
0.189534
-0.400322
0.153405
0.132079
0.306358
0.867780
0.659011
0.074369
0.683039
0.328758
-0.435350
0.702958
0.228851
-0.267519
0.134113
0.197481
0.189534
-0.400322
0.153405
0.132079
0.306358
0.867780
0.659011
0.074369
0.683039
0.328758
-0.435350
0.702958
0.228851
-0.267519
0.134113
0.197481
0.189534
-0.400322
0.153405
0.132079
0.306358
0.867780
0.659011
0.074369
0.683039
0.328758
-0.435350
0.702958
0.228851
-0.267519
0.134113
0.197481
0.189534
-0.400322
0.153405
0.132079
0.306358
0.867780
0.659011
0.074369
0.683039
0.328758
-0.435350
0.702958
0.228851
-0.267519
0.134113
0.197481
0.189534
-0.400322
0.153405
0.132079
0.306358
0.867780
0.659011
0.074369
0.683039
0.328758
-0.435350
0.702958
0.228851
-0.267519
0.134113
0.197481
0.189534
-0.400322
0.153405
0.132079
0.306358
0.867780
0.659011
0.074369
0.683039
0.328758
-0.435350
0.702958
0.228851
-0.267519
0.134113
0.197481
0.189534
-0.400322
0.153405
0.132079
0.306358
0.867780
0.659011
0.074369
0.683039
0.328758
-0.435350
0.702958
0.228851
-0.267519
0.134113
0.197481
0.189534
-0.400322
0.153405
0.132079
0.306358
0.867780
0.659011
0.074369
