0.565963
-1.263081
9.769953
-13.999629
-14.626967
12.900601
5.718813
2.174928
8.663416
12.445793
10.378010
-7.691638
0.388001
-5.653783
2.938787
-6.664321
0.194623
-2.724145
3.930802
-8.551883
2.839340
12.006718
4.522418
-5.876199
-4.177894
2.215755
7.165419
0.846704
3.921297
6.628871
6.943179
-3.847012
-2.312791
0.872828
-411.699738
334.946045
272.544373
-318.217010
-16.028214
-376.616638
157.233704
626.514709
308.686829
273.379761
-491.944000
-381.418365
201.389908
-100.851234
2.788318
0.011479
370.837921
-302.630310
-243.058182
285.984467
15.281106
334.164703
-148.213333
-562.966309
-278.398224
-243.818665
443.650146
339.378265
-181.007446
88.935196
0.069877
0.606378
-0.177852
-0.958723
-0.000397
0.499442
-0.330564
0.204718
0.246575
-0.011937
-0.145120
0.213020
0.067191
0.030335
-0.335322
0.383963
0.069877
0.606378
-0.177852
-0.958723
-0.000397
0.499442
-0.330564
0.204718
0.246575
-0.011937
-0.145120
0.213020
0.067191
0.030335
-0.335322
0.383963
0.069877
0.606378
-0.177852
-0.958723
-0.000397
0.499442
-0.330564
0.204718
0.246575
-0.011937
-0.145120
0.213020
0.067191
0.030335
-0.335322
0.383963
0.069877
0.606378
-0.177852
-0.958723
-0.000397
0.499442
-0.330564
0.204718
0.246575
-0.011937
-0.145120
0.213020
0.067191
0.030335
-0.335322
0.383963
0.069877
0.606378
-0.177852
-0.958723
-0.000397
0.499442
-0.330564
0.204718
0.246575
-0.011937
-0.145120
0.213020
0.067191
0.030335
-0.335322
0.383963
0.069877
0.606378
-0.177852
-0.958723
-0.000397
0.499442
-0.330564
0.204718
0.246575
-0.011937
-0.145120
0.213020
0.067191
0.030335
-0.335322
0.383963
0.069877
0.606378
-0.177852
-0.958723
-0.000397
0.499442
-0.330564
0.204718
0.246575
-0.011937
-0.145120
0.213020
0.067191
0.030335
-0.335322
0.383963
0.069877
0.606378
-0.177852
-0.958723
-0.000397
0.499442
-0.330564
0.204718
0.246575
-0.011937
-0.145120
0.213020
0.067191
0.030335
-0.335322
0.383963
0.069877
0.606378
-0.177852
-0.958723
-0.000397
0.499442
-0.330564
0.204718
0.246575
-0.011937
-0.145120
0.213020
0.067191
0.030335
-0.335322
0.383963
0.069877
0.606378
-0.177852
-0.958723
-0.000397
0.499442
-0.330564
0.204718
0.246575
-0.011937
-0.145120
0.213020
0.067191
0.030335
-0.335322
0.383963
0.069877
0.606378
-0.177852
-0.958723
-0.000397
0.499442
-0.330564
0.204718
0.246575
-0.011937
-0.145120
0.213020
0.067191
0.030335
-0.335322
0.383963
0.069877
0.606378
-0.177852
-0.958723
-0.000397
0.499442
-0.330564
0.204718
0.246575
-0.011937
-0.145120
0.213020
0.067191
0.030335
-0.335322
0.383963
0.069877
0.606378
-0.177852
-0.958723
-0.000397
0.499442
-0.330564
0.204718
0.246575
-0.011937
-0.145120
0.213020
0.067191
0.030335
-0.335322
0.383963
0.069877
0.606378
-0.177852
-0.958723
-0.000397
0.499442
-0.330564
0.204718
0.246575
-0.011937
-0.145120
0.213020
0.067191
0.030335
-0.335322
0.383963
0.069877
0.606378
-0.177852
-0.958723
-0.000397
0.499442
-0.330564
0.204718
0.246575
-0.011937
-0.145120
0.213020
0.067191
0.030335
-0.335322
0.383963
0.069877
0.606378
-0.177852
-0.958723
-0.000397
0.499442
-0.330564
0.204718
0.246575
-0.011937
-0.145120
0.213020
0.067191
0.030335
-0.335322
0.383963
