2.028769
-0.434295
-16.139063
-13.420165
13.166765
7.937077
4.891259
4.983690
-19.768074
-5.726867
9.378602
36.098389
-1.169534
-2.818812
10.354919
6.912543
3.249673
19.382683
-1840.114868
558.583496
-283.263641
1458.062744
1031.483887
119.638870
2472.446289
-1256.693115
478.584015
-2958.964600
-539.139282
-53.317650
1886.770386
326.940887
-2.599724
-10.264565
877.866272
-275.448273
129.758560
-695.427979
-494.524200
-56.282887
-1179.620117
607.942322
-218.127441
1415.389771
261.138916
21.291704
-899.665833
-150.915451
1.202967
0.611252
74.991211
-40.964142
3.090702
-68.250038
-48.503784
3.131932
-96.861877
75.589760
4.616367
133.623810
21.711008
0.500430
-87.302017
3.226988
-2.246555
1.457893
113.581947
-47.270565
9.522513
-91.196312
-64.136543
-1.241041
-147.090851
92.959999
-13.648477
183.406509
33.973743
-0.260267
-119.141083
-9.245747
-2.103179
-3.252461
356.379089
-106.117523
58.755146
-283.201233
-198.424423
-23.873409
-483.627686
242.994385
-99.014282
576.204895
102.739784
9.839307
-372.300690
-65.027832
0.072568
-1.189498
0.522801
-0.195791
0.847744
-0.476808
-0.500202
-0.268476
-1.144560
0.253850
-0.987426
0.805068
-0.237304
0.061556
-0.367316
-0.348099
0.072568
-1.189498
0.522801
-0.195791
0.847744
-0.476808
-0.500202
-0.268476
-1.144560
0.253850
-0.987426
0.805068
-0.237304
0.061556
-0.367316
-0.348099
0.072568
-1.189498
0.522801
-0.195791
0.847744
-0.476808
-0.500202
-0.268476
-1.144560
0.253850
-0.987426
0.805068
-0.237304
0.061556
-0.367316
-0.348099
0.072568
-1.189498
0.522801
-0.195791
0.847744
-0.476808
-0.500202
-0.268476
-1.144560
0.253850
-0.987426
0.805068
-0.237304
0.061556
-0.367316
-0.348099
0.072568
-1.189498
0.522801
-0.195791
0.847744
-0.476808
-0.500202
-0.268476
-1.144560
0.253850
-0.987426
0.805068
-0.237304
0.061556
-0.367316
-0.348099
0.072568
-1.189498
0.522801
-0.195791
0.847744
-0.476808
-0.500202
-0.268476
-1.144560
0.253850
-0.987426
0.805068
-0.237304
0.061556
-0.367316
-0.348099
0.072568
-1.189498
0.522801
-0.195791
0.847744
-0.476808
-0.500202
-0.268476
-1.144560
0.253850
-0.987426
0.805068
-0.237304
0.061556
-0.367316
-0.348099
0.072568
-1.189498
0.522801
-0.195791
0.847744
-0.476808
-0.500202
-0.268476
-1.144560
0.253850
-0.987426
0.805068
-0.237304
0.061556
-0.367316
-0.348099
0.072568
-1.189498
0.522801
-0.195791
0.847744
-0.476808
-0.500202
-0.268476
-1.144560
0.253850
-0.987426
0.805068
-0.237304
0.061556
-0.367316
-0.348099
0.072568
-1.189498
0.522801
-0.195791
0.847744
-0.476808
-0.500202
-0.268476
-1.144560
0.253850
-0.987426
0.805068
-0.237304
0.061556
-0.367316
-0.348099
0.072568
-1.189498
0.522801
-0.195791
0.847744
-0.476808
-0.500202
-0.268476
-1.144560
0.253850
-0.987426
0.805068
-0.237304
0.061556
-0.367316
-0.348099
0.072568
-1.189498
0.522801
-0.195791
0.847744
-0.476808
-0.500202
-0.268476
-1.144560
0.253850
-0.987426
0.805068
-0.237304
0.061556
-0.367316
-0.348099
0.072568
-1.189498
0.522801
-0.195791
0.847744
-0.476808
-0.500202
-0.268476
-1.144560
0.253850
-0.987426
0.805068
-0.237304
0.061556
-0.367316
-0.348099
0.072568
-1.189498
0.522801
-0.195791
0.847744
-0.476808
-0.500202
-0.268476
-1.144560
0.253850
-0.987426
0.805068
-0.237304
0.061556
-0.367316
-0.348099
