-1.172772
0.820103
-0.254266
14.305615
5.327913
-21.165611
-5.036229
3.407359
-12.797813
-5.778070
-4.013854
15.381466
0.721997
6.179035
-5.845004
9.445562
-2.136184
1.426702
552.588623
-246.460892
-340.919189
136.956268
181.669510
366.305756
-179.746979
-837.346741
-379.608429
-407.138855
670.068909
692.838928
-281.511200
46.867588
0.971489
-0.501525
-4.575099
10.077997
-2.359838
-6.904173
-2.335106
6.053207
1.489626
-4.567241
-9.623587
0.524541
-3.077431
-7.322733
-9.729426
4.287589
-0.341300
-3.425678
-29.418922
7.162277
19.107164
-7.372871
-4.263346
-19.796535
4.277322
41.880463
11.003978
22.607927
-29.562809
-36.305851
12.422050
2.135906
1.005861
0.553946
-40.805893
25.597755
22.733604
-11.320495
-18.441082
-26.191942
26.021708
63.998260
37.050076
30.586458
-60.770672
-49.059517
21.282690
-10.805769
3.474281
0.779397
-387.841492
175.450775
241.544922
-97.800766
-128.789078
-255.980591
129.270508
589.585510
270.453156
283.353577
-471.533325
-483.909180
198.638931
-34.734600
-0.436141
-0.121497
0.470832
0.058873
-0.251373
-1.064565
-0.335502
-0.088442
0.953696
-0.288378
0.508893
-0.411597
-0.973355
1.345808
0.406120
0.159291
-0.436141
-0.121497
0.470832
0.058873
-0.251373
-1.064565
-0.335502
-0.088442
0.953696
-0.288378
0.508893
-0.411597
-0.973355
1.345808
0.406120
0.159291
-0.436141
-0.121497
0.470832
0.058873
-0.251373
-1.064565
-0.335502
-0.088442
0.953696
-0.288378
0.508893
-0.411597
-0.973355
1.345808
0.406120
0.159291
-0.436141
-0.121497
0.470832
0.058873
-0.251373
-1.064565
-0.335502
-0.088442
0.953696
-0.288378
0.508893
-0.411597
-0.973355
1.345808
0.406120
0.159291
-0.436141
-0.121497
0.470832
0.058873
-0.251373
-1.064565
-0.335502
-0.088442
0.953696
-0.288378
0.508893
-0.411597
-0.973355
1.345808
0.406120
0.159291
-0.436141
-0.121497
0.470832
0.058873
-0.251373
-1.064565
-0.335502
-0.088442
0.953696
-0.288378
0.508893
-0.411597
-0.973355
1.345808
0.406120
0.159291
-0.436141
-0.121497
0.470832
0.058873
-0.251373
-1.064565
-0.335502
-0.088442
0.953696
-0.288378
0.508893
-0.411597
-0.973355
1.345808
0.406120
0.159291
-0.436141
-0.121497
0.470832
0.058873
-0.251373
-1.064565
-0.335502
-0.088442
0.953696
-0.288378
0.508893
-0.411597
-0.973355
1.345808
0.406120
0.159291
-0.436141
-0.121497
0.470832
0.058873
-0.251373
-1.064565
-0.335502
-0.088442
0.953696
-0.288378
0.508893
-0.411597
-0.973355
1.345808
0.406120
0.159291
-0.436141
-0.121497
0.470832
0.058873
-0.251373
-1.064565
-0.335502
-0.088442
0.953696
-0.288378
0.508893
-0.411597
-0.973355
1.345808
0.406120
0.159291
-0.436141
-0.121497
0.470832
0.058873
-0.251373
-1.064565
-0.335502
-0.088442
0.953696
-0.288378
0.508893
-0.411597
-0.973355
1.345808
0.406120
0.159291
-0.436141
-0.121497
0.470832
0.058873
-0.251373
-1.064565
-0.335502
-0.088442
0.953696
-0.288378
0.508893
-0.411597
-0.973355
1.345808
0.406120
0.159291
-0.436141
-0.121497
0.470832
0.058873
-0.251373
-1.064565
-0.335502
-0.088442
0.953696
-0.288378
0.508893
-0.411597
-0.973355
1.345808
0.406120
0.159291
-0.436141
-0.121497
0.470832
0.058873
-0.251373
-1.064565
-0.335502
-0.088442
0.953696
-0.288378
0.508893
-0.411597
-0.973355
1.345808
0.406120
0.159291
