1.594038
0.742624
-3.284049
-7.381505
9.714506
1.266052
-4.063906
-7.912875
3.313230
3.699109
4.638689
-8.673656
7.969487
0.506590
3.303094
-10.520589
-0.231684
-0.154681
-3.778837
6.782830
8.782941
-2.167549
4.053721
-2.384232
-4.220330
-1.419660
-3.213005
6.816895
2.082872
2.097311
-5.289508
-0.532954
-0.364873
1.200852
-286.972107
-74.276657
327.850006
359.975647
999.864929
-249.634949
-692.028870
-601.802795
112.389580
-129.854340
783.477539
885.482178
-5.501548
-273.936279
-0.110698
-1.322142
241.939117
64.757217
-276.032562
-305.605774
-843.303345
207.586533
580.671448
508.413391
-90.120735
110.315224
-655.104858
-743.251282
7.056934
229.580307
0.392379
-0.223963
0.098119
-0.789340
-0.209341
-0.014945
-0.098683
0.650295
0.080022
0.119196
-0.194706
-0.107731
-0.189622
-0.233674
-0.574234
0.262000
0.392379
-0.223963
0.098119
-0.789340
-0.209341
-0.014945
-0.098683
0.650295
0.080022
0.119196
-0.194706
-0.107731
-0.189622
-0.233674
-0.574234
0.262000
0.392379
-0.223963
0.098119
-0.789340
-0.209341
-0.014945
-0.098683
0.650295
0.080022
0.119196
-0.194706
-0.107731
-0.189622
-0.233674
-0.574234
0.262000
0.392379
-0.223963
0.098119
-0.789340
-0.209341
-0.014945
-0.098683
0.650295
0.080022
0.119196
-0.194706
-0.107731
-0.189622
-0.233674
-0.574234
0.262000
0.392379
-0.223963
0.098119
-0.789340
-0.209341
-0.014945
-0.098683
0.650295
0.080022
0.119196
-0.194706
-0.107731
-0.189622
-0.233674
-0.574234
0.262000
0.392379
-0.223963
0.098119
-0.789340
-0.209341
-0.014945
-0.098683
0.650295
0.080022
0.119196
-0.194706
-0.107731
-0.189622
-0.233674
-0.574234
0.262000
0.392379
-0.223963
0.098119
-0.789340
-0.209341
-0.014945
-0.098683
0.650295
0.080022
0.119196
-0.194706
-0.107731
-0.189622
-0.233674
-0.574234
0.262000
0.392379
-0.223963
0.098119
-0.789340
-0.209341
-0.014945
-0.098683
0.650295
0.080022
0.119196
-0.194706
-0.107731
-0.189622
-0.233674
-0.574234
0.262000
0.392379
-0.223963
0.098119
-0.789340
-0.209341
-0.014945
-0.098683
0.650295
0.080022
0.119196
-0.194706
-0.107731
-0.189622
-0.233674
-0.574234
0.262000
0.392379
-0.223963
0.098119
-0.789340
-0.209341
-0.014945
-0.098683
0.650295
0.080022
0.119196
-0.194706
-0.107731
-0.189622
-0.233674
-0.574234
0.262000
0.392379
-0.223963
0.098119
-0.789340
-0.209341
-0.014945
-0.098683
0.650295
0.080022
0.119196
-0.194706
-0.107731
-0.189622
-0.233674
-0.574234
0.262000
0.392379
-0.223963
0.098119
-0.789340
-0.209341
-0.014945
-0.098683
0.650295
0.080022
0.119196
-0.194706
-0.107731
-0.189622
-0.233674
-0.574234
0.262000
0.392379
-0.223963
0.098119
-0.789340
-0.209341
-0.014945
-0.098683
0.650295
0.080022
0.119196
-0.194706
-0.107731
-0.189622
-0.233674
-0.574234
0.262000
0.392379
-0.223963
0.098119
-0.789340
-0.209341
-0.014945
-0.098683
0.650295
0.080022
0.119196
-0.194706
-0.107731
-0.189622
-0.233674
-0.574234
0.262000
0.392379
-0.223963
0.098119
-0.789340
-0.209341
-0.014945
-0.098683
0.650295
0.080022
0.119196
-0.194706
-0.107731
-0.189622
-0.233674
-0.574234
0.262000
0.392379
-0.223963
0.098119
-0.789340
-0.209341
-0.014945
-0.098683
0.650295
0.080022
0.119196
-0.194706
-0.107731
-0.189622
-0.233674
-0.574234
0.262000
