8.932102
2.243085
-18.871403
16.144211
33.411827
-13.587173
18.444206
16.451189
-19.207651
-16.482716
-24.449690
17.640944
-7.296801
19.543190
-17.526430
-8.360493
-1.396400
0.157757
5.587893
-2.780056
-4.622459
4.311339
1.654489
-6.642413
-0.529964
3.232030
4.938039
-5.311296
4.894447
0.126053
1.154529
-2.103571
3.198293
0.901704
12.313714
2.059134
-8.973621
6.212344
4.997763
1.064652
-5.154638
-1.859661
1.872552
10.078850
-3.735401
3.214475
7.356988
6.354737
-2.809915
1.107973
-230.241928
-214.917969
154.379166
491.169464
1028.405518
221.795242
-385.380035
-852.650208
133.139725
-47.234394
316.433563
1149.040894
78.846313
-230.633163
-0.416961
-1.950093
5.128722
14.572389
7.379653
-24.843372
-38.031742
-38.974743
-6.783936
45.734810
-10.163795
0.820908
14.307064
-56.576694
-9.216493
9.947519
1.680621
-2.263287
19.958731
7.337091
-23.890205
-22.060949
-61.922165
20.329670
46.196320
39.828358
-2.773319
5.488348
-49.584187
-56.042042
3.251409
15.033657
0.455136
-0.290011
182.683319
167.422180
-125.938850
-384.957062
-809.923828
-165.293320
312.316193
666.656982
-106.072990
38.308784
-261.462524
-903.625061
-61.052841
183.384979
0.452726
-0.769830
0.487918
0.538458
0.244387
-0.361803
0.072553
-0.545614
0.297097
-0.305397
0.112320
0.288933
0.252331
-0.047564
-0.261019
0.244814
0.452726
-0.769830
0.487918
0.538458
0.244387
-0.361803
0.072553
-0.545614
0.297097
-0.305397
0.112320
0.288933
0.252331
-0.047564
-0.261019
0.244814
0.452726
-0.769830
0.487918
0.538458
0.244387
-0.361803
0.072553
-0.545614
0.297097
-0.305397
0.112320
0.288933
0.252331
-0.047564
-0.261019
0.244814
0.452726
-0.769830
0.487918
0.538458
0.244387
-0.361803
0.072553
-0.545614
0.297097
-0.305397
0.112320
0.288933
0.252331
-0.047564
-0.261019
0.244814
0.452726
-0.769830
0.487918
0.538458
0.244387
-0.361803
0.072553
-0.545614
0.297097
-0.305397
0.112320
0.288933
0.252331
-0.047564
-0.261019
0.244814
0.452726
-0.769830
0.487918
0.538458
0.244387
-0.361803
0.072553
-0.545614
0.297097
-0.305397
0.112320
0.288933
0.252331
-0.047564
-0.261019
0.244814
0.452726
-0.769830
0.487918
0.538458
0.244387
-0.361803
0.072553
-0.545614
0.297097
-0.305397
0.112320
0.288933
0.252331
-0.047564
-0.261019
0.244814
0.452726
-0.769830
0.487918
0.538458
0.244387
-0.361803
0.072553
-0.545614
0.297097
-0.305397
0.112320
0.288933
0.252331
-0.047564
-0.261019
0.244814
0.452726
-0.769830
0.487918
0.538458
0.244387
-0.361803
0.072553
-0.545614
0.297097
-0.305397
0.112320
0.288933
0.252331
-0.047564
-0.261019
0.244814
0.452726
-0.769830
0.487918
0.538458
0.244387
-0.361803
0.072553
-0.545614
0.297097
-0.305397
0.112320
0.288933
0.252331
-0.047564
-0.261019
0.244814
0.452726
-0.769830
0.487918
0.538458
0.244387
-0.361803
0.072553
-0.545614
0.297097
-0.305397
0.112320
0.288933
0.252331
-0.047564
-0.261019
0.244814
0.452726
-0.769830
0.487918
0.538458
0.244387
-0.361803
0.072553
-0.545614
0.297097
-0.305397
0.112320
0.288933
0.252331
-0.047564
-0.261019
0.244814
0.452726
-0.769830
0.487918
0.538458
0.244387
-0.361803
0.072553
-0.545614
0.297097
-0.305397
0.112320
0.288933
0.252331
-0.047564
-0.261019
0.244814
