-5.634120
3.648713
5.125928
-21.557255
13.599648
-8.678790
-11.759492
6.223837
-26.313890
-35.437222
-38.400040
21.526272
-7.018753
9.071142
-22.126308
-23.349037
-0.732361
1.308241
-2.646940
6.512906
-7.518642
0.767838
1.722393
3.005952
4.775108
15.167216
19.497997
-2.403557
5.522221
1.190699
3.826881
11.097684
1.517113
-0.572783
6.249389
-5.265054
-6.954423
1.006066
-3.057120
-1.809666
2.571604
3.237339
6.011982
-1.421881
-1.368480
-3.962110
1.603648
3.452573
-2.046633
-0.591401
156.293472
-172.591766
-392.901154
156.573593
-165.204880
976.822449
697.715759
-317.530762
61.201538
84.982674
-929.520874
312.110138
192.373474
86.711342
0.685267
1.814806
4.177700
-7.070524
5.417692
-0.298920
-1.411661
-3.330844
-4.475365
-10.781736
-16.835047
0.888526
-4.997078
-0.242370
-5.364953
-9.484190
-0.411085
0.993978
-153.668228
169.935287
387.602020
-147.968475
162.223404
-959.511902
-684.501160
310.724518
-58.895332
-82.249985
909.724976
-308.487030
-190.314468
-83.570206
0.315681
0.256724
0.304890
0.881990
-0.635030
-0.633338
-0.255328
0.034284
0.251347
-0.613245
0.544479
0.267921
0.166011
0.660035
0.576443
-0.072383
0.315681
0.256724
0.304890
0.881990
-0.635030
-0.633338
-0.255328
0.034284
0.251347
-0.613245
0.544479
0.267921
0.166011
0.660035
0.576443
-0.072383
0.315681
0.256724
0.304890
0.881990
-0.635030
-0.633338
-0.255328
0.034284
0.251347
-0.613245
0.544479
0.267921
0.166011
0.660035
0.576443
-0.072383
0.315681
0.256724
0.304890
0.881990
-0.635030
-0.633338
-0.255328
0.034284
0.251347
-0.613245
0.544479
0.267921
0.166011
0.660035
0.576443
-0.072383
0.315681
0.256724
0.304890
0.881990
-0.635030
-0.633338
-0.255328
0.034284
0.251347
-0.613245
0.544479
0.267921
0.166011
0.660035
0.576443
-0.072383
0.315681
0.256724
0.304890
0.881990
-0.635030
-0.633338
-0.255328
0.034284
0.251347
-0.613245
0.544479
0.267921
0.166011
0.660035
0.576443
-0.072383
0.315681
0.256724
0.304890
0.881990
-0.635030
-0.633338
-0.255328
0.034284
0.251347
-0.613245
0.544479
0.267921
0.166011
0.660035
0.576443
-0.072383
0.315681
0.256724
0.304890
0.881990
-0.635030
-0.633338
-0.255328
0.034284
0.251347
-0.613245
0.544479
0.267921
0.166011
0.660035
0.576443
-0.072383
0.315681
0.256724
0.304890
0.881990
-0.635030
-0.633338
-0.255328
0.034284
0.251347
-0.613245
0.544479
0.267921
0.166011
0.660035
0.576443
-0.072383
0.315681
0.256724
0.304890
0.881990
-0.635030
-0.633338
-0.255328
0.034284
0.251347
-0.613245
0.544479
0.267921
0.166011
0.660035
0.576443
-0.072383
0.315681
0.256724
0.304890
0.881990
-0.635030
-0.633338
-0.255328
0.034284
0.251347
-0.613245
0.544479
0.267921
0.166011
0.660035
0.576443
-0.072383
0.315681
0.256724
0.304890
0.881990
-0.635030
-0.633338
-0.255328
0.034284
0.251347
-0.613245
0.544479
0.267921
0.166011
0.660035
0.576443
-0.072383
0.315681
0.256724
0.304890
0.881990
-0.635030
-0.633338
-0.255328
0.034284
0.251347
-0.613245
0.544479
0.267921
0.166011
0.660035
0.576443
-0.072383
0.315681
0.256724
0.304890
0.881990
-0.635030
-0.633338
-0.255328
0.034284
0.251347
-0.613245
0.544479
0.267921
0.166011
0.660035
0.576443
-0.072383
