-2.549186
1.582144
1848.195679
2681.840576
261.574280
1625.986450
-416.800873
64.036903
2804.996338
35.427692
-1129.495850
-4732.367676
1068.649536
-436.208710
4452.635254
-1020.321472
2.270754
3.161443
24.005100
-20.227184
4.811233
14.454232
-1.598715
-3.021323
-22.373436
6.551389
-8.849521
61.677284
-7.798635
12.347070
26.658604
22.657944
-0.086695
-2.010284
-9.225462
9.004452
-0.775352
-2.812949
0.370392
1.816415
7.127433
-5.651485
0.084811
-21.553448
1.820674
-5.581493
-8.744029
-6.201081
-1.133200
-2.243501
-557.272522
-987.776001
-41.507988
-568.902161
146.018600
-5.090874
-969.439453
-98.975464
245.127701
1672.184570
-378.371033
117.499748
-1573.794922
214.882202
-1.747420
0.312948
-131.587967
-106.197739
-38.809055
-79.507919
17.405592
-10.618831
-143.003311
44.007298
129.788559
221.429779
-45.267696
42.679188
-207.752945
120.196442
0.813494
-1.383566
-171.706055
-135.651947
-47.938190
-99.756905
30.156691
-10.916023
-181.371552
48.906570
161.840195
286.664124
-66.985916
48.333130
-266.130890
150.365494
1.266823
-1.581792
-465.109436
-856.515808
-23.307417
-494.647430
125.905891
-10.067020
-834.419128
-104.755653
180.947510
1447.971924
-335.823547
92.230148
-1359.850586
160.240723
0.100441
-0.322995
-0.938672
-0.868463
0.320301
0.296093
1.103628
0.354016
0.082893
-0.167126
-0.227037
1.074045
0.089959
-0.328263
-0.831196
-0.312404
0.100441
-0.322995
-0.938672
-0.868463
0.320301
0.296093
1.103628
0.354016
0.082893
-0.167126
-0.227037
1.074045
0.089959
-0.328263
-0.831196
-0.312404
0.100441
-0.322995
-0.938672
-0.868463
0.320301
0.296093
1.103628
0.354016
0.082893
-0.167126
-0.227037
1.074045
0.089959
-0.328263
-0.831196
-0.312404
0.100441
-0.322995
-0.938672
-0.868463
0.320301
0.296093
1.103628
0.354016
0.082893
-0.167126
-0.227037
1.074045
0.089959
-0.328263
-0.831196
-0.312404
0.100441
-0.322995
-0.938672
-0.868463
0.320301
0.296093
1.103628
0.354016
0.082893
-0.167126
-0.227037
1.074045
0.089959
-0.328263
-0.831196
-0.312404
0.100441
-0.322995
-0.938672
-0.868463
0.320301
0.296093
1.103628
0.354016
0.082893
-0.167126
-0.227037
1.074045
0.089959
-0.328263
-0.831196
-0.312404
0.100441
-0.322995
-0.938672
-0.868463
0.320301
0.296093
1.103628
0.354016
0.082893
-0.167126
-0.227037
1.074045
0.089959
-0.328263
-0.831196
-0.312404
0.100441
-0.322995
-0.938672
-0.868463
0.320301
0.296093
1.103628
0.354016
0.082893
-0.167126
-0.227037
1.074045
0.089959
-0.328263
-0.831196
-0.312404
0.100441
-0.322995
-0.938672
-0.868463
0.320301
0.296093
1.103628
0.354016
0.082893
-0.167126
-0.227037
1.074045
0.089959
-0.328263
-0.831196
-0.312404
0.100441
-0.322995
-0.938672
-0.868463
0.320301
0.296093
1.103628
0.354016
0.082893
-0.167126
-0.227037
1.074045
0.089959
-0.328263
-0.831196
-0.312404
0.100441
-0.322995
-0.938672
-0.868463
0.320301
0.296093
1.103628
0.354016
0.082893
-0.167126
-0.227037
1.074045
0.089959
-0.328263
-0.831196
-0.312404
0.100441
-0.322995
-0.938672
-0.868463
0.320301
0.296093
1.103628
0.354016
0.082893
-0.167126
-0.227037
1.074045
0.089959
-0.328263
-0.831196
-0.312404
0.100441
-0.322995
-0.938672
-0.868463
0.320301
0.296093
1.103628
0.354016
0.082893
-0.167126
-0.227037
1.074045
0.089959
-0.328263
-0.831196
-0.312404
