0.308920
-0.169907
-12.749205
-0.770531
22.489460
5.996085
-10.100503
-3.136339
5.014988
-15.147623
-12.672998
-5.328858
-8.192833
7.605772
-6.349187
-7.141653
8.731777
22.874727
-39.096268
27.486341
19.859888
-23.838034
-13.593426
-17.294767
15.871660
6.054697
-9.595818
22.556232
-15.619008
-9.386478
14.076858
12.455368
1.058426
-0.986724
-6.566764
-3.882357
6.110081
7.050905
-3.256008
5.621668
1.722070
-4.010632
-6.459157
-2.590168
-6.446768
-1.216602
-0.032474
-2.432900
3.996556
3.730170
-69.944199
252.622955
-11.589100
-215.252838
883.359985
-1229.925049
-1131.331543
-228.999374
-376.273773
-112.044281
1033.983276
-470.644409
221.536697
1.522358
-0.363612
1.080308
5.633624
2.259735
-6.543365
-4.483383
2.439953
-3.654839
-2.698172
3.170635
5.737800
2.134056
6.340945
0.852790
-0.098757
1.442553
-0.652736
0.591116
35.526493
-124.252571
6.856266
106.797318
-433.958862
611.771301
560.950684
107.689011
188.394104
56.332500
-511.076599
237.842865
-109.178123
-2.895594
3.350383
0.982602
1.881255
-10.360250
2.018867
13.067842
-40.353905
59.774895
54.214031
11.893950
15.044634
4.354537
-48.109989
20.184801
-10.131212
-2.765420
-0.787254
0.555006
1.591756
-11.478978
-1.046458
12.085864
-45.679104
65.918549
57.041508
15.547244
20.713253
8.974134
-56.782860
22.101070
-11.900581
3.501702
-4.568953
-4.977656
12.656319
-44.712845
2.968722
39.269638
-157.058640
223.664551
204.872162
38.201920
68.705902
19.097324
-184.634537
87.741226
-39.972378
0.530082
1.028789
-0.291710
0.058524
0.342843
-0.071546
-0.371786
-0.235456
0.186330
-0.013613
-0.350638
-0.727056
0.055781
-0.357670
0.552019
0.619281
-0.275138
1.028789
-0.291710
0.058524
0.342843
-0.071546
-0.371786
-0.235456
0.186330
-0.013613
-0.350638
-0.727056
0.055781
-0.357670
0.552019
0.619281
-0.275138
1.028789
-0.291710
0.058524
0.342843
-0.071546
-0.371786
-0.235456
0.186330
-0.013613
-0.350638
-0.727056
0.055781
-0.357670
0.552019
0.619281
-0.275138
1.028789
-0.291710
0.058524
0.342843
-0.071546
-0.371786
-0.235456
0.186330
-0.013613
-0.350638
-0.727056
0.055781
-0.357670
0.552019
0.619281
-0.275138
1.028789
-0.291710
0.058524
0.342843
-0.071546
-0.371786
-0.235456
0.186330
-0.013613
-0.350638
-0.727056
0.055781
-0.357670
0.552019
0.619281
-0.275138
1.028789
-0.291710
0.058524
0.342843
-0.071546
-0.371786
-0.235456
0.186330
-0.013613
-0.350638
-0.727056
0.055781
-0.357670
0.552019
0.619281
-0.275138
1.028789
-0.291710
0.058524
0.342843
-0.071546
-0.371786
-0.235456
0.186330
-0.013613
-0.350638
-0.727056
0.055781
-0.357670
0.552019
0.619281
-0.275138
1.028789
-0.291710
0.058524
0.342843
-0.071546
-0.371786
-0.235456
0.186330
-0.013613
-0.350638
-0.727056
0.055781
-0.357670
0.552019
0.619281
-0.275138
1.028789
-0.291710
0.058524
0.342843
-0.071546
-0.371786
-0.235456
0.186330
-0.013613
-0.350638
-0.727056
0.055781
-0.357670
0.552019
0.619281
-0.275138
1.028789
-0.291710
0.058524
0.342843
-0.071546
-0.371786
-0.235456
0.186330
-0.013613
-0.350638
-0.727056
0.055781
-0.357670
0.552019
0.619281
-0.275138
1.028789
-0.291710
0.058524
0.342843
-0.071546
-0.371786
-0.235456
0.186330
-0.013613
-0.350638
-0.727056
0.055781
-0.357670
0.552019
0.619281
-0.275138
