-2.310910
1.430931
-3.144239
4.285079
3.833639
-6.002336
4.772200
1.874900
-3.631829
0.352539
-0.532734
6.880610
2.993904
6.930249
-2.602074
-0.700419
-0.165650
18.018261
38.835407
-31.957384
-27.336863
17.464281
9.918189
26.168352
-11.784928
-8.325753
19.353785
-20.989067
17.474854
12.291147
-5.920900
-12.289965
1.133475
2.356408
4.965425
17.138176
0.233190
-22.675800
-0.675132
2.482202
-15.218133
-2.044798
0.316118
17.289146
3.435305
0.916973
0.681898
10.724326
1.689208
-1.623025
2.093783
-5.770881
-3.942748
4.946212
-3.246132
-0.558654
2.151781
2.090881
0.733509
-6.726396
-1.466932
-4.404810
2.142029
1.495937
2.463163
3.258894
-90.609612
231.081711
-36.594723
-162.209091
665.083252
-1347.823364
-1086.691162
-41.364101
-371.181305
-71.917084
924.980774
-629.090942
218.982788
-43.970135
-1.619601
-1.158789
8.442268
-8.922936
-0.599117
8.047422
-32.366974
67.199524
52.402428
-1.293588
18.393778
2.828874
-45.500843
28.755569
-13.641576
-3.086484
-1.058200
-3.616572
47.686844
-134.983093
22.965626
95.194862
-376.550507
753.432068
615.344727
27.934000
207.902893
41.307972
-521.291992
352.325958
-120.941505
25.710794
-2.192336
3.278593
16.336214
-27.820110
3.868209
20.181248
-94.400925
191.282196
152.529221
10.413823
54.237839
10.253156
-131.416138
85.455391
-31.927576
7.288177
1.433576
-1.185580
-0.232910
-12.066828
2.111628
7.416673
-29.422066
54.838505
47.247883
1.411994
15.030289
2.717163
-40.317581
24.260178
-10.993791
2.928413
-0.347412
0.645112
-0.191797
0.124573
0.009350
0.167098
-0.522809
-0.307029
-0.323591
-0.190580
0.185486
0.275150
0.091639
-0.001932
0.358077
0.163611
-0.347412
0.645112
-0.191797
0.124573
0.009350
0.167098
-0.522809
-0.307029
-0.323591
-0.190580
0.185486
0.275150
0.091639
-0.001932
0.358077
0.163611
-0.347412
0.645112
-0.191797
0.124573
0.009350
0.167098
-0.522809
-0.307029
-0.323591
-0.190580
0.185486
0.275150
0.091639
-0.001932
0.358077
0.163611
-0.347412
0.645112
-0.191797
0.124573
0.009350
0.167098
-0.522809
-0.307029
-0.323591
-0.190580
0.185486
0.275150
0.091639
-0.001932
0.358077
0.163611
-0.347412
0.645112
-0.191797
0.124573
0.009350
0.167098
-0.522809
-0.307029
-0.323591
-0.190580
0.185486
0.275150
0.091639
-0.001932
0.358077
0.163611
-0.347412
0.645112
-0.191797
0.124573
0.009350
0.167098
-0.522809
-0.307029
-0.323591
-0.190580
0.185486
0.275150
0.091639
-0.001932
0.358077
0.163611
-0.347412
0.645112
-0.191797
0.124573
0.009350
0.167098
-0.522809
-0.307029
-0.323591
-0.190580
0.185486
0.275150
0.091639
-0.001932
0.358077
0.163611
-0.347412
0.645112
-0.191797
0.124573
0.009350
0.167098
-0.522809
-0.307029
-0.323591
-0.190580
0.185486
0.275150
0.091639
-0.001932
0.358077
0.163611
-0.347412
0.645112
-0.191797
0.124573
0.009350
0.167098
-0.522809
-0.307029
-0.323591
-0.190580
0.185486
0.275150
0.091639
-0.001932
0.358077
0.163611
-0.347412
0.645112
-0.191797
0.124573
0.009350
0.167098
-0.522809
-0.307029
-0.323591
-0.190580
0.185486
0.275150
0.091639
-0.001932
0.358077
0.163611
-0.347412
0.645112
-0.191797
0.124573
0.009350
0.167098
-0.522809
-0.307029
-0.323591
-0.190580
0.185486
0.275150
0.091639
-0.001932
0.358077
0.163611
