2.239154
2.310068
2.088586
-14.357861
-7.471757
21.538498
1.372173
-0.421630
10.692197
4.080575
5.648702
-14.753779
-1.949040
-5.190886
1.557316
-6.756417
-2.170444
1.938603
-295.731201
96.982300
294.530487
30.474903
1496.778931
-118.316231
-736.271667
-815.358948
-240.843887
-400.465698
1125.175171
509.777802
104.774590
-179.819336
-0.726714
-0.552876
154.882034
-57.786396
-156.290665
-7.842896
-791.338013
81.115128
399.334381
424.401947
129.136246
201.865219
-597.789307
-261.781128
-53.418839
95.019295
0.598807
-0.774018
14.720394
-4.357885
-13.077355
-2.029930
-62.336689
1.313160
28.336691
34.917992
5.406338
18.881094
-44.708267
-24.922989
-7.196684
4.976876
1.830642
1.263180
16.816591
1.155756
-16.121696
-8.016530
-85.074127
-8.847519
34.393772
56.443214
10.499287
27.595095
-61.544781
-41.244320
-7.677176
9.324569
0.444196
-0.867335
47.578651
-22.349379
-47.536518
-0.541115
-239.462845
42.371445
128.083176
122.440125
45.902248
65.009598
-190.850891
-62.782677
-13.988922
32.655327
0.312068
-0.041020
0.126353
0.305898
-0.072970
0.148251
-0.415513
-0.608828
-0.475246
-0.151946
0.379932
0.064145
-0.256809
-0.457874
0.071866
-0.541923
0.312068
-0.041020
0.126353
0.305898
-0.072970
0.148251
-0.415513
-0.608828
-0.475246
-0.151946
0.379932
0.064145
-0.256809
-0.457874
0.071866
-0.541923
0.312068
-0.041020
0.126353
0.305898
-0.072970
0.148251
-0.415513
-0.608828
-0.475246
-0.151946
0.379932
0.064145
-0.256809
-0.457874
0.071866
-0.541923
0.312068
-0.041020
0.126353
0.305898
-0.072970
0.148251
-0.415513
-0.608828
-0.475246
-0.151946
0.379932
0.064145
-0.256809
-0.457874
0.071866
-0.541923
0.312068
-0.041020
0.126353
0.305898
-0.072970
0.148251
-0.415513
-0.608828
-0.475246
-0.151946
0.379932
0.064145
-0.256809
-0.457874
0.071866
-0.541923
0.312068
-0.041020
0.126353
0.305898
-0.072970
0.148251
-0.415513
-0.608828
-0.475246
-0.151946
0.379932
0.064145
-0.256809
-0.457874
0.071866
-0.541923
0.312068
-0.041020
0.126353
0.305898
-0.072970
0.148251
-0.415513
-0.608828
-0.475246
-0.151946
0.379932
0.064145
-0.256809
-0.457874
0.071866
-0.541923
0.312068
-0.041020
0.126353
0.305898
-0.072970
0.148251
-0.415513
-0.608828
-0.475246
-0.151946
0.379932
0.064145
-0.256809
-0.457874
0.071866
-0.541923
0.312068
-0.041020
0.126353
0.305898
-0.072970
0.148251
-0.415513
-0.608828
-0.475246
-0.151946
0.379932
0.064145
-0.256809
-0.457874
0.071866
-0.541923
0.312068
-0.041020
0.126353
0.305898
-0.072970
0.148251
-0.415513
-0.608828
-0.475246
-0.151946
0.379932
0.064145
-0.256809
-0.457874
0.071866
-0.541923
0.312068
-0.041020
0.126353
0.305898
-0.072970
0.148251
-0.415513
-0.608828
-0.475246
-0.151946
0.379932
0.064145
-0.256809
-0.457874
0.071866
-0.541923
0.312068
-0.041020
0.126353
0.305898
-0.072970
0.148251
-0.415513
-0.608828
-0.475246
-0.151946
0.379932
0.064145
-0.256809
-0.457874
0.071866
-0.541923
0.312068
-0.041020
0.126353
0.305898
-0.072970
0.148251
-0.415513
-0.608828
-0.475246
-0.151946
0.379932
0.064145
-0.256809
-0.457874
0.071866
-0.541923
0.312068
-0.041020
0.126353
0.305898
-0.072970
0.148251
-0.415513
-0.608828
-0.475246
-0.151946
0.379932
0.064145
-0.256809
-0.457874
0.071866
-0.541923
