-0.544562
3.515667
-18.322033
0.193887
21.504103
3.078994
-3.055446
-3.903174
7.086647
-14.315472
-16.444244
-5.959860
-3.053264
6.545890
-9.486399
-5.878917
-0.859604
0.686990
9.793416
-0.583790
-6.441446
7.131507
8.343917
-1.726881
-3.124690
-1.647335
7.699454
7.278572
-4.530131
6.521220
9.612723
2.857937
-3.148983
-0.917586
-222.196823
-776.581360
-527.031250
706.095764
914.624451
441.685425
306.237396
-171.325134
466.567810
318.681305
115.378525
66.304176
412.667053
-946.654907
2.531200
-0.416212
71.080780
263.539337
177.085831
-234.333405
-304.015717
-160.193420
-113.695374
65.617645
-152.116455
-101.216774
-37.585979
-24.106644
-138.169052
318.387054
0.455637
-2.221240
13.151112
40.381023
27.487736
-42.716919
-54.716682
-23.049690
-13.726105
12.265067
-31.586407
-16.288761
-4.441056
-1.084768
-22.445307
59.373936
2.111497
-1.748918
11.156166
39.489086
23.912561
-40.370842
-54.554188
-21.777227
-16.316368
15.830777
-29.147751
-13.623201
-5.045871
-2.122782
-17.998404
55.998844
-0.295055
1.877160
69.845184
243.032837
166.957718
-222.309540
-280.298340
-129.761490
-87.867531
40.795990
-142.479675
-106.009529
-38.504757
-19.674839
-126.647858
285.717407
0.016957
-0.483065
0.507889
0.136321
-0.188342
0.165785
-0.245691
-0.779551
-0.348650
-0.232000
0.311394
0.383580
0.203586
0.080047
-0.658106
0.548498
0.016957
-0.483065
0.507889
0.136321
-0.188342
0.165785
-0.245691
-0.779551
-0.348650
-0.232000
0.311394
0.383580
0.203586
0.080047
-0.658106
0.548498
0.016957
-0.483065
0.507889
0.136321
-0.188342
0.165785
-0.245691
-0.779551
-0.348650
-0.232000
0.311394
0.383580
0.203586
0.080047
-0.658106
0.548498
0.016957
-0.483065
0.507889
0.136321
-0.188342
0.165785
-0.245691
-0.779551
-0.348650
-0.232000
0.311394
0.383580
0.203586
0.080047
-0.658106
0.548498
0.016957
-0.483065
0.507889
0.136321
-0.188342
0.165785
-0.245691
-0.779551
-0.348650
-0.232000
0.311394
0.383580
0.203586
0.080047
-0.658106
0.548498
0.016957
-0.483065
0.507889
0.136321
-0.188342
0.165785
-0.245691
-0.779551
-0.348650
-0.232000
0.311394
0.383580
0.203586
0.080047
-0.658106
0.548498
0.016957
-0.483065
0.507889
0.136321
-0.188342
0.165785
-0.245691
-0.779551
-0.348650
-0.232000
0.311394
0.383580
0.203586
0.080047
-0.658106
0.548498
0.016957
-0.483065
0.507889
0.136321
-0.188342
0.165785
-0.245691
-0.779551
-0.348650
-0.232000
0.311394
0.383580
0.203586
0.080047
-0.658106
0.548498
0.016957
-0.483065
0.507889
0.136321
-0.188342
0.165785
-0.245691
-0.779551
-0.348650
-0.232000
0.311394
0.383580
0.203586
0.080047
-0.658106
0.548498
0.016957
-0.483065
0.507889
0.136321
-0.188342
0.165785
-0.245691
-0.779551
-0.348650
-0.232000
0.311394
0.383580
0.203586
0.080047
-0.658106
0.548498
0.016957
-0.483065
0.507889
0.136321
-0.188342
0.165785
-0.245691
-0.779551
-0.348650
-0.232000
0.311394
0.383580
0.203586
0.080047
-0.658106
0.548498
0.016957
-0.483065
0.507889
0.136321
-0.188342
0.165785
-0.245691
-0.779551
-0.348650
-0.232000
0.311394
0.383580
0.203586
0.080047
-0.658106
0.548498
0.016957
-0.483065
0.507889
0.136321
-0.188342
0.165785
-0.245691
-0.779551
-0.348650
-0.232000
0.311394
0.383580
0.203586
0.080047
-0.658106
0.548498
