3.490685
-1.026792
-12.138663
19.342350
-23.238632
33.533154
47.711624
-34.272888
-13.204746
-14.621538
47.965462
-28.819357
1.858551
27.100605
-1.446165
-5.771694
-1.105358
-1.858816
-9.475894
-16.741936
-12.614544
-16.554171
15.999238
39.539322
8.996740
-3.655562
7.686233
35.503563
-18.259640
-1.847036
-2.875699
-0.466623
3.605047
-2.550988
9.809506
4.696452
18.104040
18.134983
-16.293886
-29.564615
-12.159103
6.621487
-12.615241
-29.299923
13.264409
1.654565
-4.456751
3.072262
-2.839345
-0.312703
8.892163
-13.632020
9.113636
-18.670612
-21.500729
25.847172
8.192055
13.510505
-24.063545
25.789724
-7.665775
-11.945180
6.491425
1.889276
-2.891180
0.112954
627.140259
318.095795
-235.660461
-679.739807
-1014.942932
486.144562
-124.271988
148.904388
-555.769043
1.218410
-263.324127
62.781887
351.621918
856.680176
2.702395
0.713302
-235.806290
-118.810829
89.984413
257.286591
385.694244
-190.583282
46.035660
-59.094982
211.102921
-2.843062
103.050034
-22.725464
-137.671677
-321.450226
1.973031
-2.377129
-34.422234
-18.814800
11.919784
36.717289
54.614037
-20.344763
4.048261
-7.216917
28.486774
3.747619
12.858942
-3.231835
-16.726103
-48.024048
-0.272512
-0.335884
-34.421387
-21.945343
13.920600
38.808968
59.428009
-27.695862
9.126135
-10.836164
32.867065
1.510075
16.618153
-1.063487
-16.969810
-55.386021
-0.508091
0.330467
-171.234558
-79.981323
66.110916
179.820267
265.129852
-128.949310
32.166737
-39.094120
150.881668
-3.036898
66.863449
-19.427011
-95.899406
-224.401108
-0.551947
0.176410
-0.536606
1.060233
0.612157
-0.148144
0.527781
0.072858
0.029136
-0.673670
-0.119528
-0.300802
-0.779349
-0.097353
0.161724
0.306025
-0.551947
0.176410
-0.536606
1.060233
0.612157
-0.148144
0.527781
0.072858
0.029136
-0.673670
-0.119528
-0.300802
-0.779349
-0.097353
0.161724
0.306025
-0.551947
0.176410
-0.536606
1.060233
0.612157
-0.148144
0.527781
0.072858
0.029136
-0.673670
-0.119528
-0.300802
-0.779349
-0.097353
0.161724
0.306025
-0.551947
0.176410
-0.536606
1.060233
0.612157
-0.148144
0.527781
0.072858
0.029136
-0.673670
-0.119528
-0.300802
-0.779349
-0.097353
0.161724
0.306025
-0.551947
0.176410
-0.536606
1.060233
0.612157
-0.148144
0.527781
0.072858
0.029136
-0.673670
-0.119528
-0.300802
-0.779349
-0.097353
0.161724
0.306025
-0.551947
0.176410
-0.536606
1.060233
0.612157
-0.148144
0.527781
0.072858
0.029136
-0.673670
-0.119528
-0.300802
-0.779349
-0.097353
0.161724
0.306025
-0.551947
0.176410
-0.536606
1.060233
0.612157
-0.148144
0.527781
0.072858
0.029136
-0.673670
-0.119528
-0.300802
-0.779349
-0.097353
0.161724
0.306025
-0.551947
0.176410
-0.536606
1.060233
0.612157
-0.148144
0.527781
0.072858
0.029136
-0.673670
-0.119528
-0.300802
-0.779349
-0.097353
0.161724
0.306025
-0.551947
0.176410
-0.536606
1.060233
0.612157
-0.148144
0.527781
0.072858
0.029136
-0.673670
-0.119528
-0.300802
-0.779349
-0.097353
0.161724
0.306025
-0.551947
0.176410
-0.536606
1.060233
0.612157
-0.148144
0.527781
0.072858
0.029136
-0.673670
-0.119528
-0.300802
-0.779349
-0.097353
0.161724
0.306025
-0.551947
0.176410
-0.536606
1.060233
0.612157
-0.148144
0.527781
0.072858
0.029136
-0.673670
-0.119528
-0.300802
-0.779349
-0.097353
0.161724
0.306025
