-2.394688
1.679633
13.944815
-10.929000
-19.285202
9.831372
3.546316
0.710672
3.384219
12.814076
11.499502
-5.635806
2.100144
-0.601686
7.179092
-4.493238
-2.257890
0.019749
194.288315
467.083221
288.689697
-523.875427
-900.158875
-365.002960
-165.164352
11.437696
-320.883240
-294.487305
-197.677414
-130.425934
-278.951538
674.321777
-2.566868
0.000833
-5.828782
-21.219254
-16.552856
24.295912
33.102268
21.663137
6.936051
2.437645
13.568123
16.062887
5.704545
8.331592
15.832280
-29.486073
1.917432
-0.066834
-153.744110
-366.251923
-226.299194
410.014740
712.389954
284.544220
130.796509
-10.200252
252.770676
230.172836
154.217819
103.684692
218.242432
-526.746887
0.777235
-2.888384
-11.968736
-29.370720
-13.111642
32.062328
52.950348
16.557384
8.955134
-4.051535
16.759491
16.392220
11.714015
6.064609
8.625704
-41.458099
0.087511
-0.081011
-0.711959
-0.365964
0.280612
0.100922
-0.144356
0.077147
0.090901
-0.063226
-0.106409
0.693836
-0.301366
-0.168359
0.439066
0.334610
0.087511
-0.081011
-0.711959
-0.365964
0.280612
0.100922
-0.144356
0.077147
0.090901
-0.063226
-0.106409
0.693836
-0.301366
-0.168359
0.439066
0.334610
0.087511
-0.081011
-0.711959
-0.365964
0.280612
0.100922
-0.144356
0.077147
0.090901
-0.063226
-0.106409
0.693836
-0.301366
-0.168359
0.439066
0.334610
0.087511
-0.081011
-0.711959
-0.365964
0.280612
0.100922
-0.144356
0.077147
0.090901
-0.063226
-0.106409
0.693836
-0.301366
-0.168359
0.439066
0.334610
0.087511
-0.081011
-0.711959
-0.365964
0.280612
0.100922
-0.144356
0.077147
0.090901
-0.063226
-0.106409
0.693836
-0.301366
-0.168359
0.439066
0.334610
0.087511
-0.081011
-0.711959
-0.365964
0.280612
0.100922
-0.144356
0.077147
0.090901
-0.063226
-0.106409
0.693836
-0.301366
-0.168359
0.439066
0.334610
0.087511
-0.081011
-0.711959
-0.365964
0.280612
0.100922
-0.144356
0.077147
0.090901
-0.063226
-0.106409
0.693836
-0.301366
-0.168359
0.439066
0.334610
0.087511
-0.081011
-0.711959
-0.365964
0.280612
0.100922
-0.144356
0.077147
0.090901
-0.063226
-0.106409
0.693836
-0.301366
-0.168359
0.439066
0.334610
0.087511
-0.081011
-0.711959
-0.365964
0.280612
0.100922
-0.144356
0.077147
0.090901
-0.063226
-0.106409
0.693836
-0.301366
-0.168359
0.439066
0.334610
0.087511
-0.081011
-0.711959
-0.365964
0.280612
0.100922
-0.144356
0.077147
0.090901
-0.063226
-0.106409
0.693836
-0.301366
-0.168359
0.439066
0.334610
0.087511
-0.081011
-0.711959
-0.365964
0.280612
0.100922
-0.144356
0.077147
0.090901
-0.063226
-0.106409
0.693836
-0.301366
-0.168359
0.439066
0.334610
0.087511
-0.081011
-0.711959
-0.365964
0.280612
0.100922
-0.144356
0.077147
0.090901
-0.063226
-0.106409
0.693836
-0.301366
-0.168359
0.439066
0.334610
0.087511
-0.081011
-0.711959
-0.365964
0.280612
0.100922
-0.144356
0.077147
0.090901
-0.063226
-0.106409
0.693836
-0.301366
-0.168359
0.439066
0.334610
0.087511
-0.081011
-0.711959
-0.365964
0.280612
0.100922
-0.144356
0.077147
0.090901
-0.063226
-0.106409
0.693836
-0.301366
-0.168359
0.439066
0.334610
0.087511
-0.081011
-0.711959
-0.365964
0.280612
0.100922
-0.144356
0.077147
0.090901
-0.063226
-0.106409
0.693836
-0.301366
-0.168359
0.439066
0.334610
