-0.238240
1.350028
-140.502609
-95.745361
654.554871
365.826294
361.456146
222.670959
-555.622864
-11.236363
-891.044006
155.371475
299.364349
196.436691
-944.422302
-846.459534
2.266790
-4.626198
-13.956122
29.838280
-17.965626
14.977303
26.501993
5.801230
-17.976202
-15.057294
-6.222112
4.095342
24.134840
-13.781958
9.834652
7.684753
-0.176635
-0.292301
-1.185874
-4.143916
0.616393
-3.389488
-3.908581
2.604921
3.825305
0.955055
-1.013934
-0.517255
-1.078095
3.109624
-1.926985
-0.673524
1.362176
-1.853275
9.364152
-2.568744
-8.244255
9.927975
8.299341
2.993778
-2.658673
-0.415244
1.352943
5.623800
-4.929938
3.352648
5.009223
4.628970
-0.243052
0.228409
-7.228952
-1.098008
6.573020
4.702235
-2.348161
5.988451
1.260898
-6.146495
-6.406230
2.333853
-6.220831
1.249542
1.465910
-3.806460
-0.097708
-0.157870
1.220553
4.383923
-0.839074
2.237856
3.379362
-2.410250
-2.980600
-0.452163
1.426906
0.739061
0.931775
-3.011012
1.802629
0.733134
-0.164376
-1.853641
131.110611
84.401703
-578.665405
-319.069397
-310.426544
-180.644745
483.834656
3.564018
775.403259
-135.754730
-262.359558
-167.247650
832.033203
736.830078
0.904310
0.041840
-1.794512
8.805835
-8.219038
-32.810692
-3.667351
-22.432655
19.262020
20.243933
33.832417
22.342161
-2.410859
-19.291479
-0.089784
58.731026
-0.059424
0.033603
0.309517
-0.057916
-0.507900
0.503792
0.006281
0.315741
-0.108457
-0.540764
-0.128685
0.067659
0.433289
0.147650
-0.402452
-0.496321
-0.059424
0.033603
0.309517
-0.057916
-0.507900
0.503792
0.006281
0.315741
-0.108457
-0.540764
-0.128685
0.067659
0.433289
0.147650
-0.402452
-0.496321
-0.059424
0.033603
0.309517
-0.057916
-0.507900
0.503792
0.006281
0.315741
-0.108457
-0.540764
-0.128685
0.067659
0.433289
0.147650
-0.402452
-0.496321
-0.059424
0.033603
0.309517
-0.057916
-0.507900
0.503792
0.006281
0.315741
-0.108457
-0.540764
-0.128685
0.067659
0.433289
0.147650
-0.402452
-0.496321
-0.059424
0.033603
0.309517
-0.057916
-0.507900
0.503792
0.006281
0.315741
-0.108457
-0.540764
-0.128685
0.067659
0.433289
0.147650
-0.402452
-0.496321
-0.059424
0.033603
0.309517
-0.057916
-0.507900
0.503792
0.006281
0.315741
-0.108457
-0.540764
-0.128685
0.067659
0.433289
0.147650
-0.402452
-0.496321
-0.059424
0.033603
0.309517
-0.057916
-0.507900
0.503792
0.006281
0.315741
-0.108457
-0.540764
-0.128685
0.067659
0.433289
0.147650
-0.402452
-0.496321
-0.059424
0.033603
0.309517
-0.057916
-0.507900
0.503792
0.006281
0.315741
-0.108457
-0.540764
-0.128685
0.067659
0.433289
0.147650
-0.402452
-0.496321
-0.059424
0.033603
0.309517
-0.057916
-0.507900
0.503792
0.006281
0.315741
-0.108457
-0.540764
-0.128685
0.067659
0.433289
0.147650
-0.402452
-0.496321
-0.059424
0.033603
0.309517
-0.057916
-0.507900
0.503792
0.006281
0.315741
-0.108457
-0.540764
-0.128685
0.067659
0.433289
0.147650
-0.402452
-0.496321
-0.059424
0.033603
0.309517
-0.057916
-0.507900
0.503792
0.006281
0.315741
-0.108457
-0.540764
-0.128685
0.067659
0.433289
0.147650
-0.402452
-0.496321
-0.059424
0.033603
0.309517
-0.057916
-0.507900
0.503792
0.006281
0.315741
-0.108457
-0.540764
-0.128685
0.067659
0.433289
0.147650
-0.402452
-0.496321
