2.015135
-2.069015
-5.427449
4.615435
5.161402
-7.906173
-7.835367
1.251143
4.289246
0.089757
-5.482494
-2.636676
3.048390
-7.287753
-10.103648
-1.640700
1.541019
-0.161287
-67.608566
124.221100
617.988647
-472.107086
318.924469
-213.709854
-249.311462
598.831604
-255.334183
836.730408
356.555939
-378.376617
-1080.422729
486.089478
-1.189362
2.394584
4.633373
-2.425626
-28.061789
16.568274
-14.846109
11.427883
9.784913
-27.310766
15.289913
-35.376266
-16.573524
16.373718
44.116680
-19.911369
-1.694603
-0.085938
32.342506
-57.633659
-290.863495
220.987518
-151.072800
101.836975
116.838852
-278.437225
122.869377
-391.210815
-168.605133
178.030258
508.692413
-225.485718
2.341322
2.533772
2.190607
-8.565029
-37.967113
32.319206
-19.410120
14.133828
15.645997
-43.741493
12.136777
-55.320053
-20.942949
20.869068
68.699654
-31.557175
-0.441838
-3.403266
12.887890
-25.815268
-127.629906
93.973305
-63.933147
41.831734
53.936497
-121.081207
52.789459
-169.293640
-73.563774
75.163826
222.871521
-95.510612
0.493812
-0.337208
-0.201422
-0.067894
-0.270266
-0.417358
-0.685636
0.681846
0.029041
0.221038
0.090145
0.144138
0.310252
0.568467
0.060605
-0.012833
0.493812
-0.337208
-0.201422
-0.067894
-0.270266
-0.417358
-0.685636
0.681846
0.029041
0.221038
0.090145
0.144138
0.310252
0.568467
0.060605
-0.012833
0.493812
-0.337208
-0.201422
-0.067894
-0.270266
-0.417358
-0.685636
0.681846
0.029041
0.221038
0.090145
0.144138
0.310252
0.568467
0.060605
-0.012833
0.493812
-0.337208
-0.201422
-0.067894
-0.270266
-0.417358
-0.685636
0.681846
0.029041
0.221038
0.090145
0.144138
0.310252
0.568467
0.060605
-0.012833
0.493812
-0.337208
-0.201422
-0.067894
-0.270266
-0.417358
-0.685636
0.681846
0.029041
0.221038
0.090145
0.144138
0.310252
0.568467
0.060605
-0.012833
0.493812
-0.337208
-0.201422
-0.067894
-0.270266
-0.417358
-0.685636
0.681846
0.029041
0.221038
0.090145
0.144138
0.310252
0.568467
0.060605
-0.012833
0.493812
-0.337208
-0.201422
-0.067894
-0.270266
-0.417358
-0.685636
0.681846
0.029041
0.221038
0.090145
0.144138
0.310252
0.568467
0.060605
-0.012833
0.493812
-0.337208
-0.201422
-0.067894
-0.270266
-0.417358
-0.685636
0.681846
0.029041
0.221038
0.090145
0.144138
0.310252
0.568467
0.060605
-0.012833
0.493812
-0.337208
-0.201422
-0.067894
-0.270266
-0.417358
-0.685636
0.681846
0.029041
0.221038
0.090145
0.144138
0.310252
0.568467
0.060605
-0.012833
0.493812
-0.337208
-0.201422
-0.067894
-0.270266
-0.417358
-0.685636
0.681846
0.029041
0.221038
0.090145
0.144138
0.310252
0.568467
0.060605
-0.012833
0.493812
-0.337208
-0.201422
-0.067894
-0.270266
-0.417358
-0.685636
0.681846
0.029041
0.221038
0.090145
0.144138
0.310252
0.568467
0.060605
-0.012833
0.493812
-0.337208
-0.201422
-0.067894
-0.270266
-0.417358
-0.685636
0.681846
0.029041
0.221038
0.090145
0.144138
0.310252
0.568467
0.060605
-0.012833
0.493812
-0.337208
-0.201422
-0.067894
-0.270266
-0.417358
-0.685636
0.681846
0.029041
0.221038
0.090145
0.144138
0.310252
0.568467
0.060605
-0.012833
0.493812
-0.337208
-0.201422
-0.067894
-0.270266
-0.417358
-0.685636
0.681846
0.029041
0.221038
0.090145
0.144138
0.310252
0.568467
0.060605
-0.012833
