-0.433972
1.152960
16.823544
-4.670358
-30.074821
2.719425
1.349544
3.308764
2.221532
12.339627
9.551901
-13.369596
7.663230
-8.179984
9.515115
-4.208688
0.507847
0.954301
-3.929638
-6.998196
-0.119748
8.534339
-0.491744
2.152551
1.971073
-3.100838
-2.656087
-5.987936
-4.931458
2.519507
2.882585
-3.365320
-2.632235
-0.768433
-7.704020
7.450943
4.887218
-11.275603
-8.026086
-0.080413
3.474480
-1.184704
-5.044840
-4.651040
-0.061273
-3.134043
-7.263080
-2.681142
3.265794
1.397170
-112.011200
-121.752487
499.050507
559.195007
294.789001
182.734451
-682.237366
-42.443211
-1011.806946
-172.928131
380.443268
166.609802
-651.689392
-1255.789307
0.544988
-2.680082
69.401138
65.816887
-303.039551
-314.792389
-176.939407
-100.539360
398.959900
14.028728
594.335083
80.216064
-222.929443
-89.531136
400.932861
719.638000
-1.813884
2.500453
2.582579
9.488541
-17.724796
-41.972404
-15.776286
-16.644060
37.151787
16.454212
53.741211
31.043821
-18.963423
-18.262917
13.858732
90.035339
-0.858425
4.211110
16.579662
11.539887
-79.358047
-62.968342
-46.473602
-20.015871
94.469666
-12.841484
140.145874
-2.032434
-59.435452
-12.287625
122.816086
155.697281
-0.669719
0.363483
0.823663
0.552375
-0.141266
-0.175591
-0.633826
-0.167076
-0.040883
-0.119110
0.505876
0.173367
0.148766
-0.362522
0.118069
-0.084977
-0.669719
0.363483
0.823663
0.552375
-0.141266
-0.175591
-0.633826
-0.167076
-0.040883
-0.119110
0.505876
0.173367
0.148766
-0.362522
0.118069
-0.084977
-0.669719
0.363483
0.823663
0.552375
-0.141266
-0.175591
-0.633826
-0.167076
-0.040883
-0.119110
0.505876
0.173367
0.148766
-0.362522
0.118069
-0.084977
-0.669719
0.363483
0.823663
0.552375
-0.141266
-0.175591
-0.633826
-0.167076
-0.040883
-0.119110
0.505876
0.173367
0.148766
-0.362522
0.118069
-0.084977
-0.669719
0.363483
0.823663
0.552375
-0.141266
-0.175591
-0.633826
-0.167076
-0.040883
-0.119110
0.505876
0.173367
0.148766
-0.362522
0.118069
-0.084977
-0.669719
0.363483
0.823663
0.552375
-0.141266
-0.175591
-0.633826
-0.167076
-0.040883
-0.119110
0.505876
0.173367
0.148766
-0.362522
0.118069
-0.084977
-0.669719
0.363483
0.823663
0.552375
-0.141266
-0.175591
-0.633826
-0.167076
-0.040883
-0.119110
0.505876
0.173367
0.148766
-0.362522
0.118069
-0.084977
-0.669719
0.363483
0.823663
0.552375
-0.141266
-0.175591
-0.633826
-0.167076
-0.040883
-0.119110
0.505876
0.173367
0.148766
-0.362522
0.118069
-0.084977
-0.669719
0.363483
0.823663
0.552375
-0.141266
-0.175591
-0.633826
-0.167076
-0.040883
-0.119110
0.505876
0.173367
0.148766
-0.362522
0.118069
-0.084977
-0.669719
0.363483
0.823663
0.552375
-0.141266
-0.175591
-0.633826
-0.167076
-0.040883
-0.119110
0.505876
0.173367
0.148766
-0.362522
0.118069
-0.084977
-0.669719
0.363483
0.823663
0.552375
-0.141266
-0.175591
-0.633826
-0.167076
-0.040883
-0.119110
0.505876
0.173367
0.148766
-0.362522
0.118069
-0.084977
-0.669719
0.363483
0.823663
0.552375
-0.141266
-0.175591
-0.633826
-0.167076
-0.040883
-0.119110
0.505876
0.173367
0.148766
-0.362522
0.118069
-0.084977
-0.669719
0.363483
0.823663
0.552375
-0.141266
-0.175591
-0.633826
-0.167076
-0.040883
-0.119110
0.505876
0.173367
0.148766
-0.362522
0.118069
-0.084977
