-0.009807
1.696805
13.645954
-14.856710
-18.017141
14.044669
4.701851
-0.060533
7.334245
13.217453
8.034177
-8.022846
-1.176920
-5.699800
1.459253
-1.516745
0.113443
-0.548447
-2.329584
-8.666246
1.043630
8.831173
-5.660308
1.421249
5.715711
-0.837814
-5.130437
-6.666159
-4.700417
-3.340235
2.382413
-2.126004
2.909353
1.072581
-139.612579
43.627338
703.238953
83.712914
310.152771
106.112923
-488.898621
222.815842
-864.637512
391.335205
348.033356
-73.557762
-1118.229004
-541.999695
-0.820508
-1.786263
81.976707
-30.515215
-400.219177
-33.214687
-175.968002
-54.972874
271.191162
-132.977478
481.902466
-239.253738
-193.359924
53.657578
639.199219
283.534058
-2.622018
-3.661368
5.417637
-0.304085
-26.919212
-4.530567
-13.419618
-5.293161
16.779427
-6.419889
32.101852
-8.559643
-12.486044
2.877906
42.213810
24.748844
-2.503414
-1.563464
6.650844
1.468246
-33.960220
-21.846470
-15.557616
-9.839692
33.091976
-1.985940
54.264294
-1.566012
-23.902817
-7.799528
50.794067
53.822372
-0.135801
0.995667
17.764469
-9.379915
-105.560318
9.290521
-46.316025
-3.549848
61.656052
-47.442059
112.762749
-82.995476
-45.420078
19.539093
176.893066
42.725872
-0.590219
0.036591
0.279323
0.081787
-0.280485
-0.498019
-0.253045
-0.101532
0.003122
-0.307105
0.779439
0.144443
0.363027
0.626646
0.330813
-0.150670
-0.590219
0.036591
0.279323
0.081787
-0.280485
-0.498019
-0.253045
-0.101532
0.003122
-0.307105
0.779439
0.144443
0.363027
0.626646
0.330813
-0.150670
-0.590219
0.036591
0.279323
0.081787
-0.280485
-0.498019
-0.253045
-0.101532
0.003122
-0.307105
0.779439
0.144443
0.363027
0.626646
0.330813
-0.150670
-0.590219
0.036591
0.279323
0.081787
-0.280485
-0.498019
-0.253045
-0.101532
0.003122
-0.307105
0.779439
0.144443
0.363027
0.626646
0.330813
-0.150670
-0.590219
0.036591
0.279323
0.081787
-0.280485
-0.498019
-0.253045
-0.101532
0.003122
-0.307105
0.779439
0.144443
0.363027
0.626646
0.330813
-0.150670
-0.590219
0.036591
0.279323
0.081787
-0.280485
-0.498019
-0.253045
-0.101532
0.003122
-0.307105
0.779439
0.144443
0.363027
0.626646
0.330813
-0.150670
-0.590219
0.036591
0.279323
0.081787
-0.280485
-0.498019
-0.253045
-0.101532
0.003122
-0.307105
0.779439
0.144443
0.363027
0.626646
0.330813
-0.150670
-0.590219
0.036591
0.279323
0.081787
-0.280485
-0.498019
-0.253045
-0.101532
0.003122
-0.307105
0.779439
0.144443
0.363027
0.626646
0.330813
-0.150670
-0.590219
0.036591
0.279323
0.081787
-0.280485
-0.498019
-0.253045
-0.101532
0.003122
-0.307105
0.779439
0.144443
0.363027
0.626646
0.330813
-0.150670
-0.590219
0.036591
0.279323
0.081787
-0.280485
-0.498019
-0.253045
-0.101532
0.003122
-0.307105
0.779439
0.144443
0.363027
0.626646
0.330813
-0.150670
-0.590219
0.036591
0.279323
0.081787
-0.280485
-0.498019
-0.253045
-0.101532
0.003122
-0.307105
0.779439
0.144443
0.363027
0.626646
0.330813
-0.150670
-0.590219
0.036591
0.279323
0.081787
-0.280485
-0.498019
-0.253045
-0.101532
0.003122
-0.307105
0.779439
0.144443
0.363027
0.626646
0.330813
-0.150670
-0.590219
0.036591
0.279323
0.081787
-0.280485
-0.498019
-0.253045
-0.101532
0.003122
-0.307105
0.779439
0.144443
0.363027
0.626646
0.330813
-0.150670
