0.626685
-0.702906
-23.171545
-1.006039
31.342579
1.400944
-2.883361
-0.548794
-0.702245
-11.289461
-15.978111
13.107338
-3.985991
7.869652
-1.962315
1.211551
-0.162144
0.546460
-7.188951
-5.001330
2.884955
6.652740
0.017140
4.819512
1.238244
-5.243681
-4.665942
-4.391333
-2.726210
3.982664
-0.592878
-2.309320
2.693307
1.937090
-145.413910
-61.799053
376.349548
596.823181
104.989143
268.295258
-490.238739
-192.047485
-857.268677
-424.552826
302.197632
211.429291
-305.453888
-1157.601929
1.871621
1.355749
9.781046
-4.325616
-28.135143
-25.780733
-7.707938
-9.038410
24.998079
4.033579
47.500710
10.900036
-18.088644
-13.547402
26.033813
53.139450
-0.481078
-0.447448
4.304401
-1.167897
-15.993702
-25.417067
-2.839989
-7.064173
21.094603
10.282787
37.566135
16.158693
-14.612916
-10.849181
16.082254
49.334507
-0.833702
-0.481516
74.901192
40.010937
-190.145798
-324.249359
-49.210587
-146.682297
258.524689
108.696762
449.968018
241.122299
-159.963989
-115.095970
145.981735
623.078674
-3.173178
0.115447
24.310795
14.295001
-49.817554
-103.261879
-14.722301
-47.903919
75.116348
41.895290
126.687622
84.159836
-43.389633
-36.114830
26.426527
187.291595
0.322081
-0.337241
-0.540866
-0.071856
0.322637
-0.166467
0.952702
-0.368429
0.511720
0.243143
-0.305456
0.195879
-0.750911
0.480185
0.399188
0.197767
0.322081
-0.337241
-0.540866
-0.071856
0.322637
-0.166467
0.952702
-0.368429
0.511720
0.243143
-0.305456
0.195879
-0.750911
0.480185
0.399188
0.197767
0.322081
-0.337241
-0.540866
-0.071856
0.322637
-0.166467
0.952702
-0.368429
0.511720
0.243143
-0.305456
0.195879
-0.750911
0.480185
0.399188
0.197767
0.322081
-0.337241
-0.540866
-0.071856
0.322637
-0.166467
0.952702
-0.368429
0.511720
0.243143
-0.305456
0.195879
-0.750911
0.480185
0.399188
0.197767
0.322081
-0.337241
-0.540866
-0.071856
0.322637
-0.166467
0.952702
-0.368429
0.511720
0.243143
-0.305456
0.195879
-0.750911
0.480185
0.399188
0.197767
0.322081
-0.337241
-0.540866
-0.071856
0.322637
-0.166467
0.952702
-0.368429
0.511720
0.243143
-0.305456
0.195879
-0.750911
0.480185
0.399188
0.197767
0.322081
-0.337241
-0.540866
-0.071856
0.322637
-0.166467
0.952702
-0.368429
0.511720
0.243143
-0.305456
0.195879
-0.750911
0.480185
0.399188
0.197767
0.322081
-0.337241
-0.540866
-0.071856
0.322637
-0.166467
0.952702
-0.368429
0.511720
0.243143
-0.305456
0.195879
-0.750911
0.480185
0.399188
0.197767
0.322081
-0.337241
-0.540866
-0.071856
0.322637
-0.166467
0.952702
-0.368429
0.511720
0.243143
-0.305456
0.195879
-0.750911
0.480185
0.399188
0.197767
0.322081
-0.337241
-0.540866
-0.071856
0.322637
-0.166467
0.952702
-0.368429
0.511720
0.243143
-0.305456
0.195879
-0.750911
0.480185
0.399188
0.197767
0.322081
-0.337241
-0.540866
-0.071856
0.322637
-0.166467
0.952702
-0.368429
0.511720
0.243143
-0.305456
0.195879
-0.750911
0.480185
0.399188
0.197767
0.322081
-0.337241
-0.540866
-0.071856
0.322637
-0.166467
0.952702
-0.368429
0.511720
0.243143
-0.305456
0.195879
-0.750911
0.480185
0.399188
0.197767
0.322081
-0.337241
-0.540866
-0.071856
0.322637
-0.166467
0.952702
-0.368429
0.511720
0.243143
-0.305456
0.195879
-0.750911
0.480185
0.399188
0.197767
