0.176815
0.998826
20.512035
-2.036065
-25.320103
1.798575
-0.632389
8.448977
-1.007838
13.113194
13.854386
-2.157301
11.284198
-6.499680
6.008145
-4.127617
-0.480366
-0.294674
0.395340
7.898894
0.900903
-7.066645
6.493112
-0.382937
-4.933718
-0.034427
3.657113
7.936024
3.574346
4.481342
-2.670861
2.104627
-0.283364
0.132288
-1.325661
-6.918720
-1.246755
4.602261
-5.154341
1.226056
4.487132
-2.152017
-3.347460
-7.357253
-2.067739
-3.417177
1.849523
-1.431277
2.826231
-1.602049
-212.249283
-80.395836
655.217346
460.270996
262.198730
196.764374
-603.807800
-13.358376
-985.088562
-27.772114
419.571472
134.154358
-851.630005
-1024.467896
-3.202911
3.076464
99.464111
46.096764
-305.813629
-239.167053
-122.151428
-99.124138
292.135437
23.250534
477.523438
33.909832
-199.099304
-77.263367
393.718628
517.860596
1.409744
-2.483766
13.076883
-3.601180
-44.002678
-10.552038
-20.008524
-7.716424
34.298508
-11.356760
53.256313
-13.074726
-24.520006
1.275177
58.578651
41.007996
2.203656
1.119532
8.101986
4.204242
-31.540876
-17.446339
-12.946394
-8.440264
29.306837
2.698903
48.613083
-3.989848
-20.723686
-7.517226
45.603252
46.868271
-1.120480
0.902474
36.248459
18.149820
-109.718460
-105.793427
-40.120445
-44.929474
113.398735
14.404523
182.272964
32.902561
-76.554184
-37.310341
127.638664
216.117371
-0.032896
0.317589
0.902766
-0.302813
-0.358172
-0.509546
-0.329950
-0.629363
0.369473
-0.034846
0.262626
-0.338558
0.377111
0.164135
0.022200
-0.286818
-0.032896
0.317589
0.902766
-0.302813
-0.358172
-0.509546
-0.329950
-0.629363
0.369473
-0.034846
0.262626
-0.338558
0.377111
0.164135
0.022200
-0.286818
-0.032896
0.317589
0.902766
-0.302813
-0.358172
-0.509546
-0.329950
-0.629363
0.369473
-0.034846
0.262626
-0.338558
0.377111
0.164135
0.022200
-0.286818
-0.032896
0.317589
0.902766
-0.302813
-0.358172
-0.509546
-0.329950
-0.629363
0.369473
-0.034846
0.262626
-0.338558
0.377111
0.164135
0.022200
-0.286818
-0.032896
0.317589
0.902766
-0.302813
-0.358172
-0.509546
-0.329950
-0.629363
0.369473
-0.034846
0.262626
-0.338558
0.377111
0.164135
0.022200
-0.286818
-0.032896
0.317589
0.902766
-0.302813
-0.358172
-0.509546
-0.329950
-0.629363
0.369473
-0.034846
0.262626
-0.338558
0.377111
0.164135
0.022200
-0.286818
-0.032896
0.317589
0.902766
-0.302813
-0.358172
-0.509546
-0.329950
-0.629363
0.369473
-0.034846
0.262626
-0.338558
0.377111
0.164135
0.022200
-0.286818
-0.032896
0.317589
0.902766
-0.302813
-0.358172
-0.509546
-0.329950
-0.629363
0.369473
-0.034846
0.262626
-0.338558
0.377111
0.164135
0.022200
-0.286818
-0.032896
0.317589
0.902766
-0.302813
-0.358172
-0.509546
-0.329950
-0.629363
0.369473
-0.034846
0.262626
-0.338558
0.377111
0.164135
0.022200
-0.286818
-0.032896
0.317589
0.902766
-0.302813
-0.358172
-0.509546
-0.329950
-0.629363
0.369473
-0.034846
0.262626
-0.338558
0.377111
0.164135
0.022200
-0.286818
-0.032896
0.317589
0.902766
-0.302813
-0.358172
-0.509546
-0.329950
-0.629363
0.369473
-0.034846
0.262626
-0.338558
0.377111
0.164135
0.022200
-0.286818
-0.032896
0.317589
0.902766
-0.302813
-0.358172
-0.509546
-0.329950
-0.629363
0.369473
-0.034846
0.262626
-0.338558
0.377111
0.164135
0.022200
-0.286818
