-1.192340
-0.588704
-169.093781
150.710190
147.456024
278.244751
482.064331
-34.455414
-488.485992
541.855225
-46.897903
-44.629009
1118.171631
381.317657
-356.514160
-287.342377
-0.631982
-0.920127
-0.835953
-4.032937
2.406471
7.405921
-3.718737
-2.527536
3.779645
-0.583311
-5.924446
-5.219952
-0.385291
-5.036483
-0.328849
0.305965
0.119254
5.070160
-31.511126
13.062955
27.994633
-12.997238
13.300538
17.865641
-23.301382
-15.267441
-25.644136
19.219635
-3.190837
20.337002
-9.478820
-10.487179
-1.206931
1.519968
147.307220
-122.722870
-128.963486
-235.373734
-390.706848
28.406654
395.460876
-468.805267
34.257069
34.716614
-936.730774
-300.028961
299.982391
235.530228
-0.416341
-0.204355
-0.164566
-0.274982
0.547322
0.618220
0.394772
-0.385917
-0.712128
-0.204742
-0.368945
0.516694
-0.435587
0.291639
-0.501350
0.219822
-0.416341
-0.204355
-0.164566
-0.274982
0.547322
0.618220
0.394772
-0.385917
-0.712128
-0.204742
-0.368945
0.516694
-0.435587
0.291639
-0.501350
0.219822
-0.416341
-0.204355
-0.164566
-0.274982
0.547322
0.618220
0.394772
-0.385917
-0.712128
-0.204742
-0.368945
0.516694
-0.435587
0.291639
-0.501350
0.219822
-0.416341
-0.204355
-0.164566
-0.274982
0.547322
0.618220
0.394772
-0.385917
-0.712128
-0.204742
-0.368945
0.516694
-0.435587
0.291639
-0.501350
0.219822
-0.416341
-0.204355
-0.164566
-0.274982
0.547322
0.618220
0.394772
-0.385917
-0.712128
-0.204742
-0.368945
0.516694
-0.435587
0.291639
-0.501350
0.219822
-0.416341
-0.204355
-0.164566
-0.274982
0.547322
0.618220
0.394772
-0.385917
-0.712128
-0.204742
-0.368945
0.516694
-0.435587
0.291639
-0.501350
0.219822
-0.416341
-0.204355
-0.164566
-0.274982
0.547322
0.618220
0.394772
-0.385917
-0.712128
-0.204742
-0.368945
0.516694
-0.435587
0.291639
-0.501350
0.219822
-0.416341
-0.204355
-0.164566
-0.274982
0.547322
0.618220
0.394772
-0.385917
-0.712128
-0.204742
-0.368945
0.516694
-0.435587
0.291639
-0.501350
0.219822
-0.416341
-0.204355
-0.164566
-0.274982
0.547322
0.618220
0.394772
-0.385917
-0.712128
-0.204742
-0.368945
0.516694
-0.435587
0.291639
-0.501350
0.219822
-0.416341
-0.204355
-0.164566
-0.274982
0.547322
0.618220
0.394772
-0.385917
-0.712128
-0.204742
-0.368945
0.516694
-0.435587
0.291639
-0.501350
0.219822
-0.416341
-0.204355
-0.164566
-0.274982
0.547322
0.618220
0.394772
-0.385917
-0.712128
-0.204742
-0.368945
0.516694
-0.435587
0.291639
-0.501350
0.219822
-0.416341
-0.204355
-0.164566
-0.274982
0.547322
0.618220
0.394772
-0.385917
-0.712128
-0.204742
-0.368945
0.516694
-0.435587
0.291639
-0.501350
0.219822
-0.416341
-0.204355
-0.164566
-0.274982
0.547322
0.618220
0.394772
-0.385917
-0.712128
-0.204742
-0.368945
0.516694
-0.435587
0.291639
-0.501350
0.219822
-0.416341
-0.204355
-0.164566
-0.274982
0.547322
0.618220
0.394772
-0.385917
-0.712128
-0.204742
-0.368945
0.516694
-0.435587
0.291639
-0.501350
0.219822
-0.416341
-0.204355
-0.164566
-0.274982
0.547322
0.618220
0.394772
-0.385917
-0.712128
-0.204742
-0.368945
0.516694
-0.435587
0.291639
-0.501350
0.219822
-0.416341
-0.204355
-0.164566
-0.274982
0.547322
0.618220
0.394772
-0.385917
-0.712128
-0.204742
-0.368945
0.516694
-0.435587
0.291639
-0.501350
0.219822
