0.033616
1.340178
-4.197288
-4.942213
-5.992345
-34.482895
12.208838
55.670799
8.622642
-0.699148
14.936327
14.545640
5.895333
5.465145
11.840214
3.971188
1.145140
-2.426150
58.314453
-227.588974
-331.034546
-282.850891
-744.092590
208.924652
398.997314
-579.827637
195.888718
91.607773
-1501.426514
-120.837814
618.665283
218.396347
6.061682
-1.243710
-14.119868
-33.156937
5.054282
30.503668
-16.280775
5.051439
24.186295
-9.680954
-19.170614
-22.665051
-16.331907
-13.970523
-1.714049
-8.893507
-1.028722
2.456553
-15.284709
13.638548
19.025436
-17.894873
-2.846797
-0.328973
-7.778100
-11.711999
-9.273657
22.546158
-0.948614
12.538459
-4.240460
3.609993
0.560243
1.319336
5.664053
6.226189
-11.829682
0.128738
3.636673
7.359998
1.341429
-4.649892
-3.698199
5.541936
-6.676427
-0.498910
-1.182665
9.218869
-3.115692
-3.357550
-0.242318
12.940275
3.644849
28.472668
-9.380094
-53.844658
-4.726987
-2.806494
-16.789219
-13.747780
-4.973825
-7.503979
-9.645562
-2.653173
-1.363048
2.404440
-15.953493
97.204765
140.323059
114.063316
314.976105
-96.607857
-165.490433
248.436981
-83.971161
-34.781158
646.827087
28.462568
-269.323212
-85.745941
-0.249196
0.572724
-7.858428
9.380800
10.860063
13.937453
29.001696
-2.011329
-18.167126
22.541473
-6.994349
-4.947081
63.282707
19.692617
-21.794769
-13.485796
-1.591693
0.811614
-8.533170
11.248755
21.958599
21.713917
54.068420
-9.848306
-32.269772
38.280827
-13.731978
-6.800666
100.975029
24.582308
-39.442181
-22.277010
1.547076
-0.220036
-10.578977
56.858669
87.244400
61.347549
172.449478
-62.163857
-81.824242
143.733154
-47.715816
-18.233608
348.753906
-0.884606
-149.853561
-40.109787
-0.601815
-0.608812
0.876614
0.041045
0.177029
-1.078988
-0.054227
-0.032809
0.027085
-0.540517
0.325396
-0.356842
-0.617955
0.427805
0.581819
-0.317255
-0.601815
-0.608812
0.876614
0.041045
0.177029
-1.078988
-0.054227
-0.032809
0.027085
-0.540517
0.325396
-0.356842
-0.617955
0.427805
0.581819
-0.317255
-0.601815
-0.608812
0.876614
0.041045
0.177029
-1.078988
-0.054227
-0.032809
0.027085
-0.540517
0.325396
-0.356842
-0.617955
0.427805
0.581819
-0.317255
-0.601815
-0.608812
0.876614
0.041045
0.177029
-1.078988
-0.054227
-0.032809
0.027085
-0.540517
0.325396
-0.356842
-0.617955
0.427805
0.581819
-0.317255
-0.601815
-0.608812
0.876614
0.041045
0.177029
-1.078988
-0.054227
-0.032809
0.027085
-0.540517
0.325396
-0.356842
-0.617955
0.427805
0.581819
-0.317255
-0.601815
-0.608812
0.876614
0.041045
0.177029
-1.078988
-0.054227
-0.032809
0.027085
-0.540517
0.325396
-0.356842
-0.617955
0.427805
0.581819
-0.317255
-0.601815
-0.608812
0.876614
0.041045
0.177029
-1.078988
-0.054227
-0.032809
0.027085
-0.540517
0.325396
-0.356842
-0.617955
0.427805
0.581819
-0.317255
-0.601815
-0.608812
0.876614
0.041045
0.177029
-1.078988
-0.054227
-0.032809
0.027085
-0.540517
0.325396
-0.356842
-0.617955
0.427805
0.581819
-0.317255
-0.601815
-0.608812
0.876614
0.041045
0.177029
-1.078988
-0.054227
-0.032809
0.027085
-0.540517
0.325396
-0.356842
-0.617955
0.427805
0.581819
-0.317255
-0.601815
-0.608812
0.876614
0.041045
0.177029
-1.078988
-0.054227
-0.032809
0.027085
-0.540517
0.325396
-0.356842
-0.617955
0.427805
0.581819
-0.317255
