2.081292
0.765261
-201.749893
-98.529465
-343.543304
218.049896
-56.566444
668.549927
-437.552307
-452.808838
139.008377
-122.639435
-529.295044
1263.308472
360.798920
-461.131805
0.195665
0.515222
62.846050
35.107094
117.247833
-56.146309
47.002285
-215.445511
119.728668
156.692993
-46.756596
33.223049
219.929184
-377.155518
-132.575928
133.448715
-2.086779
0.730599
63.275791
37.146046
116.529503
-56.103455
38.121910
-209.942734
130.375839
161.761078
-45.934261
33.260082
212.171936
-394.282837
-133.160324
136.755676
0.195987
1.129761
15.662425
7.636897
19.010139
-21.212671
-6.875537
-44.343739
30.020996
26.137671
-8.663594
10.425889
12.572574
-82.075714
-14.564365
32.931137
1.760491
0.317733
10.816654
1.606872
19.144817
-17.171782
-5.318614
-34.884109
29.267950
21.039680
-5.939634
7.861667
13.086146
-77.273186
-16.645449
27.713923
0.160985
-0.145144
0.101730
0.111287
-0.114158
0.088112
-0.009592
0.021171
-0.127428
0.246182
0.166452
0.351033
0.701024
-0.054947
0.264040
0.186302
0.160985
-0.145144
0.101730
0.111287
-0.114158
0.088112
-0.009592
0.021171
-0.127428
0.246182
0.166452
0.351033
0.701024
-0.054947
0.264040
0.186302
0.160985
-0.145144
0.101730
0.111287
-0.114158
0.088112
-0.009592
0.021171
-0.127428
0.246182
0.166452
0.351033
0.701024
-0.054947
0.264040
0.186302
0.160985
-0.145144
0.101730
0.111287
-0.114158
0.088112
-0.009592
0.021171
-0.127428
0.246182
0.166452
0.351033
0.701024
-0.054947
0.264040
0.186302
0.160985
-0.145144
0.101730
0.111287
-0.114158
0.088112
-0.009592
0.021171
-0.127428
0.246182
0.166452
0.351033
0.701024
-0.054947
0.264040
0.186302
0.160985
-0.145144
0.101730
0.111287
-0.114158
0.088112
-0.009592
0.021171
-0.127428
0.246182
0.166452
0.351033
0.701024
-0.054947
0.264040
0.186302
0.160985
-0.145144
0.101730
0.111287
-0.114158
0.088112
-0.009592
0.021171
-0.127428
0.246182
0.166452
0.351033
0.701024
-0.054947
0.264040
0.186302
0.160985
-0.145144
0.101730
0.111287
-0.114158
0.088112
-0.009592
0.021171
-0.127428
0.246182
0.166452
0.351033
0.701024
-0.054947
0.264040
0.186302
0.160985
-0.145144
0.101730
0.111287
-0.114158
0.088112
-0.009592
0.021171
-0.127428
0.246182
0.166452
0.351033
0.701024
-0.054947
0.264040
0.186302
0.160985
-0.145144
0.101730
0.111287
-0.114158
0.088112
-0.009592
0.021171
-0.127428
0.246182
0.166452
0.351033
0.701024
-0.054947
0.264040
0.186302
0.160985
-0.145144
0.101730
0.111287
-0.114158
0.088112
-0.009592
0.021171
-0.127428
0.246182
0.166452
0.351033
0.701024
-0.054947
0.264040
0.186302
0.160985
-0.145144
0.101730
0.111287
-0.114158
0.088112
-0.009592
0.021171
-0.127428
0.246182
0.166452
0.351033
0.701024
-0.054947
0.264040
0.186302
0.160985
-0.145144
0.101730
0.111287
-0.114158
0.088112
-0.009592
0.021171
-0.127428
0.246182
0.166452
0.351033
0.701024
-0.054947
0.264040
0.186302
0.160985
-0.145144
0.101730
0.111287
-0.114158
0.088112
-0.009592
0.021171
-0.127428
0.246182
0.166452
0.351033
0.701024
-0.054947
0.264040
0.186302
0.160985
-0.145144
0.101730
0.111287
-0.114158
0.088112
-0.009592
0.021171
-0.127428
0.246182
0.166452
0.351033
0.701024
-0.054947
0.264040
0.186302
