-0.587506
-1.145177
5.926273
0.366903
-5.507617
-4.190495
-2.760945
-2.734582
2.517044
4.977223
6.051109
-0.073822
3.047874
-4.417240
1.707253
4.250461
-0.931282
-0.723400
-5.776253
-0.224900
6.303421
4.103783
2.866972
2.260887
-2.167879
-3.880082
-4.245079
-0.847966
-2.894848
4.536690
-1.481078
-3.086461
1.887243
0.440381
238.133682
-122.737053
-29.797897
-450.868134
-654.220825
-469.022766
664.289368
-114.462181
75.324821
196.319229
-862.506897
-1196.035278
288.603241
579.118042
4.071414
2.287246
-8.668521
13.957956
8.519991
25.500471
42.347618
16.991846
-43.921955
17.325382
-6.885204
-8.248924
66.826050
60.867386
-26.448444
-32.601757
-1.126711
-2.152653
-94.345016
34.403469
-1.706097
169.088760
227.189407
189.646957
-241.479904
23.758003
-24.015484
-74.647141
285.216309
458.015045
-88.574493
-217.313904
1.549002
-2.202444
-13.062794
9.386576
7.064907
22.836132
44.422493
16.236012
-32.472630
11.713799
-9.887158
-8.125051
61.799706
55.095325
-18.870249
-27.678671
-1.707386
1.796742
-71.051643
32.823811
-3.526428
122.457481
165.555511
150.864853
-193.135162
14.443492
-9.637933
-57.506142
208.049423
363.072845
-65.610909
-171.190109
-0.894999
-0.040497
0.125774
0.008523
0.021336
0.282829
-0.012845
-0.501610
-0.078944
0.134392
0.331724
0.443538
0.494102
-0.309445
-0.820218
-0.374669
-0.894999
-0.040497
0.125774
0.008523
0.021336
0.282829
-0.012845
-0.501610
-0.078944
0.134392
0.331724
0.443538
0.494102
-0.309445
-0.820218
-0.374669
-0.894999
-0.040497
0.125774
0.008523
0.021336
0.282829
-0.012845
-0.501610
-0.078944
0.134392
0.331724
0.443538
0.494102
-0.309445
-0.820218
-0.374669
-0.894999
-0.040497
0.125774
0.008523
0.021336
0.282829
-0.012845
-0.501610
-0.078944
0.134392
0.331724
0.443538
0.494102
-0.309445
-0.820218
-0.374669
-0.894999
-0.040497
0.125774
0.008523
0.021336
0.282829
-0.012845
-0.501610
-0.078944
0.134392
0.331724
0.443538
0.494102
-0.309445
-0.820218
-0.374669
-0.894999
-0.040497
0.125774
0.008523
0.021336
0.282829
-0.012845
-0.501610
-0.078944
0.134392
0.331724
0.443538
0.494102
-0.309445
-0.820218
-0.374669
-0.894999
-0.040497
0.125774
0.008523
0.021336
0.282829
-0.012845
-0.501610
-0.078944
0.134392
0.331724
0.443538
0.494102
-0.309445
-0.820218
-0.374669
-0.894999
-0.040497
0.125774
0.008523
0.021336
0.282829
-0.012845
-0.501610
-0.078944
0.134392
0.331724
0.443538
0.494102
-0.309445
-0.820218
-0.374669
-0.894999
-0.040497
0.125774
0.008523
0.021336
0.282829
-0.012845
-0.501610
-0.078944
0.134392
0.331724
0.443538
0.494102
-0.309445
-0.820218
-0.374669
-0.894999
-0.040497
0.125774
0.008523
0.021336
0.282829
-0.012845
-0.501610
-0.078944
0.134392
0.331724
0.443538
0.494102
-0.309445
-0.820218
-0.374669
-0.894999
-0.040497
0.125774
0.008523
0.021336
0.282829
-0.012845
-0.501610
-0.078944
0.134392
0.331724
0.443538
0.494102
-0.309445
-0.820218
-0.374669
-0.894999
-0.040497
0.125774
0.008523
0.021336
0.282829
-0.012845
-0.501610
-0.078944
0.134392
0.331724
0.443538
0.494102
-0.309445
-0.820218
-0.374669
-0.894999
-0.040497
0.125774
0.008523
0.021336
0.282829
-0.012845
-0.501610
-0.078944
0.134392
0.331724
0.443538
0.494102
-0.309445
-0.820218
-0.374669
