0.626549
0.661782
-3.536151
0.481627
7.277661
-0.232207
-2.398780
2.529819
-0.207019
-4.501630
-5.895014
5.492530
-5.790653
-0.288180
-2.575055
0.340070
2.306896
-0.543233
-28.489866
-0.785306
30.366552
0.316398
-0.842450
-6.208762
-0.189303
-9.385075
-14.524694
15.767422
-5.834887
9.814581
-0.988815
3.791819
-1.781928
2.299848
228.445221
61.442787
226.389679
-277.375061
-219.501144
-721.104919
604.927734
395.793549
-83.677536
149.427017
100.512672
-1419.047852
-177.917877
548.764526
-0.402097
2.844376
-12.359122
-5.125505
-11.746664
15.917931
13.355137
36.567463
-25.444450
-20.747990
3.478616
-11.228950
-13.031593
65.061157
11.435023
-25.235390
-0.289209
-1.722766
-115.855301
-30.232285
-111.660332
141.367767
110.974670
359.714600
-304.702179
-197.320435
39.557137
-77.050842
-45.089733
710.839661
84.576241
-274.922333
3.246538
3.175768
-11.876164
-6.467104
-12.806547
11.696566
7.501893
39.247101
-30.730597
-23.604610
5.561204
-3.634965
-14.769835
72.270851
12.755478
-29.565941
-0.464754
-5.259478
-39.366554
-10.868630
-39.466679
47.946785
40.941563
127.255600
-108.759285
-65.057846
16.552368
-25.197363
-7.267053
251.852142
28.872425
-96.766235
-1.205798
-0.253422
-0.222943
0.561684
0.895988
-0.863461
0.485376
-0.575703
0.498404
-0.462041
0.265854
-0.134682
-0.579607
0.613199
0.848297
-0.001883
-1.205798
-0.253422
-0.222943
0.561684
0.895988
-0.863461
0.485376
-0.575703
0.498404
-0.462041
0.265854
-0.134682
-0.579607
0.613199
0.848297
-0.001883
-1.205798
-0.253422
-0.222943
0.561684
0.895988
-0.863461
0.485376
-0.575703
0.498404
-0.462041
0.265854
-0.134682
-0.579607
0.613199
0.848297
-0.001883
-1.205798
-0.253422
-0.222943
0.561684
0.895988
-0.863461
0.485376
-0.575703
0.498404
-0.462041
0.265854
-0.134682
-0.579607
0.613199
0.848297
-0.001883
-1.205798
-0.253422
-0.222943
0.561684
0.895988
-0.863461
0.485376
-0.575703
0.498404
-0.462041
0.265854
-0.134682
-0.579607
0.613199
0.848297
-0.001883
-1.205798
-0.253422
-0.222943
0.561684
0.895988
-0.863461
0.485376
-0.575703
0.498404
-0.462041
0.265854
-0.134682
-0.579607
0.613199
0.848297
-0.001883
-1.205798
-0.253422
-0.222943
0.561684
0.895988
-0.863461
0.485376
-0.575703
0.498404
-0.462041
0.265854
-0.134682
-0.579607
0.613199
0.848297
-0.001883
-1.205798
-0.253422
-0.222943
0.561684
0.895988
-0.863461
0.485376
-0.575703
0.498404
-0.462041
0.265854
-0.134682
-0.579607
0.613199
0.848297
-0.001883
-1.205798
-0.253422
-0.222943
0.561684
0.895988
-0.863461
0.485376
-0.575703
0.498404
-0.462041
0.265854
-0.134682
-0.579607
0.613199
0.848297
-0.001883
-1.205798
-0.253422
-0.222943
0.561684
0.895988
-0.863461
0.485376
-0.575703
0.498404
-0.462041
0.265854
-0.134682
-0.579607
0.613199
0.848297
-0.001883
-1.205798
-0.253422
-0.222943
0.561684
0.895988
-0.863461
0.485376
-0.575703
0.498404
-0.462041
0.265854
-0.134682
-0.579607
0.613199
0.848297
-0.001883
-1.205798
-0.253422
-0.222943
0.561684
0.895988
-0.863461
0.485376
-0.575703
0.498404
-0.462041
0.265854
-0.134682
-0.579607
0.613199
0.848297
-0.001883
-1.205798
-0.253422
-0.222943
0.561684
0.895988
-0.863461
0.485376
-0.575703
0.498404
-0.462041
0.265854
-0.134682
-0.579607
0.613199
0.848297
-0.001883
