11.198001
-3.164068
33.359291
-40.551132
-17.563677
16.686762
10.243214
12.159171
-20.602884
5.110500
8.091688
-19.545109
25.996271
7.304920
-18.127659
-0.715060
21.074255
-16.930542
4611.323242
-5325.540527
-2453.459229
-1053.261353
18.873259
-2642.298584
-5893.921387
-233.136948
-1378.665649
8690.810547
378.577942
1128.584961
-7767.297852
-144.866547
2.739852
1.515183
25.272066
61.720020
15.552086
-21.899269
-10.028945
6.147236
45.549553
-11.240612
-28.541447
-107.320518
10.184711
4.062820
-53.891918
-19.914888
-1.302212
-1.302281
-9.614400
-18.289400
-3.326310
4.976948
2.793164
-0.082561
-13.237879
1.148462
12.455169
42.374683
-7.250855
0.906314
20.654114
2.600840
-6.386655
7.425444
-1696.337769
1907.761353
885.677612
392.548157
-21.068773
957.242188
2133.935303
107.412727
535.337891
-3143.926758
-132.293106
-412.209961
2816.486816
87.140366
-1.187791
2.986933
-308.360535
328.642975
151.286514
74.106422
-13.490150
171.313583
380.353790
29.101454
112.484169
-553.635742
-18.750801
-72.485474
502.972290
29.649261
-6.118983
3.951771
-1320.017578
1468.496094
687.168823
310.520386
-13.630614
738.612122
1652.446899
100.518501
429.025970
-2430.924316
-99.189514
-319.703003
2173.490723
85.734802
-1.327169
-1.051267
-232.163696
250.359589
116.030838
58.154896
-8.073689
130.531693
284.240540
22.442167
83.715599
-414.435822
-13.612035
-56.506100
372.982819
19.666573
-0.045301
0.130737
-1.302293
-0.101549
0.373732
0.704798
-0.903282
0.297627
0.276489
0.874860
1.480159
-1.550528
0.117958
-0.379704
1.548358
0.209924
-0.045301
0.130737
-1.302293
-0.101549
0.373732
0.704798
-0.903282
0.297627
0.276489
0.874860
1.480159
-1.550528
0.117958
-0.379704
1.548358
0.209924
-0.045301
0.130737
-1.302293
-0.101549
0.373732
0.704798
-0.903282
0.297627
0.276489
0.874860
1.480159
-1.550528
0.117958
-0.379704
1.548358
0.209924
-0.045301
0.130737
-1.302293
-0.101549
0.373732
0.704798
-0.903282
0.297627
0.276489
0.874860
1.480159
-1.550528
0.117958
-0.379704
1.548358
0.209924
-0.045301
0.130737
-1.302293
-0.101549
0.373732
0.704798
-0.903282
0.297627
0.276489
0.874860
1.480159
-1.550528
0.117958
-0.379704
1.548358
0.209924
-0.045301
0.130737
-1.302293
-0.101549
0.373732
0.704798
-0.903282
0.297627
0.276489
0.874860
1.480159
-1.550528
0.117958
-0.379704
1.548358
0.209924
-0.045301
0.130737
-1.302293
-0.101549
0.373732
0.704798
-0.903282
0.297627
0.276489
0.874860
1.480159
-1.550528
0.117958
-0.379704
1.548358
0.209924
-0.045301
0.130737
-1.302293
-0.101549
0.373732
0.704798
-0.903282
0.297627
0.276489
0.874860
1.480159
-1.550528
0.117958
-0.379704
1.548358
0.209924
-0.045301
0.130737
-1.302293
-0.101549
0.373732
0.704798
-0.903282
0.297627
0.276489
0.874860
1.480159
-1.550528
0.117958
-0.379704
1.548358
0.209924
-0.045301
0.130737
-1.302293
-0.101549
0.373732
0.704798
-0.903282
0.297627
0.276489
0.874860
1.480159
-1.550528
0.117958
-0.379704
1.548358
0.209924
-0.045301
0.130737
-1.302293
-0.101549
0.373732
0.704798
-0.903282
0.297627
0.276489
0.874860
1.480159
-1.550528
0.117958
-0.379704
1.548358
0.209924
-0.045301
0.130737
-1.302293
-0.101549
0.373732
0.704798
-0.903282
0.297627
0.276489
0.874860
1.480159
-1.550528
0.117958
-0.379704
1.548358
0.209924
