1.330900
-0.164961
161.551651
-160.880203
-165.158539
91.726479
-59.533283
-752.076599
-248.128693
247.471848
130.425125
166.038803
301.359833
-71.072701
-257.948792
124.722549
3.673885
0.826791
20.945774
-3.578080
-27.637695
-1.530279
4.791166
2.167088
0.830584
10.333828
17.066803
-11.776413
3.689292
-9.876472
3.966043
4.644208
-1.695211
-0.419982
-2.877548
4.275581
5.511259
-4.011029
-1.279285
4.241015
-1.495644
-4.381156
-2.902986
9.812744
-5.016895
0.688409
-2.163329
-0.540042
-0.638344
0.716819
-96.317093
90.315033
98.572456
-48.496487
13.653777
429.726227
151.118988
-132.672302
-67.916924
-98.329674
-180.055771
28.494043
152.584732
-65.617905
-0.929623
-2.214949
-6.109659
12.056500
5.154481
-7.971359
17.918608
36.608139
8.965363
-19.170624
-9.379267
-4.936912
-13.747009
14.413413
15.198420
-12.476893
-2.680743
-1.274357
-27.183723
20.275072
28.861189
-11.859538
-16.315262
105.620697
42.864605
-30.497295
-14.212983
-24.071024
-44.689949
1.886827
42.183559
-7.161359
0.394756
0.417390
0.717465
0.306440
-0.205317
-0.367870
-0.578988
-0.111908
-0.181317
0.226341
0.946528
0.132652
-0.557711
0.106268
0.022335
-0.168005
0.394756
0.417390
0.717465
0.306440
-0.205317
-0.367870
-0.578988
-0.111908
-0.181317
0.226341
0.946528
0.132652
-0.557711
0.106268
0.022335
-0.168005
0.394756
0.417390
0.717465
0.306440
-0.205317
-0.367870
-0.578988
-0.111908
-0.181317
0.226341
0.946528
0.132652
-0.557711
0.106268
0.022335
-0.168005
0.394756
0.417390
0.717465
0.306440
-0.205317
-0.367870
-0.578988
-0.111908
-0.181317
0.226341
0.946528
0.132652
-0.557711
0.106268
0.022335
-0.168005
0.394756
0.417390
0.717465
0.306440
-0.205317
-0.367870
-0.578988
-0.111908
-0.181317
0.226341
0.946528
0.132652
-0.557711
0.106268
0.022335
-0.168005
0.394756
0.417390
0.717465
0.306440
-0.205317
-0.367870
-0.578988
-0.111908
-0.181317
0.226341
0.946528
0.132652
-0.557711
0.106268
0.022335
-0.168005
0.394756
0.417390
0.717465
0.306440
-0.205317
-0.367870
-0.578988
-0.111908
-0.181317
0.226341
0.946528
0.132652
-0.557711
0.106268
0.022335
-0.168005
0.394756
0.417390
0.717465
0.306440
-0.205317
-0.367870
-0.578988
-0.111908
-0.181317
0.226341
0.946528
0.132652
-0.557711
0.106268
0.022335
-0.168005
0.394756
0.417390
0.717465
0.306440
-0.205317
-0.367870
-0.578988
-0.111908
-0.181317
0.226341
0.946528
0.132652
-0.557711
0.106268
0.022335
-0.168005
0.394756
0.417390
0.717465
0.306440
-0.205317
-0.367870
-0.578988
-0.111908
-0.181317
0.226341
0.946528
0.132652
-0.557711
0.106268
0.022335
-0.168005
0.394756
0.417390
0.717465
0.306440
-0.205317
-0.367870
-0.578988
-0.111908
-0.181317
0.226341
0.946528
0.132652
-0.557711
0.106268
0.022335
-0.168005
0.394756
0.417390
0.717465
0.306440
-0.205317
-0.367870
-0.578988
-0.111908
-0.181317
0.226341
0.946528
0.132652
-0.557711
0.106268
0.022335
-0.168005
0.394756
0.417390
0.717465
0.306440
-0.205317
-0.367870
-0.578988
-0.111908
-0.181317
0.226341
0.946528
0.132652
-0.557711
0.106268
0.022335
-0.168005
0.394756
0.417390
0.717465
0.306440
-0.205317
-0.367870
-0.578988
-0.111908
-0.181317
0.226341
0.946528
0.132652
-0.557711
0.106268
0.022335
-0.168005
