0.491374
2.167331
6.472269
-5.899619
-1.044544
9.382404
5.977185
-2.096462
-5.727796
0.967297
6.254161
5.191011
0.935405
6.259192
9.635655
0.441336
-0.794381
-0.053878
-14.579189
40.276299
14.450081
-31.427713
26.800489
-4.155530
-21.705536
3.456336
3.273938
33.810669
5.999339
11.180975
-12.449490
10.250711
0.242978
-2.104818
-2.093834
4.337466
3.627388
-4.893210
2.311726
4.760746
-2.674299
-3.251423
-1.801185
7.931773
-4.320310
2.658106
-0.911113
0.022843
-0.253116
0.288061
86.555672
-294.716278
-160.514725
166.475449
-375.281738
-531.779724
-276.151489
451.753815
219.147003
190.542526
371.025574
-279.189453
-58.859509
306.887299
-1.974350
1.373435
-13.669753
11.280697
11.882668
-4.029741
9.160109
41.662308
23.597891
-18.830616
-7.893487
-16.539511
-28.459471
2.638281
8.541298
-15.357814
1.300398
0.210301
-44.814411
176.484314
93.567604
-101.876801
229.988113
305.044373
153.617661
-268.889008
-133.425339
-105.006042
-215.174332
173.398911
32.142021
-181.750854
0.842080
0.484652
0.991319
41.841103
11.702581
-25.293898
65.521141
57.794720
21.215651
-70.741417
-34.599274
-18.245489
-37.079754
50.974590
-1.738862
-46.997135
-0.132117
-0.785650
-0.050650
0.427028
-0.000881
-0.316734
0.263103
0.385467
-0.158513
0.141305
-0.183198
-0.065710
-0.678915
-0.026606
0.684791
-0.147584
-0.132117
-0.785650
-0.050650
0.427028
-0.000881
-0.316734
0.263103
0.385467
-0.158513
0.141305
-0.183198
-0.065710
-0.678915
-0.026606
0.684791
-0.147584
-0.132117
-0.785650
-0.050650
0.427028
-0.000881
-0.316734
0.263103
0.385467
-0.158513
0.141305
-0.183198
-0.065710
-0.678915
-0.026606
0.684791
-0.147584
-0.132117
-0.785650
-0.050650
0.427028
-0.000881
-0.316734
0.263103
0.385467
-0.158513
0.141305
-0.183198
-0.065710
-0.678915
-0.026606
0.684791
-0.147584
-0.132117
-0.785650
-0.050650
0.427028
-0.000881
-0.316734
0.263103
0.385467
-0.158513
0.141305
-0.183198
-0.065710
-0.678915
-0.026606
0.684791
-0.147584
-0.132117
-0.785650
-0.050650
0.427028
-0.000881
-0.316734
0.263103
0.385467
-0.158513
0.141305
-0.183198
-0.065710
-0.678915
-0.026606
0.684791
-0.147584
-0.132117
-0.785650
-0.050650
0.427028
-0.000881
-0.316734
0.263103
0.385467
-0.158513
0.141305
-0.183198
-0.065710
-0.678915
-0.026606
0.684791
-0.147584
-0.132117
-0.785650
-0.050650
0.427028
-0.000881
-0.316734
0.263103
0.385467
-0.158513
0.141305
-0.183198
-0.065710
-0.678915
-0.026606
0.684791
-0.147584
-0.132117
-0.785650
-0.050650
0.427028
-0.000881
-0.316734
0.263103
0.385467
-0.158513
0.141305
-0.183198
-0.065710
-0.678915
-0.026606
0.684791
-0.147584
-0.132117
-0.785650
-0.050650
0.427028
-0.000881
-0.316734
0.263103
0.385467
-0.158513
0.141305
-0.183198
-0.065710
-0.678915
-0.026606
0.684791
-0.147584
-0.132117
-0.785650
-0.050650
0.427028
-0.000881
-0.316734
0.263103
0.385467
-0.158513
0.141305
-0.183198
-0.065710
-0.678915
-0.026606
0.684791
-0.147584
-0.132117
-0.785650
-0.050650
0.427028
-0.000881
-0.316734
0.263103
0.385467
-0.158513
0.141305
-0.183198
-0.065710
-0.678915
-0.026606
0.684791
-0.147584
-0.132117
-0.785650
-0.050650
0.427028
-0.000881
-0.316734
0.263103
0.385467
-0.158513
0.141305
-0.183198
-0.065710
-0.678915
-0.026606
0.684791
-0.147584
