-0.291761
-4.205446
-17.534859
4.852027
22.312050
-0.599810
-4.261723
-2.993100
2.003451
-16.264402
-16.888378
4.088777
-5.579605
3.637551
-9.576124
-1.869995
-1.450186
-0.004122
-9.545438
-1.224904
7.066605
3.168263
-2.233175
6.212216
0.439822
-5.803529
-8.114183
1.922697
-5.167220
1.103564
-1.178902
-3.423351
-1.358323
0.727487
-233.725800
-138.678406
51.647877
112.031906
-776.751831
233.191757
257.106934
368.944061
257.545746
-107.905609
-217.571732
-511.246521
356.167450
238.857712
0.113557
-1.080470
-8.735289
2.434203
6.027469
-7.395615
-7.380171
-1.315615
2.487128
1.706133
-1.282231
-4.862792
2.808154
-7.404476
-6.597150
-6.554954
0.206814
0.634407
7.839345
-0.256320
-5.567950
-3.366745
0.965769
-5.502048
-0.507057
5.487408
6.727665
-1.894094
4.365117
-0.524240
1.157830
1.380983
2.091288
0.508355
87.388863
50.683395
-21.477228
-39.874245
285.296234
-90.694351
-99.339661
-138.153763
-94.978622
41.295418
87.283180
187.402954
-130.450226
-90.217377
2.337685
0.796401
15.350844
6.629707
-4.166215
-7.055192
50.252296
-10.861358
-17.301434
-21.641411
-17.571022
8.368649
10.708435
33.689857
-25.382069
-15.276835
-2.864876
0.812528
9.335279
6.298532
-2.042034
-5.580492
39.929237
-9.842437
-11.980261
-18.431465
-14.605693
3.014950
11.563562
25.558733
-17.264942
-12.649405
-0.173958
-3.324224
66.381393
35.634830
-14.757549
-30.554956
211.234802
-66.680954
-69.134918
-97.486839
-69.770317
30.781338
63.796787
139.355759
-98.472977
-63.375275
0.019169
0.398660
0.164227
-0.023953
-0.321033
-0.082629
0.004555
0.088886
-0.083901
-0.268492
-0.206831
0.225708
0.202578
-0.306775
0.028084
-0.586770
0.019169
0.398660
0.164227
-0.023953
-0.321033
-0.082629
0.004555
0.088886
-0.083901
-0.268492
-0.206831
0.225708
0.202578
-0.306775
0.028084
-0.586770
0.019169
0.398660
0.164227
-0.023953
-0.321033
-0.082629
0.004555
0.088886
-0.083901
-0.268492
-0.206831
0.225708
0.202578
-0.306775
0.028084
-0.586770
0.019169
0.398660
0.164227
-0.023953
-0.321033
-0.082629
0.004555
0.088886
-0.083901
-0.268492
-0.206831
0.225708
0.202578
-0.306775
0.028084
-0.586770
0.019169
0.398660
0.164227
-0.023953
-0.321033
-0.082629
0.004555
0.088886
-0.083901
-0.268492
-0.206831
0.225708
0.202578
-0.306775
0.028084
-0.586770
0.019169
0.398660
0.164227
-0.023953
-0.321033
-0.082629
0.004555
0.088886
-0.083901
-0.268492
-0.206831
0.225708
0.202578
-0.306775
0.028084
-0.586770
0.019169
0.398660
0.164227
-0.023953
-0.321033
-0.082629
0.004555
0.088886
-0.083901
-0.268492
-0.206831
0.225708
0.202578
-0.306775
0.028084
-0.586770
0.019169
0.398660
0.164227
-0.023953
-0.321033
-0.082629
0.004555
0.088886
-0.083901
-0.268492
-0.206831
0.225708
0.202578
-0.306775
0.028084
-0.586770
0.019169
0.398660
0.164227
-0.023953
-0.321033
-0.082629
0.004555
0.088886
-0.083901
-0.268492
-0.206831
0.225708
0.202578
-0.306775
0.028084
-0.586770
0.019169
0.398660
0.164227
-0.023953
-0.321033
-0.082629
0.004555
0.088886
-0.083901
-0.268492
-0.206831
0.225708
0.202578
-0.306775
0.028084
-0.586770
0.019169
0.398660
0.164227
-0.023953
-0.321033
-0.082629
0.004555
0.088886
-0.083901
-0.268492
-0.206831
0.225708
0.202578
-0.306775
0.028084
-0.586770
