-2.181072
0.785064
-20.164270
8.758492
-2.236115
-0.585141
22.387976
33.285355
-25.245138
-40.976631
-25.457560
-17.459755
13.723074
-16.039089
-15.830336
-8.587881
1.277450
-0.128637
-9.732792
-19.689215
17.144091
21.144022
-6.677357
1.075007
4.408091
-7.663742
-18.034950
-4.076455
-3.897051
-0.617736
-6.507579
-7.694264
-1.375963
-0.513262
-0.567748
-7.903461
-2.803218
7.507956
-1.777261
4.921101
4.061188
-2.779037
-2.383039
-7.576015
-3.170522
2.103079
1.988508
-3.012730
-0.213620
-1.355557
-100.866341
-104.289490
262.941650
122.081947
188.827957
119.986938
-96.709839
-208.300522
-41.733723
-18.927755
282.278595
359.102905
-250.303329
-224.425568
2.166476
3.187373
-13.440992
10.845850
1.791869
1.306592
20.943218
11.814645
-18.554546
-21.549643
-23.597830
-0.874936
2.609141
-19.352707
-13.206257
-2.279677
1.811816
2.806693
20.811398
-8.692132
1.373789
1.045440
-18.487146
-36.923729
19.760817
41.080357
24.095491
15.373692
-11.486831
18.014343
14.124987
8.477446
1.500885
2.244889
1.606673
7.010993
0.793608
-6.861594
1.263513
-4.473162
-1.925256
2.637056
2.758061
4.830992
2.592711
-0.644349
-1.225514
2.206824
3.381959
0.571170
6.818965
15.750457
-22.313416
-17.709444
-14.908247
-16.013796
9.392056
15.501547
1.816236
4.114052
-18.590565
-32.258156
21.651083
22.767389
0.847009
4.209299
63.777630
70.466087
-173.517624
-83.755104
-126.702789
-83.648521
65.945183
145.284958
29.399031
12.129104
-192.676010
-252.734604
164.146713
158.746094
0.037685
-0.417921
-0.080104
0.112769
-0.381076
0.182733
0.156142
-0.025980
-0.146674
-0.181004
0.013361
0.234015
0.577944
-0.104232
0.009351
0.148303
0.037685
-0.417921
-0.080104
0.112769
-0.381076
0.182733
0.156142
-0.025980
-0.146674
-0.181004
0.013361
0.234015
0.577944
-0.104232
0.009351
0.148303
0.037685
-0.417921
-0.080104
0.112769
-0.381076
0.182733
0.156142
-0.025980
-0.146674
-0.181004
0.013361
0.234015
0.577944
-0.104232
0.009351
0.148303
0.037685
-0.417921
-0.080104
0.112769
-0.381076
0.182733
0.156142
-0.025980
-0.146674
-0.181004
0.013361
0.234015
0.577944
-0.104232
0.009351
0.148303
0.037685
-0.417921
-0.080104
0.112769
-0.381076
0.182733
0.156142
-0.025980
-0.146674
-0.181004
0.013361
0.234015
0.577944
-0.104232
0.009351
0.148303
0.037685
-0.417921
-0.080104
0.112769
-0.381076
0.182733
0.156142
-0.025980
-0.146674
-0.181004
0.013361
0.234015
0.577944
-0.104232
0.009351
0.148303
0.037685
-0.417921
-0.080104
0.112769
-0.381076
0.182733
0.156142
-0.025980
-0.146674
-0.181004
0.013361
0.234015
0.577944
-0.104232
0.009351
0.148303
0.037685
-0.417921
-0.080104
0.112769
-0.381076
0.182733
0.156142
-0.025980
-0.146674
-0.181004
0.013361
0.234015
0.577944
-0.104232
0.009351
0.148303
0.037685
-0.417921
-0.080104
0.112769
-0.381076
0.182733
0.156142
-0.025980
-0.146674
-0.181004
0.013361
0.234015
0.577944
-0.104232
0.009351
0.148303
0.037685
-0.417921
-0.080104
0.112769
-0.381076
0.182733
0.156142
-0.025980
-0.146674
-0.181004
0.013361
0.234015
0.577944
-0.104232
0.009351
0.148303
0.037685
-0.417921
-0.080104
0.112769
-0.381076
0.182733
0.156142
-0.025980
-0.146674
-0.181004
0.013361
0.234015
0.577944
-0.104232
0.009351
0.148303
