0.817162
-3.150206
13.882516
-6.106940
-1.725500
2.698214
-40.978745
-17.432537
26.251799
24.275047
30.576801
7.628664
-9.323389
21.325634
16.852190
-4.766814
3.172781
0.438691
-9.700597
4.153149
15.118567
-1.116478
5.783924
3.870462
-5.217217
1.164431
-6.512584
22.065540
-12.014721
0.762323
2.374635
6.961655
-1.283071
6.842476
-6.820919
22.297134
11.749541
-26.094681
-3.518188
1.763804
-6.900782
-0.814359
11.036535
15.360750
6.868574
12.718502
1.262812
5.242496
0.277111
-0.137818
-6.632062
4.237320
8.105961
-0.314742
3.490581
1.291681
-4.542967
-2.363354
-6.809479
3.803578
1.375369
2.827815
-2.814956
-2.128786
1.100938
-0.095364
-126.608307
-23.347841
303.168823
-53.667271
200.771454
-19.816330
-194.980804
-96.526649
-29.633356
28.784334
480.152405
140.078308
-350.893860
-21.844761
-1.949632
1.646895
-10.022531
4.293648
0.648037
5.194525
38.354797
-12.007327
-27.808331
-1.994523
-30.241503
7.666714
-0.915560
-23.271397
-9.904131
12.064158
1.138672
1.616968
-11.631029
3.687770
1.593002
-2.630147
29.563154
31.769028
-14.906797
-27.619884
-19.116671
-14.922394
12.108315
-17.614882
-14.067503
-0.611301
0.222239
1.488651
7.170343
-4.203625
-8.005146
-0.441984
-3.575897
-1.127549
3.489743
2.073838
6.136473
-2.856432
-1.997397
-3.507170
2.560017
3.350136
4.158890
1.036657
6.421540
2.238358
-14.079039
-3.181298
-11.465371
-5.482619
8.011980
8.185138
-1.296408
0.633269
-30.158909
-13.598257
17.832790
4.106874
0.757082
0.523874
10.686911
0.791024
-28.062550
10.419950
-20.225080
8.524606
22.919367
7.960136
0.423033
-3.325761
-55.456593
-9.491410
36.632000
-3.619678
-2.649304
-0.549237
82.961227
13.434219
-202.372711
40.099251
-133.987244
17.440271
128.819687
59.137863
21.709190
-19.454870
-311.248688
-87.335678
229.757645
8.506163
-0.334371
0.739402
-0.232690
-0.496752
0.005191
0.212012
-0.369229
0.073563
0.009499
-0.184535
-0.541364
-0.739353
0.259951
0.202660
0.624969
-0.215955
-0.334371
0.739402
-0.232690
-0.496752
0.005191
0.212012
-0.369229
0.073563
0.009499
-0.184535
-0.541364
-0.739353
0.259951
0.202660
0.624969
-0.215955
-0.334371
0.739402
-0.232690
-0.496752
0.005191
0.212012
-0.369229
0.073563
0.009499
-0.184535
-0.541364
-0.739353
0.259951
0.202660
0.624969
-0.215955
-0.334371
0.739402
-0.232690
-0.496752
0.005191
0.212012
-0.369229
0.073563
0.009499
-0.184535
-0.541364
-0.739353
0.259951
0.202660
0.624969
-0.215955
-0.334371
0.739402
-0.232690
-0.496752
0.005191
0.212012
-0.369229
0.073563
0.009499
-0.184535
-0.541364
-0.739353
0.259951
0.202660
0.624969
-0.215955
-0.334371
0.739402
-0.232690
-0.496752
0.005191
0.212012
-0.369229
0.073563
0.009499
-0.184535
-0.541364
-0.739353
0.259951
0.202660
0.624969
-0.215955
-0.334371
0.739402
-0.232690
-0.496752
0.005191
0.212012
-0.369229
0.073563
0.009499
-0.184535
-0.541364
-0.739353
0.259951
0.202660
0.624969
-0.215955
-0.334371
0.739402
-0.232690
-0.496752
0.005191
0.212012
-0.369229
0.073563
0.009499
-0.184535
-0.541364
-0.739353
0.259951
0.202660
0.624969
-0.215955
-0.334371
0.739402
-0.232690
-0.496752
0.005191
0.212012
-0.369229
0.073563
0.009499
-0.184535
-0.541364
-0.739353
0.259951
0.202660
0.624969
-0.215955
