-0.027273
-2.894670
-13.732525
7.313888
-8.274543
-18.876047
-7.802279
71.575912
-16.458212
-14.503168
34.812656
-15.892973
-25.203485
12.572155
6.561635
-37.118465
-5.294486
-2.133223
-9.090778
12.365559
-2.421994
-23.289330
7.091652
53.304153
-13.198114
-11.890458
26.293310
-11.616693
-20.521173
17.524372
-2.128466
-25.834450
3.573261
-0.361185
-16.384596
-13.988211
26.448803
2.622716
-57.153122
1.717622
16.929470
-14.255103
17.984587
34.980907
-23.125250
-29.033855
37.075104
0.421305
-3.008518
-1.679110
16.150635
-9.400112
-5.553426
25.062288
18.996862
-50.539680
3.638577
13.614635
-36.558048
5.809209
30.855186
-9.257883
-13.565979
27.305639
2.308403
-3.053657
9.048602
15.370337
-17.359921
-2.526109
48.108612
24.374414
-17.066332
5.061188
-3.192436
-30.382854
9.619406
27.630136
-28.678368
-15.250586
-0.481096
0.391358
-14.085250
-13.079180
16.490980
-2.571019
-48.810623
10.242403
7.583438
-13.516548
11.150714
22.748234
-16.104372
-22.288647
31.170311
0.174170
4.064231
6.050911
-1.752478
-12.739433
7.946586
9.581285
-26.841444
-29.156599
17.349838
-3.664380
-7.951107
18.238239
3.677411
-19.442339
15.867822
21.412374
-0.658070
1.193613
-11.087350
10.005371
1.343336
-15.689617
-0.821124
48.664848
-9.966471
-7.567347
26.460789
-13.890893
-26.960461
9.199782
8.592924
-22.350550
-0.035850
-2.210472
9.429566
-3.656507
-3.387422
13.988941
22.932411
-36.839756
4.114800
19.633423
-20.275122
0.909530
24.736769
-3.896961
-13.620359
19.830194
3.289717
-2.995517
9.107131
16.295864
-15.144239
-3.419039
49.676579
5.230487
-10.523494
9.443496
-12.940949
-23.728756
9.912378
21.115463
-26.367765
-3.887229
0.162622
4.091885
-10.017535
-51.722038
-123.915939
-94.574036
-136.850998
403.632202
73.146088
-228.401840
-46.440155
21.319126
-170.192581
93.772285
28.519314
61.861008
0.527891
-0.163820
6.374100
-0.266520
-7.310869
-2.087228
-0.527076
-6.929822
1.041636
4.730637
6.446843
-0.980708
6.437941
-2.293734
2.011861
2.598438
1.269505
0.574068
2.432343
-4.865698
-1.232525
12.244702
6.733627
-5.784241
-2.463429
1.849109
6.733954
2.372532
1.426559
4.172850
9.480107
-1.514729
-1.916160
3.368672
5.937534
13.997121
-1.552147
-25.693409
-2.079794
0.857307
-14.172835
2.073147
4.623327
17.577806
7.160140
5.670671
-0.840039
7.678341
-1.943375
4.580968
9.685800
-8.088352
4.831900
10.797690
4.057548
-44.515457
10.740482
9.077458
-23.848263
8.049708
19.568729
-8.578924
0.342434
25.638065
1.759832
1.012146
-12.908907
3.429953
2.944506
-19.096437
-12.047483
49.846928
-3.205396
-16.395802
31.364788
-7.749920
-29.108009
9.800586
12.831680
-27.263313
4.806334
4.143744
1.909512
-10.834063
6.042582
15.655927
-17.083870
-35.834240
14.893312
4.460536
-17.685129
15.309810
12.931435
-17.927464
4.567810
17.967342
1.622489
-0.813974
11.964567
9.629096
-13.583682
1.682921
42.186501
-11.424279
-5.580530
16.552238
-12.506667
-24.300617
16.166412
17.530325
-29.500648
0.957812
-0.363138
0.256616
-6.440564
0.930001
7.131855
1.184200
0.486784
6.102983
-0.746298
-3.797580
-5.181259
0.972712
-6.153839
1.347031
-1.136454
-1.899814
-1.542066
0.056605
11.714564
37.255283
87.171883
64.329010
86.106316
-281.160889
-46.638580
157.774078
30.585608
-17.892981
111.986275
-65.527443
-20.361952
-44.289425
