2.556290
2.434468
-4.897624
-23.612955
2.651310
33.204983
-2.018616
-2.296228
10.908245
-4.921275
-14.331384
-12.254577
-8.644862
-4.745154
-2.849818
-11.063885
0.136815
0.511802
6.673006
4.690949
-5.243285
-6.870142
-0.740998
-3.647590
0.825913
4.959766
5.442059
4.828195
3.943391
-1.343492
0.307583
3.105536
10.642221
11.383890
17.641888
46.563938
-15.192791
-35.299259
-36.295078
-4.211771
10.622803
-19.546579
10.368901
20.997183
-15.730574
23.502422
19.643473
-14.012045
-0.862075
2.986287
42.853291
24.680716
35.534538
210.183105
284.289551
-364.143982
-200.429337
194.849091
101.943596
72.571457
98.425003
-20.543734
48.267612
-79.988869
-2.613552
2.891367
-3.509618
-0.838171
-2.888211
-12.526299
-15.004093
22.707731
16.115963
-16.504684
-7.123644
-0.834138
-4.892642
0.480813
-0.104007
3.686631
2.403147
-1.610850
-18.764204
-12.016415
-13.887088
-100.049225
-138.395737
172.558853
94.807129
-89.950409
-46.330551
-37.009026
-50.399567
11.402085
-28.367287
40.096825
-0.864440
-2.500645
-8.235380
-5.518010
-6.999189
-43.153439
-56.659454
69.443993
42.602543
-33.248302
-19.295799
-15.953492
-19.734535
4.097859
-5.272955
14.304011
0.056219
1.109108
0.004264
0.390024
-0.228567
-0.308187
0.528350
-0.447861
0.528531
0.099595
0.452996
-0.266654
0.359027
-0.035213
0.789448
-0.223636
0.056219
1.109108
0.004264
0.390024
-0.228567
-0.308187
0.528350
-0.447861
0.528531
0.099595
0.452996
-0.266654
0.359027
-0.035213
0.789448
-0.223636
0.056219
1.109108
0.004264
0.390024
-0.228567
-0.308187
0.528350
-0.447861
0.528531
0.099595
0.452996
-0.266654
0.359027
-0.035213
0.789448
-0.223636
0.056219
1.109108
0.004264
0.390024
-0.228567
-0.308187
0.528350
-0.447861
0.528531
0.099595
0.452996
-0.266654
0.359027
-0.035213
0.789448
-0.223636
0.056219
1.109108
0.004264
0.390024
-0.228567
-0.308187
0.528350
-0.447861
0.528531
0.099595
0.452996
-0.266654
0.359027
-0.035213
0.789448
-0.223636
0.056219
1.109108
0.004264
0.390024
-0.228567
-0.308187
0.528350
-0.447861
0.528531
0.099595
0.452996
-0.266654
0.359027
-0.035213
0.789448
-0.223636
0.056219
1.109108
0.004264
0.390024
-0.228567
-0.308187
0.528350
-0.447861
0.528531
0.099595
0.452996
-0.266654
0.359027
-0.035213
0.789448
-0.223636
0.056219
1.109108
0.004264
0.390024
-0.228567
-0.308187
0.528350
-0.447861
0.528531
0.099595
0.452996
-0.266654
0.359027
-0.035213
0.789448
-0.223636
0.056219
1.109108
0.004264
0.390024
-0.228567
-0.308187
0.528350
-0.447861
0.528531
0.099595
0.452996
-0.266654
0.359027
-0.035213
0.789448
-0.223636
0.056219
1.109108
0.004264
0.390024
-0.228567
-0.308187
0.528350
-0.447861
0.528531
0.099595
0.452996
-0.266654
0.359027
-0.035213
0.789448
-0.223636
0.056219
1.109108
0.004264
0.390024
-0.228567
-0.308187
0.528350
-0.447861
0.528531
0.099595
0.452996
-0.266654
0.359027
-0.035213
0.789448
-0.223636
0.056219
1.109108
0.004264
0.390024
-0.228567
-0.308187
0.528350
-0.447861
0.528531
0.099595
0.452996
-0.266654
0.359027
-0.035213
0.789448
-0.223636
0.056219
1.109108
0.004264
0.390024
-0.228567
-0.308187
0.528350
-0.447861
0.528531
0.099595
0.452996
-0.266654
0.359027
-0.035213
0.789448
-0.223636
