-2.795763
2.789236
10.816499
-16.371716
-14.918065
19.852480
3.295409
-3.391990
10.517831
5.326473
6.251624
-11.639830
0.325661
-7.042861
2.925900
-4.430358
-2.132143
-2.091487
-0.341113
-30.985449
-124.530289
-84.278191
7.621639
381.965607
69.175232
-147.261490
-109.041321
77.861511
-116.595879
48.779488
-24.228403
130.070999
4.514935
-2.592932
3.915970
10.287786
55.861389
41.632980
-4.002979
-179.259384
-32.757011
67.419159
54.888794
-38.628819
54.982559
-23.551914
6.415302
-61.774246
-0.825981
3.151383
1.201930
6.311406
23.637365
17.375965
-0.719886
-75.193123
-15.108548
28.752682
22.140465
-18.131893
25.058121
-10.393582
6.100467
-28.083775
0.291421
-0.712052
-0.663186
0.103455
-0.141795
-0.289436
-0.072438
0.624988
0.332332
-0.655063
-0.249199
0.280376
-0.483999
0.154464
-0.343992
0.443318
0.291421
-0.712052
-0.663186
0.103455
-0.141795
-0.289436
-0.072438
0.624988
0.332332
-0.655063
-0.249199
0.280376
-0.483999
0.154464
-0.343992
0.443318
0.291421
-0.712052
-0.663186
0.103455
-0.141795
-0.289436
-0.072438
0.624988
0.332332
-0.655063
-0.249199
0.280376
-0.483999
0.154464
-0.343992
0.443318
0.291421
-0.712052
-0.663186
0.103455
-0.141795
-0.289436
-0.072438
0.624988
0.332332
-0.655063
-0.249199
0.280376
-0.483999
0.154464
-0.343992
0.443318
0.291421
-0.712052
-0.663186
0.103455
-0.141795
-0.289436
-0.072438
0.624988
0.332332
-0.655063
-0.249199
0.280376
-0.483999
0.154464
-0.343992
0.443318
0.291421
-0.712052
-0.663186
0.103455
-0.141795
-0.289436
-0.072438
0.624988
0.332332
-0.655063
-0.249199
0.280376
-0.483999
0.154464
-0.343992
0.443318
0.291421
-0.712052
-0.663186
0.103455
-0.141795
-0.289436
-0.072438
0.624988
0.332332
-0.655063
-0.249199
0.280376
-0.483999
0.154464
-0.343992
0.443318
0.291421
-0.712052
-0.663186
0.103455
-0.141795
-0.289436
-0.072438
0.624988
0.332332
-0.655063
-0.249199
0.280376
-0.483999
0.154464
-0.343992
0.443318
0.291421
-0.712052
-0.663186
0.103455
-0.141795
-0.289436
-0.072438
0.624988
0.332332
-0.655063
-0.249199
0.280376
-0.483999
0.154464
-0.343992
0.443318
0.291421
-0.712052
-0.663186
0.103455
-0.141795
-0.289436
-0.072438
0.624988
0.332332
-0.655063
-0.249199
0.280376
-0.483999
0.154464
-0.343992
0.443318
0.291421
-0.712052
-0.663186
0.103455
-0.141795
-0.289436
-0.072438
0.624988
0.332332
-0.655063
-0.249199
0.280376
-0.483999
0.154464
-0.343992
0.443318
0.291421
-0.712052
-0.663186
0.103455
-0.141795
-0.289436
-0.072438
0.624988
0.332332
-0.655063
-0.249199
0.280376
-0.483999
0.154464
-0.343992
0.443318
0.291421
-0.712052
-0.663186
0.103455
-0.141795
-0.289436
-0.072438
0.624988
0.332332
-0.655063
-0.249199
0.280376
-0.483999
0.154464
-0.343992
0.443318
0.291421
-0.712052
-0.663186
0.103455
-0.141795
-0.289436
-0.072438
0.624988
0.332332
-0.655063
-0.249199
0.280376
-0.483999
0.154464
-0.343992
0.443318
0.291421
-0.712052
-0.663186
0.103455
-0.141795
-0.289436
-0.072438
0.624988
0.332332
-0.655063
-0.249199
0.280376
-0.483999
0.154464
-0.343992
0.443318
0.291421
-0.712052
-0.663186
0.103455
-0.141795
-0.289436
-0.072438
0.624988
0.332332
-0.655063
-0.249199
0.280376
-0.483999
0.154464
-0.343992
0.443318
