5.490260
3.170312
21.062525
32.443558
-8.510115
-29.230713
16.849594
-13.376066
-15.352927
18.317339
17.094110
19.609028
16.745865
3.904853
-3.454335
16.146996
0.764904
0.394958
-3.521069
5.283756
3.678220
-5.188899
-0.228050
4.154193
-0.556756
-2.457472
-3.147628
8.169415
-3.909617
2.362342
-0.561881
0.526951
-3.206845
-0.816242
-13.081918
-20.274572
12.056882
25.223310
0.622835
2.554717
12.048904
-8.168935
-19.500591
-9.124005
-9.175352
-2.665846
-3.486902
-6.690679
4.023685
2.679593
-32.683041
23.142239
67.035614
164.325043
111.040710
-395.400085
-115.220512
151.346680
121.587547
-21.955397
100.175545
-59.823105
90.806717
-86.177116
-0.686558
-3.466681
13.009632
-6.956990
-29.048004
-63.390858
-40.133625
154.513733
43.098427
-58.166706
-44.611881
11.624647
-39.622124
24.814915
-36.973415
34.428600
-2.779727
-0.362388
6.676376
-10.322567
-17.433727
-43.181149
-29.137075
100.459396
32.767628
-38.730518
-32.099194
3.548718
-26.248819
18.307711
-22.362814
23.724955
0.436219
0.275703
0.067141
0.730332
-0.051000
-0.185830
0.315303
0.258614
-0.481055
0.526874
0.592313
0.451149
-0.465157
0.467455
0.433688
0.508885
0.436219
0.275703
0.067141
0.730332
-0.051000
-0.185830
0.315303
0.258614
-0.481055
0.526874
0.592313
0.451149
-0.465157
0.467455
0.433688
0.508885
0.436219
0.275703
0.067141
0.730332
-0.051000
-0.185830
0.315303
0.258614
-0.481055
0.526874
0.592313
0.451149
-0.465157
0.467455
0.433688
0.508885
0.436219
0.275703
0.067141
0.730332
-0.051000
-0.185830
0.315303
0.258614
-0.481055
0.526874
0.592313
0.451149
-0.465157
0.467455
0.433688
0.508885
0.436219
0.275703
0.067141
0.730332
-0.051000
-0.185830
0.315303
0.258614
-0.481055
0.526874
0.592313
0.451149
-0.465157
0.467455
0.433688
0.508885
0.436219
0.275703
0.067141
0.730332
-0.051000
-0.185830
0.315303
0.258614
-0.481055
0.526874
0.592313
0.451149
-0.465157
0.467455
0.433688
0.508885
0.436219
0.275703
0.067141
0.730332
-0.051000
-0.185830
0.315303
0.258614
-0.481055
0.526874
0.592313
0.451149
-0.465157
0.467455
0.433688
0.508885
0.436219
0.275703
0.067141
0.730332
-0.051000
-0.185830
0.315303
0.258614
-0.481055
0.526874
0.592313
0.451149
-0.465157
0.467455
0.433688
0.508885
0.436219
0.275703
0.067141
0.730332
-0.051000
-0.185830
0.315303
0.258614
-0.481055
0.526874
0.592313
0.451149
-0.465157
0.467455
0.433688
0.508885
0.436219
0.275703
0.067141
0.730332
-0.051000
-0.185830
0.315303
0.258614
-0.481055
0.526874
0.592313
0.451149
-0.465157
0.467455
0.433688
0.508885
0.436219
0.275703
0.067141
0.730332
-0.051000
-0.185830
0.315303
0.258614
-0.481055
0.526874
0.592313
0.451149
-0.465157
0.467455
0.433688
0.508885
0.436219
0.275703
0.067141
0.730332
-0.051000
-0.185830
0.315303
0.258614
-0.481055
0.526874
0.592313
0.451149
-0.465157
0.467455
0.433688
0.508885
0.436219
0.275703
0.067141
0.730332
-0.051000
-0.185830
0.315303
0.258614
-0.481055
0.526874
0.592313
0.451149
-0.465157
0.467455
0.433688
0.508885
0.436219
0.275703
0.067141
0.730332
-0.051000
-0.185830
0.315303
0.258614
-0.481055
0.526874
0.592313
0.451149
-0.465157
0.467455
0.433688
0.508885
