-10.969316
-5.261639
-37.361343
-0.589425
32.896194
9.671169
13.028312
-18.189285
5.651755
9.436630
-24.143250
1.622269
-8.626925
-24.058935
2.714005
16.882366
-1.921201
2.530378
-18.016840
-48.040264
-13.126103
25.432974
7.661494
-3.821506
-37.337494
8.145198
24.232277
82.831375
-3.673381
-3.114760
33.294903
16.816730
-17.050264
10.763013
-3443.390137
4067.485840
2239.239746
1155.889771
-90.217430
2253.451660
4931.114258
333.641052
1478.501587
-7177.472656
-412.765686
-1055.796509
6215.320313
393.231049
0.710582
-3.179470
13.821891
31.744133
7.461332
-17.322989
-5.042066
2.382709
22.891520
-4.806853
-10.741164
-57.185997
4.246914
4.442267
-21.656235
-11.154705
16.644232
-8.977288
2290.574219
-2749.866943
-1511.149170
-761.896301
38.269119
-1512.039063
-3318.814209
-220.082001
-969.829834
4834.862305
279.069458
716.128357
-4187.605469
-242.178467
2.500590
1.028007
335.399750
-464.019836
-248.692368
-106.435555
-3.228599
-244.062134
-525.050293
15.966982
-91.002853
774.863037
50.915733
105.731377
-660.738037
14.721558
-1.765907
-0.101265
261.973358
-249.218430
-143.355026
-91.789284
24.189581
-150.586563
-331.472290
-54.217686
-149.901688
473.456055
19.761654
73.002930
-413.834045
-69.784645
-0.158355
0.328645
-0.208933
-0.221369
0.154101
-0.064557
0.267199
0.286882
-0.535600
0.040009
-0.015964
0.612010
-0.264176
-0.148019
-0.576379
0.154850
-0.158355
0.328645
-0.208933
-0.221369
0.154101
-0.064557
0.267199
0.286882
-0.535600
0.040009
-0.015964
0.612010
-0.264176
-0.148019
-0.576379
0.154850
-0.158355
0.328645
-0.208933
-0.221369
0.154101
-0.064557
0.267199
0.286882
-0.535600
0.040009
-0.015964
0.612010
-0.264176
-0.148019
-0.576379
0.154850
-0.158355
0.328645
-0.208933
-0.221369
0.154101
-0.064557
0.267199
0.286882
-0.535600
0.040009
-0.015964
0.612010
-0.264176
-0.148019
-0.576379
0.154850
-0.158355
0.328645
-0.208933
-0.221369
0.154101
-0.064557
0.267199
0.286882
-0.535600
0.040009
-0.015964
0.612010
-0.264176
-0.148019
-0.576379
0.154850
-0.158355
0.328645
-0.208933
-0.221369
0.154101
-0.064557
0.267199
0.286882
-0.535600
0.040009
-0.015964
0.612010
-0.264176
-0.148019
-0.576379
0.154850
-0.158355
0.328645
-0.208933
-0.221369
0.154101
-0.064557
0.267199
0.286882
-0.535600
0.040009
-0.015964
0.612010
-0.264176
-0.148019
-0.576379
0.154850
-0.158355
0.328645
-0.208933
-0.221369
0.154101
-0.064557
0.267199
0.286882
-0.535600
0.040009
-0.015964
0.612010
-0.264176
-0.148019
-0.576379
0.154850
-0.158355
0.328645
-0.208933
-0.221369
0.154101
-0.064557
0.267199
0.286882
-0.535600
0.040009
-0.015964
0.612010
-0.264176
-0.148019
-0.576379
0.154850
-0.158355
0.328645
-0.208933
-0.221369
0.154101
-0.064557
0.267199
0.286882
-0.535600
0.040009
-0.015964
0.612010
-0.264176
-0.148019
-0.576379
0.154850
-0.158355
0.328645
-0.208933
-0.221369
0.154101
-0.064557
0.267199
0.286882
-0.535600
0.040009
-0.015964
0.612010
-0.264176
-0.148019
-0.576379
0.154850
-0.158355
0.328645
-0.208933
-0.221369
0.154101
-0.064557
0.267199
0.286882
-0.535600
0.040009
-0.015964
0.612010
-0.264176
-0.148019
-0.576379
0.154850
-0.158355
0.328645
-0.208933
-0.221369
0.154101
-0.064557
0.267199
0.286882
-0.535600
0.040009
-0.015964
0.612010
-0.264176
-0.148019
-0.576379
0.154850
