-1.418229
-2.724147
105.690056
7.744169
-132.146530
116.215164
-296.516510
260.984894
406.919708
-211.928558
23.260542
-138.540146
-571.466492
59.516220
-15.543655
-216.506714
1.135095
0.854233
18.086355
2.791688
-21.536148
-11.622910
-1.384949
4.789672
-3.567819
8.840698
11.853435
5.151854
4.680510
-6.186595
6.222791
1.486221
-0.163867
2.292359
-3.874403
8.243578
5.409958
-7.661976
6.474679
2.560505
-4.665958
-0.106157
-1.312169
9.037144
0.554184
6.952403
-3.171882
1.412400
3.115090
0.135425
-76.576508
-5.382326
98.432587
-89.224930
221.790222
-195.776230
-312.133789
161.153305
-19.390350
102.074898
432.692596
-46.984615
13.593494
163.142426
1.726038
0.438271
-9.026122
0.597000
10.593423
-10.067167
19.244213
-24.096992
-22.399143
23.703007
-0.514291
12.936233
35.746952
-12.983339
4.451548
15.492143
0.366554
0.164646
-0.292310
-0.048950
0.163080
-0.210850
0.196683
-0.198129
-0.594262
-0.409721
-0.126132
0.151807
0.260114
-0.450311
0.163867
-0.016854
0.366554
0.164646
-0.292310
-0.048950
0.163080
-0.210850
0.196683
-0.198129
-0.594262
-0.409721
-0.126132
0.151807
0.260114
-0.450311
0.163867
-0.016854
0.366554
0.164646
-0.292310
-0.048950
0.163080
-0.210850
0.196683
-0.198129
-0.594262
-0.409721
-0.126132
0.151807
0.260114
-0.450311
0.163867
-0.016854
0.366554
0.164646
-0.292310
-0.048950
0.163080
-0.210850
0.196683
-0.198129
-0.594262
-0.409721
-0.126132
0.151807
0.260114
-0.450311
0.163867
-0.016854
0.366554
0.164646
-0.292310
-0.048950
0.163080
-0.210850
0.196683
-0.198129
-0.594262
-0.409721
-0.126132
0.151807
0.260114
-0.450311
0.163867
-0.016854
0.366554
0.164646
-0.292310
-0.048950
0.163080
-0.210850
0.196683
-0.198129
-0.594262
-0.409721
-0.126132
0.151807
0.260114
-0.450311
0.163867
-0.016854
0.366554
0.164646
-0.292310
-0.048950
0.163080
-0.210850
0.196683
-0.198129
-0.594262
-0.409721
-0.126132
0.151807
0.260114
-0.450311
0.163867
-0.016854
0.366554
0.164646
-0.292310
-0.048950
0.163080
-0.210850
0.196683
-0.198129
-0.594262
-0.409721
-0.126132
0.151807
0.260114
-0.450311
0.163867
-0.016854
0.366554
0.164646
-0.292310
-0.048950
0.163080
-0.210850
0.196683
-0.198129
-0.594262
-0.409721
-0.126132
0.151807
0.260114
-0.450311
0.163867
-0.016854
0.366554
0.164646
-0.292310
-0.048950
0.163080
-0.210850
0.196683
-0.198129
-0.594262
-0.409721
-0.126132
0.151807
0.260114
-0.450311
0.163867
-0.016854
0.366554
0.164646
-0.292310
-0.048950
0.163080
-0.210850
0.196683
-0.198129
-0.594262
-0.409721
-0.126132
0.151807
0.260114
-0.450311
0.163867
-0.016854
0.366554
0.164646
-0.292310
-0.048950
0.163080
-0.210850
0.196683
-0.198129
-0.594262
-0.409721
-0.126132
0.151807
0.260114
-0.450311
0.163867
-0.016854
0.366554
0.164646
-0.292310
-0.048950
0.163080
-0.210850
0.196683
-0.198129
-0.594262
-0.409721
-0.126132
0.151807
0.260114
-0.450311
0.163867
-0.016854
0.366554
0.164646
-0.292310
-0.048950
0.163080
-0.210850
0.196683
-0.198129
-0.594262
-0.409721
-0.126132
0.151807
0.260114
-0.450311
0.163867
-0.016854
0.366554
0.164646
-0.292310
-0.048950
0.163080
-0.210850
0.196683
-0.198129
-0.594262
-0.409721
-0.126132
0.151807
0.260114
-0.450311
0.163867
-0.016854
