-2.308665
1.272444
6.107776
-7.435355
-5.681246
6.234076
-6.345281
-1.614212
5.108342
1.919351
2.439647
-8.897468
-1.113475
-7.253702
3.299084
1.526160
2.977396
1.605254
4.703586
17.148884
-2.283587
-21.103432
-5.365774
1.869376
-12.877282
0.668456
2.623468
12.531019
3.254184
3.986648
-1.842438
5.708393
-0.943061
3.902725
-32.617428
-131.037781
121.868439
130.447906
329.761078
152.194748
-399.649811
-356.228790
-114.339897
9.190603
205.432068
566.659424
-188.260574
27.347284
3.559294
2.331155
1.288260
6.124849
-5.769034
-9.387891
-19.447104
-8.489779
17.078587
21.989609
7.660157
0.240743
-2.416293
-29.471827
7.776213
0.246670
2.189228
-4.581072
3.954787
12.187059
-15.296449
-12.517215
-39.549995
-7.493647
47.030491
29.124502
12.086866
-3.906070
-30.468412
-59.653107
15.866179
-7.714926
-4.196259
-2.143152
20.689781
85.168449
-78.492744
-81.599648
-211.778015
-101.228508
259.411987
226.073318
69.275200
-3.292225
-140.049057
-367.833466
120.964394
-18.386990
0.075920
-0.136972
0.231251
-0.106669
0.166744
-0.794738
-0.516284
0.211796
-0.353460
-0.258522
-0.067395
0.396851
-0.426820
0.746318
-0.222070
0.364753
0.075920
-0.136972
0.231251
-0.106669
0.166744
-0.794738
-0.516284
0.211796
-0.353460
-0.258522
-0.067395
0.396851
-0.426820
0.746318
-0.222070
0.364753
0.075920
-0.136972
0.231251
-0.106669
0.166744
-0.794738
-0.516284
0.211796
-0.353460
-0.258522
-0.067395
0.396851
-0.426820
0.746318
-0.222070
0.364753
0.075920
-0.136972
0.231251
-0.106669
0.166744
-0.794738
-0.516284
0.211796
-0.353460
-0.258522
-0.067395
0.396851
-0.426820
0.746318
-0.222070
0.364753
0.075920
-0.136972
0.231251
-0.106669
0.166744
-0.794738
-0.516284
0.211796
-0.353460
-0.258522
-0.067395
0.396851
-0.426820
0.746318
-0.222070
0.364753
0.075920
-0.136972
0.231251
-0.106669
0.166744
-0.794738
-0.516284
0.211796
-0.353460
-0.258522
-0.067395
0.396851
-0.426820
0.746318
-0.222070
0.364753
0.075920
-0.136972
0.231251
-0.106669
0.166744
-0.794738
-0.516284
0.211796
-0.353460
-0.258522
-0.067395
0.396851
-0.426820
0.746318
-0.222070
0.364753
0.075920
-0.136972
0.231251
-0.106669
0.166744
-0.794738
-0.516284
0.211796
-0.353460
-0.258522
-0.067395
0.396851
-0.426820
0.746318
-0.222070
0.364753
0.075920
-0.136972
0.231251
-0.106669
0.166744
-0.794738
-0.516284
0.211796
-0.353460
-0.258522
-0.067395
0.396851
-0.426820
0.746318
-0.222070
0.364753
0.075920
-0.136972
0.231251
-0.106669
0.166744
-0.794738
-0.516284
0.211796
-0.353460
-0.258522
-0.067395
0.396851
-0.426820
0.746318
-0.222070
0.364753
0.075920
-0.136972
0.231251
-0.106669
0.166744
-0.794738
-0.516284
0.211796
-0.353460
-0.258522
-0.067395
0.396851
-0.426820
0.746318
-0.222070
0.364753
0.075920
-0.136972
0.231251
-0.106669
0.166744
-0.794738
-0.516284
0.211796
-0.353460
-0.258522
-0.067395
0.396851
-0.426820
0.746318
-0.222070
0.364753
0.075920
-0.136972
0.231251
-0.106669
0.166744
-0.794738
-0.516284
0.211796
-0.353460
-0.258522
-0.067395
0.396851
-0.426820
0.746318
-0.222070
0.364753
0.075920
-0.136972
0.231251
-0.106669
0.166744
-0.794738
-0.516284
0.211796
-0.353460
-0.258522
-0.067395
0.396851
-0.426820
0.746318
-0.222070
0.364753
