-0.295350
-0.588598
3.602504
-0.655998
-6.548314
3.677397
2.841550
-5.321240
-1.060829
4.354406
5.101416
-5.751521
6.998267
0.031173
2.773528
0.686927
0.005630
-2.487595
16.511589
30.509027
-10.242386
-33.714531
13.352179
-21.945765
-4.409619
24.155565
32.074749
28.238676
20.967920
-5.237005
-4.124035
22.756128
1.377617
1.436983
21.185848
-68.699478
98.535210
29.762426
332.892334
266.637390
-215.623398
-439.479279
-118.572487
-16.542843
137.920258
535.159607
-276.067566
50.621262
-1.514829
-3.452156
-14.765593
44.223877
-69.137794
-19.824364
-240.518127
-192.695190
165.435028
322.580627
87.451889
11.194470
-103.552750
-393.537476
203.695328
-38.614086
1.026871
2.175504
0.013426
6.777769
-7.745217
-2.798634
-20.711065
-17.180927
9.136382
27.594994
6.124522
0.576840
-4.587766
-29.518892
14.614961
-3.023926
-0.361869
1.463776
-0.770955
8.929129
-8.063535
-4.805643
-29.274921
-23.560202
16.138393
33.226276
10.246709
0.161960
-14.426956
-44.707798
23.230297
-4.365118
-1.572885
-0.386497
0.262908
0.031270
0.676248
0.403154
0.614965
0.523135
-0.262435
-0.175093
-0.086626
0.240890
-0.414277
-0.606958
0.522094
0.087083
-1.572885
-0.386497
0.262908
0.031270
0.676248
0.403154
0.614965
0.523135
-0.262435
-0.175093
-0.086626
0.240890
-0.414277
-0.606958
0.522094
0.087083
-1.572885
-0.386497
0.262908
0.031270
0.676248
0.403154
0.614965
0.523135
-0.262435
-0.175093
-0.086626
0.240890
-0.414277
-0.606958
0.522094
0.087083
-1.572885
-0.386497
0.262908
0.031270
0.676248
0.403154
0.614965
0.523135
-0.262435
-0.175093
-0.086626
0.240890
-0.414277
-0.606958
0.522094
0.087083
-1.572885
-0.386497
0.262908
0.031270
0.676248
0.403154
0.614965
0.523135
-0.262435
-0.175093
-0.086626
0.240890
-0.414277
-0.606958
0.522094
0.087083
-1.572885
-0.386497
0.262908
0.031270
0.676248
0.403154
0.614965
0.523135
-0.262435
-0.175093
-0.086626
0.240890
-0.414277
-0.606958
0.522094
0.087083
-1.572885
-0.386497
0.262908
0.031270
0.676248
0.403154
0.614965
0.523135
-0.262435
-0.175093
-0.086626
0.240890
-0.414277
-0.606958
0.522094
0.087083
-1.572885
-0.386497
0.262908
0.031270
0.676248
0.403154
0.614965
0.523135
-0.262435
-0.175093
-0.086626
0.240890
-0.414277
-0.606958
0.522094
0.087083
-1.572885
-0.386497
0.262908
0.031270
0.676248
0.403154
0.614965
0.523135
-0.262435
-0.175093
-0.086626
0.240890
-0.414277
-0.606958
0.522094
0.087083
-1.572885
-0.386497
0.262908
0.031270
0.676248
0.403154
0.614965
0.523135
-0.262435
-0.175093
-0.086626
0.240890
-0.414277
-0.606958
0.522094
0.087083
-1.572885
-0.386497
0.262908
0.031270
0.676248
0.403154
0.614965
0.523135
-0.262435
-0.175093
-0.086626
0.240890
-0.414277
-0.606958
0.522094
0.087083
-1.572885
-0.386497
0.262908
0.031270
0.676248
0.403154
0.614965
0.523135
-0.262435
-0.175093
-0.086626
0.240890
-0.414277
-0.606958
0.522094
0.087083
-1.572885
-0.386497
0.262908
0.031270
0.676248
0.403154
0.614965
0.523135
-0.262435
-0.175093
-0.086626
0.240890
-0.414277
-0.606958
0.522094
0.087083
-1.572885
-0.386497
0.262908
0.031270
0.676248
0.403154
0.614965
0.523135
-0.262435
-0.175093
-0.086626
0.240890
-0.414277
-0.606958
0.522094
0.087083
