-2.871615
5.249949
-28.130444
10.301164
33.962341
-12.598580
-3.360655
-1.184255
-0.661816
-15.508820
-15.649497
17.640451
-9.944901
3.319216
-7.683584
8.396049
-1.049080
0.117930
-5.957229
5.107879
9.726534
-2.538479
4.281256
-0.101819
-2.962143
-1.479386
-5.111890
4.263052
-0.264640
3.385508
-4.221492
0.535752
0.715233
-2.111430
0.960564
-8.871582
2.965957
9.105083
2.067173
-5.314656
-4.345506
4.906963
8.198830
1.841275
6.897227
2.757868
7.506824
-2.678814
1.076024
0.061490
-90.821648
-65.822418
-64.257462
-123.710785
-39.637905
-316.211304
-329.306641
346.458771
35.380074
113.635429
414.297485
-274.110291
135.149399
217.349274
1.693568
1.445471
44.540821
31.947454
44.287079
71.027008
31.215397
174.460983
166.860977
-192.745361
-23.875099
-63.626991
-215.385452
159.163437
-78.508286
-117.520889
-0.060999
-0.666481
5.183517
7.044541
4.268183
8.454754
3.965053
16.427719
23.097572
-18.598352
-1.496417
-2.900686
-25.233654
15.916519
-5.674107
-17.048069
-4.946834
0.178130
16.621679
13.588390
7.142773
18.880423
4.902730
49.100750
54.620518
-52.826588
-3.346619
-14.855603
-71.723259
34.871887
-20.304426
-29.791395
0.977133
-1.072383
0.146483
-0.349428
-0.431334
-0.235244
-0.270728
-0.521036
0.264574
-0.070011
-0.012245
0.028397
0.034077
0.088166
-0.106123
0.157168
0.977133
-1.072383
0.146483
-0.349428
-0.431334
-0.235244
-0.270728
-0.521036
0.264574
-0.070011
-0.012245
0.028397
0.034077
0.088166
-0.106123
0.157168
0.977133
-1.072383
0.146483
-0.349428
-0.431334
-0.235244
-0.270728
-0.521036
0.264574
-0.070011
-0.012245
0.028397
0.034077
0.088166
-0.106123
0.157168
0.977133
-1.072383
0.146483
-0.349428
-0.431334
-0.235244
-0.270728
-0.521036
0.264574
-0.070011
-0.012245
0.028397
0.034077
0.088166
-0.106123
0.157168
0.977133
-1.072383
0.146483
-0.349428
-0.431334
-0.235244
-0.270728
-0.521036
0.264574
-0.070011
-0.012245
0.028397
0.034077
0.088166
-0.106123
0.157168
0.977133
-1.072383
0.146483
-0.349428
-0.431334
-0.235244
-0.270728
-0.521036
0.264574
-0.070011
-0.012245
0.028397
0.034077
0.088166
-0.106123
0.157168
0.977133
-1.072383
0.146483
-0.349428
-0.431334
-0.235244
-0.270728
-0.521036
0.264574
-0.070011
-0.012245
0.028397
0.034077
0.088166
-0.106123
0.157168
0.977133
-1.072383
0.146483
-0.349428
-0.431334
-0.235244
-0.270728
-0.521036
0.264574
-0.070011
-0.012245
0.028397
0.034077
0.088166
-0.106123
0.157168
0.977133
-1.072383
0.146483
-0.349428
-0.431334
-0.235244
-0.270728
-0.521036
0.264574
-0.070011
-0.012245
0.028397
0.034077
0.088166
-0.106123
0.157168
0.977133
-1.072383
0.146483
-0.349428
-0.431334
-0.235244
-0.270728
-0.521036
0.264574
-0.070011
-0.012245
0.028397
0.034077
0.088166
-0.106123
0.157168
0.977133
-1.072383
0.146483
-0.349428
-0.431334
-0.235244
-0.270728
-0.521036
0.264574
-0.070011
-0.012245
0.028397
0.034077
0.088166
-0.106123
0.157168
0.977133
-1.072383
0.146483
-0.349428
-0.431334
-0.235244
-0.270728
-0.521036
0.264574
-0.070011
-0.012245
0.028397
0.034077
0.088166
-0.106123
0.157168
0.977133
-1.072383
0.146483
-0.349428
-0.431334
-0.235244
-0.270728
-0.521036
0.264574
-0.070011
-0.012245
0.028397
0.034077
0.088166
-0.106123
0.157168
