1.560279
-1.200575
-10.861823
-44.572678
1.748067
31.448965
11.508734
5.875852
-4.360587
14.924251
-10.515965
-12.842214
26.617029
-10.727869
-13.916015
0.860384
2.331834
-21.880295
-46.965168
-6405.588867
-2360.454102
875.784302
-1397.961670
-1707.622192
-4061.140381
3310.598389
4233.550293
6638.413574
989.318542
442.289825
-5442.814941
4424.753418
-0.346511
0.655860
-16.166403
56.601810
26.335751
-6.803867
-6.247198
2.459505
34.795540
20.181948
43.408009
-85.635506
1.593984
8.626295
-23.890795
-47.086720
2.285894
-3.700782
13.492976
-38.648788
-17.927670
5.624480
4.252589
-3.857844
-20.388002
-14.145328
-31.691319
51.581203
2.429581
-5.424337
11.445773
26.791990
-0.355425
17.730665
129.276749
3970.826172
1450.005737
-578.181885
893.835510
1035.141602
2467.160400
-2109.020264
-2728.233154
-4049.779541
-622.102600
-259.944153
3308.736328
-2822.739746
-0.320283
-2.123563
-124.802322
444.213379
178.569717
-12.822204
61.715885
147.760345
345.482239
-152.268311
-159.831375
-545.697021
-59.098759
-50.203636
461.166870
-197.847015
2.712981
2.007236
173.230576
806.950562
276.081207
-176.128555
221.542953
178.623932
426.865540
-526.751404
-707.436829
-725.185242
-135.879944
-28.705038
573.330872
-703.222473
-0.098567
0.042613
-0.464129
-0.375267
0.560207
0.356529
-0.596135
0.037557
0.252154
0.204082
-0.009075
-1.219384
0.046647
0.022328
0.157813
-0.043267
-0.098567
0.042613
-0.464129
-0.375267
0.560207
0.356529
-0.596135
0.037557
0.252154
0.204082
-0.009075
-1.219384
0.046647
0.022328
0.157813
-0.043267
-0.098567
0.042613
-0.464129
-0.375267
0.560207
0.356529
-0.596135
0.037557
0.252154
0.204082
-0.009075
-1.219384
0.046647
0.022328
0.157813
-0.043267
-0.098567
0.042613
-0.464129
-0.375267
0.560207
0.356529
-0.596135
0.037557
0.252154
0.204082
-0.009075
-1.219384
0.046647
0.022328
0.157813
-0.043267
-0.098567
0.042613
-0.464129
-0.375267
0.560207
0.356529
-0.596135
0.037557
0.252154
0.204082
-0.009075
-1.219384
0.046647
0.022328
0.157813
-0.043267
-0.098567
0.042613
-0.464129
-0.375267
0.560207
0.356529
-0.596135
0.037557
0.252154
0.204082
-0.009075
-1.219384
0.046647
0.022328
0.157813
-0.043267
-0.098567
0.042613
-0.464129
-0.375267
0.560207
0.356529
-0.596135
0.037557
0.252154
0.204082
-0.009075
-1.219384
0.046647
0.022328
0.157813
-0.043267
-0.098567
0.042613
-0.464129
-0.375267
0.560207
0.356529
-0.596135
0.037557
0.252154
0.204082
-0.009075
-1.219384
0.046647
0.022328
0.157813
-0.043267
-0.098567
0.042613
-0.464129
-0.375267
0.560207
0.356529
-0.596135
0.037557
0.252154
0.204082
-0.009075
-1.219384
0.046647
0.022328
0.157813
-0.043267
-0.098567
0.042613
-0.464129
-0.375267
0.560207
0.356529
-0.596135
0.037557
0.252154
0.204082
-0.009075
-1.219384
0.046647
0.022328
0.157813
-0.043267
-0.098567
0.042613
-0.464129
-0.375267
0.560207
0.356529
-0.596135
0.037557
0.252154
0.204082
-0.009075
-1.219384
0.046647
0.022328
0.157813
-0.043267
-0.098567
0.042613
-0.464129
-0.375267
0.560207
0.356529
-0.596135
0.037557
0.252154
0.204082
-0.009075
-1.219384
0.046647
0.022328
0.157813
-0.043267
-0.098567
0.042613
-0.464129
-0.375267
0.560207
0.356529
-0.596135
0.037557
0.252154
0.204082
-0.009075
-1.219384
0.046647
0.022328
0.157813
-0.043267
