1.701979
0.741199
53.925972
153.542740
74.776482
-66.295662
-219.505646
-153.928055
463.510193
175.067444
-42.513924
-72.068771
27.688427
-398.257751
-118.252930
179.410141
2.207786
-1.648975
-49.317669
-120.430954
-68.452553
70.479675
178.658493
148.153854
-380.259369
-127.497696
49.039532
59.890430
-34.830578
320.397400
108.153374
-151.056473
-0.469045
0.226241
-0.021520
-1.288981
-0.336114
0.436103
-0.561533
-0.242575
0.379368
-0.186874
-0.365268
0.057515
0.165980
-0.354064
-0.717670
-0.008925
-0.469045
0.226241
-0.021520
-1.288981
-0.336114
0.436103
-0.561533
-0.242575
0.379368
-0.186874
-0.365268
0.057515
0.165980
-0.354064
-0.717670
-0.008925
-0.469045
0.226241
-0.021520
-1.288981
-0.336114
0.436103
-0.561533
-0.242575
0.379368
-0.186874
-0.365268
0.057515
0.165980
-0.354064
-0.717670
-0.008925
-0.469045
0.226241
-0.021520
-1.288981
-0.336114
0.436103
-0.561533
-0.242575
0.379368
-0.186874
-0.365268
0.057515
0.165980
-0.354064
-0.717670
-0.008925
-0.469045
0.226241
-0.021520
-1.288981
-0.336114
0.436103
-0.561533
-0.242575
0.379368
-0.186874
-0.365268
0.057515
0.165980
-0.354064
-0.717670
-0.008925
-0.469045
0.226241
-0.021520
-1.288981
-0.336114
0.436103
-0.561533
-0.242575
0.379368
-0.186874
-0.365268
0.057515
0.165980
-0.354064
-0.717670
-0.008925
-0.469045
0.226241
-0.021520
-1.288981
-0.336114
0.436103
-0.561533
-0.242575
0.379368
-0.186874
-0.365268
0.057515
0.165980
-0.354064
-0.717670
-0.008925
-0.469045
0.226241
-0.021520
-1.288981
-0.336114
0.436103
-0.561533
-0.242575
0.379368
-0.186874
-0.365268
0.057515
0.165980
-0.354064
-0.717670
-0.008925
-0.469045
0.226241
-0.021520
-1.288981
-0.336114
0.436103
-0.561533
-0.242575
0.379368
-0.186874
-0.365268
0.057515
0.165980
-0.354064
-0.717670
-0.008925
-0.469045
0.226241
-0.021520
-1.288981
-0.336114
0.436103
-0.561533
-0.242575
0.379368
-0.186874
-0.365268
0.057515
0.165980
-0.354064
-0.717670
-0.008925
-0.469045
0.226241
-0.021520
-1.288981
-0.336114
0.436103
-0.561533
-0.242575
0.379368
-0.186874
-0.365268
0.057515
0.165980
-0.354064
-0.717670
-0.008925
-0.469045
0.226241
-0.021520
-1.288981
-0.336114
0.436103
-0.561533
-0.242575
0.379368
-0.186874
-0.365268
0.057515
0.165980
-0.354064
-0.717670
-0.008925
-0.469045
0.226241
-0.021520
-1.288981
-0.336114
0.436103
-0.561533
-0.242575
0.379368
-0.186874
-0.365268
0.057515
0.165980
-0.354064
-0.717670
-0.008925
-0.469045
0.226241
-0.021520
-1.288981
-0.336114
0.436103
-0.561533
-0.242575
0.379368
-0.186874
-0.365268
0.057515
0.165980
-0.354064
-0.717670
-0.008925
-0.469045
0.226241
-0.021520
-1.288981
-0.336114
0.436103
-0.561533
-0.242575
0.379368
-0.186874
-0.365268
0.057515
0.165980
-0.354064
-0.717670
-0.008925
-0.469045
0.226241
-0.021520
-1.288981
-0.336114
0.436103
-0.561533
-0.242575
0.379368
-0.186874
-0.365268
0.057515
0.165980
-0.354064
-0.717670
-0.008925
-0.469045
0.226241
-0.021520
-1.288981
-0.336114
0.436103
-0.561533
-0.242575
0.379368
-0.186874
-0.365268
0.057515
0.165980
-0.354064
-0.717670
-0.008925
-0.469045
0.226241
-0.021520
-1.288981
-0.336114
0.436103
-0.561533
-0.242575
0.379368
-0.186874
-0.365268
0.057515
0.165980
-0.354064
-0.717670
-0.008925
