0.058515
-0.236493
5.868453
1.555208
-5.827675
-3.126285
4.843462
-3.446573
-2.182772
2.626027
8.425059
-2.007251
5.405684
4.389260
3.294822
0.323257
6.733981
-3.566125
-21.636168
2.910946
34.430740
0.291349
10.086550
28.367832
-8.083679
-13.109308
-35.851547
14.189510
-15.936623
27.329144
-14.815099
-13.888310
0.557422
2.172092
-129.684631
-63.221996
-52.330536
60.401554
414.399017
-118.753128
-510.414429
232.236679
73.203400
48.361366
318.611908
150.573334
63.340778
-179.689911
-2.118999
-3.640910
7.343445
2.771753
4.250696
0.698605
-24.437483
9.623525
32.357525
-18.156755
-7.223416
-6.739368
-15.920070
-9.184485
0.056985
7.834233
-2.212486
-1.181699
5.820259
5.187029
6.775978
-2.688556
-21.976254
7.328309
28.170729
-13.576242
-3.596956
1.028649
-20.512579
-8.112042
0.078789
11.359526
1.869774
-1.620262
103.882874
48.084244
38.846901
-47.993584
-333.901215
88.792694
407.974213
-175.298401
-56.614460
-33.632328
-253.451431
-126.046486
-56.864037
143.815933
-0.047766
0.352858
-0.346483
-0.079873
-0.231086
-0.110875
-0.138947
-0.307470
-0.050300
-0.710803
-0.137107
-0.144491
0.289816
0.431299
0.165718
-0.303067
-0.047766
0.352858
-0.346483
-0.079873
-0.231086
-0.110875
-0.138947
-0.307470
-0.050300
-0.710803
-0.137107
-0.144491
0.289816
0.431299
0.165718
-0.303067
-0.047766
0.352858
-0.346483
-0.079873
-0.231086
-0.110875
-0.138947
-0.307470
-0.050300
-0.710803
-0.137107
-0.144491
0.289816
0.431299
0.165718
-0.303067
-0.047766
0.352858
-0.346483
-0.079873
-0.231086
-0.110875
-0.138947
-0.307470
-0.050300
-0.710803
-0.137107
-0.144491
0.289816
0.431299
0.165718
-0.303067
-0.047766
0.352858
-0.346483
-0.079873
-0.231086
-0.110875
-0.138947
-0.307470
-0.050300
-0.710803
-0.137107
-0.144491
0.289816
0.431299
0.165718
-0.303067
-0.047766
0.352858
-0.346483
-0.079873
-0.231086
-0.110875
-0.138947
-0.307470
-0.050300
-0.710803
-0.137107
-0.144491
0.289816
0.431299
0.165718
-0.303067
-0.047766
0.352858
-0.346483
-0.079873
-0.231086
-0.110875
-0.138947
-0.307470
-0.050300
-0.710803
-0.137107
-0.144491
0.289816
0.431299
0.165718
-0.303067
-0.047766
0.352858
-0.346483
-0.079873
-0.231086
-0.110875
-0.138947
-0.307470
-0.050300
-0.710803
-0.137107
-0.144491
0.289816
0.431299
0.165718
-0.303067
-0.047766
0.352858
-0.346483
-0.079873
-0.231086
-0.110875
-0.138947
-0.307470
-0.050300
-0.710803
-0.137107
-0.144491
0.289816
0.431299
0.165718
-0.303067
-0.047766
0.352858
-0.346483
-0.079873
-0.231086
-0.110875
-0.138947
-0.307470
-0.050300
-0.710803
-0.137107
-0.144491
0.289816
0.431299
0.165718
-0.303067
-0.047766
0.352858
-0.346483
-0.079873
-0.231086
-0.110875
-0.138947
-0.307470
-0.050300
-0.710803
-0.137107
-0.144491
0.289816
0.431299
0.165718
-0.303067
-0.047766
0.352858
-0.346483
-0.079873
-0.231086
-0.110875
-0.138947
-0.307470
-0.050300
-0.710803
-0.137107
-0.144491
0.289816
0.431299
0.165718
-0.303067
-0.047766
0.352858
-0.346483
-0.079873
-0.231086
-0.110875
-0.138947
-0.307470
-0.050300
-0.710803
-0.137107
-0.144491
0.289816
0.431299
0.165718
-0.303067
-0.047766
0.352858
-0.346483
-0.079873
-0.231086
-0.110875
-0.138947
-0.307470
-0.050300
-0.710803
-0.137107
-0.144491
0.289816
0.431299
0.165718
-0.303067
