4.810109
1.044898
19.498800
24.919441
-11.701401
-35.156879
15.343699
-11.927422
-16.710430
16.170858
23.886713
30.609348
20.161575
15.383886
-12.559403
17.704159
1.457273
0.103847
-1.548845
5.012613
2.712503
-6.952739
0.430779
6.189265
-0.512275
-1.475526
-0.178480
7.863332
-4.660121
3.467887
0.249843
0.732929
1.281177
1.909388
-85.675949
96.152519
31.514683
66.591553
-146.246872
-437.637543
178.615692
595.290161
97.873756
-39.866138
155.095001
-299.741516
-166.052383
-72.524200
-1.212842
-3.734704
72.678123
-78.544922
-26.425488
-53.465492
126.100357
360.473511
-149.852325
-490.674133
-83.620972
33.598579
-126.982071
248.391800
137.247070
61.166656
-1.531708
-0.037375
0.061915
0.238716
-0.020133
-0.108409
-0.162550
-0.357785
-0.144569
-0.260881
0.305189
0.345251
0.152694
0.418316
0.188318
0.081857
-1.531708
-0.037375
0.061915
0.238716
-0.020133
-0.108409
-0.162550
-0.357785
-0.144569
-0.260881
0.305189
0.345251
0.152694
0.418316
0.188318
0.081857
-1.531708
-0.037375
0.061915
0.238716
-0.020133
-0.108409
-0.162550
-0.357785
-0.144569
-0.260881
0.305189
0.345251
0.152694
0.418316
0.188318
0.081857
-1.531708
-0.037375
0.061915
0.238716
-0.020133
-0.108409
-0.162550
-0.357785
-0.144569
-0.260881
0.305189
0.345251
0.152694
0.418316
0.188318
0.081857
-1.531708
-0.037375
0.061915
0.238716
-0.020133
-0.108409
-0.162550
-0.357785
-0.144569
-0.260881
0.305189
0.345251
0.152694
0.418316
0.188318
0.081857
-1.531708
-0.037375
0.061915
0.238716
-0.020133
-0.108409
-0.162550
-0.357785
-0.144569
-0.260881
0.305189
0.345251
0.152694
0.418316
0.188318
0.081857
-1.531708
-0.037375
0.061915
0.238716
-0.020133
-0.108409
-0.162550
-0.357785
-0.144569
-0.260881
0.305189
0.345251
0.152694
0.418316
0.188318
0.081857
-1.531708
-0.037375
0.061915
0.238716
-0.020133
-0.108409
-0.162550
-0.357785
-0.144569
-0.260881
0.305189
0.345251
0.152694
0.418316
0.188318
0.081857
-1.531708
-0.037375
0.061915
0.238716
-0.020133
-0.108409
-0.162550
-0.357785
-0.144569
-0.260881
0.305189
0.345251
0.152694
0.418316
0.188318
0.081857
-1.531708
-0.037375
0.061915
0.238716
-0.020133
-0.108409
-0.162550
-0.357785
-0.144569
-0.260881
0.305189
0.345251
0.152694
0.418316
0.188318
0.081857
-1.531708
-0.037375
0.061915
0.238716
-0.020133
-0.108409
-0.162550
-0.357785
-0.144569
-0.260881
0.305189
0.345251
0.152694
0.418316
0.188318
0.081857
-1.531708
-0.037375
0.061915
0.238716
-0.020133
-0.108409
-0.162550
-0.357785
-0.144569
-0.260881
0.305189
0.345251
0.152694
0.418316
0.188318
0.081857
-1.531708
-0.037375
0.061915
0.238716
-0.020133
-0.108409
-0.162550
-0.357785
-0.144569
-0.260881
0.305189
0.345251
0.152694
0.418316
0.188318
0.081857
-1.531708
-0.037375
0.061915
0.238716
-0.020133
-0.108409
-0.162550
-0.357785
-0.144569
-0.260881
0.305189
0.345251
0.152694
0.418316
0.188318
0.081857
-1.531708
-0.037375
0.061915
0.238716
-0.020133
-0.108409
-0.162550
-0.357785
-0.144569
-0.260881
0.305189
0.345251
0.152694
0.418316
0.188318
0.081857
-1.531708
-0.037375
0.061915
0.238716
-0.020133
-0.108409
-0.162550
-0.357785
-0.144569
-0.260881
0.305189
0.345251
0.152694
0.418316
0.188318
0.081857
