-0.134874
1.496813
4.793624
-0.576437
-5.666750
0.566015
3.907266
-6.494864
-1.012322
2.243960
6.971392
-4.571213
4.301393
2.927366
1.741827
2.454038
2.394351
-1.937698
-16.284237
15.897963
17.911036
-15.313559
3.114194
-0.352225
-6.297220
-7.232047
-5.709543
21.171776
-3.522129
14.901974
-4.807610
10.419627
1.444795
-8.704311
0.726556
39.028183
8.291791
-32.870377
30.925066
-6.436967
-20.670961
1.928577
3.191528
31.557674
20.965155
18.470394
-8.371450
-0.876743
12.297865
-11.124940
-36.041653
18.724661
28.498491
-19.237917
-5.064747
-37.543644
19.925060
-6.835363
-19.744005
5.197237
-20.900234
2.614530
4.949001
5.165350
1.717792
-2.749479
132.647903
69.094284
46.810963
-66.279854
-413.063324
137.656464
524.331299
-243.842056
-91.382935
-54.624550
-352.013092
-130.823608
-63.275665
176.053406
-0.456268
1.184403
-3.754004
-6.895580
-2.258648
1.242167
26.197361
0.784307
-35.175926
3.794877
1.794784
8.260144
19.502426
17.800497
9.966821
-8.563581
0.398069
-0.746880
-99.143684
-47.169407
-37.910954
47.333672
313.233856
-110.560699
-399.989380
189.869171
71.324356
39.360527
270.360687
99.788094
47.393265
-139.303711
-1.637540
2.530018
-16.061258
-8.756053
-2.532714
9.728604
29.571653
-21.663580
-34.751068
35.638920
8.835938
0.232125
30.842581
0.057218
-0.347461
-11.530806
-0.035029
0.663585
0.385341
-0.331354
-0.584094
0.009336
0.330642
0.486521
-0.099214
0.384470
-0.167978
-0.434542
0.764506
0.386095
0.292118
-0.181710
-0.035029
0.663585
0.385341
-0.331354
-0.584094
0.009336
0.330642
0.486521
-0.099214
0.384470
-0.167978
-0.434542
0.764506
0.386095
0.292118
-0.181710
-0.035029
0.663585
0.385341
-0.331354
-0.584094
0.009336
0.330642
0.486521
-0.099214
0.384470
-0.167978
-0.434542
0.764506
0.386095
0.292118
-0.181710
-0.035029
0.663585
0.385341
-0.331354
-0.584094
0.009336
0.330642
0.486521
-0.099214
0.384470
-0.167978
-0.434542
0.764506
0.386095
0.292118
-0.181710
-0.035029
0.663585
0.385341
-0.331354
-0.584094
0.009336
0.330642
0.486521
-0.099214
0.384470
-0.167978
-0.434542
0.764506
0.386095
0.292118
-0.181710
-0.035029
0.663585
0.385341
-0.331354
-0.584094
0.009336
0.330642
0.486521
-0.099214
0.384470
-0.167978
-0.434542
0.764506
0.386095
0.292118
-0.181710
-0.035029
0.663585
0.385341
-0.331354
-0.584094
0.009336
0.330642
0.486521
-0.099214
0.384470
-0.167978
-0.434542
0.764506
0.386095
0.292118
-0.181710
-0.035029
0.663585
0.385341
-0.331354
-0.584094
0.009336
0.330642
0.486521
-0.099214
0.384470
-0.167978
-0.434542
0.764506
0.386095
0.292118
-0.181710
-0.035029
0.663585
0.385341
-0.331354
-0.584094
0.009336
0.330642
0.486521
-0.099214
0.384470
-0.167978
-0.434542
0.764506
0.386095
0.292118
-0.181710
-0.035029
0.663585
0.385341
-0.331354
-0.584094
0.009336
0.330642
0.486521
-0.099214
0.384470
-0.167978
-0.434542
0.764506
0.386095
0.292118
-0.181710
-0.035029
0.663585
0.385341
-0.331354
-0.584094
0.009336
0.330642
0.486521
-0.099214
0.384470
-0.167978
-0.434542
0.764506
0.386095
0.292118
-0.181710
-0.035029
0.663585
0.385341
-0.331354
-0.584094
0.009336
0.330642
0.486521
-0.099214
0.384470
-0.167978
-0.434542
0.764506
0.386095
0.292118
-0.181710
