1.387215
-2.686852
-24.075951
-7.220147
25.540012
12.261086
-18.614927
24.556015
5.621219
-21.790136
-33.763550
10.834119
-21.294920
-7.458609
-1.096521
-0.423126
0.437162
-0.354353
128.813782
48.939671
29.481356
-51.902931
-459.723236
181.029007
521.077026
-264.616913
-75.936630
-52.177841
-368.061432
-116.631111
-43.112881
174.211533
0.903377
-0.675620
-105.603569
-43.361191
-25.246803
43.321648
383.011078
-150.501923
-441.865204
228.467072
69.849144
43.589661
315.088989
97.197716
34.478367
-151.372803
-0.612480
0.082727
-0.129043
-0.177460
0.012315
0.369911
0.593650
-0.180422
0.860877
0.041674
-0.010243
-0.257477
-0.286765
-0.097477
-0.288874
0.121381
-0.612480
0.082727
-0.129043
-0.177460
0.012315
0.369911
0.593650
-0.180422
0.860877
0.041674
-0.010243
-0.257477
-0.286765
-0.097477
-0.288874
0.121381
-0.612480
0.082727
-0.129043
-0.177460
0.012315
0.369911
0.593650
-0.180422
0.860877
0.041674
-0.010243
-0.257477
-0.286765
-0.097477
-0.288874
0.121381
-0.612480
0.082727
-0.129043
-0.177460
0.012315
0.369911
0.593650
-0.180422
0.860877
0.041674
-0.010243
-0.257477
-0.286765
-0.097477
-0.288874
0.121381
-0.612480
0.082727
-0.129043
-0.177460
0.012315
0.369911
0.593650
-0.180422
0.860877
0.041674
-0.010243
-0.257477
-0.286765
-0.097477
-0.288874
0.121381
-0.612480
0.082727
-0.129043
-0.177460
0.012315
0.369911
0.593650
-0.180422
0.860877
0.041674
-0.010243
-0.257477
-0.286765
-0.097477
-0.288874
0.121381
-0.612480
0.082727
-0.129043
-0.177460
0.012315
0.369911
0.593650
-0.180422
0.860877
0.041674
-0.010243
-0.257477
-0.286765
-0.097477
-0.288874
0.121381
-0.612480
0.082727
-0.129043
-0.177460
0.012315
0.369911
0.593650
-0.180422
0.860877
0.041674
-0.010243
-0.257477
-0.286765
-0.097477
-0.288874
0.121381
-0.612480
0.082727
-0.129043
-0.177460
0.012315
0.369911
0.593650
-0.180422
0.860877
0.041674
-0.010243
-0.257477
-0.286765
-0.097477
-0.288874
0.121381
-0.612480
0.082727
-0.129043
-0.177460
0.012315
0.369911
0.593650
-0.180422
0.860877
0.041674
-0.010243
-0.257477
-0.286765
-0.097477
-0.288874
0.121381
-0.612480
0.082727
-0.129043
-0.177460
0.012315
0.369911
0.593650
-0.180422
0.860877
0.041674
-0.010243
-0.257477
-0.286765
-0.097477
-0.288874
0.121381
-0.612480
0.082727
-0.129043
-0.177460
0.012315
0.369911
0.593650
-0.180422
0.860877
0.041674
-0.010243
-0.257477
-0.286765
-0.097477
-0.288874
0.121381
-0.612480
0.082727
-0.129043
-0.177460
0.012315
0.369911
0.593650
-0.180422
0.860877
0.041674
-0.010243
-0.257477
-0.286765
-0.097477
-0.288874
0.121381
-0.612480
0.082727
-0.129043
-0.177460
0.012315
0.369911
0.593650
-0.180422
0.860877
0.041674
-0.010243
-0.257477
-0.286765
-0.097477
-0.288874
0.121381
-0.612480
0.082727
-0.129043
-0.177460
0.012315
0.369911
0.593650
-0.180422
0.860877
0.041674
-0.010243
-0.257477
-0.286765
-0.097477
-0.288874
0.121381
-0.612480
0.082727
-0.129043
-0.177460
0.012315
0.369911
0.593650
-0.180422
0.860877
0.041674
-0.010243
-0.257477
-0.286765
-0.097477
-0.288874
0.121381
-0.612480
0.082727
-0.129043
-0.177460
0.012315
0.369911
0.593650
-0.180422
0.860877
0.041674
-0.010243
-0.257477
-0.286765
-0.097477
-0.288874
0.121381
