0.684117
-3.581388
-55.924068
-115.135193
112.784317
202.459381
-423.056091
-395.586487
-225.428711
627.824707
19.219864
308.829254
171.361023
-421.050140
-111.881752
144.482101
3.799016
-0.239194
7.868858
15.364649
-3.454645
-19.735031
-0.458935
7.035674
-13.492036
2.392918
3.811074
14.439397
2.199936
0.329191
1.787787
8.994989
-1.687935
-0.500492
-0.686525
9.482628
2.537363
-7.848781
7.566506
1.128544
-5.060071
-0.310959
1.357868
9.580412
2.020568
4.918526
-2.692800
1.938847
-3.709321
1.952022
23.935925
43.568707
-44.989403
-68.207489
156.891479
140.553238
74.363350
-228.838837
-11.999007
-106.394302
-56.077225
154.019989
40.190201
-53.213326
1.546240
0.160661
0.806169
2.653974
-0.488169
-11.823474
23.690424
26.854000
16.365839
-36.408665
-3.105952
-18.727257
-15.562855
23.149998
3.081223
-7.659203
0.596386
-3.169772
5.753605
7.545695
-4.861181
-11.228824
21.865549
24.629410
17.956383
-31.192379
2.556936
-18.694698
-12.171237
19.571409
9.357713
-7.681785
0.074815
3.088866
13.257059
34.267815
-35.110176
-60.098263
122.064171
106.533005
55.861599
-182.067810
-9.920758
-88.049385
-45.004944
119.894783
30.712271
-40.657860
0.138194
-0.243809
-0.696020
-0.069892
-0.481355
0.483705
-0.197444
0.411645
0.152346
-0.080776
-0.574724
-0.196245
0.172026
-0.034023
0.009723
0.126126
0.138194
-0.243809
-0.696020
-0.069892
-0.481355
0.483705
-0.197444
0.411645
0.152346
-0.080776
-0.574724
-0.196245
0.172026
-0.034023
0.009723
0.126126
0.138194
-0.243809
-0.696020
-0.069892
-0.481355
0.483705
-0.197444
0.411645
0.152346
-0.080776
-0.574724
-0.196245
0.172026
-0.034023
0.009723
0.126126
0.138194
-0.243809
-0.696020
-0.069892
-0.481355
0.483705
-0.197444
0.411645
0.152346
-0.080776
-0.574724
-0.196245
0.172026
-0.034023
0.009723
0.126126
0.138194
-0.243809
-0.696020
-0.069892
-0.481355
0.483705
-0.197444
0.411645
0.152346
-0.080776
-0.574724
-0.196245
0.172026
-0.034023
0.009723
0.126126
0.138194
-0.243809
-0.696020
-0.069892
-0.481355
0.483705
-0.197444
0.411645
0.152346
-0.080776
-0.574724
-0.196245
0.172026
-0.034023
0.009723
0.126126
0.138194
-0.243809
-0.696020
-0.069892
-0.481355
0.483705
-0.197444
0.411645
0.152346
-0.080776
-0.574724
-0.196245
0.172026
-0.034023
0.009723
0.126126
0.138194
-0.243809
-0.696020
-0.069892
-0.481355
0.483705
-0.197444
0.411645
0.152346
-0.080776
-0.574724
-0.196245
0.172026
-0.034023
0.009723
0.126126
0.138194
-0.243809
-0.696020
-0.069892
-0.481355
0.483705
-0.197444
0.411645
0.152346
-0.080776
-0.574724
-0.196245
0.172026
-0.034023
0.009723
0.126126
0.138194
-0.243809
-0.696020
-0.069892
-0.481355
0.483705
-0.197444
0.411645
0.152346
-0.080776
-0.574724
-0.196245
0.172026
-0.034023
0.009723
0.126126
0.138194
-0.243809
-0.696020
-0.069892
-0.481355
0.483705
-0.197444
0.411645
0.152346
-0.080776
-0.574724
-0.196245
0.172026
-0.034023
0.009723
0.126126
0.138194
-0.243809
-0.696020
-0.069892
-0.481355
0.483705
-0.197444
0.411645
0.152346
-0.080776
-0.574724
-0.196245
0.172026
-0.034023
0.009723
0.126126
0.138194
-0.243809
-0.696020
-0.069892
-0.481355
0.483705
-0.197444
0.411645
0.152346
-0.080776
-0.574724
-0.196245
0.172026
-0.034023
0.009723
0.126126
