1.207734
-1.400915
-2.974677
2.397454
8.524641
-2.515778
-3.242395
-2.750304
-0.524003
2.434214
-4.962394
4.685899
0.897242
-2.459171
-3.921952
-0.713645
-2.629346
-18.860741
37.826408
0.928434
-33.221687
-6.170830
-10.960850
26.354086
-5.271834
-9.886222
24.184649
0.066465
18.246178
19.894999
5.523093
-20.012772
3.402342
-3.368818
110.531464
20.889624
-186.722382
-94.471886
561.366699
-189.211182
-299.229156
-462.705261
-230.125565
-137.737167
241.486938
295.337341
-85.082260
-156.007309
0.410621
2.212876
-44.436184
-9.181992
79.037720
43.185883
-242.814148
81.235153
127.211197
203.668610
97.902481
60.645966
-104.006752
-128.515808
35.385880
70.697052
-0.711082
4.295455
-8.344650
-5.023434
11.619639
5.486746
-30.137568
10.723838
16.296518
28.421141
12.704855
10.492190
-10.285383
-16.958363
1.906353
6.445207
-2.087178
-0.039124
-7.103810
0.656725
9.006813
4.148165
-33.203510
6.978693
16.699881
28.487993
13.010371
11.580170
-12.122672
-15.512621
3.335347
7.647598
-1.794063
-0.298591
-27.318478
-5.496839
41.436985
19.629192
-126.250648
45.453266
68.795372
94.612511
50.705833
24.626812
-56.353104
-62.899349
20.539518
32.888287
0.765540
-0.903678
0.516963
0.188033
-0.632360
-0.103320
-0.635141
-0.109809
-0.405099
0.544728
0.287086
0.024226
0.162421
0.327451
-0.140594
-0.292737
0.765540
-0.903678
0.516963
0.188033
-0.632360
-0.103320
-0.635141
-0.109809
-0.405099
0.544728
0.287086
0.024226
0.162421
0.327451
-0.140594
-0.292737
0.765540
-0.903678
0.516963
0.188033
-0.632360
-0.103320
-0.635141
-0.109809
-0.405099
0.544728
0.287086
0.024226
0.162421
0.327451
-0.140594
-0.292737
0.765540
-0.903678
0.516963
0.188033
-0.632360
-0.103320
-0.635141
-0.109809
-0.405099
0.544728
0.287086
0.024226
0.162421
0.327451
-0.140594
-0.292737
0.765540
-0.903678
0.516963
0.188033
-0.632360
-0.103320
-0.635141
-0.109809
-0.405099
0.544728
0.287086
0.024226
0.162421
0.327451
-0.140594
-0.292737
0.765540
-0.903678
0.516963
0.188033
-0.632360
-0.103320
-0.635141
-0.109809
-0.405099
0.544728
0.287086
0.024226
0.162421
0.327451
-0.140594
-0.292737
0.765540
-0.903678
0.516963
0.188033
-0.632360
-0.103320
-0.635141
-0.109809
-0.405099
0.544728
0.287086
0.024226
0.162421
0.327451
-0.140594
-0.292737
0.765540
-0.903678
0.516963
0.188033
-0.632360
-0.103320
-0.635141
-0.109809
-0.405099
0.544728
0.287086
0.024226
0.162421
0.327451
-0.140594
-0.292737
0.765540
-0.903678
0.516963
0.188033
-0.632360
-0.103320
-0.635141
-0.109809
-0.405099
0.544728
0.287086
0.024226
0.162421
0.327451
-0.140594
-0.292737
0.765540
-0.903678
0.516963
0.188033
-0.632360
-0.103320
-0.635141
-0.109809
-0.405099
0.544728
0.287086
0.024226
0.162421
0.327451
-0.140594
-0.292737
0.765540
-0.903678
0.516963
0.188033
-0.632360
-0.103320
-0.635141
-0.109809
-0.405099
0.544728
0.287086
0.024226
0.162421
0.327451
-0.140594
-0.292737
0.765540
-0.903678
0.516963
0.188033
-0.632360
-0.103320
-0.635141
-0.109809
-0.405099
0.544728
0.287086
0.024226
0.162421
0.327451
-0.140594
-0.292737
0.765540
-0.903678
0.516963
0.188033
-0.632360
-0.103320
-0.635141
-0.109809
-0.405099
0.544728
0.287086
0.024226
0.162421
0.327451
-0.140594
-0.292737
