0.611787
-0.633743
-8.154130
-4.241064
5.123768
5.413486
-3.433332
6.646667
2.640850
-6.607118
-8.485072
-1.583347
-5.267584
0.538474
-0.277285
-3.989913
0.497912
0.095478
2.613903
10.589795
-6.541096
-10.204220
-2.497365
6.600488
1.871645
-4.368369
-6.438774
1.959371
-8.396595
-1.323948
-4.539920
7.547142
-0.503325
-3.228620
17.616758
4.608582
-20.324417
-5.750383
1.279684
-3.537656
-7.635678
11.892537
11.042101
4.163496
5.022461
0.669070
10.047528
2.900681
1.041699
0.319668
-46.104214
-112.105202
73.584946
218.297974
-452.634644
-219.330078
-120.594582
490.195251
54.167393
229.224258
62.721405
-279.355652
-60.826401
115.515747
-1.256351
2.884223
18.990480
46.314079
-26.272320
-88.231422
179.714478
87.348000
44.414375
-193.299393
-21.184938
-91.615044
-26.425341
106.962357
24.150906
-45.629116
0.960077
-0.424747
-0.144051
6.222185
-7.546187
-14.572076
31.720520
14.966651
13.228105
-35.103519
-7.015321
-13.264512
-4.446772
17.198231
2.648013
-6.836967
-3.553887
-1.476311
12.740216
30.072466
-18.723797
-56.385963
114.890022
53.425404
27.641638
-124.255608
-11.891578
-56.202702
-15.898807
75.230461
19.506361
-27.666853
0.180753
-0.648693
0.837870
0.356757
0.192303
0.037091
0.147544
-0.119518
-0.088569
-0.736381
0.091634
-0.003985
0.631373
-0.094320
0.005836
-0.584488
0.180753
-0.648693
0.837870
0.356757
0.192303
0.037091
0.147544
-0.119518
-0.088569
-0.736381
0.091634
-0.003985
0.631373
-0.094320
0.005836
-0.584488
0.180753
-0.648693
0.837870
0.356757
0.192303
0.037091
0.147544
-0.119518
-0.088569
-0.736381
0.091634
-0.003985
0.631373
-0.094320
0.005836
-0.584488
0.180753
-0.648693
0.837870
0.356757
0.192303
0.037091
0.147544
-0.119518
-0.088569
-0.736381
0.091634
-0.003985
0.631373
-0.094320
0.005836
-0.584488
0.180753
-0.648693
0.837870
0.356757
0.192303
0.037091
0.147544
-0.119518
-0.088569
-0.736381
0.091634
-0.003985
0.631373
-0.094320
0.005836
-0.584488
0.180753
-0.648693
0.837870
0.356757
0.192303
0.037091
0.147544
-0.119518
-0.088569
-0.736381
0.091634
-0.003985
0.631373
-0.094320
0.005836
-0.584488
0.180753
-0.648693
0.837870
0.356757
0.192303
0.037091
0.147544
-0.119518
-0.088569
-0.736381
0.091634
-0.003985
0.631373
-0.094320
0.005836
-0.584488
0.180753
-0.648693
0.837870
0.356757
0.192303
0.037091
0.147544
-0.119518
-0.088569
-0.736381
0.091634
-0.003985
0.631373
-0.094320
0.005836
-0.584488
0.180753
-0.648693
0.837870
0.356757
0.192303
0.037091
0.147544
-0.119518
-0.088569
-0.736381
0.091634
-0.003985
0.631373
-0.094320
0.005836
-0.584488
0.180753
-0.648693
0.837870
0.356757
0.192303
0.037091
0.147544
-0.119518
-0.088569
-0.736381
0.091634
-0.003985
0.631373
-0.094320
0.005836
-0.584488
0.180753
-0.648693
0.837870
0.356757
0.192303
0.037091
0.147544
-0.119518
-0.088569
-0.736381
0.091634
-0.003985
0.631373
-0.094320
0.005836
-0.584488
0.180753
-0.648693
0.837870
0.356757
0.192303
0.037091
0.147544
-0.119518
-0.088569
-0.736381
0.091634
-0.003985
0.631373
-0.094320
0.005836
-0.584488
0.180753
-0.648693
0.837870
0.356757
0.192303
0.037091
0.147544
-0.119518
-0.088569
-0.736381
0.091634
-0.003985
0.631373
-0.094320
0.005836
-0.584488
