-1.161775
0.524822
0.672151
-4.235467
-1.374625
7.585174
-5.843211
-4.415046
4.441696
1.462293
-3.811757
-7.281253
3.898119
-4.980003
1.825196
-3.721932
9.027491
-4.776330
-21.778034
-33.069599
9.550876
33.931255
-20.083698
11.176724
14.311629
-11.660437
-14.419969
-25.485636
-26.034956
-5.917199
7.172791
-15.399115
-1.857940
-0.912795
-113.919044
1.873258
177.416656
9.231400
-392.590240
293.348236
430.781006
272.938812
240.390335
0.622296
-328.973816
-144.326065
112.783508
67.647331
0.345337
2.559600
90.942978
1.448347
-143.253632
-7.867686
322.196808
-234.004883
-345.478912
-226.115555
-195.560333
-4.510715
264.463440
122.589417
-92.620827
-59.172287
0.094356
0.462968
-0.501790
-0.238500
0.588566
0.070606
0.161067
0.045985
0.032533
0.308952
-0.144741
0.022010
-0.567524
-0.176630
-0.761207
0.438846
0.094356
0.462968
-0.501790
-0.238500
0.588566
0.070606
0.161067
0.045985
0.032533
0.308952
-0.144741
0.022010
-0.567524
-0.176630
-0.761207
0.438846
0.094356
0.462968
-0.501790
-0.238500
0.588566
0.070606
0.161067
0.045985
0.032533
0.308952
-0.144741
0.022010
-0.567524
-0.176630
-0.761207
0.438846
0.094356
0.462968
-0.501790
-0.238500
0.588566
0.070606
0.161067
0.045985
0.032533
0.308952
-0.144741
0.022010
-0.567524
-0.176630
-0.761207
0.438846
0.094356
0.462968
-0.501790
-0.238500
0.588566
0.070606
0.161067
0.045985
0.032533
0.308952
-0.144741
0.022010
-0.567524
-0.176630
-0.761207
0.438846
0.094356
0.462968
-0.501790
-0.238500
0.588566
0.070606
0.161067
0.045985
0.032533
0.308952
-0.144741
0.022010
-0.567524
-0.176630
-0.761207
0.438846
0.094356
0.462968
-0.501790
-0.238500
0.588566
0.070606
0.161067
0.045985
0.032533
0.308952
-0.144741
0.022010
-0.567524
-0.176630
-0.761207
0.438846
0.094356
0.462968
-0.501790
-0.238500
0.588566
0.070606
0.161067
0.045985
0.032533
0.308952
-0.144741
0.022010
-0.567524
-0.176630
-0.761207
0.438846
0.094356
0.462968
-0.501790
-0.238500
0.588566
0.070606
0.161067
0.045985
0.032533
0.308952
-0.144741
0.022010
-0.567524
-0.176630
-0.761207
0.438846
0.094356
0.462968
-0.501790
-0.238500
0.588566
0.070606
0.161067
0.045985
0.032533
0.308952
-0.144741
0.022010
-0.567524
-0.176630
-0.761207
0.438846
0.094356
0.462968
-0.501790
-0.238500
0.588566
0.070606
0.161067
0.045985
0.032533
0.308952
-0.144741
0.022010
-0.567524
-0.176630
-0.761207
0.438846
0.094356
0.462968
-0.501790
-0.238500
0.588566
0.070606
0.161067
0.045985
0.032533
0.308952
-0.144741
0.022010
-0.567524
-0.176630
-0.761207
0.438846
0.094356
0.462968
-0.501790
-0.238500
0.588566
0.070606
0.161067
0.045985
0.032533
0.308952
-0.144741
0.022010
-0.567524
-0.176630
-0.761207
0.438846
0.094356
0.462968
-0.501790
-0.238500
0.588566
0.070606
0.161067
0.045985
0.032533
0.308952
-0.144741
0.022010
-0.567524
-0.176630
-0.761207
0.438846
0.094356
0.462968
-0.501790
-0.238500
0.588566
0.070606
0.161067
0.045985
0.032533
0.308952
-0.144741
0.022010
-0.567524
-0.176630
-0.761207
0.438846
0.094356
0.462968
-0.501790
-0.238500
0.588566
0.070606
0.161067
0.045985
0.032533
0.308952
-0.144741
0.022010
-0.567524
-0.176630
-0.761207
0.438846
