1.853864
0.849771
-7.983022
-2.245559
5.619411
5.664669
0.964101
4.029230
-0.516353
-5.323305
-6.440625
-4.949702
-3.202643
2.853190
0.470604
-5.511817
3.669617
-15.974433
40.230755
-15.775212
-33.672737
18.754753
9.152960
37.643673
-24.309944
-4.171923
18.052687
-15.259102
22.973854
10.368889
-7.533309
-21.078266
-0.187279
0.179202
1.352979
10.408256
-7.505317
-6.617045
0.263769
5.854740
0.332202
-4.631173
-4.306670
4.060664
-6.802859
-2.244862
-3.438164
10.073118
-0.036523
1.740840
92.648201
-66.414597
-153.663681
110.352280
186.512650
-511.434448
-609.826538
33.575909
-232.102631
152.388626
418.853455
-72.439522
-168.886108
-4.684315
-1.721101
-1.050614
-2.001038
10.163797
5.310645
-8.308003
-7.180802
33.124203
34.338287
-10.022524
9.538207
-11.677961
-21.991243
9.262443
13.249763
-7.978504
-0.367379
0.228741
-61.310131
40.289398
104.134697
-72.767761
-124.927750
335.571899
402.679169
-17.896572
154.633102
-99.960457
-275.944794
47.636005
109.939804
6.235941
0.653457
0.099057
-10.500861
5.240903
18.046083
-10.206010
-25.601633
52.373051
65.688072
6.120303
27.530207
-15.033812
-45.839211
3.704233
16.772455
2.069101
-0.011546
0.268894
-0.232231
0.181106
-0.485200
-0.025186
-0.283143
-0.861204
0.043651
-0.335647
0.054247
-0.744569
0.344096
0.074833
0.054134
-0.055438
-0.011546
0.268894
-0.232231
0.181106
-0.485200
-0.025186
-0.283143
-0.861204
0.043651
-0.335647
0.054247
-0.744569
0.344096
0.074833
0.054134
-0.055438
-0.011546
0.268894
-0.232231
0.181106
-0.485200
-0.025186
-0.283143
-0.861204
0.043651
-0.335647
0.054247
-0.744569
0.344096
0.074833
0.054134
-0.055438
-0.011546
0.268894
-0.232231
0.181106
-0.485200
-0.025186
-0.283143
-0.861204
0.043651
-0.335647
0.054247
-0.744569
0.344096
0.074833
0.054134
-0.055438
-0.011546
0.268894
-0.232231
0.181106
-0.485200
-0.025186
-0.283143
-0.861204
0.043651
-0.335647
0.054247
-0.744569
0.344096
0.074833
0.054134
-0.055438
-0.011546
0.268894
-0.232231
0.181106
-0.485200
-0.025186
-0.283143
-0.861204
0.043651
-0.335647
0.054247
-0.744569
0.344096
0.074833
0.054134
-0.055438
-0.011546
0.268894
-0.232231
0.181106
-0.485200
-0.025186
-0.283143
-0.861204
0.043651
-0.335647
0.054247
-0.744569
0.344096
0.074833
0.054134
-0.055438
-0.011546
0.268894
-0.232231
0.181106
-0.485200
-0.025186
-0.283143
-0.861204
0.043651
-0.335647
0.054247
-0.744569
0.344096
0.074833
0.054134
-0.055438
-0.011546
0.268894
-0.232231
0.181106
-0.485200
-0.025186
-0.283143
-0.861204
0.043651
-0.335647
0.054247
-0.744569
0.344096
0.074833
0.054134
-0.055438
-0.011546
0.268894
-0.232231
0.181106
-0.485200
-0.025186
-0.283143
-0.861204
0.043651
-0.335647
0.054247
-0.744569
0.344096
0.074833
0.054134
-0.055438
-0.011546
0.268894
-0.232231
0.181106
-0.485200
-0.025186
-0.283143
-0.861204
0.043651
-0.335647
0.054247
-0.744569
0.344096
0.074833
0.054134
-0.055438
-0.011546
0.268894
-0.232231
0.181106
-0.485200
-0.025186
-0.283143
-0.861204
0.043651
-0.335647
0.054247
-0.744569
0.344096
0.074833
0.054134
-0.055438
-0.011546
0.268894
-0.232231
0.181106
-0.485200
-0.025186
-0.283143
-0.861204
0.043651
-0.335647
0.054247
-0.744569
0.344096
0.074833
0.054134
-0.055438
