2.907775
-11.420619
4073.310059
-1712.167725
-1556.214111
-2077.509521
-1777.136963
1374.021240
-2316.562012
461.294342
-408.192291
280.966858
-744.526611
872.194763
-358.497742
-2676.888428
1.496956
-3.945133
33.005917
24.523191
-4.280359
-26.351418
5.749972
-7.378996
20.426897
2.303894
-5.019354
-4.572491
10.284019
-4.652349
-10.961398
17.571751
0.365156
1.147586
-17.329054
-15.043048
-0.802236
16.604000
-1.380700
6.094315
-9.819864
-1.420523
3.971777
2.776367
-5.339884
5.500837
5.691129
-11.443689
0.104615
7.291342
-2449.082520
1007.072510
927.984253
1235.812744
1031.193604
-796.647766
1424.595093
-295.622986
214.930283
-195.307480
470.621002
-447.356720
249.828049
1591.698242
-4.171118
0.984153
-521.430237
314.314148
248.105377
262.336273
238.523804
-230.447433
288.582092
-96.436066
66.441284
-31.018900
73.814476
-174.120697
75.899612
367.827759
2.157850
-0.923614
-97.542580
49.276638
41.327839
50.480774
45.818169
-36.784370
51.836037
-14.477296
11.012097
-6.482852
20.173349
-33.975296
11.632395
66.003174
-1.902098
-0.434316
-287.877411
91.702393
93.813660
153.205246
129.323837
-84.605469
159.281403
-10.418236
29.965458
-15.012090
54.104076
-56.907669
4.490336
183.258347
0.177631
0.216115
-1.313890
-0.464730
0.193325
0.768818
0.461864
-0.153141
0.755476
0.148587
0.097373
-0.080794
-0.080045
-0.748995
-1.116468
0.414753
0.177631
0.216115
-1.313890
-0.464730
0.193325
0.768818
0.461864
-0.153141
0.755476
0.148587
0.097373
-0.080794
-0.080045
-0.748995
-1.116468
0.414753
0.177631
0.216115
-1.313890
-0.464730
0.193325
0.768818
0.461864
-0.153141
0.755476
0.148587
0.097373
-0.080794
-0.080045
-0.748995
-1.116468
0.414753
0.177631
0.216115
-1.313890
-0.464730
0.193325
0.768818
0.461864
-0.153141
0.755476
0.148587
0.097373
-0.080794
-0.080045
-0.748995
-1.116468
0.414753
0.177631
0.216115
-1.313890
-0.464730
0.193325
0.768818
0.461864
-0.153141
0.755476
0.148587
0.097373
-0.080794
-0.080045
-0.748995
-1.116468
0.414753
0.177631
0.216115
-1.313890
-0.464730
0.193325
0.768818
0.461864
-0.153141
0.755476
0.148587
0.097373
-0.080794
-0.080045
-0.748995
-1.116468
0.414753
0.177631
0.216115
-1.313890
-0.464730
0.193325
0.768818
0.461864
-0.153141
0.755476
0.148587
0.097373
-0.080794
-0.080045
-0.748995
-1.116468
0.414753
0.177631
0.216115
-1.313890
-0.464730
0.193325
0.768818
0.461864
-0.153141
0.755476
0.148587
0.097373
-0.080794
-0.080045
-0.748995
-1.116468
0.414753
0.177631
0.216115
-1.313890
-0.464730
0.193325
0.768818
0.461864
-0.153141
0.755476
0.148587
0.097373
-0.080794
-0.080045
-0.748995
-1.116468
0.414753
0.177631
0.216115
-1.313890
-0.464730
0.193325
0.768818
0.461864
-0.153141
0.755476
0.148587
0.097373
-0.080794
-0.080045
-0.748995
-1.116468
0.414753
0.177631
0.216115
-1.313890
-0.464730
0.193325
0.768818
0.461864
-0.153141
0.755476
0.148587
0.097373
-0.080794
-0.080045
-0.748995
-1.116468
0.414753
0.177631
0.216115
-1.313890
-0.464730
0.193325
0.768818
0.461864
-0.153141
0.755476
0.148587
0.097373
-0.080794
-0.080045
-0.748995
-1.116468
0.414753
0.177631
0.216115
-1.313890
-0.464730
0.193325
0.768818
0.461864
-0.153141
0.755476
0.148587
0.097373
-0.080794
-0.080045
-0.748995
-1.116468
0.414753
