0.255942
-3.893392
17.299881
-26.181627
-18.457163
35.308113
-482.369354
-333.868561
65.545044
374.703247
142.452820
149.567505
-260.778992
-380.245941
75.921577
212.111084
-8.292737
3.974525
-25.309172
-12.800066
20.321032
-0.046741
-25.455574
21.098198
14.900744
-19.850508
-33.575657
5.936962
-19.189663
0.053757
1.451709
-2.812378
0.701709
4.483881
-6.565578
8.415112
11.238094
-10.783382
184.623199
137.041428
-21.988771
-159.795349
-55.404541
-64.135452
85.261391
163.940445
-23.354445
-86.380806
-2.263029
0.851151
-0.636286
1.430179
0.184149
-1.633098
39.309628
20.913904
-0.347219
-24.773151
-9.591786
-8.167837
23.588264
25.119501
-8.045835
-14.504129
-1.102288
-1.552801
-2.521443
5.434764
2.686898
-10.737547
121.124397
95.963448
-10.585320
-91.269768
-34.733585
-38.753349
69.244011
97.800568
-18.699741
-55.498322
-0.717613
-0.506987
-0.694960
-0.353199
-0.040945
0.307386
-0.186027
0.280703
-0.601143
-0.066648
-0.491504
-0.024480
0.380380
-0.395134
0.269113
0.298871
-0.717613
-0.506987
-0.694960
-0.353199
-0.040945
0.307386
-0.186027
0.280703
-0.601143
-0.066648
-0.491504
-0.024480
0.380380
-0.395134
0.269113
0.298871
-0.717613
-0.506987
-0.694960
-0.353199
-0.040945
0.307386
-0.186027
0.280703
-0.601143
-0.066648
-0.491504
-0.024480
0.380380
-0.395134
0.269113
0.298871
-0.717613
-0.506987
-0.694960
-0.353199
-0.040945
0.307386
-0.186027
0.280703
-0.601143
-0.066648
-0.491504
-0.024480
0.380380
-0.395134
0.269113
0.298871
-0.717613
-0.506987
-0.694960
-0.353199
-0.040945
0.307386
-0.186027
0.280703
-0.601143
-0.066648
-0.491504
-0.024480
0.380380
-0.395134
0.269113
0.298871
-0.717613
-0.506987
-0.694960
-0.353199
-0.040945
0.307386
-0.186027
0.280703
-0.601143
-0.066648
-0.491504
-0.024480
0.380380
-0.395134
0.269113
0.298871
-0.717613
-0.506987
-0.694960
-0.353199
-0.040945
0.307386
-0.186027
0.280703
-0.601143
-0.066648
-0.491504
-0.024480
0.380380
-0.395134
0.269113
0.298871
-0.717613
-0.506987
-0.694960
-0.353199
-0.040945
0.307386
-0.186027
0.280703
-0.601143
-0.066648
-0.491504
-0.024480
0.380380
-0.395134
0.269113
0.298871
-0.717613
-0.506987
-0.694960
-0.353199
-0.040945
0.307386
-0.186027
0.280703
-0.601143
-0.066648
-0.491504
-0.024480
0.380380
-0.395134
0.269113
0.298871
-0.717613
-0.506987
-0.694960
-0.353199
-0.040945
0.307386
-0.186027
0.280703
-0.601143
-0.066648
-0.491504
-0.024480
0.380380
-0.395134
0.269113
0.298871
-0.717613
-0.506987
-0.694960
-0.353199
-0.040945
0.307386
-0.186027
0.280703
-0.601143
-0.066648
-0.491504
-0.024480
0.380380
-0.395134
0.269113
0.298871
-0.717613
-0.506987
-0.694960
-0.353199
-0.040945
0.307386
-0.186027
0.280703
-0.601143
-0.066648
-0.491504
-0.024480
0.380380
-0.395134
0.269113
0.298871
-0.717613
-0.506987
-0.694960
-0.353199
-0.040945
0.307386
-0.186027
0.280703
-0.601143
-0.066648
-0.491504
-0.024480
0.380380
-0.395134
0.269113
0.298871
-0.717613
-0.506987
-0.694960
-0.353199
-0.040945
0.307386
-0.186027
0.280703
-0.601143
-0.066648
-0.491504
-0.024480
0.380380
-0.395134
0.269113
0.298871
-0.717613
-0.506987
-0.694960
-0.353199
-0.040945
0.307386
-0.186027
0.280703
-0.601143
-0.066648
-0.491504
-0.024480
0.380380
-0.395134
0.269113
0.298871
