3.752856
-1.542984
-3.924111
74.150291
52.128136
-86.415665
645.700256
-38.203205
-269.119812
-267.666473
-206.775391
-68.283043
464.533722
247.824341
-192.040924
-142.394882
0.362125
-1.597325
-8.981691
-5.492165
4.749611
6.369043
-0.104245
5.821107
-0.339566
-5.295752
-6.498035
-5.900394
-3.765855
3.234864
0.621402
-2.921114
1.993857
1.197603
2.196517
-1.884984
-3.957046
3.902085
-29.785650
0.837655
17.511805
14.801386
15.579994
-0.674161
-23.038303
-6.362459
12.567820
5.509287
-2.174525
1.420568
5.609210
-35.469658
-26.834015
38.827843
-305.784485
3.006596
124.596085
127.372627
95.035934
32.192810
-215.087677
-128.001297
94.204636
72.173477
-2.064284
-0.299095
-1.281536
-1.297344
-0.175963
5.299032
-36.218208
13.308752
19.468767
8.800047
12.082139
3.936176
-31.057583
-9.007946
10.202390
5.747190
-1.125162
0.136995
-0.336118
-16.879526
-12.529260
16.992912
-125.342247
-5.228011
41.529453
63.192570
34.755463
19.794546
-83.408623
-58.583424
29.879623
31.556213
0.668327
-0.464571
-0.167487
0.025600
0.766539
-0.164899
-0.661436
-0.611500
0.435523
-0.020833
-0.205418
0.381208
-0.174808
-0.215176
0.025449
0.225939
0.668327
-0.464571
-0.167487
0.025600
0.766539
-0.164899
-0.661436
-0.611500
0.435523
-0.020833
-0.205418
0.381208
-0.174808
-0.215176
0.025449
0.225939
0.668327
-0.464571
-0.167487
0.025600
0.766539
-0.164899
-0.661436
-0.611500
0.435523
-0.020833
-0.205418
0.381208
-0.174808
-0.215176
0.025449
0.225939
0.668327
-0.464571
-0.167487
0.025600
0.766539
-0.164899
-0.661436
-0.611500
0.435523
-0.020833
-0.205418
0.381208
-0.174808
-0.215176
0.025449
0.225939
0.668327
-0.464571
-0.167487
0.025600
0.766539
-0.164899
-0.661436
-0.611500
0.435523
-0.020833
-0.205418
0.381208
-0.174808
-0.215176
0.025449
0.225939
0.668327
-0.464571
-0.167487
0.025600
0.766539
-0.164899
-0.661436
-0.611500
0.435523
-0.020833
-0.205418
0.381208
-0.174808
-0.215176
0.025449
0.225939
0.668327
-0.464571
-0.167487
0.025600
0.766539
-0.164899
-0.661436
-0.611500
0.435523
-0.020833
-0.205418
0.381208
-0.174808
-0.215176
0.025449
0.225939
0.668327
-0.464571
-0.167487
0.025600
0.766539
-0.164899
-0.661436
-0.611500
0.435523
-0.020833
-0.205418
0.381208
-0.174808
-0.215176
0.025449
0.225939
0.668327
-0.464571
-0.167487
0.025600
0.766539
-0.164899
-0.661436
-0.611500
0.435523
-0.020833
-0.205418
0.381208
-0.174808
-0.215176
0.025449
0.225939
0.668327
-0.464571
-0.167487
0.025600
0.766539
-0.164899
-0.661436
-0.611500
0.435523
-0.020833
-0.205418
0.381208
-0.174808
-0.215176
0.025449
0.225939
0.668327
-0.464571
-0.167487
0.025600
0.766539
-0.164899
-0.661436
-0.611500
0.435523
-0.020833
-0.205418
0.381208
-0.174808
-0.215176
0.025449
0.225939
0.668327
-0.464571
-0.167487
0.025600
0.766539
-0.164899
-0.661436
-0.611500
0.435523
-0.020833
-0.205418
0.381208
-0.174808
-0.215176
0.025449
0.225939
0.668327
-0.464571
-0.167487
0.025600
0.766539
-0.164899
-0.661436
-0.611500
0.435523
-0.020833
-0.205418
0.381208
-0.174808
-0.215176
0.025449
0.225939
0.668327
-0.464571
-0.167487
0.025600
0.766539
-0.164899
-0.661436
-0.611500
0.435523
-0.020833
-0.205418
0.381208
-0.174808
-0.215176
0.025449
0.225939
