0.907066
-0.805346
2.734341
-3.418272
-2.677207
6.721501
-1.775526
-5.394342
3.245634
2.736957
-0.574161
-6.770082
2.747392
-5.430979
1.448171
-1.001596
-5.172531
-4.292153
-12.965249
35.208012
20.062759
-33.033718
19.881968
6.112765
-13.468233
-7.470263
-9.161440
35.178898
13.771670
25.626244
-6.314328
-9.948231
0.309016
0.599105
-89.442612
-40.334824
141.452011
67.293343
-470.535583
-80.624664
125.527489
350.315735
108.239380
52.876904
-345.268494
-283.165619
86.687820
42.256424
-0.673105
2.516993
5.046846
3.538404
-10.436452
-5.308728
44.014111
8.293605
-5.557703
-34.346550
-8.812318
-7.348529
33.465061
28.259735
-12.722252
-2.746027
-0.506669
-0.251535
64.858688
27.702427
-106.875580
-46.570038
334.988190
59.007751
-90.951851
-247.373444
-76.232803
-33.364521
244.030289
200.060791
-59.773880
-28.587461
1.638614
-2.087308
6.312045
4.492146
-6.571747
-4.546141
27.825037
4.839139
-9.592365
-25.064911
-11.135571
-3.604510
20.337757
15.407187
-4.239517
-3.129411
0.861468
0.057123
0.552442
0.118386
-0.322775
0.192595
0.395897
0.793240
-0.250478
-0.020873
0.340739
-0.940058
0.371777
-0.044590
-0.496833
-0.150483
0.861468
0.057123
0.552442
0.118386
-0.322775
0.192595
0.395897
0.793240
-0.250478
-0.020873
0.340739
-0.940058
0.371777
-0.044590
-0.496833
-0.150483
0.861468
0.057123
0.552442
0.118386
-0.322775
0.192595
0.395897
0.793240
-0.250478
-0.020873
0.340739
-0.940058
0.371777
-0.044590
-0.496833
-0.150483
0.861468
0.057123
0.552442
0.118386
-0.322775
0.192595
0.395897
0.793240
-0.250478
-0.020873
0.340739
-0.940058
0.371777
-0.044590
-0.496833
-0.150483
0.861468
0.057123
0.552442
0.118386
-0.322775
0.192595
0.395897
0.793240
-0.250478
-0.020873
0.340739
-0.940058
0.371777
-0.044590
-0.496833
-0.150483
0.861468
0.057123
0.552442
0.118386
-0.322775
0.192595
0.395897
0.793240
-0.250478
-0.020873
0.340739
-0.940058
0.371777
-0.044590
-0.496833
-0.150483
0.861468
0.057123
0.552442
0.118386
-0.322775
0.192595
0.395897
0.793240
-0.250478
-0.020873
0.340739
-0.940058
0.371777
-0.044590
-0.496833
-0.150483
0.861468
0.057123
0.552442
0.118386
-0.322775
0.192595
0.395897
0.793240
-0.250478
-0.020873
0.340739
-0.940058
0.371777
-0.044590
-0.496833
-0.150483
0.861468
0.057123
0.552442
0.118386
-0.322775
0.192595
0.395897
0.793240
-0.250478
-0.020873
0.340739
-0.940058
0.371777
-0.044590
-0.496833
-0.150483
0.861468
0.057123
0.552442
0.118386
-0.322775
0.192595
0.395897
0.793240
-0.250478
-0.020873
0.340739
-0.940058
0.371777
-0.044590
-0.496833
-0.150483
0.861468
0.057123
0.552442
0.118386
-0.322775
0.192595
0.395897
0.793240
-0.250478
-0.020873
0.340739
-0.940058
0.371777
-0.044590
-0.496833
-0.150483
0.861468
0.057123
0.552442
0.118386
-0.322775
0.192595
0.395897
0.793240
-0.250478
-0.020873
0.340739
-0.940058
0.371777
-0.044590
-0.496833
-0.150483
0.861468
0.057123
0.552442
0.118386
-0.322775
0.192595
0.395897
0.793240
-0.250478
-0.020873
0.340739
-0.940058
0.371777
-0.044590
-0.496833
-0.150483
0.861468
0.057123
0.552442
0.118386
-0.322775
0.192595
0.395897
0.793240
-0.250478
-0.020873
0.340739
-0.940058
0.371777
-0.044590
-0.496833
-0.150483
