0.134993
-2.675064
-10.020375
33.635979
10.004623
-20.240374
30.068243
4.639121
-16.905275
-5.605793
-0.233070
23.168995
16.002209
13.295857
-14.946065
2.642574
0.552429
0.391310
3.069931
3.621013
-5.035237
-1.527460
7.942106
-1.455131
-3.153503
0.631151
6.505815
2.619330
2.146612
2.219840
0.253355
2.296056
1.309893
-1.492346
-76.991119
35.867630
99.436005
-79.523056
-425.283691
305.189545
332.335785
96.836060
123.420639
-48.951885
-439.672546
85.822563
137.653168
-12.359400
-2.168617
-0.000347
42.642529
-18.914373
-53.988636
42.378506
229.909515
-155.665726
-175.857025
-53.022671
-67.694916
23.068266
229.541382
-44.305077
-77.380730
5.082744
0.636704
0.532684
3.849409
-4.687146
-6.484330
8.307941
32.494118
-26.251320
-24.346636
-6.474665
-9.759583
3.872853
38.887703
-8.126744
-8.192754
-0.452058
-0.081842
2.676775
13.554031
-4.323518
-17.973604
12.718707
75.465973
-49.934319
-57.883789
-15.888767
-19.471952
8.256404
78.394600
-11.841734
-23.819590
-1.279114
-0.000143
0.154075
-0.716115
0.257842
0.331343
0.145277
0.640151
-0.198993
-0.402479
0.170291
-0.649586
-0.032562
0.405016
-0.285169
0.101374
0.494095
-0.000143
0.154075
-0.716115
0.257842
0.331343
0.145277
0.640151
-0.198993
-0.402479
0.170291
-0.649586
-0.032562
0.405016
-0.285169
0.101374
0.494095
-0.000143
0.154075
-0.716115
0.257842
0.331343
0.145277
0.640151
-0.198993
-0.402479
0.170291
-0.649586
-0.032562
0.405016
-0.285169
0.101374
0.494095
-0.000143
0.154075
-0.716115
0.257842
0.331343
0.145277
0.640151
-0.198993
-0.402479
0.170291
-0.649586
-0.032562
0.405016
-0.285169
0.101374
0.494095
-0.000143
0.154075
-0.716115
0.257842
0.331343
0.145277
0.640151
-0.198993
-0.402479
0.170291
-0.649586
-0.032562
0.405016
-0.285169
0.101374
0.494095
-0.000143
0.154075
-0.716115
0.257842
0.331343
0.145277
0.640151
-0.198993
-0.402479
0.170291
-0.649586
-0.032562
0.405016
-0.285169
0.101374
0.494095
-0.000143
0.154075
-0.716115
0.257842
0.331343
0.145277
0.640151
-0.198993
-0.402479
0.170291
-0.649586
-0.032562
0.405016
-0.285169
0.101374
0.494095
-0.000143
0.154075
-0.716115
0.257842
0.331343
0.145277
0.640151
-0.198993
-0.402479
0.170291
-0.649586
-0.032562
0.405016
-0.285169
0.101374
0.494095
-0.000143
0.154075
-0.716115
0.257842
0.331343
0.145277
0.640151
-0.198993
-0.402479
0.170291
-0.649586
-0.032562
0.405016
-0.285169
0.101374
0.494095
-0.000143
0.154075
-0.716115
0.257842
0.331343
0.145277
0.640151
-0.198993
-0.402479
0.170291
-0.649586
-0.032562
0.405016
-0.285169
0.101374
0.494095
-0.000143
0.154075
-0.716115
0.257842
0.331343
0.145277
0.640151
-0.198993
-0.402479
0.170291
-0.649586
-0.032562
0.405016
-0.285169
0.101374
0.494095
-0.000143
0.154075
-0.716115
0.257842
0.331343
0.145277
0.640151
-0.198993
-0.402479
0.170291
-0.649586
-0.032562
0.405016
-0.285169
0.101374
0.494095
-0.000143
0.154075
-0.716115
0.257842
0.331343
0.145277
0.640151
-0.198993
-0.402479
0.170291
-0.649586
-0.032562
0.405016
-0.285169
0.101374
0.494095
-0.000143
0.154075
-0.716115
0.257842
0.331343
0.145277
0.640151
-0.198993
-0.402479
0.170291
-0.649586
-0.032562
0.405016
-0.285169
0.101374
0.494095
