-5.070090
-1.071475
-1198.869385
-444.449463
-649.803162
-252.974091
-1184.945068
445.630737
-756.889099
77.293144
-463.543732
1507.249023
-662.287231
911.899048
-952.557800
-1062.247681
3.503156
0.300356
-12.495611
-0.699110
4.614339
-7.183017
-3.624806
-2.564552
5.357618
-2.398961
-9.211903
-18.129515
9.486797
-3.425713
-9.032155
4.882613
3.365220
0.305317
761.079468
277.319672
406.180359
160.520432
745.500854
-277.641846
467.722168
-46.792145
295.254791
-939.045593
418.077209
-555.570496
579.530762
672.520203
0.193571
1.409586
81.776070
24.218008
45.209526
8.340844
75.043106
-40.596664
47.650085
-10.406477
20.344603
-102.683792
34.168064
-62.977085
73.928078
63.771439
-3.860232
2.249371
139.538132
65.389458
77.612839
36.586193
145.561264
-48.201862
95.856102
-5.688336
69.279404
-180.541855
87.354942
-111.948280
113.572273
134.263397
0.625380
-0.031522
0.046606
-0.291277
-0.085203
0.517282
0.522655
0.524869
0.346679
0.008893
0.712111
-0.351066
-0.098070
0.131212
-0.652382
-0.156186
0.625380
-0.031522
0.046606
-0.291277
-0.085203
0.517282
0.522655
0.524869
0.346679
0.008893
0.712111
-0.351066
-0.098070
0.131212
-0.652382
-0.156186
0.625380
-0.031522
0.046606
-0.291277
-0.085203
0.517282
0.522655
0.524869
0.346679
0.008893
0.712111
-0.351066
-0.098070
0.131212
-0.652382
-0.156186
0.625380
-0.031522
0.046606
-0.291277
-0.085203
0.517282
0.522655
0.524869
0.346679
0.008893
0.712111
-0.351066
-0.098070
0.131212
-0.652382
-0.156186
0.625380
-0.031522
0.046606
-0.291277
-0.085203
0.517282
0.522655
0.524869
0.346679
0.008893
0.712111
-0.351066
-0.098070
0.131212
-0.652382
-0.156186
0.625380
-0.031522
0.046606
-0.291277
-0.085203
0.517282
0.522655
0.524869
0.346679
0.008893
0.712111
-0.351066
-0.098070
0.131212
-0.652382
-0.156186
0.625380
-0.031522
0.046606
-0.291277
-0.085203
0.517282
0.522655
0.524869
0.346679
0.008893
0.712111
-0.351066
-0.098070
0.131212
-0.652382
-0.156186
0.625380
-0.031522
0.046606
-0.291277
-0.085203
0.517282
0.522655
0.524869
0.346679
0.008893
0.712111
-0.351066
-0.098070
0.131212
-0.652382
-0.156186
0.625380
-0.031522
0.046606
-0.291277
-0.085203
0.517282
0.522655
0.524869
0.346679
0.008893
0.712111
-0.351066
-0.098070
0.131212
-0.652382
-0.156186
0.625380
-0.031522
0.046606
-0.291277
-0.085203
0.517282
0.522655
0.524869
0.346679
0.008893
0.712111
-0.351066
-0.098070
0.131212
-0.652382
-0.156186
0.625380
-0.031522
0.046606
-0.291277
-0.085203
0.517282
0.522655
0.524869
0.346679
0.008893
0.712111
-0.351066
-0.098070
0.131212
-0.652382
-0.156186
0.625380
-0.031522
0.046606
-0.291277
-0.085203
0.517282
0.522655
0.524869
0.346679
0.008893
0.712111
-0.351066
-0.098070
0.131212
-0.652382
-0.156186
0.625380
-0.031522
0.046606
-0.291277
-0.085203
0.517282
0.522655
0.524869
0.346679
0.008893
0.712111
-0.351066
-0.098070
0.131212
-0.652382
-0.156186
0.625380
-0.031522
0.046606
-0.291277
-0.085203
0.517282
0.522655
0.524869
0.346679
0.008893
0.712111
-0.351066
-0.098070
0.131212
-0.652382
-0.156186
0.625380
-0.031522
0.046606
-0.291277
-0.085203
0.517282
0.522655
0.524869
0.346679
0.008893
0.712111
-0.351066
-0.098070
0.131212
-0.652382
-0.156186
