1.059667
-0.376889
17.865211
9.715031
-27.360939
-15.136136
-0.950258
4.190224
-3.628733
9.276618
20.929340
-4.715704
12.766309
1.138439
8.187232
6.894032
0.420985
-3.178854
-89.522026
137.920547
101.232178
-238.252090
88.937935
-276.532501
-429.983002
421.526245
49.770496
205.567688
510.489777
-405.096436
1.332502
101.739662
-0.968483
-0.867764
-7.969287
3.252711
3.148176
-8.081251
-5.954235
2.828442
4.526750
-0.016335
-4.318133
-8.278497
5.220372
-6.413267
-8.427410
-5.368137
0.961782
2.524440
5.548425
-1.941022
-3.447648
8.887388
-10.191595
8.879090
25.407755
-18.034222
-2.528192
-10.839561
-31.972275
18.322441
5.811478
-6.307352
-2.838230
-1.421397
48.872425
-77.901688
-58.882248
129.566452
-46.620285
149.900391
234.180084
-230.403107
-24.961370
-112.215324
-275.252319
222.002853
-0.755214
-53.294693
1.775810
1.062172
12.629676
-20.226967
-14.203529
36.327705
-14.421330
46.351421
65.694626
-65.585350
-8.803335
-31.089281
-74.889755
63.738102
-3.508970
-16.037287
-0.524702
0.140553
-0.135405
-0.103177
-0.148302
0.689846
-0.277327
0.269234
0.694332
-0.702775
-0.489751
-0.831748
0.177901
0.024159
0.067492
-0.420018
-0.524702
0.140553
-0.135405
-0.103177
-0.148302
0.689846
-0.277327
0.269234
0.694332
-0.702775
-0.489751
-0.831748
0.177901
0.024159
0.067492
-0.420018
-0.524702
0.140553
-0.135405
-0.103177
-0.148302
0.689846
-0.277327
0.269234
0.694332
-0.702775
-0.489751
-0.831748
0.177901
0.024159
0.067492
-0.420018
-0.524702
0.140553
-0.135405
-0.103177
-0.148302
0.689846
-0.277327
0.269234
0.694332
-0.702775
-0.489751
-0.831748
0.177901
0.024159
0.067492
-0.420018
-0.524702
0.140553
-0.135405
-0.103177
-0.148302
0.689846
-0.277327
0.269234
0.694332
-0.702775
-0.489751
-0.831748
0.177901
0.024159
0.067492
-0.420018
-0.524702
0.140553
-0.135405
-0.103177
-0.148302
0.689846
-0.277327
0.269234
0.694332
-0.702775
-0.489751
-0.831748
0.177901
0.024159
0.067492
-0.420018
-0.524702
0.140553
-0.135405
-0.103177
-0.148302
0.689846
-0.277327
0.269234
0.694332
-0.702775
-0.489751
-0.831748
0.177901
0.024159
0.067492
-0.420018
-0.524702
0.140553
-0.135405
-0.103177
-0.148302
0.689846
-0.277327
0.269234
0.694332
-0.702775
-0.489751
-0.831748
0.177901
0.024159
0.067492
-0.420018
-0.524702
0.140553
-0.135405
-0.103177
-0.148302
0.689846
-0.277327
0.269234
0.694332
-0.702775
-0.489751
-0.831748
0.177901
0.024159
0.067492
-0.420018
-0.524702
0.140553
-0.135405
-0.103177
-0.148302
0.689846
-0.277327
0.269234
0.694332
-0.702775
-0.489751
-0.831748
0.177901
0.024159
0.067492
-0.420018
-0.524702
0.140553
-0.135405
-0.103177
-0.148302
0.689846
-0.277327
0.269234
0.694332
-0.702775
-0.489751
-0.831748
0.177901
0.024159
0.067492
-0.420018
-0.524702
0.140553
-0.135405
-0.103177
-0.148302
0.689846
-0.277327
0.269234
0.694332
-0.702775
-0.489751
-0.831748
0.177901
0.024159
0.067492
-0.420018
-0.524702
0.140553
-0.135405
-0.103177
-0.148302
0.689846
-0.277327
0.269234
0.694332
-0.702775
-0.489751
-0.831748
0.177901
0.024159
0.067492
-0.420018
-0.524702
0.140553
-0.135405
-0.103177
-0.148302
0.689846
-0.277327
0.269234
0.694332
-0.702775
-0.489751
-0.831748
0.177901
0.024159
0.067492
-0.420018
