1.132121
1.597492
-4.564936
-0.211779
6.677968
5.467446
2.042217
-2.419097
-1.247578
0.549738
-6.654420
-2.815521
4.466410
0.784886
-3.384496
-2.464573
4.691893
0.760666
-75.609245
194.990479
44.863270
-271.411438
32.188244
-259.961273
-286.799042
435.406708
84.973991
133.793228
375.535461
-447.542694
46.558300
107.296844
-4.092072
0.810652
7.918757
-12.847208
-2.967682
19.295298
-9.259625
16.101683
27.126873
-30.481627
-7.195745
-10.233731
-33.065174
34.753799
-1.008868
-9.607285
-0.688699
-1.566431
46.309906
-111.712952
-27.648033
155.795471
-15.243230
146.783539
156.365662
-243.631348
-46.648552
-77.679718
-201.703705
252.952728
-27.389299
-60.568451
-4.335612
-1.262900
10.659854
-35.756538
-4.953395
42.596004
-3.186764
44.174107
44.762138
-68.767036
-12.712922
-21.922899
-54.894733
72.853149
-11.562381
-17.222656
0.699258
0.030664
-0.246307
0.227940
0.047254
0.308575
0.594730
0.221025
0.494370
-0.482555
-0.250781
-0.210621
0.352632
-0.471461
-0.460724
0.565367
0.699258
0.030664
-0.246307
0.227940
0.047254
0.308575
0.594730
0.221025
0.494370
-0.482555
-0.250781
-0.210621
0.352632
-0.471461
-0.460724
0.565367
0.699258
0.030664
-0.246307
0.227940
0.047254
0.308575
0.594730
0.221025
0.494370
-0.482555
-0.250781
-0.210621
0.352632
-0.471461
-0.460724
0.565367
0.699258
0.030664
-0.246307
0.227940
0.047254
0.308575
0.594730
0.221025
0.494370
-0.482555
-0.250781
-0.210621
0.352632
-0.471461
-0.460724
0.565367
0.699258
0.030664
-0.246307
0.227940
0.047254
0.308575
0.594730
0.221025
0.494370
-0.482555
-0.250781
-0.210621
0.352632
-0.471461
-0.460724
0.565367
0.699258
0.030664
-0.246307
0.227940
0.047254
0.308575
0.594730
0.221025
0.494370
-0.482555
-0.250781
-0.210621
0.352632
-0.471461
-0.460724
0.565367
0.699258
0.030664
-0.246307
0.227940
0.047254
0.308575
0.594730
0.221025
0.494370
-0.482555
-0.250781
-0.210621
0.352632
-0.471461
-0.460724
0.565367
0.699258
0.030664
-0.246307
0.227940
0.047254
0.308575
0.594730
0.221025
0.494370
-0.482555
-0.250781
-0.210621
0.352632
-0.471461
-0.460724
0.565367
0.699258
0.030664
-0.246307
0.227940
0.047254
0.308575
0.594730
0.221025
0.494370
-0.482555
-0.250781
-0.210621
0.352632
-0.471461
-0.460724
0.565367
0.699258
0.030664
-0.246307
0.227940
0.047254
0.308575
0.594730
0.221025
0.494370
-0.482555
-0.250781
-0.210621
0.352632
-0.471461
-0.460724
0.565367
0.699258
0.030664
-0.246307
0.227940
0.047254
0.308575
0.594730
0.221025
0.494370
-0.482555
-0.250781
-0.210621
0.352632
-0.471461
-0.460724
0.565367
0.699258
0.030664
-0.246307
0.227940
0.047254
0.308575
0.594730
0.221025
0.494370
-0.482555
-0.250781
-0.210621
0.352632
-0.471461
-0.460724
0.565367
0.699258
0.030664
-0.246307
0.227940
0.047254
0.308575
0.594730
0.221025
0.494370
-0.482555
-0.250781
-0.210621
0.352632
-0.471461
-0.460724
0.565367
0.699258
0.030664
-0.246307
0.227940
0.047254
0.308575
0.594730
0.221025
0.494370
-0.482555
-0.250781
-0.210621
0.352632
-0.471461
-0.460724
0.565367
0.699258
0.030664
-0.246307
0.227940
0.047254
0.308575
0.594730
0.221025
0.494370
-0.482555
-0.250781
-0.210621
0.352632
-0.471461
-0.460724
0.565367
