1.655165
0.746043
-3.080715
-14.087048
-2.720014
24.364189
4.117990
-4.220825
14.843862
2.529768
3.329872
-14.238564
-3.557094
-3.645502
6.505522
-5.113583
1.987511
-1.553352
198.982254
7.809999
-276.009735
64.212967
-332.592224
91.363350
561.382263
176.644714
124.952141
-112.157753
-662.417297
-237.814087
105.861092
-80.108650
-0.339563
1.205358
-82.832008
2.337013
116.965561
-28.390856
139.691391
-35.257656
-235.497559
-86.334549
-53.767269
42.669567
280.242462
105.286453
-40.199078
31.628487
-0.732534
-1.175990
-12.423856
-0.646554
16.595024
-6.176588
24.632269
-9.027225
-42.456844
-7.363579
-7.493923
10.001538
49.230976
9.587500
-10.124832
6.665213
-0.889696
0.817847
-47.944576
-7.625895
66.590454
-11.239588
77.649712
-18.147991
-133.072189
-41.890060
-30.374897
31.836868
155.444107
65.951729
-29.960573
17.523933
-0.097576
-0.240316
-0.823348
-0.458385
0.029457
0.058624
-0.630206
0.718997
-0.653856
-0.152679
-0.211640
0.766517
-0.325312
-0.203829
-0.442617
0.349721
-0.097576
-0.240316
-0.823348
-0.458385
0.029457
0.058624
-0.630206
0.718997
-0.653856
-0.152679
-0.211640
0.766517
-0.325312
-0.203829
-0.442617
0.349721
-0.097576
-0.240316
-0.823348
-0.458385
0.029457
0.058624
-0.630206
0.718997
-0.653856
-0.152679
-0.211640
0.766517
-0.325312
-0.203829
-0.442617
0.349721
-0.097576
-0.240316
-0.823348
-0.458385
0.029457
0.058624
-0.630206
0.718997
-0.653856
-0.152679
-0.211640
0.766517
-0.325312
-0.203829
-0.442617
0.349721
-0.097576
-0.240316
-0.823348
-0.458385
0.029457
0.058624
-0.630206
0.718997
-0.653856
-0.152679
-0.211640
0.766517
-0.325312
-0.203829
-0.442617
0.349721
-0.097576
-0.240316
-0.823348
-0.458385
0.029457
0.058624
-0.630206
0.718997
-0.653856
-0.152679
-0.211640
0.766517
-0.325312
-0.203829
-0.442617
0.349721
-0.097576
-0.240316
-0.823348
-0.458385
0.029457
0.058624
-0.630206
0.718997
-0.653856
-0.152679
-0.211640
0.766517
-0.325312
-0.203829
-0.442617
0.349721
-0.097576
-0.240316
-0.823348
-0.458385
0.029457
0.058624
-0.630206
0.718997
-0.653856
-0.152679
-0.211640
0.766517
-0.325312
-0.203829
-0.442617
0.349721
-0.097576
-0.240316
-0.823348
-0.458385
0.029457
0.058624
-0.630206
0.718997
-0.653856
-0.152679
-0.211640
0.766517
-0.325312
-0.203829
-0.442617
0.349721
-0.097576
-0.240316
-0.823348
-0.458385
0.029457
0.058624
-0.630206
0.718997
-0.653856
-0.152679
-0.211640
0.766517
-0.325312
-0.203829
-0.442617
0.349721
-0.097576
-0.240316
-0.823348
-0.458385
0.029457
0.058624
-0.630206
0.718997
-0.653856
-0.152679
-0.211640
0.766517
-0.325312
-0.203829
-0.442617
0.349721
-0.097576
-0.240316
-0.823348
-0.458385
0.029457
0.058624
-0.630206
0.718997
-0.653856
-0.152679
-0.211640
0.766517
-0.325312
-0.203829
-0.442617
0.349721
-0.097576
-0.240316
-0.823348
-0.458385
0.029457
0.058624
-0.630206
0.718997
-0.653856
-0.152679
-0.211640
0.766517
-0.325312
-0.203829
-0.442617
0.349721
-0.097576
-0.240316
-0.823348
-0.458385
0.029457
0.058624
-0.630206
0.718997
-0.653856
-0.152679
-0.211640
0.766517
-0.325312
-0.203829
-0.442617
0.349721
-0.097576
-0.240316
-0.823348
-0.458385
0.029457
0.058624
-0.630206
0.718997
-0.653856
-0.152679
-0.211640
0.766517
-0.325312
-0.203829
-0.442617
0.349721
