-0.575332
0.214224
-1.462106
6.914046
2.027781
-7.232877
5.375950
5.012142
-2.049746
-3.527134
0.645932
7.414858
-4.517966
3.219030
-2.223432
2.414575
6.942858
2.809556
41.812065
-6.905312
-38.188034
-4.935372
-18.176744
-11.861440
2.771972
14.758366
33.386425
-10.658924
6.035229
-19.630795
11.176740
18.125349
-1.629471
0.403730
-2.646729
-8.256007
9.550001
6.416851
-0.725064
-9.305404
-1.168685
5.369285
7.379434
-3.115534
5.912027
1.419990
2.956956
-7.053244
-0.755835
-0.669442
160.231888
-28.494812
-193.236862
145.105042
-201.506714
253.667114
561.305786
-75.260643
62.574245
-226.499069
-632.040710
43.210247
80.168083
-162.476273
-0.589332
-0.646563
-11.702030
-3.383624
13.983262
-3.416768
20.234373
-11.579833
-30.186653
7.162841
-4.763796
8.419786
27.378916
-5.327175
-6.152511
7.256575
-0.573663
1.984898
-106.529854
23.773104
122.873489
-108.806572
108.219521
-190.379745
-376.225769
65.400284
-30.010437
162.594681
430.018433
-42.994274
-44.569267
123.367790
1.024780
-0.677993
-15.608238
-0.231100
22.797457
-5.840569
27.696993
-14.985582
-48.707504
-6.774245
-11.705973
10.991373
55.778179
8.759048
-10.142681
6.447773
0.345916
-0.397745
-0.040351
-0.021257
0.243634
0.522581
-0.341999
0.402299
0.181701
-0.067548
-0.173961
0.046232
0.034408
-0.282458
-0.213378
-0.201302
0.345916
-0.397745
-0.040351
-0.021257
0.243634
0.522581
-0.341999
0.402299
0.181701
-0.067548
-0.173961
0.046232
0.034408
-0.282458
-0.213378
-0.201302
0.345916
-0.397745
-0.040351
-0.021257
0.243634
0.522581
-0.341999
0.402299
0.181701
-0.067548
-0.173961
0.046232
0.034408
-0.282458
-0.213378
-0.201302
0.345916
-0.397745
-0.040351
-0.021257
0.243634
0.522581
-0.341999
0.402299
0.181701
-0.067548
-0.173961
0.046232
0.034408
-0.282458
-0.213378
-0.201302
0.345916
-0.397745
-0.040351
-0.021257
0.243634
0.522581
-0.341999
0.402299
0.181701
-0.067548
-0.173961
0.046232
0.034408
-0.282458
-0.213378
-0.201302
0.345916
-0.397745
-0.040351
-0.021257
0.243634
0.522581
-0.341999
0.402299
0.181701
-0.067548
-0.173961
0.046232
0.034408
-0.282458
-0.213378
-0.201302
0.345916
-0.397745
-0.040351
-0.021257
0.243634
0.522581
-0.341999
0.402299
0.181701
-0.067548
-0.173961
0.046232
0.034408
-0.282458
-0.213378
-0.201302
0.345916
-0.397745
-0.040351
-0.021257
0.243634
0.522581
-0.341999
0.402299
0.181701
-0.067548
-0.173961
0.046232
0.034408
-0.282458
-0.213378
-0.201302
0.345916
-0.397745
-0.040351
-0.021257
0.243634
0.522581
-0.341999
0.402299
0.181701
-0.067548
-0.173961
0.046232
0.034408
-0.282458
-0.213378
-0.201302
0.345916
-0.397745
-0.040351
-0.021257
0.243634
0.522581
-0.341999
0.402299
0.181701
-0.067548
-0.173961
0.046232
0.034408
-0.282458
-0.213378
-0.201302
0.345916
-0.397745
-0.040351
-0.021257
0.243634
0.522581
-0.341999
0.402299
0.181701
-0.067548
-0.173961
0.046232
0.034408
-0.282458
-0.213378
-0.201302
0.345916
-0.397745
-0.040351
-0.021257
0.243634
0.522581
-0.341999
0.402299
0.181701
-0.067548
-0.173961
0.046232
0.034408
-0.282458
-0.213378
-0.201302
0.345916
-0.397745
-0.040351
-0.021257
0.243634
0.522581
-0.341999
0.402299
0.181701
-0.067548
-0.173961
0.046232
0.034408
-0.282458
-0.213378
-0.201302
