-5.003044
-2.024518
26.331049
11.144208
-34.540207
-32.089745
-2.668281
-17.921906
-6.699390
24.817530
24.858490
4.351692
20.388107
-4.760462
-2.287184
12.494835
-0.799939
0.442483
-1.921805
4.864436
1.039326
-7.616721
2.415096
6.162087
-1.060616
-2.294484
1.562224
6.832906
-2.750127
2.729790
-0.651033
2.201643
-0.244381
-0.924585
-9.932549
-12.270142
-21.004871
273.897949
47.769703
169.651611
65.027130
10.618142
-61.252205
-32.141064
-284.673889
55.687283
90.495277
-314.765228
-1.569431
1.020410
1.856502
9.020892
8.700260
-139.512009
-21.217461
-89.237198
-30.832438
-7.935201
30.129074
14.251732
142.038544
-28.135201
-40.239990
159.205994
3.037058
-0.598924
2.566561
2.938921
2.770708
-48.871311
-12.612703
-29.997023
-13.909302
-0.729780
15.324968
7.344252
47.770111
-11.016520
-14.662987
58.083279
-0.054716
-0.235133
0.695948
-0.516662
0.305251
0.463845
-0.459538
-0.104758
-0.569979
-0.220416
0.183579
0.148153
0.251538
0.033944
-0.535623
-0.828294
-0.054716
-0.235133
0.695948
-0.516662
0.305251
0.463845
-0.459538
-0.104758
-0.569979
-0.220416
0.183579
0.148153
0.251538
0.033944
-0.535623
-0.828294
-0.054716
-0.235133
0.695948
-0.516662
0.305251
0.463845
-0.459538
-0.104758
-0.569979
-0.220416
0.183579
0.148153
0.251538
0.033944
-0.535623
-0.828294
-0.054716
-0.235133
0.695948
-0.516662
0.305251
0.463845
-0.459538
-0.104758
-0.569979
-0.220416
0.183579
0.148153
0.251538
0.033944
-0.535623
-0.828294
-0.054716
-0.235133
0.695948
-0.516662
0.305251
0.463845
-0.459538
-0.104758
-0.569979
-0.220416
0.183579
0.148153
0.251538
0.033944
-0.535623
-0.828294
-0.054716
-0.235133
0.695948
-0.516662
0.305251
0.463845
-0.459538
-0.104758
-0.569979
-0.220416
0.183579
0.148153
0.251538
0.033944
-0.535623
-0.828294
-0.054716
-0.235133
0.695948
-0.516662
0.305251
0.463845
-0.459538
-0.104758
-0.569979
-0.220416
0.183579
0.148153
0.251538
0.033944
-0.535623
-0.828294
-0.054716
-0.235133
0.695948
-0.516662
0.305251
0.463845
-0.459538
-0.104758
-0.569979
-0.220416
0.183579
0.148153
0.251538
0.033944
-0.535623
-0.828294
-0.054716
-0.235133
0.695948
-0.516662
0.305251
0.463845
-0.459538
-0.104758
-0.569979
-0.220416
0.183579
0.148153
0.251538
0.033944
-0.535623
-0.828294
-0.054716
-0.235133
0.695948
-0.516662
0.305251
0.463845
-0.459538
-0.104758
-0.569979
-0.220416
0.183579
0.148153
0.251538
0.033944
-0.535623
-0.828294
-0.054716
-0.235133
0.695948
-0.516662
0.305251
0.463845
-0.459538
-0.104758
-0.569979
-0.220416
0.183579
0.148153
0.251538
0.033944
-0.535623
-0.828294
-0.054716
-0.235133
0.695948
-0.516662
0.305251
0.463845
-0.459538
-0.104758
-0.569979
-0.220416
0.183579
0.148153
0.251538
0.033944
-0.535623
-0.828294
-0.054716
-0.235133
0.695948
-0.516662
0.305251
0.463845
-0.459538
-0.104758
-0.569979
-0.220416
0.183579
0.148153
0.251538
0.033944
-0.535623
-0.828294
-0.054716
-0.235133
0.695948
-0.516662
0.305251
0.463845
-0.459538
-0.104758
-0.569979
-0.220416
0.183579
0.148153
0.251538
0.033944
-0.535623
-0.828294
-0.054716
-0.235133
0.695948
-0.516662
0.305251
0.463845
-0.459538
-0.104758
-0.569979
-0.220416
0.183579
0.148153
0.251538
0.033944
-0.535623
-0.828294
