1.384260
3.453525
-8.832105
-13.482967
9.770935
19.867178
0.102744
-4.250032
12.852259
-5.489583
-3.001637
-16.641132
-2.461130
-3.718851
-1.702920
-8.006645
0.607616
-1.491964
5.318718
-5.932761
-5.521746
5.020606
-5.226884
-3.852073
3.955682
2.672150
3.769326
-7.490678
-0.628959
-6.209295
2.468511
0.507005
1.404720
-1.465672
-25.770742
21.281069
150.317032
151.104721
145.083054
78.552963
21.253742
-74.628555
-60.787907
48.556568
-123.563538
216.351120
-129.197662
-227.406982
0.163909
-1.078625
19.312531
-17.842176
-127.067612
-123.827591
-120.290146
-65.948586
-15.290594
60.230972
50.183498
-42.130978
99.860878
-184.325607
116.547775
192.094925
-0.609177
-0.379450
0.043756
-0.088122
-0.797849
0.756387
0.030743
-0.359365
-0.167647
-0.524949
-0.466911
-0.275847
0.910577
-0.342711
-0.123087
-0.622257
-0.609177
-0.379450
0.043756
-0.088122
-0.797849
0.756387
0.030743
-0.359365
-0.167647
-0.524949
-0.466911
-0.275847
0.910577
-0.342711
-0.123087
-0.622257
-0.609177
-0.379450
0.043756
-0.088122
-0.797849
0.756387
0.030743
-0.359365
-0.167647
-0.524949
-0.466911
-0.275847
0.910577
-0.342711
-0.123087
-0.622257
-0.609177
-0.379450
0.043756
-0.088122
-0.797849
0.756387
0.030743
-0.359365
-0.167647
-0.524949
-0.466911
-0.275847
0.910577
-0.342711
-0.123087
-0.622257
-0.609177
-0.379450
0.043756
-0.088122
-0.797849
0.756387
0.030743
-0.359365
-0.167647
-0.524949
-0.466911
-0.275847
0.910577
-0.342711
-0.123087
-0.622257
-0.609177
-0.379450
0.043756
-0.088122
-0.797849
0.756387
0.030743
-0.359365
-0.167647
-0.524949
-0.466911
-0.275847
0.910577
-0.342711
-0.123087
-0.622257
-0.609177
-0.379450
0.043756
-0.088122
-0.797849
0.756387
0.030743
-0.359365
-0.167647
-0.524949
-0.466911
-0.275847
0.910577
-0.342711
-0.123087
-0.622257
-0.609177
-0.379450
0.043756
-0.088122
-0.797849
0.756387
0.030743
-0.359365
-0.167647
-0.524949
-0.466911
-0.275847
0.910577
-0.342711
-0.123087
-0.622257
-0.609177
-0.379450
0.043756
-0.088122
-0.797849
0.756387
0.030743
-0.359365
-0.167647
-0.524949
-0.466911
-0.275847
0.910577
-0.342711
-0.123087
-0.622257
-0.609177
-0.379450
0.043756
-0.088122
-0.797849
0.756387
0.030743
-0.359365
-0.167647
-0.524949
-0.466911
-0.275847
0.910577
-0.342711
-0.123087
-0.622257
-0.609177
-0.379450
0.043756
-0.088122
-0.797849
0.756387
0.030743
-0.359365
-0.167647
-0.524949
-0.466911
-0.275847
0.910577
-0.342711
-0.123087
-0.622257
-0.609177
-0.379450
0.043756
-0.088122
-0.797849
0.756387
0.030743
-0.359365
-0.167647
-0.524949
-0.466911
-0.275847
0.910577
-0.342711
-0.123087
-0.622257
-0.609177
-0.379450
0.043756
-0.088122
-0.797849
0.756387
0.030743
-0.359365
-0.167647
-0.524949
-0.466911
-0.275847
0.910577
-0.342711
-0.123087
-0.622257
-0.609177
-0.379450
0.043756
-0.088122
-0.797849
0.756387
0.030743
-0.359365
-0.167647
-0.524949
-0.466911
-0.275847
0.910577
-0.342711
-0.123087
-0.622257
-0.609177
-0.379450
0.043756
-0.088122
-0.797849
0.756387
0.030743
-0.359365
-0.167647
-0.524949
-0.466911
-0.275847
0.910577
-0.342711
-0.123087
-0.622257
-0.609177
-0.379450
0.043756
-0.088122
-0.797849
0.756387
0.030743
-0.359365
-0.167647
-0.524949
-0.466911
-0.275847
0.910577
-0.342711
-0.123087
-0.622257
