-3.745432
-1.561393
-3.365618
32.926964
26.164541
-30.639490
9.289538
-17.545946
-9.873570
4.130332
-4.886562
32.185043
10.692049
-8.076042
-14.966917
12.981938
1.331921
0.752204
-1.124701
-19.586681
-177.657120
-242.485382
-211.133835
-153.750534
-69.912926
125.503555
101.150688
-29.065287
188.293610
-274.018463
159.093018
298.725586
-1.040049
-1.734664
-7.416936
6.348700
9.806055
-7.116434
6.092600
4.612335
-4.711370
-3.671558
-3.202000
9.226491
-2.295959
6.309332
-2.228596
1.050732
0.940947
-0.051843
-6.443956
-4.227605
9.682220
-0.206746
-5.474483
-5.887334
-0.039873
5.633619
3.551476
-6.051321
6.807262
-3.234479
-3.932076
-8.703703
-0.031184
1.638209
0.986066
-1.682435
6.522107
16.619923
13.295972
13.808757
5.840567
-6.963940
-10.589849
-2.788944
-11.622211
9.792892
-10.827678
-15.293876
-3.594661
0.776999
1.182656
2.142125
5.788897
14.010232
11.794321
12.420033
5.416026
-8.101331
-6.327986
-0.017523
-13.403559
13.170238
-5.735045
-18.241690
-0.985642
0.412974
-0.083779
4.039752
70.309853
95.737190
83.018158
55.936218
24.688316
-49.997536
-37.888031
13.602938
-73.587547
108.953285
-65.418762
-114.239334
-0.137317
-1.831790
3.042560
6.832147
47.090443
60.828838
54.368877
39.929470
16.726925
-33.640244
-25.327969
7.603127
-42.746780
72.045082
-41.028885
-77.462906
0.498656
0.685115
0.831105
0.162211
-0.205335
0.484213
0.422992
-0.414129
0.452137
0.104883
0.462064
-0.143925
0.237179
-0.310357
0.049943
-0.473383
0.498656
0.685115
0.831105
0.162211
-0.205335
0.484213
0.422992
-0.414129
0.452137
0.104883
0.462064
-0.143925
0.237179
-0.310357
0.049943
-0.473383
0.498656
0.685115
0.831105
0.162211
-0.205335
0.484213
0.422992
-0.414129
0.452137
0.104883
0.462064
-0.143925
0.237179
-0.310357
0.049943
-0.473383
0.498656
0.685115
0.831105
0.162211
-0.205335
0.484213
0.422992
-0.414129
0.452137
0.104883
0.462064
-0.143925
0.237179
-0.310357
0.049943
-0.473383
0.498656
0.685115
0.831105
0.162211
-0.205335
0.484213
0.422992
-0.414129
0.452137
0.104883
0.462064
-0.143925
0.237179
-0.310357
0.049943
-0.473383
0.498656
0.685115
0.831105
0.162211
-0.205335
0.484213
0.422992
-0.414129
0.452137
0.104883
0.462064
-0.143925
0.237179
-0.310357
0.049943
-0.473383
0.498656
0.685115
0.831105
0.162211
-0.205335
0.484213
0.422992
-0.414129
0.452137
0.104883
0.462064
-0.143925
0.237179
-0.310357
0.049943
-0.473383
0.498656
0.685115
0.831105
0.162211
-0.205335
0.484213
0.422992
-0.414129
0.452137
0.104883
0.462064
-0.143925
0.237179
-0.310357
0.049943
-0.473383
0.498656
0.685115
0.831105
0.162211
-0.205335
0.484213
0.422992
-0.414129
0.452137
0.104883
0.462064
-0.143925
0.237179
-0.310357
0.049943
-0.473383
0.498656
0.685115
0.831105
0.162211
-0.205335
0.484213
0.422992
-0.414129
0.452137
0.104883
0.462064
-0.143925
0.237179
-0.310357
0.049943
-0.473383
0.498656
0.685115
0.831105
0.162211
-0.205335
0.484213
0.422992
-0.414129
0.452137
0.104883
0.462064
-0.143925
0.237179
-0.310357
0.049943
-0.473383
0.498656
0.685115
0.831105
0.162211
-0.205335
0.484213
0.422992
-0.414129
0.452137
0.104883
0.462064
-0.143925
0.237179
-0.310357
0.049943
-0.473383
