-0.999154
-3.308051
-10.086267
20.877846
17.169788
-19.681068
-3.883760
-2.846406
-11.493635
-4.950468
-5.146868
14.963733
-2.483130
1.770458
-6.193826
8.705847
1.362601
-0.321851
2.707659
-8.294818
-5.592351
8.068986
-6.894467
-1.742347
6.986428
1.011300
0.629901
-7.104702
-0.462871
-5.324861
2.624402
-0.729897
0.141460
-2.347483
-5.404442
4.894643
248.904602
-140.266174
158.206253
-206.375946
-80.542976
-26.580164
40.757362
98.289215
208.468307
223.272141
-301.254364
75.686874
-0.315719
2.077855
1.058133
-0.071477
-92.713440
58.842110
-54.564434
85.312233
36.308224
4.662244
-19.827795
-39.011375
-90.274460
-79.482079
115.257088
-37.359245
-0.209574
1.378583
2.585112
-3.021787
-59.434765
45.402229
-34.608955
58.815304
21.085020
9.647529
-13.018714
-23.298685
-57.323940
-51.929310
74.977081
-30.188507
0.653959
0.536947
-1.018884
-0.054788
0.096978
-0.786421
-0.412784
0.992179
1.212480
0.679261
0.290883
-0.888622
0.218580
-0.361806
0.018830
0.351772
0.653959
0.536947
-1.018884
-0.054788
0.096978
-0.786421
-0.412784
0.992179
1.212480
0.679261
0.290883
-0.888622
0.218580
-0.361806
0.018830
0.351772
0.653959
0.536947
-1.018884
-0.054788
0.096978
-0.786421
-0.412784
0.992179
1.212480
0.679261
0.290883
-0.888622
0.218580
-0.361806
0.018830
0.351772
0.653959
0.536947
-1.018884
-0.054788
0.096978
-0.786421
-0.412784
0.992179
1.212480
0.679261
0.290883
-0.888622
0.218580
-0.361806
0.018830
0.351772
0.653959
0.536947
-1.018884
-0.054788
0.096978
-0.786421
-0.412784
0.992179
1.212480
0.679261
0.290883
-0.888622
0.218580
-0.361806
0.018830
0.351772
0.653959
0.536947
-1.018884
-0.054788
0.096978
-0.786421
-0.412784
0.992179
1.212480
0.679261
0.290883
-0.888622
0.218580
-0.361806
0.018830
0.351772
0.653959
0.536947
-1.018884
-0.054788
0.096978
-0.786421
-0.412784
0.992179
1.212480
0.679261
0.290883
-0.888622
0.218580
-0.361806
0.018830
0.351772
0.653959
0.536947
-1.018884
-0.054788
0.096978
-0.786421
-0.412784
0.992179
1.212480
0.679261
0.290883
-0.888622
0.218580
-0.361806
0.018830
0.351772
0.653959
0.536947
-1.018884
-0.054788
0.096978
-0.786421
-0.412784
0.992179
1.212480
0.679261
0.290883
-0.888622
0.218580
-0.361806
0.018830
0.351772
0.653959
0.536947
-1.018884
-0.054788
0.096978
-0.786421
-0.412784
0.992179
1.212480
0.679261
0.290883
-0.888622
0.218580
-0.361806
0.018830
0.351772
0.653959
0.536947
-1.018884
-0.054788
0.096978
-0.786421
-0.412784
0.992179
1.212480
0.679261
0.290883
-0.888622
0.218580
-0.361806
0.018830
0.351772
0.653959
0.536947
-1.018884
-0.054788
0.096978
-0.786421
-0.412784
0.992179
1.212480
0.679261
0.290883
-0.888622
0.218580
-0.361806
0.018830
0.351772
0.653959
0.536947
-1.018884
-0.054788
0.096978
-0.786421
-0.412784
0.992179
1.212480
0.679261
0.290883
-0.888622
0.218580
-0.361806
0.018830
0.351772
0.653959
0.536947
-1.018884
-0.054788
0.096978
-0.786421
-0.412784
0.992179
1.212480
0.679261
0.290883
-0.888622
0.218580
-0.361806
0.018830
0.351772
0.653959
0.536947
-1.018884
-0.054788
0.096978
-0.786421
-0.412784
0.992179
1.212480
0.679261
0.290883
-0.888622
0.218580
-0.361806
0.018830
0.351772
