1.422820
1.833443
-10.682756
18.622717
16.114479
-27.967981
1.499146
-3.727634
-3.488993
2.572102
3.481673
19.985128
3.622628
9.873558
0.127716
9.505355
0.824411
-1.614204
2.420006
4.752610
-3.328821
-5.506064
6.703426
3.029979
-3.765003
-0.482914
6.540801
4.467249
-0.966539
4.019103
0.043220
2.600234
-1.212841
1.351288
28.220669
8.711704
-27.857788
-18.956348
3.704250
-24.125568
-4.246603
21.598194
23.688910
1.280929
5.643244
-4.407097
11.027935
15.723182
4.633440
1.047542
6.588172
4.230196
-54.012383
292.651337
52.313671
252.910446
79.475334
-29.212496
-61.137714
-9.703961
-320.322784
52.144650
109.437317
-274.509186
-2.542513
0.335615
-5.388752
1.435700
23.114735
-107.824974
-19.658272
-89.393867
-30.762503
9.987356
20.284389
3.555985
117.073990
-20.524847
-42.322964
97.103577
-0.036788
1.195044
1.356880
-2.203029
6.141711
-18.625460
-2.434210
-17.462881
-3.632451
2.939422
2.233027
-1.289294
18.585794
-0.225350
-9.383703
17.715174
-0.743243
-0.528953
1.964769
-2.790133
11.224778
-82.738655
-14.072863
-68.500648
-23.500122
8.447972
21.227123
2.408910
91.312218
-11.023058
-31.473103
81.770691
-0.552113
-0.025164
0.050707
-0.136276
-0.303258
0.068219
-0.570620
0.255560
-0.195235
0.315202
-0.298495
0.025852
0.069285
0.583326
0.383395
-0.241123
-0.552113
-0.025164
0.050707
-0.136276
-0.303258
0.068219
-0.570620
0.255560
-0.195235
0.315202
-0.298495
0.025852
0.069285
0.583326
0.383395
-0.241123
-0.552113
-0.025164
0.050707
-0.136276
-0.303258
0.068219
-0.570620
0.255560
-0.195235
0.315202
-0.298495
0.025852
0.069285
0.583326
0.383395
-0.241123
-0.552113
-0.025164
0.050707
-0.136276
-0.303258
0.068219
-0.570620
0.255560
-0.195235
0.315202
-0.298495
0.025852
0.069285
0.583326
0.383395
-0.241123
-0.552113
-0.025164
0.050707
-0.136276
-0.303258
0.068219
-0.570620
0.255560
-0.195235
0.315202
-0.298495
0.025852
0.069285
0.583326
0.383395
-0.241123
-0.552113
-0.025164
0.050707
-0.136276
-0.303258
0.068219
-0.570620
0.255560
-0.195235
0.315202
-0.298495
0.025852
0.069285
0.583326
0.383395
-0.241123
-0.552113
-0.025164
0.050707
-0.136276
-0.303258
0.068219
-0.570620
0.255560
-0.195235
0.315202
-0.298495
0.025852
0.069285
0.583326
0.383395
-0.241123
-0.552113
-0.025164
0.050707
-0.136276
-0.303258
0.068219
-0.570620
0.255560
-0.195235
0.315202
-0.298495
0.025852
0.069285
0.583326
0.383395
-0.241123
-0.552113
-0.025164
0.050707
-0.136276
-0.303258
0.068219
-0.570620
0.255560
-0.195235
0.315202
-0.298495
0.025852
0.069285
0.583326
0.383395
-0.241123
-0.552113
-0.025164
0.050707
-0.136276
-0.303258
0.068219
-0.570620
0.255560
-0.195235
0.315202
-0.298495
0.025852
0.069285
0.583326
0.383395
-0.241123
-0.552113
-0.025164
0.050707
-0.136276
-0.303258
0.068219
-0.570620
0.255560
-0.195235
0.315202
-0.298495
0.025852
0.069285
0.583326
0.383395
-0.241123
-0.552113
-0.025164
0.050707
-0.136276
-0.303258
0.068219
-0.570620
0.255560
-0.195235
0.315202
-0.298495
0.025852
0.069285
0.583326
0.383395
-0.241123
-0.552113
-0.025164
0.050707
-0.136276
-0.303258
0.068219
-0.570620
0.255560
-0.195235
0.315202
-0.298495
0.025852
0.069285
0.583326
0.383395
-0.241123
