-0.550436
0.887946
-20.661161
5.563712
24.425568
-5.718574
-1.369053
-1.349307
1.263509
-9.092334
-14.895494
1.708271
-4.770369
5.054895
-10.206326
5.663389
1.888916
1.258757
-8.638764
-9.231454
-282.612152
32.071365
-186.903473
68.769226
-9.388201
127.666443
14.148587
-37.729645
-86.626167
-297.943329
325.836884
39.464046
-0.494288
-1.840241
0.020421
7.924790
111.121475
-9.236678
73.363365
-24.749634
3.822205
-47.120056
-7.836009
16.055649
25.061275
109.980530
-127.279671
-20.218588
-4.864551
0.389407
1.901621
1.401355
72.644066
-4.678496
48.322395
-12.241418
8.145730
-33.223804
0.394742
6.942278
18.088018
84.048668
-83.143372
-16.340700
-0.751998
0.038705
0.752060
0.178476
-0.082531
0.120026
-0.184362
0.094356
-0.400950
-0.066286
0.107367
0.281587
-0.200117
-0.841393
-0.212322
-0.184898
-0.751998
0.038705
0.752060
0.178476
-0.082531
0.120026
-0.184362
0.094356
-0.400950
-0.066286
0.107367
0.281587
-0.200117
-0.841393
-0.212322
-0.184898
-0.751998
0.038705
0.752060
0.178476
-0.082531
0.120026
-0.184362
0.094356
-0.400950
-0.066286
0.107367
0.281587
-0.200117
-0.841393
-0.212322
-0.184898
-0.751998
0.038705
0.752060
0.178476
-0.082531
0.120026
-0.184362
0.094356
-0.400950
-0.066286
0.107367
0.281587
-0.200117
-0.841393
-0.212322
-0.184898
-0.751998
0.038705
0.752060
0.178476
-0.082531
0.120026
-0.184362
0.094356
-0.400950
-0.066286
0.107367
0.281587
-0.200117
-0.841393
-0.212322
-0.184898
-0.751998
0.038705
0.752060
0.178476
-0.082531
0.120026
-0.184362
0.094356
-0.400950
-0.066286
0.107367
0.281587
-0.200117
-0.841393
-0.212322
-0.184898
-0.751998
0.038705
0.752060
0.178476
-0.082531
0.120026
-0.184362
0.094356
-0.400950
-0.066286
0.107367
0.281587
-0.200117
-0.841393
-0.212322
-0.184898
-0.751998
0.038705
0.752060
0.178476
-0.082531
0.120026
-0.184362
0.094356
-0.400950
-0.066286
0.107367
0.281587
-0.200117
-0.841393
-0.212322
-0.184898
-0.751998
0.038705
0.752060
0.178476
-0.082531
0.120026
-0.184362
0.094356
-0.400950
-0.066286
0.107367
0.281587
-0.200117
-0.841393
-0.212322
-0.184898
-0.751998
0.038705
0.752060
0.178476
-0.082531
0.120026
-0.184362
0.094356
-0.400950
-0.066286
0.107367
0.281587
-0.200117
-0.841393
-0.212322
-0.184898
-0.751998
0.038705
0.752060
0.178476
-0.082531
0.120026
-0.184362
0.094356
-0.400950
-0.066286
0.107367
0.281587
-0.200117
-0.841393
-0.212322
-0.184898
-0.751998
0.038705
0.752060
0.178476
-0.082531
0.120026
-0.184362
0.094356
-0.400950
-0.066286
0.107367
0.281587
-0.200117
-0.841393
-0.212322
-0.184898
-0.751998
0.038705
0.752060
0.178476
-0.082531
0.120026
-0.184362
0.094356
-0.400950
-0.066286
0.107367
0.281587
-0.200117
-0.841393
-0.212322
-0.184898
-0.751998
0.038705
0.752060
0.178476
-0.082531
0.120026
-0.184362
0.094356
-0.400950
-0.066286
0.107367
0.281587
-0.200117
-0.841393
-0.212322
-0.184898
-0.751998
0.038705
0.752060
0.178476
-0.082531
0.120026
-0.184362
0.094356
-0.400950
-0.066286
0.107367
0.281587
-0.200117
-0.841393
-0.212322
-0.184898
-0.751998
0.038705
0.752060
0.178476
-0.082531
0.120026
-0.184362
0.094356
-0.400950
-0.066286
0.107367
0.281587
-0.200117
-0.841393
-0.212322
-0.184898
