1.036148
0.406760
-4.428478
-3.491029
4.466350
4.046966
-7.838267
-0.125182
3.223802
-1.399353
-6.359005
-1.873039
-0.652287
-3.561373
0.195028
-1.619373
4.926698
-0.695329
-24.825216
2.392737
24.849211
0.223410
5.503523
1.573709
-1.341164
-14.430098
-22.579784
11.704673
-11.131648
0.926708
-16.133795
6.652869
1.716398
-1.151123
-2.664987
36.302105
11.809999
-33.652412
27.908758
-10.124764
-19.676157
-5.366185
1.993665
31.162401
11.958840
13.532927
-14.681866
7.516764
-1.419030
-0.720658
9.820187
3.081892
-9.520196
1.842431
5.923487
2.203759
-3.110039
-2.828589
-0.339877
7.078978
-6.174808
4.064485
3.987117
10.627196
0.712054
1.717258
15.241450
-12.159724
18.009695
-262.743439
-34.156544
-182.400665
-83.634109
-24.184326
47.982487
6.666677
287.750183
3.870592
-106.623161
277.743286
-0.387733
-0.141569
-10.516774
8.037332
-10.325154
178.417526
25.807608
120.449730
59.614971
15.041040
-30.958637
-3.924473
-192.323196
0.034032
71.546364
-184.305069
-1.406618
-2.536692
0.011864
2.473120
4.986639
24.216988
9.652659
17.751720
6.009147
-4.024189
-7.920769
-1.354845
-28.503548
7.344911
1.136218
-28.002697
0.597307
0.011552
0.473143
-0.058424
-0.070764
0.417124
0.346967
0.193613
-0.022317
-1.101785
-0.634842
0.016446
0.023046
-0.288554
-0.112621
-0.814831
0.597307
0.011552
0.473143
-0.058424
-0.070764
0.417124
0.346967
0.193613
-0.022317
-1.101785
-0.634842
0.016446
0.023046
-0.288554
-0.112621
-0.814831
0.597307
0.011552
0.473143
-0.058424
-0.070764
0.417124
0.346967
0.193613
-0.022317
-1.101785
-0.634842
0.016446
0.023046
-0.288554
-0.112621
-0.814831
0.597307
0.011552
0.473143
-0.058424
-0.070764
0.417124
0.346967
0.193613
-0.022317
-1.101785
-0.634842
0.016446
0.023046
-0.288554
-0.112621
-0.814831
0.597307
0.011552
0.473143
-0.058424
-0.070764
0.417124
0.346967
0.193613
-0.022317
-1.101785
-0.634842
0.016446
0.023046
-0.288554
-0.112621
-0.814831
0.597307
0.011552
0.473143
-0.058424
-0.070764
0.417124
0.346967
0.193613
-0.022317
-1.101785
-0.634842
0.016446
0.023046
-0.288554
-0.112621
-0.814831
0.597307
0.011552
0.473143
-0.058424
-0.070764
0.417124
0.346967
0.193613
-0.022317
-1.101785
-0.634842
0.016446
0.023046
-0.288554
-0.112621
-0.814831
0.597307
0.011552
0.473143
-0.058424
-0.070764
0.417124
0.346967
0.193613
-0.022317
-1.101785
-0.634842
0.016446
0.023046
-0.288554
-0.112621
-0.814831
0.597307
0.011552
0.473143
-0.058424
-0.070764
0.417124
0.346967
0.193613
-0.022317
-1.101785
-0.634842
0.016446
0.023046
-0.288554
-0.112621
-0.814831
0.597307
0.011552
0.473143
-0.058424
-0.070764
0.417124
0.346967
0.193613
-0.022317
-1.101785
-0.634842
0.016446
0.023046
-0.288554
-0.112621
-0.814831
0.597307
0.011552
0.473143
-0.058424
-0.070764
0.417124
0.346967
0.193613
-0.022317
-1.101785
-0.634842
0.016446
0.023046
-0.288554
-0.112621
-0.814831
0.597307
0.011552
0.473143
-0.058424
-0.070764
0.417124
0.346967
0.193613
-0.022317
-1.101785
-0.634842
0.016446
0.023046
-0.288554
-0.112621
-0.814831
0.597307
0.011552
0.473143
-0.058424
-0.070764
0.417124
0.346967
0.193613
-0.022317
-1.101785
-0.634842
0.016446
0.023046
-0.288554
-0.112621
-0.814831
