1.758397
0.943942
7.676047
-7.082153
-0.618597
8.986875
4.422926
4.689243
-6.290700
2.609928
15.745612
13.086323
-5.143954
7.542057
3.701976
-7.771802
2.528563
6.634284
621.527588
1130.088623
461.221039
619.316589
1302.994995
385.662750
637.277527
327.466675
1091.905273
-1083.582886
1234.674561
-407.040192
227.857346
1425.307983
-0.222915
-1.927102
-383.954132
-690.968750
-279.552124
-381.738403
-798.859436
-244.916061
-383.326996
-209.689255
-675.855347
658.827271
-771.860840
254.233917
-134.207199
-883.930786
-1.831756
0.685814
-38.208923
-76.585571
-32.086353
-35.504738
-78.186485
-20.898521
-37.334538
-20.065639
-68.898262
63.997345
-72.920311
24.144075
-14.695190
-87.846916
-1.511535
-4.208500
-77.294235
-138.856949
-56.163681
-75.322090
-163.096710
-44.099236
-84.614830
-38.696487
-131.623657
137.787735
-146.782684
47.595772
-32.266277
-170.309982
-0.193489
0.785863
-0.029261
0.216885
0.167365
-0.005724
0.267604
-0.295286
-0.141867
-0.167673
-0.025254
0.857074
-0.790649
-0.405059
0.045162
-0.608699
-0.193489
0.785863
-0.029261
0.216885
0.167365
-0.005724
0.267604
-0.295286
-0.141867
-0.167673
-0.025254
0.857074
-0.790649
-0.405059
0.045162
-0.608699
-0.193489
0.785863
-0.029261
0.216885
0.167365
-0.005724
0.267604
-0.295286
-0.141867
-0.167673
-0.025254
0.857074
-0.790649
-0.405059
0.045162
-0.608699
-0.193489
0.785863
-0.029261
0.216885
0.167365
-0.005724
0.267604
-0.295286
-0.141867
-0.167673
-0.025254
0.857074
-0.790649
-0.405059
0.045162
-0.608699
-0.193489
0.785863
-0.029261
0.216885
0.167365
-0.005724
0.267604
-0.295286
-0.141867
-0.167673
-0.025254
0.857074
-0.790649
-0.405059
0.045162
-0.608699
-0.193489
0.785863
-0.029261
0.216885
0.167365
-0.005724
0.267604
-0.295286
-0.141867
-0.167673
-0.025254
0.857074
-0.790649
-0.405059
0.045162
-0.608699
-0.193489
0.785863
-0.029261
0.216885
0.167365
-0.005724
0.267604
-0.295286
-0.141867
-0.167673
-0.025254
0.857074
-0.790649
-0.405059
0.045162
-0.608699
-0.193489
0.785863
-0.029261
0.216885
0.167365
-0.005724
0.267604
-0.295286
-0.141867
-0.167673
-0.025254
0.857074
-0.790649
-0.405059
0.045162
-0.608699
-0.193489
0.785863
-0.029261
0.216885
0.167365
-0.005724
0.267604
-0.295286
-0.141867
-0.167673
-0.025254
0.857074
-0.790649
-0.405059
0.045162
-0.608699
-0.193489
0.785863
-0.029261
0.216885
0.167365
-0.005724
0.267604
-0.295286
-0.141867
-0.167673
-0.025254
0.857074
-0.790649
-0.405059
0.045162
-0.608699
-0.193489
0.785863
-0.029261
0.216885
0.167365
-0.005724
0.267604
-0.295286
-0.141867
-0.167673
-0.025254
0.857074
-0.790649
-0.405059
0.045162
-0.608699
-0.193489
0.785863
-0.029261
0.216885
0.167365
-0.005724
0.267604
-0.295286
-0.141867
-0.167673
-0.025254
0.857074
-0.790649
-0.405059
0.045162
-0.608699
-0.193489
0.785863
-0.029261
0.216885
0.167365
-0.005724
0.267604
-0.295286
-0.141867
-0.167673
-0.025254
0.857074
-0.790649
-0.405059
0.045162
-0.608699
-0.193489
0.785863
-0.029261
0.216885
0.167365
-0.005724
0.267604
-0.295286
-0.141867
-0.167673
-0.025254
0.857074
-0.790649
-0.405059
0.045162
-0.608699
-0.193489
0.785863
-0.029261
0.216885
0.167365
-0.005724
0.267604
-0.295286
-0.141867
-0.167673
-0.025254
0.857074
-0.790649
-0.405059
0.045162
-0.608699
