-0.932546
0.464804
-4.798560
-1.806227
7.634923
2.199850
-6.709107
2.956075
1.579281
-1.139075
-7.864228
1.097716
-3.099901
-3.647071
-2.295222
-2.433329
3.742394
0.066373
-2.097873
-14.109610
-6.211174
22.317394
2.910089
5.336401
8.500857
-4.910213
-15.657122
-14.233239
-9.681908
-11.353334
-1.959449
-12.005748
9.763669
-0.200752
2.719242
35.249973
8.140688
-29.900017
21.768332
-11.532093
-19.179331
5.583795
10.089360
31.334618
17.368559
8.471113
-11.986871
12.543491
16.236881
-8.181177
23.472704
-27.560944
-16.376047
20.735397
13.338511
33.408245
-6.181421
6.890487
9.444962
-27.608984
21.669462
-4.422776
-16.170858
-13.855743
2.233860
-0.524962
-12.671766
-32.785568
302.621826
15.376946
125.421928
-213.554657
-32.816631
-168.184265
-62.546494
-131.843704
195.321960
234.154388
-256.171021
-104.614967
-1.642511
-1.237867
-0.249068
-0.155558
-22.751888
2.089236
-9.436498
15.051236
0.515472
13.809291
4.975532
11.698516
-15.525262
-16.442621
20.818907
5.426345
-2.438248
-1.102542
10.571608
22.933895
-220.510895
-11.746406
-91.538040
156.394257
27.176477
124.189362
47.889671
92.417885
-141.679886
-169.674561
185.637924
75.259850
-0.814230
-0.509053
-0.242200
-0.357758
-0.139326
0.589114
-0.521294
0.318973
-0.292937
0.360052
-0.155679
0.082719
-0.276546
-0.505934
-0.330406
0.171080
-0.814230
-0.509053
-0.242200
-0.357758
-0.139326
0.589114
-0.521294
0.318973
-0.292937
0.360052
-0.155679
0.082719
-0.276546
-0.505934
-0.330406
0.171080
-0.814230
-0.509053
-0.242200
-0.357758
-0.139326
0.589114
-0.521294
0.318973
-0.292937
0.360052
-0.155679
0.082719
-0.276546
-0.505934
-0.330406
0.171080
-0.814230
-0.509053
-0.242200
-0.357758
-0.139326
0.589114
-0.521294
0.318973
-0.292937
0.360052
-0.155679
0.082719
-0.276546
-0.505934
-0.330406
0.171080
-0.814230
-0.509053
-0.242200
-0.357758
-0.139326
0.589114
-0.521294
0.318973
-0.292937
0.360052
-0.155679
0.082719
-0.276546
-0.505934
-0.330406
0.171080
-0.814230
-0.509053
-0.242200
-0.357758
-0.139326
0.589114
-0.521294
0.318973
-0.292937
0.360052
-0.155679
0.082719
-0.276546
-0.505934
-0.330406
0.171080
-0.814230
-0.509053
-0.242200
-0.357758
-0.139326
0.589114
-0.521294
0.318973
-0.292937
0.360052
-0.155679
0.082719
-0.276546
-0.505934
-0.330406
0.171080
-0.814230
-0.509053
-0.242200
-0.357758
-0.139326
0.589114
-0.521294
0.318973
-0.292937
0.360052
-0.155679
0.082719
-0.276546
-0.505934
-0.330406
0.171080
-0.814230
-0.509053
-0.242200
-0.357758
-0.139326
0.589114
-0.521294
0.318973
-0.292937
0.360052
-0.155679
0.082719
-0.276546
-0.505934
-0.330406
0.171080
-0.814230
-0.509053
-0.242200
-0.357758
-0.139326
0.589114
-0.521294
0.318973
-0.292937
0.360052
-0.155679
0.082719
-0.276546
-0.505934
-0.330406
0.171080
-0.814230
-0.509053
-0.242200
-0.357758
-0.139326
0.589114
-0.521294
0.318973
-0.292937
0.360052
-0.155679
0.082719
-0.276546
-0.505934
-0.330406
0.171080
-0.814230
-0.509053
-0.242200
-0.357758
-0.139326
0.589114
-0.521294
0.318973
-0.292937
0.360052
-0.155679
0.082719
-0.276546
-0.505934
-0.330406
0.171080
-0.814230
-0.509053
-0.242200
-0.357758
-0.139326
0.589114
-0.521294
0.318973
-0.292937
0.360052
-0.155679
0.082719
-0.276546
-0.505934
-0.330406
0.171080
