-1.491227
0.134624
-21.021585
3.357754
23.197615
4.440543
-1.400195
-2.825231
3.916419
-11.061598
-13.778095
-2.558073
-6.477498
3.038654
-11.310216
-3.369175
-1.397877
-0.660563
-3.616947
-8.214811
1.188432
8.361970
-6.953022
1.190024
3.582990
-1.447022
-3.742115
-6.353191
-2.537377
-2.556761
1.663193
-3.530613
2.661052
3.085385
-11.222417
-34.018047
342.120361
23.169985
146.195831
-246.672409
-49.403461
-161.267899
-96.432816
-137.918762
263.306488
236.963242
-308.039276
-97.577682
0.651807
0.812636
1.823025
6.904216
-1.636241
-5.588845
6.019838
-1.802467
-3.244979
0.544274
2.959209
5.845577
2.565079
2.294907
-0.780959
3.134176
-0.502759
3.785311
2.419573
2.356901
-26.766510
-3.017733
-9.662695
16.299557
2.136987
7.224173
5.088511
10.495651
-13.215996
-15.308717
19.950317
10.178983
-3.228384
-3.568680
7.778101
18.016075
-179.227310
-8.987364
-78.250145
127.543259
28.194031
85.707222
52.055000
71.256729
-143.308075
-121.574821
164.778381
49.587326
-1.897229
0.974795
0.026634
4.636578
-54.215076
-4.476921
-23.320204
40.428963
8.902125
30.080761
16.992558
23.318041
-42.160999
-38.593098
49.923683
14.586615
0.348582
-0.827089
0.239509
-0.165000
-0.373093
0.435400
1.276602
0.831063
0.224757
-0.224453
-0.277403
-0.247628
0.152138
0.089517
0.101179
0.134461
0.348582
-0.827089
0.239509
-0.165000
-0.373093
0.435400
1.276602
0.831063
0.224757
-0.224453
-0.277403
-0.247628
0.152138
0.089517
0.101179
0.134461
0.348582
-0.827089
0.239509
-0.165000
-0.373093
0.435400
1.276602
0.831063
0.224757
-0.224453
-0.277403
-0.247628
0.152138
0.089517
0.101179
0.134461
0.348582
-0.827089
0.239509
-0.165000
-0.373093
0.435400
1.276602
0.831063
0.224757
-0.224453
-0.277403
-0.247628
0.152138
0.089517
0.101179
0.134461
0.348582
-0.827089
0.239509
-0.165000
-0.373093
0.435400
1.276602
0.831063
0.224757
-0.224453
-0.277403
-0.247628
0.152138
0.089517
0.101179
0.134461
0.348582
-0.827089
0.239509
-0.165000
-0.373093
0.435400
1.276602
0.831063
0.224757
-0.224453
-0.277403
-0.247628
0.152138
0.089517
0.101179
0.134461
0.348582
-0.827089
0.239509
-0.165000
-0.373093
0.435400
1.276602
0.831063
0.224757
-0.224453
-0.277403
-0.247628
0.152138
0.089517
0.101179
0.134461
0.348582
-0.827089
0.239509
-0.165000
-0.373093
0.435400
1.276602
0.831063
0.224757
-0.224453
-0.277403
-0.247628
0.152138
0.089517
0.101179
0.134461
0.348582
-0.827089
0.239509
-0.165000
-0.373093
0.435400
1.276602
0.831063
0.224757
-0.224453
-0.277403
-0.247628
0.152138
0.089517
0.101179
0.134461
0.348582
-0.827089
0.239509
-0.165000
-0.373093
0.435400
1.276602
0.831063
0.224757
-0.224453
-0.277403
-0.247628
0.152138
0.089517
0.101179
0.134461
0.348582
-0.827089
0.239509
-0.165000
-0.373093
0.435400
1.276602
0.831063
0.224757
-0.224453
-0.277403
-0.247628
0.152138
0.089517
0.101179
0.134461
0.348582
-0.827089
0.239509
-0.165000
-0.373093
0.435400
1.276602
0.831063
0.224757
-0.224453
-0.277403
-0.247628
0.152138
0.089517
0.101179
0.134461
0.348582
-0.827089
0.239509
-0.165000
-0.373093
0.435400
1.276602
0.831063
0.224757
-0.224453
-0.277403
-0.247628
0.152138
0.089517
0.101179
0.134461
