0.449405
-0.550685
2.920257
4.559971
-6.087028
-6.483973
5.247152
0.704755
-3.532371
1.425474
7.305798
4.009944
2.193835
5.158910
1.593034
1.143149
-1.103413
2.905607
-40.644440
6.468513
114.374542
-252.886108
-119.006813
-158.972641
-128.992630
-39.552322
-120.486145
17.770290
222.711563
-70.854279
-177.506607
184.128662
8.663853
-3.448197
9.617823
-38.240265
-20.438738
25.691191
-23.120375
-4.929017
21.510857
7.047999
4.675293
-29.799093
-0.099103
-21.112583
10.143318
1.640468
0.858931
-0.992140
39.980480
-5.135671
-102.150627
227.038971
104.928856
141.327164
112.729042
41.290504
111.254501
-12.971736
-203.383118
65.349174
163.643188
-167.882233
-0.212863
-0.209108
0.104876
-0.299382
-0.300845
0.480807
0.309169
-0.207019
0.000879
0.069917
0.190229
0.201847
-0.168109
-0.513543
-0.592363
0.556585
-0.212863
-0.209108
0.104876
-0.299382
-0.300845
0.480807
0.309169
-0.207019
0.000879
0.069917
0.190229
0.201847
-0.168109
-0.513543
-0.592363
0.556585
-0.212863
-0.209108
0.104876
-0.299382
-0.300845
0.480807
0.309169
-0.207019
0.000879
0.069917
0.190229
0.201847
-0.168109
-0.513543
-0.592363
0.556585
-0.212863
-0.209108
0.104876
-0.299382
-0.300845
0.480807
0.309169
-0.207019
0.000879
0.069917
0.190229
0.201847
-0.168109
-0.513543
-0.592363
0.556585
-0.212863
-0.209108
0.104876
-0.299382
-0.300845
0.480807
0.309169
-0.207019
0.000879
0.069917
0.190229
0.201847
-0.168109
-0.513543
-0.592363
0.556585
-0.212863
-0.209108
0.104876
-0.299382
-0.300845
0.480807
0.309169
-0.207019
0.000879
0.069917
0.190229
0.201847
-0.168109
-0.513543
-0.592363
0.556585
-0.212863
-0.209108
0.104876
-0.299382
-0.300845
0.480807
0.309169
-0.207019
0.000879
0.069917
0.190229
0.201847
-0.168109
-0.513543
-0.592363
0.556585
-0.212863
-0.209108
0.104876
-0.299382
-0.300845
0.480807
0.309169
-0.207019
0.000879
0.069917
0.190229
0.201847
-0.168109
-0.513543
-0.592363
0.556585
-0.212863
-0.209108
0.104876
-0.299382
-0.300845
0.480807
0.309169
-0.207019
0.000879
0.069917
0.190229
0.201847
-0.168109
-0.513543
-0.592363
0.556585
-0.212863
-0.209108
0.104876
-0.299382
-0.300845
0.480807
0.309169
-0.207019
0.000879
0.069917
0.190229
0.201847
-0.168109
-0.513543
-0.592363
0.556585
-0.212863
-0.209108
0.104876
-0.299382
-0.300845
0.480807
0.309169
-0.207019
0.000879
0.069917
0.190229
0.201847
-0.168109
-0.513543
-0.592363
0.556585
-0.212863
-0.209108
0.104876
-0.299382
-0.300845
0.480807
0.309169
-0.207019
0.000879
0.069917
0.190229
0.201847
-0.168109
-0.513543
-0.592363
0.556585
-0.212863
-0.209108
0.104876
-0.299382
-0.300845
0.480807
0.309169
-0.207019
0.000879
0.069917
0.190229
0.201847
-0.168109
-0.513543
-0.592363
0.556585
-0.212863
-0.209108
0.104876
-0.299382
-0.300845
0.480807
0.309169
-0.207019
0.000879
0.069917
0.190229
0.201847
-0.168109
-0.513543
-0.592363
0.556585
-0.212863
-0.209108
0.104876
-0.299382
-0.300845
0.480807
0.309169
-0.207019
0.000879
0.069917
0.190229
0.201847
-0.168109
-0.513543
-0.592363
0.556585
-0.212863
-0.209108
0.104876
-0.299382
-0.300845
0.480807
0.309169
-0.207019
0.000879
0.069917
0.190229
0.201847
-0.168109
-0.513543
-0.592363
0.556585
