1.816915
0.012163
-17.834455
2.813793
22.771198
4.452770
-5.221964
-2.699704
0.108726
-11.434380
-14.406857
-1.688617
-0.609208
3.403129
-9.824871
-3.649589
-1.101183
1.569092
-4.043690
10.478209
16.391558
-8.302979
-8.944513
0.111859
-12.936537
-5.863994
-25.657356
15.747288
-3.451183
2.466839
-5.148985
11.785175
-0.117857
0.117270
6.669624
-4.359519
-6.701542
3.081036
-4.458891
-5.852821
5.743378
3.185533
4.345521
-5.557177
0.850915
-3.605429
3.798523
0.324060
-1.333951
-0.701556
37.754589
-14.507461
92.225136
-9.535740
-200.667999
-13.345907
256.119812
-250.072754
-92.658882
-8.021340
-160.358368
549.491577
-263.297394
-91.008263
0.063020
-0.866197
-4.800239
4.992638
5.057530
-2.872490
3.166462
3.927904
-3.849760
-4.201481
-2.689322
4.011932
-0.935073
3.442949
-2.741620
-0.845110
-1.176251
1.492361
-2.978335
-1.697890
-5.914482
0.799479
15.589062
2.368043
-11.844425
16.865240
9.132648
0.592437
13.109717
-38.420650
18.528017
2.601608
1.975164
-1.187938
-21.782116
8.449623
-48.001766
6.405895
107.912323
5.972455
-134.452301
135.895721
48.382648
4.760391
82.088173
-288.676544
136.699524
47.924908
0.894960
1.107995
-7.672017
6.392243
-14.240758
0.082885
35.099483
-0.632158
-43.519005
38.560253
12.141053
2.105684
22.463524
-98.344612
46.335663
16.712639
0.284244
-0.138916
0.120767
0.644746
0.569372
-0.591356
0.095689
-0.050411
0.167645
-0.159200
0.377712
0.275409
0.206642
0.473761
0.556882
-0.466616
0.284244
-0.138916
0.120767
0.644746
0.569372
-0.591356
0.095689
-0.050411
0.167645
-0.159200
0.377712
0.275409
0.206642
0.473761
0.556882
-0.466616
0.284244
-0.138916
0.120767
0.644746
0.569372
-0.591356
0.095689
-0.050411
0.167645
-0.159200
0.377712
0.275409
0.206642
0.473761
0.556882
-0.466616
0.284244
-0.138916
0.120767
0.644746
0.569372
-0.591356
0.095689
-0.050411
0.167645
-0.159200
0.377712
0.275409
0.206642
0.473761
0.556882
-0.466616
0.284244
-0.138916
0.120767
0.644746
0.569372
-0.591356
0.095689
-0.050411
0.167645
-0.159200
0.377712
0.275409
0.206642
0.473761
0.556882
-0.466616
0.284244
-0.138916
0.120767
0.644746
0.569372
-0.591356
0.095689
-0.050411
0.167645
-0.159200
0.377712
0.275409
0.206642
0.473761
0.556882
-0.466616
0.284244
-0.138916
0.120767
0.644746
0.569372
-0.591356
0.095689
-0.050411
0.167645
-0.159200
0.377712
0.275409
0.206642
0.473761
0.556882
-0.466616
0.284244
-0.138916
0.120767
0.644746
0.569372
-0.591356
0.095689
-0.050411
0.167645
-0.159200
0.377712
0.275409
0.206642
0.473761
0.556882
-0.466616
0.284244
-0.138916
0.120767
0.644746
0.569372
-0.591356
0.095689
-0.050411
0.167645
-0.159200
0.377712
0.275409
0.206642
0.473761
0.556882
-0.466616
0.284244
-0.138916
0.120767
0.644746
0.569372
-0.591356
0.095689
-0.050411
0.167645
-0.159200
0.377712
0.275409
0.206642
0.473761
0.556882
-0.466616
0.284244
-0.138916
0.120767
0.644746
0.569372
-0.591356
0.095689
-0.050411
0.167645
-0.159200
0.377712
0.275409
0.206642
0.473761
0.556882
-0.466616
0.284244
-0.138916
0.120767
0.644746
0.569372
-0.591356
0.095689
-0.050411
0.167645
-0.159200
0.377712
0.275409
0.206642
0.473761
0.556882
-0.466616
