-1.436671
-0.809899
-1.999822
7.478852
4.002442
-7.616911
5.979607
1.069782
-4.803391
-1.322017
1.121861
8.186972
1.379631
6.043729
-2.926357
1.917372
1.048568
-3.381334
-24.474205
4.311048
-76.890312
44.636719
194.968399
-127.390053
-194.710388
388.971649
100.250755
30.880709
85.942467
-572.634644
205.638031
64.863754
-1.346376
0.592256
5.873586
-0.361950
1.402196
-1.356151
-6.959747
16.351570
2.613411
-25.238245
-5.739051
0.743996
8.562884
34.201584
-10.402323
-2.215531
0.671182
1.792286
3.636745
2.069996
9.969764
-2.142755
-14.615810
4.293764
26.115553
-30.360125
-6.810913
-3.895746
-24.511429
49.617828
-20.185015
-5.959995
0.228701
2.072066
15.963550
-5.539292
56.103458
-33.450359
-144.073364
85.394798
140.856552
-274.273071
-72.574036
-26.665274
-66.323639
403.684052
-144.640259
-47.835728
0.071519
-0.550843
-0.067601
-0.175189
0.274119
0.109962
0.764524
-0.125371
-0.031402
0.279688
-0.711864
0.039011
0.087069
-0.629832
0.246620
0.356802
0.071519
-0.550843
-0.067601
-0.175189
0.274119
0.109962
0.764524
-0.125371
-0.031402
0.279688
-0.711864
0.039011
0.087069
-0.629832
0.246620
0.356802
0.071519
-0.550843
-0.067601
-0.175189
0.274119
0.109962
0.764524
-0.125371
-0.031402
0.279688
-0.711864
0.039011
0.087069
-0.629832
0.246620
0.356802
0.071519
-0.550843
-0.067601
-0.175189
0.274119
0.109962
0.764524
-0.125371
-0.031402
0.279688
-0.711864
0.039011
0.087069
-0.629832
0.246620
0.356802
0.071519
-0.550843
-0.067601
-0.175189
0.274119
0.109962
0.764524
-0.125371
-0.031402
0.279688
-0.711864
0.039011
0.087069
-0.629832
0.246620
0.356802
0.071519
-0.550843
-0.067601
-0.175189
0.274119
0.109962
0.764524
-0.125371
-0.031402
0.279688
-0.711864
0.039011
0.087069
-0.629832
0.246620
0.356802
0.071519
-0.550843
-0.067601
-0.175189
0.274119
0.109962
0.764524
-0.125371
-0.031402
0.279688
-0.711864
0.039011
0.087069
-0.629832
0.246620
0.356802
0.071519
-0.550843
-0.067601
-0.175189
0.274119
0.109962
0.764524
-0.125371
-0.031402
0.279688
-0.711864
0.039011
0.087069
-0.629832
0.246620
0.356802
0.071519
-0.550843
-0.067601
-0.175189
0.274119
0.109962
0.764524
-0.125371
-0.031402
0.279688
-0.711864
0.039011
0.087069
-0.629832
0.246620
0.356802
0.071519
-0.550843
-0.067601
-0.175189
0.274119
0.109962
0.764524
-0.125371
-0.031402
0.279688
-0.711864
0.039011
0.087069
-0.629832
0.246620
0.356802
0.071519
-0.550843
-0.067601
-0.175189
0.274119
0.109962
0.764524
-0.125371
-0.031402
0.279688
-0.711864
0.039011
0.087069
-0.629832
0.246620
0.356802
0.071519
-0.550843
-0.067601
-0.175189
0.274119
0.109962
0.764524
-0.125371
-0.031402
0.279688
-0.711864
0.039011
0.087069
-0.629832
0.246620
0.356802
0.071519
-0.550843
-0.067601
-0.175189
0.274119
0.109962
0.764524
-0.125371
-0.031402
0.279688
-0.711864
0.039011
0.087069
-0.629832
0.246620
0.356802
0.071519
-0.550843
-0.067601
-0.175189
0.274119
0.109962
0.764524
-0.125371
-0.031402
0.279688
-0.711864
0.039011
0.087069
-0.629832
0.246620
0.356802
0.071519
-0.550843
-0.067601
-0.175189
0.274119
0.109962
0.764524
-0.125371
-0.031402
0.279688
-0.711864
0.039011
0.087069
-0.629832
0.246620
0.356802
