-0.561685
1.241368
1.271277
-18.782433
-2.078430
21.779638
4.520964
2.099239
10.752177
3.451069
1.055231
-16.959503
-3.173998
-3.616606
-1.811749
-10.144999
0.204474
-0.168481
2.420736
-7.988587
-3.340426
7.831223
-7.659867
-0.449534
5.143169
-2.867307
-1.019872
-7.180203
-2.954920
-4.278126
4.118018
-3.935832
1.883403
2.725708
18.422047
-17.924025
109.713356
-1.870100
-217.822113
85.233696
232.822021
-387.176758
-108.011620
-52.263714
-141.320389
599.483398
-226.409225
-86.088257
1.956091
0.495350
1.185532
-0.118208
-5.039480
-1.509046
13.412199
-2.418941
-18.009226
18.060705
5.341819
4.107876
12.466254
-29.667528
10.190658
10.248119
-4.366814
1.637145
-2.752009
6.171946
-11.199978
0.435270
21.360615
-10.657251
-15.346560
42.249992
12.786613
4.409815
4.046477
-64.851837
26.172190
4.601439
-0.754968
-0.720357
-11.661162
11.933653
-70.897957
2.208838
144.186615
-56.842918
-153.417404
255.475235
68.871178
35.444088
88.260460
-396.494476
149.692810
57.062180
0.139092
0.150298
0.110573
0.178371
0.217365
0.385879
-0.007632
-0.028541
-0.483437
-0.066231
-0.335710
0.054731
0.044342
0.488414
-0.059795
0.032513
0.139092
0.150298
0.110573
0.178371
0.217365
0.385879
-0.007632
-0.028541
-0.483437
-0.066231
-0.335710
0.054731
0.044342
0.488414
-0.059795
0.032513
0.139092
0.150298
0.110573
0.178371
0.217365
0.385879
-0.007632
-0.028541
-0.483437
-0.066231
-0.335710
0.054731
0.044342
0.488414
-0.059795
0.032513
0.139092
0.150298
0.110573
0.178371
0.217365
0.385879
-0.007632
-0.028541
-0.483437
-0.066231
-0.335710
0.054731
0.044342
0.488414
-0.059795
0.032513
0.139092
0.150298
0.110573
0.178371
0.217365
0.385879
-0.007632
-0.028541
-0.483437
-0.066231
-0.335710
0.054731
0.044342
0.488414
-0.059795
0.032513
0.139092
0.150298
0.110573
0.178371
0.217365
0.385879
-0.007632
-0.028541
-0.483437
-0.066231
-0.335710
0.054731
0.044342
0.488414
-0.059795
0.032513
0.139092
0.150298
0.110573
0.178371
0.217365
0.385879
-0.007632
-0.028541
-0.483437
-0.066231
-0.335710
0.054731
0.044342
0.488414
-0.059795
0.032513
0.139092
0.150298
0.110573
0.178371
0.217365
0.385879
-0.007632
-0.028541
-0.483437
-0.066231
-0.335710
0.054731
0.044342
0.488414
-0.059795
0.032513
0.139092
0.150298
0.110573
0.178371
0.217365
0.385879
-0.007632
-0.028541
-0.483437
-0.066231
-0.335710
0.054731
0.044342
0.488414
-0.059795
0.032513
0.139092
0.150298
0.110573
0.178371
0.217365
0.385879
-0.007632
-0.028541
-0.483437
-0.066231
-0.335710
0.054731
0.044342
0.488414
-0.059795
0.032513
0.139092
0.150298
0.110573
0.178371
0.217365
0.385879
-0.007632
-0.028541
-0.483437
-0.066231
-0.335710
0.054731
0.044342
0.488414
-0.059795
0.032513
0.139092
0.150298
0.110573
0.178371
0.217365
0.385879
-0.007632
-0.028541
-0.483437
-0.066231
-0.335710
0.054731
0.044342
0.488414
-0.059795
0.032513
0.139092
0.150298
0.110573
0.178371
0.217365
0.385879
-0.007632
-0.028541
-0.483437
-0.066231
-0.335710
0.054731
0.044342
0.488414
-0.059795
0.032513
0.139092
0.150298
0.110573
0.178371
0.217365
0.385879
-0.007632
-0.028541
-0.483437
-0.066231
-0.335710
0.054731
0.044342
0.488414
-0.059795
0.032513
