0.569911
-0.002762
-9.435621
-0.526597
9.793338
1.643587
0.171882
5.778719
1.574399
-6.091126
-9.865963
0.372233
-5.390702
2.133321
-0.335763
-1.516200
0.166291
-2.825984
-6.557707
26.108145
-84.894638
79.063553
111.509270
-212.568268
53.416317
454.116913
102.804298
-31.379332
-261.011108
-549.785339
242.192490
-68.904793
-1.284346
1.218300
5.106815
-14.673436
40.991104
-32.767105
-51.690788
104.729141
-23.365305
-216.223785
-48.720695
12.133627
114.083206
257.945526
-119.394249
30.215130
1.422452
-0.950808
0.266176
0.367552
8.992788
-6.499926
-11.090009
10.575436
-0.273411
-31.555851
-7.505058
0.088027
10.313060
47.814449
-13.824453
3.951608
1.201513
1.177857
2.311749
-4.240067
12.723026
-17.626839
-18.792685
42.717499
-17.299740
-85.255867
-17.154701
8.405849
64.313919
92.201935
-43.366150
14.400437
0.635569
-0.313328
-0.374511
0.325750
0.244804
0.012755
0.062394
0.963675
-0.018911
0.222058
0.223218
0.095872
0.119994
-0.189765
0.404046
-0.081848
0.635569
-0.313328
-0.374511
0.325750
0.244804
0.012755
0.062394
0.963675
-0.018911
0.222058
0.223218
0.095872
0.119994
-0.189765
0.404046
-0.081848
0.635569
-0.313328
-0.374511
0.325750
0.244804
0.012755
0.062394
0.963675
-0.018911
0.222058
0.223218
0.095872
0.119994
-0.189765
0.404046
-0.081848
0.635569
-0.313328
-0.374511
0.325750
0.244804
0.012755
0.062394
0.963675
-0.018911
0.222058
0.223218
0.095872
0.119994
-0.189765
0.404046
-0.081848
0.635569
-0.313328
-0.374511
0.325750
0.244804
0.012755
0.062394
0.963675
-0.018911
0.222058
0.223218
0.095872
0.119994
-0.189765
0.404046
-0.081848
0.635569
-0.313328
-0.374511
0.325750
0.244804
0.012755
0.062394
0.963675
-0.018911
0.222058
0.223218
0.095872
0.119994
-0.189765
0.404046
-0.081848
0.635569
-0.313328
-0.374511
0.325750
0.244804
0.012755
0.062394
0.963675
-0.018911
0.222058
0.223218
0.095872
0.119994
-0.189765
0.404046
-0.081848
0.635569
-0.313328
-0.374511
0.325750
0.244804
0.012755
0.062394
0.963675
-0.018911
0.222058
0.223218
0.095872
0.119994
-0.189765
0.404046
-0.081848
0.635569
-0.313328
-0.374511
0.325750
0.244804
0.012755
0.062394
0.963675
-0.018911
0.222058
0.223218
0.095872
0.119994
-0.189765
0.404046
-0.081848
0.635569
-0.313328
-0.374511
0.325750
0.244804
0.012755
0.062394
0.963675
-0.018911
0.222058
0.223218
0.095872
0.119994
-0.189765
0.404046
-0.081848
0.635569
-0.313328
-0.374511
0.325750
0.244804
0.012755
0.062394
0.963675
-0.018911
0.222058
0.223218
0.095872
0.119994
-0.189765
0.404046
-0.081848
0.635569
-0.313328
-0.374511
0.325750
0.244804
0.012755
0.062394
0.963675
-0.018911
0.222058
0.223218
0.095872
0.119994
-0.189765
0.404046
-0.081848
0.635569
-0.313328
-0.374511
0.325750
0.244804
0.012755
0.062394
0.963675
-0.018911
0.222058
0.223218
0.095872
0.119994
-0.189765
0.404046
-0.081848
0.635569
-0.313328
-0.374511
0.325750
0.244804
0.012755
0.062394
0.963675
-0.018911
0.222058
0.223218
0.095872
0.119994
-0.189765
0.404046
-0.081848
0.635569
-0.313328
-0.374511
0.325750
0.244804
0.012755
0.062394
0.963675
-0.018911
0.222058
0.223218
0.095872
0.119994
-0.189765
0.404046
-0.081848
