1.578013
-1.611313
-21.109362
-16.458872
19.407032
15.432270
-9.346287
15.794776
14.277307
-7.028708
-27.105873
-3.569847
-16.418804
-19.040194
-1.890805
-17.989922
0.989349
-4.086566
-802.320007
-976.376038
-129.558151
-501.662933
-1078.524658
-601.825317
-324.287445
-408.239410
-1240.829346
347.822662
-1353.924072
67.535263
245.547379
-1509.117676
0.436390
5.185753
474.463196
575.849548
76.105827
296.089020
634.457764
355.537628
186.590759
239.618668
729.602051
-201.637634
799.854675
-36.182018
-147.804535
885.236145
1.141345
-0.144359
31.457905
28.045752
5.143820
15.275207
37.450943
17.523733
13.983910
15.474538
44.073856
-18.162386
47.938728
-4.350058
-3.747226
54.228966
-0.651956
2.130771
47.185974
50.750702
8.567969
23.802475
59.797615
26.712488
23.079939
19.506735
62.288887
-26.765368
72.214516
-9.138007
-3.663677
86.270172
-2.298209
-2.337005
98.915466
129.017349
15.078568
68.615692
138.087555
83.541359
40.209957
53.713249
163.504776
-38.702461
172.009476
-5.242835
-39.112461
192.438171
-0.906424
0.495680
-0.346787
0.487258
0.027457
0.098613
0.406311
0.156048
0.257574
-0.102877
0.329321
0.544361
0.311517
0.344182
-0.372299
0.104955
-0.906424
0.495680
-0.346787
0.487258
0.027457
0.098613
0.406311
0.156048
0.257574
-0.102877
0.329321
0.544361
0.311517
0.344182
-0.372299
0.104955
-0.906424
0.495680
-0.346787
0.487258
0.027457
0.098613
0.406311
0.156048
0.257574
-0.102877
0.329321
0.544361
0.311517
0.344182
-0.372299
0.104955
-0.906424
0.495680
-0.346787
0.487258
0.027457
0.098613
0.406311
0.156048
0.257574
-0.102877
0.329321
0.544361
0.311517
0.344182
-0.372299
0.104955
-0.906424
0.495680
-0.346787
0.487258
0.027457
0.098613
0.406311
0.156048
0.257574
-0.102877
0.329321
0.544361
0.311517
0.344182
-0.372299
0.104955
-0.906424
0.495680
-0.346787
0.487258
0.027457
0.098613
0.406311
0.156048
0.257574
-0.102877
0.329321
0.544361
0.311517
0.344182
-0.372299
0.104955
-0.906424
0.495680
-0.346787
0.487258
0.027457
0.098613
0.406311
0.156048
0.257574
-0.102877
0.329321
0.544361
0.311517
0.344182
-0.372299
0.104955
-0.906424
0.495680
-0.346787
0.487258
0.027457
0.098613
0.406311
0.156048
0.257574
-0.102877
0.329321
0.544361
0.311517
0.344182
-0.372299
0.104955
-0.906424
0.495680
-0.346787
0.487258
0.027457
0.098613
0.406311
0.156048
0.257574
-0.102877
0.329321
0.544361
0.311517
0.344182
-0.372299
0.104955
-0.906424
0.495680
-0.346787
0.487258
0.027457
0.098613
0.406311
0.156048
0.257574
-0.102877
0.329321
0.544361
0.311517
0.344182
-0.372299
0.104955
-0.906424
0.495680
-0.346787
0.487258
0.027457
0.098613
0.406311
0.156048
0.257574
-0.102877
0.329321
0.544361
0.311517
0.344182
-0.372299
0.104955
-0.906424
0.495680
-0.346787
0.487258
0.027457
0.098613
0.406311
0.156048
0.257574
-0.102877
0.329321
0.544361
0.311517
0.344182
-0.372299
0.104955
-0.906424
0.495680
-0.346787
0.487258
0.027457
0.098613
0.406311
0.156048
0.257574
-0.102877
0.329321
0.544361
0.311517
0.344182
-0.372299
0.104955
-0.906424
0.495680
-0.346787
0.487258
0.027457
0.098613
0.406311
0.156048
0.257574
-0.102877
0.329321
0.544361
0.311517
0.344182
-0.372299
0.104955
