1.791014
3.891715
12.256064
-22.453669
-16.735392
29.974939
6.274136
1.057774
9.309145
9.771997
-9.239712
-23.615587
-1.077418
-7.470702
6.913697
-6.810199
1.306880
-0.056850
7.166200
-3.400207
-8.237737
1.161954
-4.005887
-1.907210
5.103962
1.005562
6.127877
-4.086691
-1.716977
-4.242617
4.105170
2.285718
2.044534
-1.307693
21.354712
-6.568370
106.089180
6.114965
-224.976547
95.268295
279.623108
-386.942413
-86.831589
-64.821228
-198.431107
617.102661
-213.754517
-115.362328
-0.300003
-1.272464
0.690877
-3.772820
-7.339634
-2.598529
14.718770
-1.296082
-21.112415
23.724466
3.229035
4.432548
19.070955
-33.989464
11.210266
10.699468
-0.901633
0.236668
-10.356357
4.161458
-55.750267
-1.673376
118.424278
-52.002289
-146.243362
205.840897
46.616356
32.314171
98.039703
-329.018433
112.149605
57.210178
-2.026554
1.680254
-4.262580
0.216312
-16.272192
2.764013
35.111660
-16.928883
-39.138668
72.595299
14.401795
9.987440
21.954468
-107.479469
37.132488
16.827484
0.185956
-0.819596
0.111070
0.246006
-0.112892
-0.200889
-0.058954
-0.127218
-0.174259
-0.854692
-0.211176
-0.583632
0.070402
-0.287831
-0.440395
0.074733
0.185956
-0.819596
0.111070
0.246006
-0.112892
-0.200889
-0.058954
-0.127218
-0.174259
-0.854692
-0.211176
-0.583632
0.070402
-0.287831
-0.440395
0.074733
0.185956
-0.819596
0.111070
0.246006
-0.112892
-0.200889
-0.058954
-0.127218
-0.174259
-0.854692
-0.211176
-0.583632
0.070402
-0.287831
-0.440395
0.074733
0.185956
-0.819596
0.111070
0.246006
-0.112892
-0.200889
-0.058954
-0.127218
-0.174259
-0.854692
-0.211176
-0.583632
0.070402
-0.287831
-0.440395
0.074733
0.185956
-0.819596
0.111070
0.246006
-0.112892
-0.200889
-0.058954
-0.127218
-0.174259
-0.854692
-0.211176
-0.583632
0.070402
-0.287831
-0.440395
0.074733
0.185956
-0.819596
0.111070
0.246006
-0.112892
-0.200889
-0.058954
-0.127218
-0.174259
-0.854692
-0.211176
-0.583632
0.070402
-0.287831
-0.440395
0.074733
0.185956
-0.819596
0.111070
0.246006
-0.112892
-0.200889
-0.058954
-0.127218
-0.174259
-0.854692
-0.211176
-0.583632
0.070402
-0.287831
-0.440395
0.074733
0.185956
-0.819596
0.111070
0.246006
-0.112892
-0.200889
-0.058954
-0.127218
-0.174259
-0.854692
-0.211176
-0.583632
0.070402
-0.287831
-0.440395
0.074733
0.185956
-0.819596
0.111070
0.246006
-0.112892
-0.200889
-0.058954
-0.127218
-0.174259
-0.854692
-0.211176
-0.583632
0.070402
-0.287831
-0.440395
0.074733
0.185956
-0.819596
0.111070
0.246006
-0.112892
-0.200889
-0.058954
-0.127218
-0.174259
-0.854692
-0.211176
-0.583632
0.070402
-0.287831
-0.440395
0.074733
0.185956
-0.819596
0.111070
0.246006
-0.112892
-0.200889
-0.058954
-0.127218
-0.174259
-0.854692
-0.211176
-0.583632
0.070402
-0.287831
-0.440395
0.074733
0.185956
-0.819596
0.111070
0.246006
-0.112892
-0.200889
-0.058954
-0.127218
-0.174259
-0.854692
-0.211176
-0.583632
0.070402
-0.287831
-0.440395
0.074733
0.185956
-0.819596
0.111070
0.246006
-0.112892
-0.200889
-0.058954
-0.127218
-0.174259
-0.854692
-0.211176
-0.583632
0.070402
-0.287831
-0.440395
0.074733
0.185956
-0.819596
0.111070
0.246006
-0.112892
-0.200889
-0.058954
-0.127218
-0.174259
-0.854692
-0.211176
-0.583632
0.070402
-0.287831
-0.440395
0.074733
