-0.250752
-0.611887
7.036844
8.245846
11.371960
0.599755
3.750624
4.147530
-0.529881
-6.118218
2.608264
4.415784
-7.111933
5.302112
-7.904356
-5.800035
0.642055
0.081987
-63.853619
-161.457199
42.051750
61.222713
-145.493439
119.259026
116.125122
-166.528076
-114.895409
-184.378189
-257.955627
217.738144
-54.157970
268.352081
-2.871796
-1.573505
5.124281
10.495330
-5.831498
-4.756579
7.824257
-6.167091
-9.731586
9.988951
8.113098
8.410282
15.606428
-14.914131
1.701960
-16.059647
0.069911
0.433335
22.117569
54.575035
-12.324978
-22.986139
52.017704
-38.797543
-41.699398
57.117737
39.742672
63.691227
86.203918
-73.234009
17.907877
-94.079857
2.852504
-2.705660
18.092379
49.773563
-12.027642
-17.649973
43.051105
-35.456791
-32.081425
48.641460
31.699257
57.330479
78.130356
-66.655251
20.021395
-79.313858
1.435418
-0.436580
-1.116554
0.593922
-0.353773
0.020057
0.281602
-0.365264
-0.024591
-0.107486
-0.010404
0.418494
-0.382863
0.126341
-0.626945
0.344522
1.435418
-0.436580
-1.116554
0.593922
-0.353773
0.020057
0.281602
-0.365264
-0.024591
-0.107486
-0.010404
0.418494
-0.382863
0.126341
-0.626945
0.344522
1.435418
-0.436580
-1.116554
0.593922
-0.353773
0.020057
0.281602
-0.365264
-0.024591
-0.107486
-0.010404
0.418494
-0.382863
0.126341
-0.626945
0.344522
1.435418
-0.436580
-1.116554
0.593922
-0.353773
0.020057
0.281602
-0.365264
-0.024591
-0.107486
-0.010404
0.418494
-0.382863
0.126341
-0.626945
0.344522
1.435418
-0.436580
-1.116554
0.593922
-0.353773
0.020057
0.281602
-0.365264
-0.024591
-0.107486
-0.010404
0.418494
-0.382863
0.126341
-0.626945
0.344522
1.435418
-0.436580
-1.116554
0.593922
-0.353773
0.020057
0.281602
-0.365264
-0.024591
-0.107486
-0.010404
0.418494
-0.382863
0.126341
-0.626945
0.344522
1.435418
-0.436580
-1.116554
0.593922
-0.353773
0.020057
0.281602
-0.365264
-0.024591
-0.107486
-0.010404
0.418494
-0.382863
0.126341
-0.626945
0.344522
1.435418
-0.436580
-1.116554
0.593922
-0.353773
0.020057
0.281602
-0.365264
-0.024591
-0.107486
-0.010404
0.418494
-0.382863
0.126341
-0.626945
0.344522
1.435418
-0.436580
-1.116554
0.593922
-0.353773
0.020057
0.281602
-0.365264
-0.024591
-0.107486
-0.010404
0.418494
-0.382863
0.126341
-0.626945
0.344522
1.435418
-0.436580
-1.116554
0.593922
-0.353773
0.020057
0.281602
-0.365264
-0.024591
-0.107486
-0.010404
0.418494
-0.382863
0.126341
-0.626945
0.344522
1.435418
-0.436580
-1.116554
0.593922
-0.353773
0.020057
0.281602
-0.365264
-0.024591
-0.107486
-0.010404
0.418494
-0.382863
0.126341
-0.626945
0.344522
1.435418
-0.436580
-1.116554
0.593922
-0.353773
0.020057
0.281602
-0.365264
-0.024591
-0.107486
-0.010404
0.418494
-0.382863
0.126341
-0.626945
0.344522
1.435418
-0.436580
-1.116554
0.593922
-0.353773
0.020057
0.281602
-0.365264
-0.024591
-0.107486
-0.010404
0.418494
-0.382863
0.126341
-0.626945
0.344522
1.435418
-0.436580
-1.116554
0.593922
-0.353773
0.020057
0.281602
-0.365264
-0.024591
-0.107486
-0.010404
0.418494
-0.382863
0.126341
-0.626945
0.344522
1.435418
-0.436580
-1.116554
0.593922
-0.353773
0.020057
0.281602
-0.365264
-0.024591
-0.107486
-0.010404
0.418494
-0.382863
0.126341
-0.626945
0.344522
