-0.885136
1.225867
-18.230381
-17.346432
-30.380928
-3.089915
-4.050956
-2.180492
7.381310
-6.289308
-4.483110
12.375387
-1.187179
4.216945
6.614107
-1.959416
3.742783
3.740127
-18.505404
-31.536690
-25.125181
-25.899731
-6.062790
16.705421
16.441635
-18.244080
-33.122871
8.768692
-12.547118
0.096533
11.066845
9.673612
0.747616
1.059690
6.021148
-9.146795
-4.742333
-9.413005
0.996736
-5.861479
-3.949005
-1.184059
3.501155
-3.966180
2.801017
4.562510
-1.023777
10.111445
0.964179
-0.139683
135.582550
-117.343636
-56.771748
75.780121
-155.166016
-87.713493
209.952332
58.690666
116.593010
-152.319290
-290.225006
-173.112244
-277.886566
28.469767
-1.897489
-1.636219
-50.840210
37.739685
20.772682
-28.348364
56.791031
29.348291
-74.210594
-19.627880
-47.247391
53.690552
104.229820
62.401314
99.211327
-11.177775
0.306005
2.326080
-40.480190
32.583000
19.285433
-17.841282
39.964752
29.544437
-58.971725
-22.783043
-31.252728
46.650703
81.430321
50.532108
80.530212
-5.409598
-1.118549
0.337297
-0.392027
0.271373
-0.145356
-0.435113
0.661109
0.125414
0.248858
-0.285121
0.142791
-0.076268
-0.072885
-0.463214
-0.155628
-0.623217
-1.118549
0.337297
-0.392027
0.271373
-0.145356
-0.435113
0.661109
0.125414
0.248858
-0.285121
0.142791
-0.076268
-0.072885
-0.463214
-0.155628
-0.623217
-1.118549
0.337297
-0.392027
0.271373
-0.145356
-0.435113
0.661109
0.125414
0.248858
-0.285121
0.142791
-0.076268
-0.072885
-0.463214
-0.155628
-0.623217
-1.118549
0.337297
-0.392027
0.271373
-0.145356
-0.435113
0.661109
0.125414
0.248858
-0.285121
0.142791
-0.076268
-0.072885
-0.463214
-0.155628
-0.623217
-1.118549
0.337297
-0.392027
0.271373
-0.145356
-0.435113
0.661109
0.125414
0.248858
-0.285121
0.142791
-0.076268
-0.072885
-0.463214
-0.155628
-0.623217
-1.118549
0.337297
-0.392027
0.271373
-0.145356
-0.435113
0.661109
0.125414
0.248858
-0.285121
0.142791
-0.076268
-0.072885
-0.463214
-0.155628
-0.623217
-1.118549
0.337297
-0.392027
0.271373
-0.145356
-0.435113
0.661109
0.125414
0.248858
-0.285121
0.142791
-0.076268
-0.072885
-0.463214
-0.155628
-0.623217
-1.118549
0.337297
-0.392027
0.271373
-0.145356
-0.435113
0.661109
0.125414
0.248858
-0.285121
0.142791
-0.076268
-0.072885
-0.463214
-0.155628
-0.623217
-1.118549
0.337297
-0.392027
0.271373
-0.145356
-0.435113
0.661109
0.125414
0.248858
-0.285121
0.142791
-0.076268
-0.072885
-0.463214
-0.155628
-0.623217
-1.118549
0.337297
-0.392027
0.271373
-0.145356
-0.435113
0.661109
0.125414
0.248858
-0.285121
0.142791
-0.076268
-0.072885
-0.463214
-0.155628
-0.623217
-1.118549
0.337297
-0.392027
0.271373
-0.145356
-0.435113
0.661109
0.125414
0.248858
-0.285121
0.142791
-0.076268
-0.072885
-0.463214
-0.155628
-0.623217
-1.118549
0.337297
-0.392027
0.271373
-0.145356
-0.435113
0.661109
0.125414
0.248858
-0.285121
0.142791
-0.076268
-0.072885
-0.463214
-0.155628
-0.623217
-1.118549
0.337297
-0.392027
0.271373
-0.145356
-0.435113
0.661109
0.125414
0.248858
-0.285121
0.142791
-0.076268
-0.072885
-0.463214
-0.155628
-0.623217
-1.118549
0.337297
-0.392027
0.271373
-0.145356
-0.435113
0.661109
0.125414
0.248858
-0.285121
0.142791
-0.076268
-0.072885
-0.463214
-0.155628
-0.623217
