-10.189457
-19.783501
-29.335426
38.870480
2.069243
19.076847
-14.579498
11.022442
8.264400
-32.305069
21.057112
8.481441
-13.629302
1.775346
5.369582
1.606960
0.196271
-1.120599
-0.231470
-5.419765
-5.137320
-7.157988
-3.939660
-3.429117
2.817293
2.607125
-6.538361
-0.262683
0.881374
-6.153886
-0.746346
3.288343
-0.901826
-2.753487
8.980959
-0.169573
2.832202
-10.534390
7.638069
-2.683484
-4.886369
-2.713003
5.716965
-2.550668
-0.312929
8.163778
-10.120776
9.373398
-1.210655
-0.150957
-48.022633
-169.351837
39.488815
53.210049
-109.181961
87.406235
122.268402
-178.223053
-121.559486
-144.152283
-201.706192
205.377487
-76.122749
225.112167
0.714009
0.205223
18.883291
71.584511
-13.401467
-21.210232
42.939335
-36.989880
-51.107784
65.382889
51.791225
60.295128
79.479355
-80.962051
29.534773
-87.624886
3.243686
0.701923
10.142171
47.798244
-12.173046
-13.860695
28.944098
-22.685907
-28.779114
45.430828
32.133274
32.058361
45.721603
-52.128654
18.416016
-59.907768
-0.298907
-0.393867
0.188386
0.587976
-0.169488
-0.241036
0.198647
0.013830
0.458965
-0.307450
0.670209
0.149360
0.549723
-0.241999
0.002955
-0.151875
-0.298907
-0.393867
0.188386
0.587976
-0.169488
-0.241036
0.198647
0.013830
0.458965
-0.307450
0.670209
0.149360
0.549723
-0.241999
0.002955
-0.151875
-0.298907
-0.393867
0.188386
0.587976
-0.169488
-0.241036
0.198647
0.013830
0.458965
-0.307450
0.670209
0.149360
0.549723
-0.241999
0.002955
-0.151875
-0.298907
-0.393867
0.188386
0.587976
-0.169488
-0.241036
0.198647
0.013830
0.458965
-0.307450
0.670209
0.149360
0.549723
-0.241999
0.002955
-0.151875
-0.298907
-0.393867
0.188386
0.587976
-0.169488
-0.241036
0.198647
0.013830
0.458965
-0.307450
0.670209
0.149360
0.549723
-0.241999
0.002955
-0.151875
-0.298907
-0.393867
0.188386
0.587976
-0.169488
-0.241036
0.198647
0.013830
0.458965
-0.307450
0.670209
0.149360
0.549723
-0.241999
0.002955
-0.151875
-0.298907
-0.393867
0.188386
0.587976
-0.169488
-0.241036
0.198647
0.013830
0.458965
-0.307450
0.670209
0.149360
0.549723
-0.241999
0.002955
-0.151875
-0.298907
-0.393867
0.188386
0.587976
-0.169488
-0.241036
0.198647
0.013830
0.458965
-0.307450
0.670209
0.149360
0.549723
-0.241999
0.002955
-0.151875
-0.298907
-0.393867
0.188386
0.587976
-0.169488
-0.241036
0.198647
0.013830
0.458965
-0.307450
0.670209
0.149360
0.549723
-0.241999
0.002955
-0.151875
-0.298907
-0.393867
0.188386
0.587976
-0.169488
-0.241036
0.198647
0.013830
0.458965
-0.307450
0.670209
0.149360
0.549723
-0.241999
0.002955
-0.151875
-0.298907
-0.393867
0.188386
0.587976
-0.169488
-0.241036
0.198647
0.013830
0.458965
-0.307450
0.670209
0.149360
0.549723
-0.241999
0.002955
-0.151875
-0.298907
-0.393867
0.188386
0.587976
-0.169488
-0.241036
0.198647
0.013830
0.458965
-0.307450
0.670209
0.149360
0.549723
-0.241999
0.002955
-0.151875
-0.298907
-0.393867
0.188386
0.587976
-0.169488
-0.241036
0.198647
0.013830
0.458965
-0.307450
0.670209
0.149360
0.549723
-0.241999
0.002955
-0.151875
-0.298907
-0.393867
0.188386
0.587976
-0.169488
-0.241036
0.198647
0.013830
0.458965
-0.307450
0.670209
0.149360
0.549723
-0.241999
0.002955
-0.151875
