-0.817463
3.413055
30.806274
190.292557
-44.802746
-61.585361
138.840271
-85.797005
-164.923523
154.544952
103.301193
173.198364
314.113892
-179.609207
117.445511
-216.057816
-0.915654
-1.309522
-1.231802
-8.649916
3.619277
9.620034
-11.968626
4.133962
11.965561
-9.139202
-4.242579
-18.195263
-23.743120
14.292862
-10.859538
12.021400
3.354083
-0.542379
-15.568547
-97.861290
23.119045
28.765553
-65.163681
43.079914
83.664230
-78.907440
-53.034966
-82.194511
-154.225311
89.443924
-60.387760
105.678886
1.792798
-0.286004
-7.101612
-34.056393
7.184580
10.912799
-25.077148
17.318167
34.355122
-25.034504
-22.597263
-31.499641
-57.914440
32.448135
-22.186077
42.096008
0.090910
0.370612
-0.321594
-0.426622
-0.497971
0.286362
-0.343642
-0.694349
0.182332
0.272213
-0.371488
0.176642
-0.374546
-0.447470
-0.495791
0.243952
0.090910
0.370612
-0.321594
-0.426622
-0.497971
0.286362
-0.343642
-0.694349
0.182332
0.272213
-0.371488
0.176642
-0.374546
-0.447470
-0.495791
0.243952
0.090910
0.370612
-0.321594
-0.426622
-0.497971
0.286362
-0.343642
-0.694349
0.182332
0.272213
-0.371488
0.176642
-0.374546
-0.447470
-0.495791
0.243952
0.090910
0.370612
-0.321594
-0.426622
-0.497971
0.286362
-0.343642
-0.694349
0.182332
0.272213
-0.371488
0.176642
-0.374546
-0.447470
-0.495791
0.243952
0.090910
0.370612
-0.321594
-0.426622
-0.497971
0.286362
-0.343642
-0.694349
0.182332
0.272213
-0.371488
0.176642
-0.374546
-0.447470
-0.495791
0.243952
0.090910
0.370612
-0.321594
-0.426622
-0.497971
0.286362
-0.343642
-0.694349
0.182332
0.272213
-0.371488
0.176642
-0.374546
-0.447470
-0.495791
0.243952
0.090910
0.370612
-0.321594
-0.426622
-0.497971
0.286362
-0.343642
-0.694349
0.182332
0.272213
-0.371488
0.176642
-0.374546
-0.447470
-0.495791
0.243952
0.090910
0.370612
-0.321594
-0.426622
-0.497971
0.286362
-0.343642
-0.694349
0.182332
0.272213
-0.371488
0.176642
-0.374546
-0.447470
-0.495791
0.243952
0.090910
0.370612
-0.321594
-0.426622
-0.497971
0.286362
-0.343642
-0.694349
0.182332
0.272213
-0.371488
0.176642
-0.374546
-0.447470
-0.495791
0.243952
0.090910
0.370612
-0.321594
-0.426622
-0.497971
0.286362
-0.343642
-0.694349
0.182332
0.272213
-0.371488
0.176642
-0.374546
-0.447470
-0.495791
0.243952
0.090910
0.370612
-0.321594
-0.426622
-0.497971
0.286362
-0.343642
-0.694349
0.182332
0.272213
-0.371488
0.176642
-0.374546
-0.447470
-0.495791
0.243952
0.090910
0.370612
-0.321594
-0.426622
-0.497971
0.286362
-0.343642
-0.694349
0.182332
0.272213
-0.371488
0.176642
-0.374546
-0.447470
-0.495791
0.243952
0.090910
0.370612
-0.321594
-0.426622
-0.497971
0.286362
-0.343642
-0.694349
0.182332
0.272213
-0.371488
0.176642
-0.374546
-0.447470
-0.495791
0.243952
0.090910
0.370612
-0.321594
-0.426622
-0.497971
0.286362
-0.343642
-0.694349
0.182332
0.272213
-0.371488
0.176642
-0.374546
-0.447470
-0.495791
0.243952
0.090910
0.370612
-0.321594
-0.426622
-0.497971
0.286362
-0.343642
-0.694349
0.182332
0.272213
-0.371488
0.176642
-0.374546
-0.447470
-0.495791
0.243952
0.090910
0.370612
-0.321594
-0.426622
-0.497971
0.286362
-0.343642
-0.694349
0.182332
0.272213
-0.371488
0.176642
-0.374546
-0.447470
-0.495791
0.243952
