-6.508771
8.483915
67.396271
-30.119438
7.961339
-1.079409
-0.839038
-6.534872
35.718082
-9.179072
54.471523
-19.406321
15.033110
-16.476830
33.222778
-31.122227
13.712938
-11.034306
-90.688019
-16.801857
14.462481
33.613094
16.997913
7.519153
-38.327732
21.982090
-64.369392
-1.647799
-3.990250
-13.663399
-58.870728
29.818251
-3.451690
1.936682
-10.666848
-71.649193
21.060535
139.775070
259.821350
301.015747
-86.695313
-295.394226
-65.229095
-122.628418
-20.362020
419.848022
-36.280529
-170.593933
2.769726
-1.243038
12.186072
46.884628
-15.091150
-85.062180
-169.601196
-182.571686
70.788803
192.216248
49.400890
76.538368
1.585334
-266.779938
32.146805
109.286057
0.494172
0.110300
-1.183961
3.305748
-1.496276
-13.868058
-25.894440
-39.664265
3.683950
34.975204
8.382540
13.891086
2.661093
-44.658531
2.552682
14.286347
-0.150729
0.215471
0.658337
-0.297125
0.342185
-0.069300
-0.513717
0.028900
-0.653968
0.177320
0.526643
0.119099
-0.183049
0.686557
0.189542
-0.157489
-0.150729
0.215471
0.658337
-0.297125
0.342185
-0.069300
-0.513717
0.028900
-0.653968
0.177320
0.526643
0.119099
-0.183049
0.686557
0.189542
-0.157489
-0.150729
0.215471
0.658337
-0.297125
0.342185
-0.069300
-0.513717
0.028900
-0.653968
0.177320
0.526643
0.119099
-0.183049
0.686557
0.189542
-0.157489
-0.150729
0.215471
0.658337
-0.297125
0.342185
-0.069300
-0.513717
0.028900
-0.653968
0.177320
0.526643
0.119099
-0.183049
0.686557
0.189542
-0.157489
-0.150729
0.215471
0.658337
-0.297125
0.342185
-0.069300
-0.513717
0.028900
-0.653968
0.177320
0.526643
0.119099
-0.183049
0.686557
0.189542
-0.157489
-0.150729
0.215471
0.658337
-0.297125
0.342185
-0.069300
-0.513717
0.028900
-0.653968
0.177320
0.526643
0.119099
-0.183049
0.686557
0.189542
-0.157489
-0.150729
0.215471
0.658337
-0.297125
0.342185
-0.069300
-0.513717
0.028900
-0.653968
0.177320
0.526643
0.119099
-0.183049
0.686557
0.189542
-0.157489
-0.150729
0.215471
0.658337
-0.297125
0.342185
-0.069300
-0.513717
0.028900
-0.653968
0.177320
0.526643
0.119099
-0.183049
0.686557
0.189542
-0.157489
-0.150729
0.215471
0.658337
-0.297125
0.342185
-0.069300
-0.513717
0.028900
-0.653968
0.177320
0.526643
0.119099
-0.183049
0.686557
0.189542
-0.157489
-0.150729
0.215471
0.658337
-0.297125
0.342185
-0.069300
-0.513717
0.028900
-0.653968
0.177320
0.526643
0.119099
-0.183049
0.686557
0.189542
-0.157489
-0.150729
0.215471
0.658337
-0.297125
0.342185
-0.069300
-0.513717
0.028900
-0.653968
0.177320
0.526643
0.119099
-0.183049
0.686557
0.189542
-0.157489
-0.150729
0.215471
0.658337
-0.297125
0.342185
-0.069300
-0.513717
0.028900
-0.653968
0.177320
0.526643
0.119099
-0.183049
0.686557
0.189542
-0.157489
-0.150729
0.215471
0.658337
-0.297125
0.342185
-0.069300
-0.513717
0.028900
-0.653968
0.177320
0.526643
0.119099
-0.183049
0.686557
0.189542
-0.157489
-0.150729
0.215471
0.658337
-0.297125
0.342185
-0.069300
-0.513717
0.028900
-0.653968
0.177320
0.526643
0.119099
-0.183049
0.686557
0.189542
-0.157489
-0.150729
0.215471
0.658337
-0.297125
0.342185
-0.069300
-0.513717
0.028900
-0.653968
0.177320
0.526643
0.119099
-0.183049
0.686557
0.189542
-0.157489
