-1.577811
-1.217805
6.644015
-1.458114
-7.700097
0.905669
2.684659
-3.942134
-1.587634
4.124602
7.895347
-4.463237
7.514075
2.481033
2.480227
-1.393180
0.532463
3.751735
-22.150190
20.222054
31.778408
-16.260273
26.188332
11.132687
-11.502378
-23.898888
-20.062834
24.409111
-14.439953
26.096636
-17.050751
-1.161877
0.898093
-4.471297
91.500885
29.461662
-154.668076
-19.315504
-352.537201
241.794769
373.551941
-37.617405
186.379532
-48.781158
-460.079590
-100.692833
238.493332
-10.480902
-1.807936
1.561641
-4.153096
-2.620450
6.375082
4.482277
16.698000
-15.347881
-25.432373
4.640666
-8.858684
5.954621
28.860994
5.347445
-10.222277
-1.087875
0.638192
3.618505
-34.250866
-11.931190
51.938126
6.644570
124.582954
-82.905624
-129.119354
11.398466
-65.423737
18.419039
157.181458
37.237892
-85.616486
7.589042
0.388805
-2.450364
-3.634351
-5.661687
11.014804
1.623232
17.850817
-17.271862
-18.712904
6.553573
-7.524235
1.041545
29.971951
6.887987
-11.279806
-2.228524
0.573937
0.950020
-26.365742
-2.559422
47.337425
2.730081
108.882507
-65.185493
-108.920624
5.473931
-58.076504
11.511215
131.521729
31.232285
-71.375793
0.553716
1.131385
-0.019259
0.200020
0.153032
0.442248
-0.267695
0.012150
-0.489312
0.118577
-0.042401
0.068332
-0.601534
0.378393
0.082221
0.290824
-0.292750
1.131385
-0.019259
0.200020
0.153032
0.442248
-0.267695
0.012150
-0.489312
0.118577
-0.042401
0.068332
-0.601534
0.378393
0.082221
0.290824
-0.292750
1.131385
-0.019259
0.200020
0.153032
0.442248
-0.267695
0.012150
-0.489312
0.118577
-0.042401
0.068332
-0.601534
0.378393
0.082221
0.290824
-0.292750
1.131385
-0.019259
0.200020
0.153032
0.442248
-0.267695
0.012150
-0.489312
0.118577
-0.042401
0.068332
-0.601534
0.378393
0.082221
0.290824
-0.292750
1.131385
-0.019259
0.200020
0.153032
0.442248
-0.267695
0.012150
-0.489312
0.118577
-0.042401
0.068332
-0.601534
0.378393
0.082221
0.290824
-0.292750
1.131385
-0.019259
0.200020
0.153032
0.442248
-0.267695
0.012150
-0.489312
0.118577
-0.042401
0.068332
-0.601534
0.378393
0.082221
0.290824
-0.292750
1.131385
-0.019259
0.200020
0.153032
0.442248
-0.267695
0.012150
-0.489312
0.118577
-0.042401
0.068332
-0.601534
0.378393
0.082221
0.290824
-0.292750
1.131385
-0.019259
0.200020
0.153032
0.442248
-0.267695
0.012150
-0.489312
0.118577
-0.042401
0.068332
-0.601534
0.378393
0.082221
0.290824
-0.292750
1.131385
-0.019259
0.200020
0.153032
0.442248
-0.267695
0.012150
-0.489312
0.118577
-0.042401
0.068332
-0.601534
0.378393
0.082221
0.290824
-0.292750
1.131385
-0.019259
0.200020
0.153032
0.442248
-0.267695
0.012150
-0.489312
0.118577
-0.042401
0.068332
-0.601534
0.378393
0.082221
0.290824
-0.292750
1.131385
-0.019259
0.200020
0.153032
0.442248
-0.267695
0.012150
-0.489312
0.118577
-0.042401
0.068332
-0.601534
0.378393
0.082221
0.290824
-0.292750
1.131385
-0.019259
0.200020
0.153032
0.442248
-0.267695
0.012150
-0.489312
0.118577
-0.042401
0.068332
-0.601534
0.378393
0.082221
0.290824
-0.292750
1.131385
-0.019259
0.200020
0.153032
0.442248
-0.267695
0.012150
-0.489312
0.118577
-0.042401
0.068332
-0.601534
0.378393
0.082221
0.290824
-0.292750
