0.485408
0.965281
5.967134
-0.266470
-7.319743
-0.807781
3.840113
-3.413821
-1.846412
3.590857
9.970139
-2.468485
3.990753
3.369333
3.379618
0.727022
-1.570627
1.701558
121.250000
23.690403
-165.229828
-8.840935
-344.422638
321.464478
389.489929
-88.790451
177.415726
-90.900620
-545.470154
-21.250977
239.785706
-24.756924
-0.616797
-0.988950
-41.438793
-6.131152
56.393906
-2.860569
113.131332
-115.967201
-132.343582
32.599823
-60.284035
36.430687
183.671722
0.226860
-82.697639
13.803422
0.524407
2.176688
-7.584620
-3.218333
10.802130
1.948459
23.157846
-9.231616
-19.622364
1.589437
-10.653704
2.389811
31.393642
4.979982
-12.083073
-4.226748
-0.253927
2.840231
-7.286772
-4.767814
8.833087
1.984479
25.110437
-11.894887
-22.967171
2.974483
-11.443207
1.205971
31.060753
7.786644
-12.345417
1.111333
1.897021
-1.485829
-34.992336
-2.279677
49.025352
2.569410
95.168907
-101.014061
-117.302376
32.246094
-52.059933
30.945782
168.736984
-5.963526
-76.096535
6.938537
0.649082
-0.371787
-0.144929
-0.251484
-0.364942
-0.493304
-0.421961
0.128963
0.509968
-0.156504
-0.187702
-0.096646
-0.270429
-0.427321
0.184847
-0.052064
0.649082
-0.371787
-0.144929
-0.251484
-0.364942
-0.493304
-0.421961
0.128963
0.509968
-0.156504
-0.187702
-0.096646
-0.270429
-0.427321
0.184847
-0.052064
0.649082
-0.371787
-0.144929
-0.251484
-0.364942
-0.493304
-0.421961
0.128963
0.509968
-0.156504
-0.187702
-0.096646
-0.270429
-0.427321
0.184847
-0.052064
0.649082
-0.371787
-0.144929
-0.251484
-0.364942
-0.493304
-0.421961
0.128963
0.509968
-0.156504
-0.187702
-0.096646
-0.270429
-0.427321
0.184847
-0.052064
0.649082
-0.371787
-0.144929
-0.251484
-0.364942
-0.493304
-0.421961
0.128963
0.509968
-0.156504
-0.187702
-0.096646
-0.270429
-0.427321
0.184847
-0.052064
0.649082
-0.371787
-0.144929
-0.251484
-0.364942
-0.493304
-0.421961
0.128963
0.509968
-0.156504
-0.187702
-0.096646
-0.270429
-0.427321
0.184847
-0.052064
0.649082
-0.371787
-0.144929
-0.251484
-0.364942
-0.493304
-0.421961
0.128963
0.509968
-0.156504
-0.187702
-0.096646
-0.270429
-0.427321
0.184847
-0.052064
0.649082
-0.371787
-0.144929
-0.251484
-0.364942
-0.493304
-0.421961
0.128963
0.509968
-0.156504
-0.187702
-0.096646
-0.270429
-0.427321
0.184847
-0.052064
0.649082
-0.371787
-0.144929
-0.251484
-0.364942
-0.493304
-0.421961
0.128963
0.509968
-0.156504
-0.187702
-0.096646
-0.270429
-0.427321
0.184847
-0.052064
0.649082
-0.371787
-0.144929
-0.251484
-0.364942
-0.493304
-0.421961
0.128963
0.509968
-0.156504
-0.187702
-0.096646
-0.270429
-0.427321
0.184847
-0.052064
0.649082
-0.371787
-0.144929
-0.251484
-0.364942
-0.493304
-0.421961
0.128963
0.509968
-0.156504
-0.187702
-0.096646
-0.270429
-0.427321
0.184847
-0.052064
0.649082
-0.371787
-0.144929
-0.251484
-0.364942
-0.493304
-0.421961
0.128963
0.509968
-0.156504
-0.187702
-0.096646
-0.270429
-0.427321
0.184847
-0.052064
0.649082
-0.371787
-0.144929
-0.251484
-0.364942
-0.493304
-0.421961
0.128963
0.509968
-0.156504
-0.187702
-0.096646
-0.270429
-0.427321
0.184847
-0.052064
0.649082
-0.371787
-0.144929
-0.251484
-0.364942
-0.493304
-0.421961
0.128963
0.509968
-0.156504
-0.187702
-0.096646
-0.270429
-0.427321
0.184847
-0.052064
