-0.041957
-3.936296
4.238588
22.615845
-3.482637
-34.373672
-2.634166
0.897037
-10.604118
4.972662
13.969555
5.917694
13.565276
2.363420
4.101813
6.168286
-4.622070
-9.880968
47.281479
15.032248
-34.211666
-10.302565
-10.102024
23.986364
-8.542443
-17.576406
26.040060
6.158706
9.508082
17.059929
-3.271627
-20.881348
-5.442441
4.255180
-3.676610
-35.167320
-0.014385
39.043922
-24.682039
4.436747
23.344130
-4.828857
-7.148493
-29.955297
-9.734429
-10.785250
4.896106
-12.294072
-0.809723
-0.091629
5.706637
1.461982
-7.588860
-1.330316
3.992032
-4.322125
-2.602270
3.590615
8.896496
-0.298827
3.594801
3.808376
2.785186
-0.411324
0.756327
-3.003298
66.359726
-17.769056
-167.888046
44.501362
-389.838806
332.550812
395.218872
-107.217560
148.089874
-99.385948
-486.199524
-85.693275
216.479095
-30.610199
-5.578598
1.123271
-28.345240
9.608304
74.556969
-14.015359
179.300339
-140.852859
-180.045288
38.556034
-68.762978
44.461975
213.776581
44.722263
-96.070190
7.694241
1.309949
1.217715
-4.431695
3.630754
6.741960
-3.955976
21.245216
-24.010765
-18.821093
8.473277
-8.481782
8.986183
25.462273
0.634595
-7.940941
5.350751
6.937510
0.087076
-7.718904
2.790054
10.363263
-5.879303
20.025927
-26.939487
-19.542267
12.261200
-9.631872
6.115215
30.010729
-5.073694
-12.394754
4.098389
-0.347055
1.723778
-15.253737
2.365675
40.046051
-5.297987
89.214386
-60.361843
-87.564140
17.400751
-32.451702
16.404491
103.812798
26.762060
-52.023808
2.701238
-0.827155
-0.832143
-0.034446
0.231359
-0.362684
-0.209438
-0.422040
-0.211976
0.209277
-1.013771
-0.502611
0.219258
-0.103273
-0.525366
-0.278708
-0.138596
-0.827155
-0.832143
-0.034446
0.231359
-0.362684
-0.209438
-0.422040
-0.211976
0.209277
-1.013771
-0.502611
0.219258
-0.103273
-0.525366
-0.278708
-0.138596
-0.827155
-0.832143
-0.034446
0.231359
-0.362684
-0.209438
-0.422040
-0.211976
0.209277
-1.013771
-0.502611
0.219258
-0.103273
-0.525366
-0.278708
-0.138596
-0.827155
-0.832143
-0.034446
0.231359
-0.362684
-0.209438
-0.422040
-0.211976
0.209277
-1.013771
-0.502611
0.219258
-0.103273
-0.525366
-0.278708
-0.138596
-0.827155
-0.832143
-0.034446
0.231359
-0.362684
-0.209438
-0.422040
-0.211976
0.209277
-1.013771
-0.502611
0.219258
-0.103273
-0.525366
-0.278708
-0.138596
-0.827155
-0.832143
-0.034446
0.231359
-0.362684
-0.209438
-0.422040
-0.211976
0.209277
-1.013771
-0.502611
0.219258
-0.103273
-0.525366
-0.278708
-0.138596
-0.827155
-0.832143
-0.034446
0.231359
-0.362684
-0.209438
-0.422040
-0.211976
0.209277
-1.013771
-0.502611
0.219258
-0.103273
-0.525366
-0.278708
-0.138596
-0.827155
-0.832143
-0.034446
0.231359
-0.362684
-0.209438
-0.422040
-0.211976
0.209277
-1.013771
-0.502611
0.219258
-0.103273
-0.525366
-0.278708
-0.138596
-0.827155
-0.832143
-0.034446
0.231359
-0.362684
-0.209438
-0.422040
-0.211976
0.209277
-1.013771
-0.502611
0.219258
-0.103273
-0.525366
-0.278708
-0.138596
-0.827155
-0.832143
-0.034446
0.231359
-0.362684
-0.209438
-0.422040
-0.211976
0.209277
-1.013771
-0.502611
0.219258
-0.103273
-0.525366
-0.278708
-0.138596
-0.827155
-0.832143
-0.034446
0.231359
-0.362684
-0.209438
-0.422040
-0.211976
0.209277
-1.013771
-0.502611
0.219258
-0.103273
-0.525366
-0.278708
-0.138596
