-3.200479
2.862122
-62.688091
-71.295029
5.851190
245.350067
-30.307714
246.326950
-44.611156
-227.535461
-72.516098
-49.116848
-308.917175
169.417480
74.296532
-199.283493
2.412290
-1.669328
29.581614
25.819391
-11.732025
-98.995102
5.022398
-99.538506
21.666983
97.023918
33.882214
17.912882
128.816849
-78.371910
-23.833622
81.061111
0.747958
-1.498825
13.645694
17.899773
-6.832235
-62.697674
-2.856928
-62.999779
21.694134
48.229511
16.326426
10.735124
65.926277
-52.126751
-12.717641
53.095402
0.519680
0.320010
-0.660914
0.499260
0.755061
-0.205236
0.021815
0.836971
0.247950
0.036273
-0.086580
-0.210259
0.241876
-0.510317
-0.241925
0.767127
0.519680
0.320010
-0.660914
0.499260
0.755061
-0.205236
0.021815
0.836971
0.247950
0.036273
-0.086580
-0.210259
0.241876
-0.510317
-0.241925
0.767127
0.519680
0.320010
-0.660914
0.499260
0.755061
-0.205236
0.021815
0.836971
0.247950
0.036273
-0.086580
-0.210259
0.241876
-0.510317
-0.241925
0.767127
0.519680
0.320010
-0.660914
0.499260
0.755061
-0.205236
0.021815
0.836971
0.247950
0.036273
-0.086580
-0.210259
0.241876
-0.510317
-0.241925
0.767127
0.519680
0.320010
-0.660914
0.499260
0.755061
-0.205236
0.021815
0.836971
0.247950
0.036273
-0.086580
-0.210259
0.241876
-0.510317
-0.241925
0.767127
0.519680
0.320010
-0.660914
0.499260
0.755061
-0.205236
0.021815
0.836971
0.247950
0.036273
-0.086580
-0.210259
0.241876
-0.510317
-0.241925
0.767127
0.519680
0.320010
-0.660914
0.499260
0.755061
-0.205236
0.021815
0.836971
0.247950
0.036273
-0.086580
-0.210259
0.241876
-0.510317
-0.241925
0.767127
0.519680
0.320010
-0.660914
0.499260
0.755061
-0.205236
0.021815
0.836971
0.247950
0.036273
-0.086580
-0.210259
0.241876
-0.510317
-0.241925
0.767127
0.519680
0.320010
-0.660914
0.499260
0.755061
-0.205236
0.021815
0.836971
0.247950
0.036273
-0.086580
-0.210259
0.241876
-0.510317
-0.241925
0.767127
0.519680
0.320010
-0.660914
0.499260
0.755061
-0.205236
0.021815
0.836971
0.247950
0.036273
-0.086580
-0.210259
0.241876
-0.510317
-0.241925
0.767127
0.519680
0.320010
-0.660914
0.499260
0.755061
-0.205236
0.021815
0.836971
0.247950
0.036273
-0.086580
-0.210259
0.241876
-0.510317
-0.241925
0.767127
0.519680
0.320010
-0.660914
0.499260
0.755061
-0.205236
0.021815
0.836971
0.247950
0.036273
-0.086580
-0.210259
0.241876
-0.510317
-0.241925
0.767127
0.519680
0.320010
-0.660914
0.499260
0.755061
-0.205236
0.021815
0.836971
0.247950
0.036273
-0.086580
-0.210259
0.241876
-0.510317
-0.241925
0.767127
0.519680
0.320010
-0.660914
0.499260
0.755061
-0.205236
0.021815
0.836971
0.247950
0.036273
-0.086580
-0.210259
0.241876
-0.510317
-0.241925
0.767127
0.519680
0.320010
-0.660914
0.499260
0.755061
-0.205236
0.021815
0.836971
0.247950
0.036273
-0.086580
-0.210259
0.241876
-0.510317
-0.241925
0.767127
0.519680
0.320010
-0.660914
0.499260
0.755061
-0.205236
0.021815
0.836971
0.247950
0.036273
-0.086580
-0.210259
0.241876
-0.510317
-0.241925
0.767127
0.519680
0.320010
-0.660914
0.499260
0.755061
-0.205236
0.021815
0.836971
0.247950
0.036273
-0.086580
-0.210259
0.241876
-0.510317
-0.241925
0.767127
