-0.657159
-0.481189
-21.573305
-10.456523
23.876583
11.626675
-9.541537
24.815403
4.238283
-13.447238
-40.780102
5.288390
-23.310020
-14.536238
-9.253812
5.605766
2.727149
-1.225327
17.585016
-70.051224
-120.577477
159.854324
-91.450165
124.264954
48.783916
-149.485123
-25.183195
-25.713865
-190.592102
-56.966228
95.383636
-47.230461
-0.220187
3.633211
-18.431345
59.071537
95.946938
-123.639183
71.297028
-94.608658
-38.073662
114.709160
21.198278
19.748844
145.399933
42.281635
-75.555450
36.554241
-0.093661
0.018355
-0.129926
-0.513213
0.323420
0.418538
-0.732684
0.502787
-0.010341
-0.276019
-0.030087
-0.371119
0.148775
-0.397626
-0.340206
0.155153
-0.093661
0.018355
-0.129926
-0.513213
0.323420
0.418538
-0.732684
0.502787
-0.010341
-0.276019
-0.030087
-0.371119
0.148775
-0.397626
-0.340206
0.155153
-0.093661
0.018355
-0.129926
-0.513213
0.323420
0.418538
-0.732684
0.502787
-0.010341
-0.276019
-0.030087
-0.371119
0.148775
-0.397626
-0.340206
0.155153
-0.093661
0.018355
-0.129926
-0.513213
0.323420
0.418538
-0.732684
0.502787
-0.010341
-0.276019
-0.030087
-0.371119
0.148775
-0.397626
-0.340206
0.155153
-0.093661
0.018355
-0.129926
-0.513213
0.323420
0.418538
-0.732684
0.502787
-0.010341
-0.276019
-0.030087
-0.371119
0.148775
-0.397626
-0.340206
0.155153
-0.093661
0.018355
-0.129926
-0.513213
0.323420
0.418538
-0.732684
0.502787
-0.010341
-0.276019
-0.030087
-0.371119
0.148775
-0.397626
-0.340206
0.155153
-0.093661
0.018355
-0.129926
-0.513213
0.323420
0.418538
-0.732684
0.502787
-0.010341
-0.276019
-0.030087
-0.371119
0.148775
-0.397626
-0.340206
0.155153
-0.093661
0.018355
-0.129926
-0.513213
0.323420
0.418538
-0.732684
0.502787
-0.010341
-0.276019
-0.030087
-0.371119
0.148775
-0.397626
-0.340206
0.155153
-0.093661
0.018355
-0.129926
-0.513213
0.323420
0.418538
-0.732684
0.502787
-0.010341
-0.276019
-0.030087
-0.371119
0.148775
-0.397626
-0.340206
0.155153
-0.093661
0.018355
-0.129926
-0.513213
0.323420
0.418538
-0.732684
0.502787
-0.010341
-0.276019
-0.030087
-0.371119
0.148775
-0.397626
-0.340206
0.155153
-0.093661
0.018355
-0.129926
-0.513213
0.323420
0.418538
-0.732684
0.502787
-0.010341
-0.276019
-0.030087
-0.371119
0.148775
-0.397626
-0.340206
0.155153
-0.093661
0.018355
-0.129926
-0.513213
0.323420
0.418538
-0.732684
0.502787
-0.010341
-0.276019
-0.030087
-0.371119
0.148775
-0.397626
-0.340206
0.155153
-0.093661
0.018355
-0.129926
-0.513213
0.323420
0.418538
-0.732684
0.502787
-0.010341
-0.276019
-0.030087
-0.371119
0.148775
-0.397626
-0.340206
0.155153
-0.093661
0.018355
-0.129926
-0.513213
0.323420
0.418538
-0.732684
0.502787
-0.010341
-0.276019
-0.030087
-0.371119
0.148775
-0.397626
-0.340206
0.155153
-0.093661
0.018355
-0.129926
-0.513213
0.323420
0.418538
-0.732684
0.502787
-0.010341
-0.276019
-0.030087
-0.371119
0.148775
-0.397626
-0.340206
0.155153
-0.093661
0.018355
-0.129926
-0.513213
0.323420
0.418538
-0.732684
0.502787
-0.010341
-0.276019
-0.030087
-0.371119
0.148775
-0.397626
-0.340206
0.155153
-0.093661
0.018355
-0.129926
-0.513213
0.323420
0.418538
-0.732684
0.502787
-0.010341
-0.276019
-0.030087
-0.371119
0.148775
-0.397626
-0.340206
0.155153
