-1.722492
1.549030
-45.871880
35.731487
194.162415
-79.277550
132.485397
-76.555878
-105.720879
136.976990
24.300695
43.200058
149.115067
187.465622
-153.319946
0.941475
0.931579
-4.503556
17.440773
-15.471642
-72.322586
30.118008
-50.597057
28.346510
38.318184
-53.154232
-5.992831
-15.895419
-61.872200
-69.303619
60.327137
-2.746852
2.274625
2.483787
13.677279
-8.227507
-51.908886
22.273302
-33.669548
22.383013
25.686384
-39.278618
-10.470757
-9.426765
-42.212379
-49.703281
42.127090
-0.402216
-1.016954
0.151917
0.489322
0.027049
-0.320559
-0.168785
-0.366127
-0.288477
-0.023057
0.191892
-0.009611
-0.058182
0.577995
0.595354
0.147095
0.021607
-1.016954
0.151917
0.489322
0.027049
-0.320559
-0.168785
-0.366127
-0.288477
-0.023057
0.191892
-0.009611
-0.058182
0.577995
0.595354
0.147095
0.021607
-1.016954
0.151917
0.489322
0.027049
-0.320559
-0.168785
-0.366127
-0.288477
-0.023057
0.191892
-0.009611
-0.058182
0.577995
0.595354
0.147095
0.021607
-1.016954
0.151917
0.489322
0.027049
-0.320559
-0.168785
-0.366127
-0.288477
-0.023057
0.191892
-0.009611
-0.058182
0.577995
0.595354
0.147095
0.021607
-1.016954
0.151917
0.489322
0.027049
-0.320559
-0.168785
-0.366127
-0.288477
-0.023057
0.191892
-0.009611
-0.058182
0.577995
0.595354
0.147095
0.021607
-1.016954
0.151917
0.489322
0.027049
-0.320559
-0.168785
-0.366127
-0.288477
-0.023057
0.191892
-0.009611
-0.058182
0.577995
0.595354
0.147095
0.021607
-1.016954
0.151917
0.489322
0.027049
-0.320559
-0.168785
-0.366127
-0.288477
-0.023057
0.191892
-0.009611
-0.058182
0.577995
0.595354
0.147095
0.021607
-1.016954
0.151917
0.489322
0.027049
-0.320559
-0.168785
-0.366127
-0.288477
-0.023057
0.191892
-0.009611
-0.058182
0.577995
0.595354
0.147095
0.021607
-1.016954
0.151917
0.489322
0.027049
-0.320559
-0.168785
-0.366127
-0.288477
-0.023057
0.191892
-0.009611
-0.058182
0.577995
0.595354
0.147095
0.021607
-1.016954
0.151917
0.489322
0.027049
-0.320559
-0.168785
-0.366127
-0.288477
-0.023057
0.191892
-0.009611
-0.058182
0.577995
0.595354
0.147095
0.021607
-1.016954
0.151917
0.489322
0.027049
-0.320559
-0.168785
-0.366127
-0.288477
-0.023057
0.191892
-0.009611
-0.058182
0.577995
0.595354
0.147095
0.021607
-1.016954
0.151917
0.489322
0.027049
-0.320559
-0.168785
-0.366127
-0.288477
-0.023057
0.191892
-0.009611
-0.058182
0.577995
0.595354
0.147095
0.021607
-1.016954
0.151917
0.489322
0.027049
-0.320559
-0.168785
-0.366127
-0.288477
-0.023057
0.191892
-0.009611
-0.058182
0.577995
0.595354
0.147095
0.021607
-1.016954
0.151917
0.489322
0.027049
-0.320559
-0.168785
-0.366127
-0.288477
-0.023057
0.191892
-0.009611
-0.058182
0.577995
0.595354
0.147095
0.021607
-1.016954
0.151917
0.489322
0.027049
-0.320559
-0.168785
-0.366127
-0.288477
-0.023057
0.191892
-0.009611
-0.058182
0.577995
0.595354
0.147095
0.021607
-1.016954
0.151917
0.489322
0.027049
-0.320559
-0.168785
-0.366127
-0.288477
-0.023057
0.191892
-0.009611
-0.058182
0.577995
0.595354
0.147095
0.021607
-1.016954
0.151917
0.489322
0.027049
-0.320559
-0.168785
-0.366127
-0.288477
-0.023057
0.191892
-0.009611
-0.058182
0.577995
0.595354
0.147095
0.021607
