-0.435330
-0.923524
3.096466
6.420489
-1.512648
-9.642540
0.012377
-3.349889
-1.631258
3.600349
3.112751
6.451757
4.911746
-2.540205
-2.109014
2.968364
-0.770729
-0.547253
52.513268
86.545692
-54.746056
-209.779037
-29.051430
-144.975052
142.596512
153.485229
67.266640
-20.490343
179.212479
-122.107162
-26.098948
145.463455
0.553068
0.407122
-16.473001
-31.334063
21.502491
75.897026
12.498915
55.313370
-52.476387
-54.213287
-24.875507
5.618389
-67.425842
45.023724
11.808251
-54.744511
-1.731758
1.775066
-12.197270
-23.090696
12.710715
54.794384
7.646856
38.529232
-41.828121
-45.943726
-21.603849
4.256190
-48.055523
35.680111
7.054910
-39.185871
0.964643
-0.155177
-0.304752
0.216105
0.675985
-0.293927
-0.495173
-0.276578
-0.305721
0.234632
0.205035
-0.011094
-0.006618
0.496853
0.382235
-0.705073
0.964643
-0.155177
-0.304752
0.216105
0.675985
-0.293927
-0.495173
-0.276578
-0.305721
0.234632
0.205035
-0.011094
-0.006618
0.496853
0.382235
-0.705073
0.964643
-0.155177
-0.304752
0.216105
0.675985
-0.293927
-0.495173
-0.276578
-0.305721
0.234632
0.205035
-0.011094
-0.006618
0.496853
0.382235
-0.705073
0.964643
-0.155177
-0.304752
0.216105
0.675985
-0.293927
-0.495173
-0.276578
-0.305721
0.234632
0.205035
-0.011094
-0.006618
0.496853
0.382235
-0.705073
0.964643
-0.155177
-0.304752
0.216105
0.675985
-0.293927
-0.495173
-0.276578
-0.305721
0.234632
0.205035
-0.011094
-0.006618
0.496853
0.382235
-0.705073
0.964643
-0.155177
-0.304752
0.216105
0.675985
-0.293927
-0.495173
-0.276578
-0.305721
0.234632
0.205035
-0.011094
-0.006618
0.496853
0.382235
-0.705073
0.964643
-0.155177
-0.304752
0.216105
0.675985
-0.293927
-0.495173
-0.276578
-0.305721
0.234632
0.205035
-0.011094
-0.006618
0.496853
0.382235
-0.705073
0.964643
-0.155177
-0.304752
0.216105
0.675985
-0.293927
-0.495173
-0.276578
-0.305721
0.234632
0.205035
-0.011094
-0.006618
0.496853
0.382235
-0.705073
0.964643
-0.155177
-0.304752
0.216105
0.675985
-0.293927
-0.495173
-0.276578
-0.305721
0.234632
0.205035
-0.011094
-0.006618
0.496853
0.382235
-0.705073
0.964643
-0.155177
-0.304752
0.216105
0.675985
-0.293927
-0.495173
-0.276578
-0.305721
0.234632
0.205035
-0.011094
-0.006618
0.496853
0.382235
-0.705073
0.964643
-0.155177
-0.304752
0.216105
0.675985
-0.293927
-0.495173
-0.276578
-0.305721
0.234632
0.205035
-0.011094
-0.006618
0.496853
0.382235
-0.705073
0.964643
-0.155177
-0.304752
0.216105
0.675985
-0.293927
-0.495173
-0.276578
-0.305721
0.234632
0.205035
-0.011094
-0.006618
0.496853
0.382235
-0.705073
0.964643
-0.155177
-0.304752
0.216105
0.675985
-0.293927
-0.495173
-0.276578
-0.305721
0.234632
0.205035
-0.011094
-0.006618
0.496853
0.382235
-0.705073
0.964643
-0.155177
-0.304752
0.216105
0.675985
-0.293927
-0.495173
-0.276578
-0.305721
0.234632
0.205035
-0.011094
-0.006618
0.496853
0.382235
-0.705073
0.964643
-0.155177
-0.304752
0.216105
0.675985
-0.293927
-0.495173
-0.276578
-0.305721
0.234632
0.205035
-0.011094
-0.006618
0.496853
0.382235
-0.705073
0.964643
-0.155177
-0.304752
0.216105
0.675985
-0.293927
-0.495173
-0.276578
-0.305721
0.234632
0.205035
-0.011094
-0.006618
0.496853
0.382235
-0.705073
