1.258663
1.190615
-6.236251
0.725483
7.175993
5.109524
5.625294
1.288983
0.053348
-3.309295
-4.509985
0.623884
-1.157624
3.481219
1.019153
-4.028392
29.051245
-6.896721
28.482821
-15.528758
-23.648525
16.723501
7.365682
15.280738
-9.980075
-5.743364
11.514738
-6.145146
27.327131
10.058074
-7.214252
-15.140467
-2.837592
-1.638866
-8.376866
1.532727
7.207261
-8.271813
-7.642600
-0.309389
3.937231
1.331516
-2.008059
-3.888325
3.711587
-2.454959
-9.519131
-5.113153
-4.423175
7.158792
-787.023743
889.062927
-482.338409
308.825470
-565.210327
1000.110718
-222.853317
372.901489
583.888794
1095.814575
151.174988
1275.915161
-1309.488770
176.282349
3.926594
-3.853613
418.805206
-481.229004
261.039764
-166.918045
303.627045
-543.097107
119.346825
-206.027695
-322.589996
-593.828064
-84.616241
-691.082581
709.209900
-97.225853
1.757226
0.736076
34.722340
-36.189995
17.711308
-13.429741
21.816338
-40.318928
5.916909
-15.981165
-26.204037
-44.560841
-7.500346
-54.686802
56.199535
-7.394264
-1.082890
2.006419
41.742870
-47.614792
23.406481
-15.379160
28.145840
-51.231846
12.906268
-18.116426
-26.949013
-56.295006
-4.372533
-66.955353
66.520111
-9.411854
-0.725916
-2.435206
117.380814
-135.966385
75.280510
-49.081139
82.873207
-150.397583
34.932976
-53.875671
-91.119606
-163.934097
-24.263779
-193.959930
197.160049
-31.594707
-0.341829
-0.632731
0.461331
-0.161758
-0.407839
-0.315097
0.138973
0.158896
0.097887
-0.145246
0.521974
-0.067073
-0.089279
0.069256
0.016141
0.268403
-0.341829
-0.632731
0.461331
-0.161758
-0.407839
-0.315097
0.138973
0.158896
0.097887
-0.145246
0.521974
-0.067073
-0.089279
0.069256
0.016141
0.268403
-0.341829
-0.632731
0.461331
-0.161758
-0.407839
-0.315097
0.138973
0.158896
0.097887
-0.145246
0.521974
-0.067073
-0.089279
0.069256
0.016141
0.268403
-0.341829
-0.632731
0.461331
-0.161758
-0.407839
-0.315097
0.138973
0.158896
0.097887
-0.145246
0.521974
-0.067073
-0.089279
0.069256
0.016141
0.268403
-0.341829
-0.632731
0.461331
-0.161758
-0.407839
-0.315097
0.138973
0.158896
0.097887
-0.145246
0.521974
-0.067073
-0.089279
0.069256
0.016141
0.268403
-0.341829
-0.632731
0.461331
-0.161758
-0.407839
-0.315097
0.138973
0.158896
0.097887
-0.145246
0.521974
-0.067073
-0.089279
0.069256
0.016141
0.268403
-0.341829
-0.632731
0.461331
-0.161758
-0.407839
-0.315097
0.138973
0.158896
0.097887
-0.145246
0.521974
-0.067073
-0.089279
0.069256
0.016141
0.268403
-0.341829
-0.632731
0.461331
-0.161758
-0.407839
-0.315097
0.138973
0.158896
0.097887
-0.145246
0.521974
-0.067073
-0.089279
0.069256
0.016141
0.268403
-0.341829
-0.632731
0.461331
-0.161758
-0.407839
-0.315097
0.138973
0.158896
0.097887
-0.145246
0.521974
-0.067073
-0.089279
0.069256
0.016141
0.268403
-0.341829
-0.632731
0.461331
-0.161758
-0.407839
-0.315097
0.138973
0.158896
0.097887
-0.145246
0.521974
-0.067073
-0.089279
0.069256
0.016141
0.268403
-0.341829
-0.632731
0.461331
-0.161758
-0.407839
-0.315097
0.138973
0.158896
0.097887
-0.145246
0.521974
-0.067073
-0.089279
0.069256
0.016141
0.268403
-0.341829
-0.632731
0.461331
-0.161758
-0.407839
-0.315097
0.138973
0.158896
0.097887
-0.145246
0.521974
-0.067073
-0.089279
0.069256
0.016141
0.268403
