0.883453
-2.042084
91.291382
-51.114700
-225.059311
-58.339920
-56.726933
-215.790222
279.266479
39.124451
65.727798
17.146088
-91.300224
-326.732697
279.700806
218.176010
0.699576
0.505717
-5.427024
-3.900390
3.839516
6.718000
0.932527
2.736464
-1.676314
-2.847808
-4.342686
-3.195101
0.011812
2.735666
-0.080064
-4.364354
0.277603
-0.568230
-5.946959
2.120878
17.598503
2.022742
8.084019
13.816529
-17.789351
2.259278
-1.346595
-2.057824
9.996508
23.319042
-21.025043
-10.568118
0.081923
2.654666
-44.330711
27.991888
112.418106
33.919559
20.658747
117.378792
-137.974182
-30.351397
-31.470819
-12.177407
35.407482
169.175476
-135.213623
-117.839333
0.461744
-1.855029
-18.559822
7.004789
42.078754
14.983404
8.523185
35.165985
-50.472141
-10.178148
-13.028038
-4.297436
14.430219
54.554008
-48.295734
-41.667076
0.848613
-0.193017
-0.265703
-0.039191
0.118691
0.060263
0.393892
-0.211111
-0.054882
-0.186224
0.431427
0.356072
-0.243236
0.388594
0.160601
0.017203
0.848613
-0.193017
-0.265703
-0.039191
0.118691
0.060263
0.393892
-0.211111
-0.054882
-0.186224
0.431427
0.356072
-0.243236
0.388594
0.160601
0.017203
0.848613
-0.193017
-0.265703
-0.039191
0.118691
0.060263
0.393892
-0.211111
-0.054882
-0.186224
0.431427
0.356072
-0.243236
0.388594
0.160601
0.017203
0.848613
-0.193017
-0.265703
-0.039191
0.118691
0.060263
0.393892
-0.211111
-0.054882
-0.186224
0.431427
0.356072
-0.243236
0.388594
0.160601
0.017203
0.848613
-0.193017
-0.265703
-0.039191
0.118691
0.060263
0.393892
-0.211111
-0.054882
-0.186224
0.431427
0.356072
-0.243236
0.388594
0.160601
0.017203
0.848613
-0.193017
-0.265703
-0.039191
0.118691
0.060263
0.393892
-0.211111
-0.054882
-0.186224
0.431427
0.356072
-0.243236
0.388594
0.160601
0.017203
0.848613
-0.193017
-0.265703
-0.039191
0.118691
0.060263
0.393892
-0.211111
-0.054882
-0.186224
0.431427
0.356072
-0.243236
0.388594
0.160601
0.017203
0.848613
-0.193017
-0.265703
-0.039191
0.118691
0.060263
0.393892
-0.211111
-0.054882
-0.186224
0.431427
0.356072
-0.243236
0.388594
0.160601
0.017203
0.848613
-0.193017
-0.265703
-0.039191
0.118691
0.060263
0.393892
-0.211111
-0.054882
-0.186224
0.431427
0.356072
-0.243236
0.388594
0.160601
0.017203
0.848613
-0.193017
-0.265703
-0.039191
0.118691
0.060263
0.393892
-0.211111
-0.054882
-0.186224
0.431427
0.356072
-0.243236
0.388594
0.160601
0.017203
0.848613
-0.193017
-0.265703
-0.039191
0.118691
0.060263
0.393892
-0.211111
-0.054882
-0.186224
0.431427
0.356072
-0.243236
0.388594
0.160601
0.017203
0.848613
-0.193017
-0.265703
-0.039191
0.118691
0.060263
0.393892
-0.211111
-0.054882
-0.186224
0.431427
0.356072
-0.243236
0.388594
0.160601
0.017203
0.848613
-0.193017
-0.265703
-0.039191
0.118691
0.060263
0.393892
-0.211111
-0.054882
-0.186224
0.431427
0.356072
-0.243236
0.388594
0.160601
0.017203
0.848613
-0.193017
-0.265703
-0.039191
0.118691
0.060263
0.393892
-0.211111
-0.054882
-0.186224
0.431427
0.356072
-0.243236
0.388594
0.160601
0.017203
0.848613
-0.193017
-0.265703
-0.039191
0.118691
0.060263
0.393892
-0.211111
-0.054882
-0.186224
0.431427
0.356072
-0.243236
0.388594
0.160601
0.017203
