-1.053302
0.312096
5.198659
3.594444
-5.914551
-4.020209
6.969203
0.740946
-4.904311
0.875242
5.857933
1.620668
-0.258396
4.866202
-0.439357
2.406280
-0.814364
2.055005
18.923306
-43.064098
5.227788
7.435768
-96.147263
-118.518234
-59.084476
37.997715
29.414705
-24.311541
-14.659719
-5.040370
79.037949
-33.667416
-0.023968
0.871130
-19.215607
30.036274
-2.052816
-5.559772
74.326790
93.825516
47.634731
-26.285639
-26.114500
16.875072
13.054077
1.868271
-63.011482
24.072603
0.463885
-0.364954
0.193696
-0.200808
-0.157882
0.134839
0.430101
-0.648254
-0.038713
-0.557199
-0.228586
0.261416
-0.412234
0.077766
0.163285
0.257604
0.463885
-0.364954
0.193696
-0.200808
-0.157882
0.134839
0.430101
-0.648254
-0.038713
-0.557199
-0.228586
0.261416
-0.412234
0.077766
0.163285
0.257604
0.463885
-0.364954
0.193696
-0.200808
-0.157882
0.134839
0.430101
-0.648254
-0.038713
-0.557199
-0.228586
0.261416
-0.412234
0.077766
0.163285
0.257604
0.463885
-0.364954
0.193696
-0.200808
-0.157882
0.134839
0.430101
-0.648254
-0.038713
-0.557199
-0.228586
0.261416
-0.412234
0.077766
0.163285
0.257604
0.463885
-0.364954
0.193696
-0.200808
-0.157882
0.134839
0.430101
-0.648254
-0.038713
-0.557199
-0.228586
0.261416
-0.412234
0.077766
0.163285
0.257604
0.463885
-0.364954
0.193696
-0.200808
-0.157882
0.134839
0.430101
-0.648254
-0.038713
-0.557199
-0.228586
0.261416
-0.412234
0.077766
0.163285
0.257604
0.463885
-0.364954
0.193696
-0.200808
-0.157882
0.134839
0.430101
-0.648254
-0.038713
-0.557199
-0.228586
0.261416
-0.412234
0.077766
0.163285
0.257604
0.463885
-0.364954
0.193696
-0.200808
-0.157882
0.134839
0.430101
-0.648254
-0.038713
-0.557199
-0.228586
0.261416
-0.412234
0.077766
0.163285
0.257604
0.463885
-0.364954
0.193696
-0.200808
-0.157882
0.134839
0.430101
-0.648254
-0.038713
-0.557199
-0.228586
0.261416
-0.412234
0.077766
0.163285
0.257604
0.463885
-0.364954
0.193696
-0.200808
-0.157882
0.134839
0.430101
-0.648254
-0.038713
-0.557199
-0.228586
0.261416
-0.412234
0.077766
0.163285
0.257604
0.463885
-0.364954
0.193696
-0.200808
-0.157882
0.134839
0.430101
-0.648254
-0.038713
-0.557199
-0.228586
0.261416
-0.412234
0.077766
0.163285
0.257604
0.463885
-0.364954
0.193696
-0.200808
-0.157882
0.134839
0.430101
-0.648254
-0.038713
-0.557199
-0.228586
0.261416
-0.412234
0.077766
0.163285
0.257604
0.463885
-0.364954
0.193696
-0.200808
-0.157882
0.134839
0.430101
-0.648254
-0.038713
-0.557199
-0.228586
0.261416
-0.412234
0.077766
0.163285
0.257604
0.463885
-0.364954
0.193696
-0.200808
-0.157882
0.134839
0.430101
-0.648254
-0.038713
-0.557199
-0.228586
0.261416
-0.412234
0.077766
0.163285
0.257604
0.463885
-0.364954
0.193696
-0.200808
-0.157882
0.134839
0.430101
-0.648254
-0.038713
-0.557199
-0.228586
0.261416
-0.412234
0.077766
0.163285
0.257604
0.463885
-0.364954
0.193696
-0.200808
-0.157882
0.134839
0.430101
-0.648254
-0.038713
-0.557199
-0.228586
0.261416
-0.412234
0.077766
0.163285
0.257604
0.463885
-0.364954
0.193696
-0.200808
-0.157882
0.134839
0.430101
-0.648254
-0.038713
-0.557199
-0.228586
0.261416
-0.412234
0.077766
0.163285
0.257604
