1.188123
2.605515
59.932835
-47.529152
-35.759933
17.163717
-13.941873
-108.168877
-43.983570
-15.913472
38.432713
-28.594355
-61.640720
45.476536
98.129028
-27.012281
-2.234208
-2.852294
-57.652027
51.318920
33.829868
-18.794657
15.550735
109.302193
42.669724
16.165367
-37.447144
32.938652
60.906631
-44.075287
-96.368134
28.891176
-0.168229
0.130822
0.440729
-0.342065
-0.333349
0.154616
-0.375991
0.017484
0.123553
-0.387532
-0.212457
-0.752797
0.712624
-0.693770
-0.601840
-0.831273
-0.168229
0.130822
0.440729
-0.342065
-0.333349
0.154616
-0.375991
0.017484
0.123553
-0.387532
-0.212457
-0.752797
0.712624
-0.693770
-0.601840
-0.831273
-0.168229
0.130822
0.440729
-0.342065
-0.333349
0.154616
-0.375991
0.017484
0.123553
-0.387532
-0.212457
-0.752797
0.712624
-0.693770
-0.601840
-0.831273
-0.168229
0.130822
0.440729
-0.342065
-0.333349
0.154616
-0.375991
0.017484
0.123553
-0.387532
-0.212457
-0.752797
0.712624
-0.693770
-0.601840
-0.831273
-0.168229
0.130822
0.440729
-0.342065
-0.333349
0.154616
-0.375991
0.017484
0.123553
-0.387532
-0.212457
-0.752797
0.712624
-0.693770
-0.601840
-0.831273
-0.168229
0.130822
0.440729
-0.342065
-0.333349
0.154616
-0.375991
0.017484
0.123553
-0.387532
-0.212457
-0.752797
0.712624
-0.693770
-0.601840
-0.831273
-0.168229
0.130822
0.440729
-0.342065
-0.333349
0.154616
-0.375991
0.017484
0.123553
-0.387532
-0.212457
-0.752797
0.712624
-0.693770
-0.601840
-0.831273
-0.168229
0.130822
0.440729
-0.342065
-0.333349
0.154616
-0.375991
0.017484
0.123553
-0.387532
-0.212457
-0.752797
0.712624
-0.693770
-0.601840
-0.831273
-0.168229
0.130822
0.440729
-0.342065
-0.333349
0.154616
-0.375991
0.017484
0.123553
-0.387532
-0.212457
-0.752797
0.712624
-0.693770
-0.601840
-0.831273
-0.168229
0.130822
0.440729
-0.342065
-0.333349
0.154616
-0.375991
0.017484
0.123553
-0.387532
-0.212457
-0.752797
0.712624
-0.693770
-0.601840
-0.831273
-0.168229
0.130822
0.440729
-0.342065
-0.333349
0.154616
-0.375991
0.017484
0.123553
-0.387532
-0.212457
-0.752797
0.712624
-0.693770
-0.601840
-0.831273
-0.168229
0.130822
0.440729
-0.342065
-0.333349
0.154616
-0.375991
0.017484
0.123553
-0.387532
-0.212457
-0.752797
0.712624
-0.693770
-0.601840
-0.831273
-0.168229
0.130822
0.440729
-0.342065
-0.333349
0.154616
-0.375991
0.017484
0.123553
-0.387532
-0.212457
-0.752797
0.712624
-0.693770
-0.601840
-0.831273
-0.168229
0.130822
0.440729
-0.342065
-0.333349
0.154616
-0.375991
0.017484
0.123553
-0.387532
-0.212457
-0.752797
0.712624
-0.693770
-0.601840
-0.831273
-0.168229
0.130822
0.440729
-0.342065
-0.333349
0.154616
-0.375991
0.017484
0.123553
-0.387532
-0.212457
-0.752797
0.712624
-0.693770
-0.601840
-0.831273
-0.168229
0.130822
0.440729
-0.342065
-0.333349
0.154616
-0.375991
0.017484
0.123553
-0.387532
-0.212457
-0.752797
0.712624
-0.693770
-0.601840
-0.831273
-0.168229
0.130822
0.440729
-0.342065
-0.333349
0.154616
-0.375991
0.017484
0.123553
-0.387532
-0.212457
-0.752797
0.712624
-0.693770
-0.601840
-0.831273
-0.168229
0.130822
0.440729
-0.342065
-0.333349
0.154616
-0.375991
0.017484
0.123553
-0.387532
-0.212457
-0.752797
0.712624
-0.693770
-0.601840
-0.831273
