1.090534
-0.346158
-3.939098
8.224858
4.796161
-6.082119
7.550742
2.634351
-4.302798
-1.969522
-0.894100
7.163303
0.676634
3.902716
-4.656152
0.762947
0.033406
1.451920
53.857845
40.874237
-55.975632
-30.212837
99.352509
25.755867
78.157379
-1.686290
15.387313
47.019073
-24.386623
-105.549469
17.370943
120.535904
-0.884948
-0.673969
-42.259315
-31.210407
44.300323
25.939398
-74.917068
-17.796143
-63.247559
-1.463779
-14.421983
-36.330132
22.199709
78.576988
-13.416777
-92.817459
0.476963
0.646724
0.483235
0.342928
-0.241837
0.526441
0.118130
-0.464779
-0.041532
0.098451
0.060912
0.323852
-0.595557
0.612390
0.272912
0.291250
0.476963
0.646724
0.483235
0.342928
-0.241837
0.526441
0.118130
-0.464779
-0.041532
0.098451
0.060912
0.323852
-0.595557
0.612390
0.272912
0.291250
0.476963
0.646724
0.483235
0.342928
-0.241837
0.526441
0.118130
-0.464779
-0.041532
0.098451
0.060912
0.323852
-0.595557
0.612390
0.272912
0.291250
0.476963
0.646724
0.483235
0.342928
-0.241837
0.526441
0.118130
-0.464779
-0.041532
0.098451
0.060912
0.323852
-0.595557
0.612390
0.272912
0.291250
0.476963
0.646724
0.483235
0.342928
-0.241837
0.526441
0.118130
-0.464779
-0.041532
0.098451
0.060912
0.323852
-0.595557
0.612390
0.272912
0.291250
0.476963
0.646724
0.483235
0.342928
-0.241837
0.526441
0.118130
-0.464779
-0.041532
0.098451
0.060912
0.323852
-0.595557
0.612390
0.272912
0.291250
0.476963
0.646724
0.483235
0.342928
-0.241837
0.526441
0.118130
-0.464779
-0.041532
0.098451
0.060912
0.323852
-0.595557
0.612390
0.272912
0.291250
0.476963
0.646724
0.483235
0.342928
-0.241837
0.526441
0.118130
-0.464779
-0.041532
0.098451
0.060912
0.323852
-0.595557
0.612390
0.272912
0.291250
0.476963
0.646724
0.483235
0.342928
-0.241837
0.526441
0.118130
-0.464779
-0.041532
0.098451
0.060912
0.323852
-0.595557
0.612390
0.272912
0.291250
0.476963
0.646724
0.483235
0.342928
-0.241837
0.526441
0.118130
-0.464779
-0.041532
0.098451
0.060912
0.323852
-0.595557
0.612390
0.272912
0.291250
0.476963
0.646724
0.483235
0.342928
-0.241837
0.526441
0.118130
-0.464779
-0.041532
0.098451
0.060912
0.323852
-0.595557
0.612390
0.272912
0.291250
0.476963
0.646724
0.483235
0.342928
-0.241837
0.526441
0.118130
-0.464779
-0.041532
0.098451
0.060912
0.323852
-0.595557
0.612390
0.272912
0.291250
0.476963
0.646724
0.483235
0.342928
-0.241837
0.526441
0.118130
-0.464779
-0.041532
0.098451
0.060912
0.323852
-0.595557
0.612390
0.272912
0.291250
0.476963
0.646724
0.483235
0.342928
-0.241837
0.526441
0.118130
-0.464779
-0.041532
0.098451
0.060912
0.323852
-0.595557
0.612390
0.272912
0.291250
0.476963
0.646724
0.483235
0.342928
-0.241837
0.526441
0.118130
-0.464779
-0.041532
0.098451
0.060912
0.323852
-0.595557
0.612390
0.272912
0.291250
0.476963
0.646724
0.483235
0.342928
-0.241837
0.526441
0.118130
-0.464779
-0.041532
0.098451
0.060912
0.323852
-0.595557
0.612390
0.272912
0.291250
0.476963
0.646724
0.483235
0.342928
-0.241837
0.526441
0.118130
-0.464779
-0.041532
0.098451
0.060912
0.323852
-0.595557
0.612390
0.272912
0.291250
