-0.302145
-0.735026
-16.273355
8.307114
17.183578
-6.353743
-1.295907
0.520468
-5.306195
-14.131959
-14.488181
4.463828
-3.347958
-0.330932
-9.184385
-1.058316
2.673493
1.480716
25.620447
-34.298279
-5.092105
35.654209
3.069510
-78.308075
-39.306198
-91.009415
30.382261
-45.283939
-90.805878
78.584465
112.727684
-61.375492
-0.028944
0.432247
-15.613786
24.057817
2.432397
-27.678263
-4.275542
51.232491
31.345530
65.944405
-19.734175
31.155283
59.279018
-56.280273
-78.351486
47.425152
-0.961316
0.393024
-0.008723
0.536713
0.525329
-0.440510
-0.118872
0.130150
0.269416
-0.174321
-0.049334
-0.351069
-0.943443
-0.249164
-0.438843
0.381693
-0.961316
0.393024
-0.008723
0.536713
0.525329
-0.440510
-0.118872
0.130150
0.269416
-0.174321
-0.049334
-0.351069
-0.943443
-0.249164
-0.438843
0.381693
-0.961316
0.393024
-0.008723
0.536713
0.525329
-0.440510
-0.118872
0.130150
0.269416
-0.174321
-0.049334
-0.351069
-0.943443
-0.249164
-0.438843
0.381693
-0.961316
0.393024
-0.008723
0.536713
0.525329
-0.440510
-0.118872
0.130150
0.269416
-0.174321
-0.049334
-0.351069
-0.943443
-0.249164
-0.438843
0.381693
-0.961316
0.393024
-0.008723
0.536713
0.525329
-0.440510
-0.118872
0.130150
0.269416
-0.174321
-0.049334
-0.351069
-0.943443
-0.249164
-0.438843
0.381693
-0.961316
0.393024
-0.008723
0.536713
0.525329
-0.440510
-0.118872
0.130150
0.269416
-0.174321
-0.049334
-0.351069
-0.943443
-0.249164
-0.438843
0.381693
-0.961316
0.393024
-0.008723
0.536713
0.525329
-0.440510
-0.118872
0.130150
0.269416
-0.174321
-0.049334
-0.351069
-0.943443
-0.249164
-0.438843
0.381693
-0.961316
0.393024
-0.008723
0.536713
0.525329
-0.440510
-0.118872
0.130150
0.269416
-0.174321
-0.049334
-0.351069
-0.943443
-0.249164
-0.438843
0.381693
-0.961316
0.393024
-0.008723
0.536713
0.525329
-0.440510
-0.118872
0.130150
0.269416
-0.174321
-0.049334
-0.351069
-0.943443
-0.249164
-0.438843
0.381693
-0.961316
0.393024
-0.008723
0.536713
0.525329
-0.440510
-0.118872
0.130150
0.269416
-0.174321
-0.049334
-0.351069
-0.943443
-0.249164
-0.438843
0.381693
-0.961316
0.393024
-0.008723
0.536713
0.525329
-0.440510
-0.118872
0.130150
0.269416
-0.174321
-0.049334
-0.351069
-0.943443
-0.249164
-0.438843
0.381693
-0.961316
0.393024
-0.008723
0.536713
0.525329
-0.440510
-0.118872
0.130150
0.269416
-0.174321
-0.049334
-0.351069
-0.943443
-0.249164
-0.438843
0.381693
-0.961316
0.393024
-0.008723
0.536713
0.525329
-0.440510
-0.118872
0.130150
0.269416
-0.174321
-0.049334
-0.351069
-0.943443
-0.249164
-0.438843
0.381693
-0.961316
0.393024
-0.008723
0.536713
0.525329
-0.440510
-0.118872
0.130150
0.269416
-0.174321
-0.049334
-0.351069
-0.943443
-0.249164
-0.438843
0.381693
-0.961316
0.393024
-0.008723
0.536713
0.525329
-0.440510
-0.118872
0.130150
0.269416
-0.174321
-0.049334
-0.351069
-0.943443
-0.249164
-0.438843
0.381693
-0.961316
0.393024
-0.008723
0.536713
0.525329
-0.440510
-0.118872
0.130150
0.269416
-0.174321
-0.049334
-0.351069
-0.943443
-0.249164
-0.438843
0.381693
-0.961316
0.393024
-0.008723
0.536713
0.525329
-0.440510
-0.118872
0.130150
0.269416
-0.174321
-0.049334
-0.351069
-0.943443
-0.249164
-0.438843
0.381693
