-1.801208
1.156455
-32.314232
63.203049
21.376390
-45.018398
6.172990
99.804871
15.715366
98.113548
-54.154949
59.544640
114.319084
-78.587532
-153.075424
79.537346
-0.620203
0.024041
-16.126644
-10.477670
9.039498
20.525822
5.603754
-4.214736
10.368883
-7.475979
-10.634398
-7.934552
-2.253515
-1.375500
-2.311093
-5.380525
2.594190
-1.018974
5.371901
-19.029434
-5.279485
16.868797
1.207513
-31.510077
-1.204706
-31.597481
16.809467
-19.717152
-38.494423
18.164177
45.874702
-23.993505
0.698336
-0.936240
8.086646
-18.632200
-7.510460
13.263592
-0.598861
-33.021374
-4.652312
-29.871782
18.327824
-17.560110
-36.753635
24.238981
48.446144
-20.697941
0.020948
0.070013
0.194724
0.065768
0.508965
-0.310895
-0.766543
-0.493624
-0.569232
-0.142984
0.108423
0.045819
0.290861
0.492817
0.890931
-0.729382
0.020948
0.070013
0.194724
0.065768
0.508965
-0.310895
-0.766543
-0.493624
-0.569232
-0.142984
0.108423
0.045819
0.290861
0.492817
0.890931
-0.729382
0.020948
0.070013
0.194724
0.065768
0.508965
-0.310895
-0.766543
-0.493624
-0.569232
-0.142984
0.108423
0.045819
0.290861
0.492817
0.890931
-0.729382
0.020948
0.070013
0.194724
0.065768
0.508965
-0.310895
-0.766543
-0.493624
-0.569232
-0.142984
0.108423
0.045819
0.290861
0.492817
0.890931
-0.729382
0.020948
0.070013
0.194724
0.065768
0.508965
-0.310895
-0.766543
-0.493624
-0.569232
-0.142984
0.108423
0.045819
0.290861
0.492817
0.890931
-0.729382
0.020948
0.070013
0.194724
0.065768
0.508965
-0.310895
-0.766543
-0.493624
-0.569232
-0.142984
0.108423
0.045819
0.290861
0.492817
0.890931
-0.729382
0.020948
0.070013
0.194724
0.065768
0.508965
-0.310895
-0.766543
-0.493624
-0.569232
-0.142984
0.108423
0.045819
0.290861
0.492817
0.890931
-0.729382
0.020948
0.070013
0.194724
0.065768
0.508965
-0.310895
-0.766543
-0.493624
-0.569232
-0.142984
0.108423
0.045819
0.290861
0.492817
0.890931
-0.729382
0.020948
0.070013
0.194724
0.065768
0.508965
-0.310895
-0.766543
-0.493624
-0.569232
-0.142984
0.108423
0.045819
0.290861
0.492817
0.890931
-0.729382
0.020948
0.070013
0.194724
0.065768
0.508965
-0.310895
-0.766543
-0.493624
-0.569232
-0.142984
0.108423
0.045819
0.290861
0.492817
0.890931
-0.729382
0.020948
0.070013
0.194724
0.065768
0.508965
-0.310895
-0.766543
-0.493624
-0.569232
-0.142984
0.108423
0.045819
0.290861
0.492817
0.890931
-0.729382
0.020948
0.070013
0.194724
0.065768
0.508965
-0.310895
-0.766543
-0.493624
-0.569232
-0.142984
0.108423
0.045819
0.290861
0.492817
0.890931
-0.729382
0.020948
0.070013
0.194724
0.065768
0.508965
-0.310895
-0.766543
-0.493624
-0.569232
-0.142984
0.108423
0.045819
0.290861
0.492817
0.890931
-0.729382
0.020948
0.070013
0.194724
0.065768
0.508965
-0.310895
-0.766543
-0.493624
-0.569232
-0.142984
0.108423
0.045819
0.290861
0.492817
0.890931
-0.729382
0.020948
0.070013
0.194724
0.065768
0.508965
-0.310895
-0.766543
-0.493624
-0.569232
-0.142984
0.108423
0.045819
0.290861
0.492817
0.890931
-0.729382
0.020948
0.070013
0.194724
0.065768
0.508965
-0.310895
-0.766543
-0.493624
-0.569232
-0.142984
0.108423
0.045819
0.290861
0.492817
0.890931
-0.729382
