1.407594
-1.640619
-9.923889
5.242197
4.654667
-11.106421
-8.780510
1.629206
4.790376
-1.490167
-4.791364
-2.852353
0.152664
-7.637934
-10.134608
-2.534863
-2.099968
-4.704914
-645.675659
-1048.007202
-336.483490
-506.817139
-922.461243
-658.183289
-440.610474
-190.581451
-1044.149658
631.684937
-1088.819092
201.123932
-101.001465
-1257.186157
2.057562
2.395181
565.534790
915.289795
295.176514
443.223816
802.990356
573.091309
382.104401
165.047699
911.734497
-554.369995
950.618469
-174.522644
90.642731
1093.233643
-2.692436
1.454230
33.140263
46.766838
20.081238
24.674385
51.633549
28.214804
23.956762
7.928434
48.461380
-34.706684
49.274868
-17.112469
10.188132
63.656761
2.116493
2.244359
27.410841
54.235397
15.119692
27.130413
40.789642
32.619892
22.017311
13.527223
54.543018
-28.124815
54.911457
-2.635982
0.958267
63.202385
0.180877
-0.004517
-0.257113
0.340030
0.697198
-0.834639
-0.229614
-0.079663
-0.298049
0.178641
-0.147128
0.414554
-0.175363
-0.209761
0.396174
0.026334
0.180877
-0.004517
-0.257113
0.340030
0.697198
-0.834639
-0.229614
-0.079663
-0.298049
0.178641
-0.147128
0.414554
-0.175363
-0.209761
0.396174
0.026334
0.180877
-0.004517
-0.257113
0.340030
0.697198
-0.834639
-0.229614
-0.079663
-0.298049
0.178641
-0.147128
0.414554
-0.175363
-0.209761
0.396174
0.026334
0.180877
-0.004517
-0.257113
0.340030
0.697198
-0.834639
-0.229614
-0.079663
-0.298049
0.178641
-0.147128
0.414554
-0.175363
-0.209761
0.396174
0.026334
0.180877
-0.004517
-0.257113
0.340030
0.697198
-0.834639
-0.229614
-0.079663
-0.298049
0.178641
-0.147128
0.414554
-0.175363
-0.209761
0.396174
0.026334
0.180877
-0.004517
-0.257113
0.340030
0.697198
-0.834639
-0.229614
-0.079663
-0.298049
0.178641
-0.147128
0.414554
-0.175363
-0.209761
0.396174
0.026334
0.180877
-0.004517
-0.257113
0.340030
0.697198
-0.834639
-0.229614
-0.079663
-0.298049
0.178641
-0.147128
0.414554
-0.175363
-0.209761
0.396174
0.026334
0.180877
-0.004517
-0.257113
0.340030
0.697198
-0.834639
-0.229614
-0.079663
-0.298049
0.178641
-0.147128
0.414554
-0.175363
-0.209761
0.396174
0.026334
0.180877
-0.004517
-0.257113
0.340030
0.697198
-0.834639
-0.229614
-0.079663
-0.298049
0.178641
-0.147128
0.414554
-0.175363
-0.209761
0.396174
0.026334
0.180877
-0.004517
-0.257113
0.340030
0.697198
-0.834639
-0.229614
-0.079663
-0.298049
0.178641
-0.147128
0.414554
-0.175363
-0.209761
0.396174
0.026334
0.180877
-0.004517
-0.257113
0.340030
0.697198
-0.834639
-0.229614
-0.079663
-0.298049
0.178641
-0.147128
0.414554
-0.175363
-0.209761
0.396174
0.026334
0.180877
-0.004517
-0.257113
0.340030
0.697198
-0.834639
-0.229614
-0.079663
-0.298049
0.178641
-0.147128
0.414554
-0.175363
-0.209761
0.396174
0.026334
0.180877
-0.004517
-0.257113
0.340030
0.697198
-0.834639
-0.229614
-0.079663
-0.298049
0.178641
-0.147128
0.414554
-0.175363
-0.209761
0.396174
0.026334
0.180877
-0.004517
-0.257113
0.340030
0.697198
-0.834639
-0.229614
-0.079663
-0.298049
0.178641
-0.147128
0.414554
-0.175363
-0.209761
0.396174
0.026334
0.180877
-0.004517
-0.257113
0.340030
0.697198
-0.834639
-0.229614
-0.079663
-0.298049
0.178641
-0.147128
0.414554
-0.175363
-0.209761
0.396174
0.026334
