2.193651
-0.146268
68.921707
20.893084
-59.142235
1.524597
104.441086
-14.059772
67.613678
-65.531700
73.593918
12.053157
-95.086273
-56.453667
114.991486
79.546814
1.791837
-0.286524
-22.298615
-10.648843
18.937506
3.210347
-33.411072
5.625844
-20.704695
19.829124
-23.406008
-5.863773
30.281307
19.770514
-37.582249
-28.942286
-1.796165
-1.203096
-21.728804
-9.496535
19.036680
0.096104
-33.591549
1.158117
-22.390120
21.505459
-23.259502
-4.940434
28.580576
22.103012
-33.649441
-20.750277
0.252146
0.787067
0.603369
0.490307
-0.469318
-0.541204
-0.263653
0.660675
0.357828
-0.239182
0.370884
-0.184279
0.348666
-0.326602
0.552629
-0.308306
0.252146
0.787067
0.603369
0.490307
-0.469318
-0.541204
-0.263653
0.660675
0.357828
-0.239182
0.370884
-0.184279
0.348666
-0.326602
0.552629
-0.308306
0.252146
0.787067
0.603369
0.490307
-0.469318
-0.541204
-0.263653
0.660675
0.357828
-0.239182
0.370884
-0.184279
0.348666
-0.326602
0.552629
-0.308306
0.252146
0.787067
0.603369
0.490307
-0.469318
-0.541204
-0.263653
0.660675
0.357828
-0.239182
0.370884
-0.184279
0.348666
-0.326602
0.552629
-0.308306
0.252146
0.787067
0.603369
0.490307
-0.469318
-0.541204
-0.263653
0.660675
0.357828
-0.239182
0.370884
-0.184279
0.348666
-0.326602
0.552629
-0.308306
0.252146
0.787067
0.603369
0.490307
-0.469318
-0.541204
-0.263653
0.660675
0.357828
-0.239182
0.370884
-0.184279
0.348666
-0.326602
0.552629
-0.308306
0.252146
0.787067
0.603369
0.490307
-0.469318
-0.541204
-0.263653
0.660675
0.357828
-0.239182
0.370884
-0.184279
0.348666
-0.326602
0.552629
-0.308306
0.252146
0.787067
0.603369
0.490307
-0.469318
-0.541204
-0.263653
0.660675
0.357828
-0.239182
0.370884
-0.184279
0.348666
-0.326602
0.552629
-0.308306
0.252146
0.787067
0.603369
0.490307
-0.469318
-0.541204
-0.263653
0.660675
0.357828
-0.239182
0.370884
-0.184279
0.348666
-0.326602
0.552629
-0.308306
0.252146
0.787067
0.603369
0.490307
-0.469318
-0.541204
-0.263653
0.660675
0.357828
-0.239182
0.370884
-0.184279
0.348666
-0.326602
0.552629
-0.308306
0.252146
0.787067
0.603369
0.490307
-0.469318
-0.541204
-0.263653
0.660675
0.357828
-0.239182
0.370884
-0.184279
0.348666
-0.326602
0.552629
-0.308306
0.252146
0.787067
0.603369
0.490307
-0.469318
-0.541204
-0.263653
0.660675
0.357828
-0.239182
0.370884
-0.184279
0.348666
-0.326602
0.552629
-0.308306
0.252146
0.787067
0.603369
0.490307
-0.469318
-0.541204
-0.263653
0.660675
0.357828
-0.239182
0.370884
-0.184279
0.348666
-0.326602
0.552629
-0.308306
0.252146
0.787067
0.603369
0.490307
-0.469318
-0.541204
-0.263653
0.660675
0.357828
-0.239182
0.370884
-0.184279
0.348666
-0.326602
0.552629
-0.308306
0.252146
0.787067
0.603369
0.490307
-0.469318
-0.541204
-0.263653
0.660675
0.357828
-0.239182
0.370884
-0.184279
0.348666
-0.326602
0.552629
-0.308306
0.252146
0.787067
0.603369
0.490307
-0.469318
-0.541204
-0.263653
0.660675
0.357828
-0.239182
0.370884
-0.184279
0.348666
-0.326602
0.552629
-0.308306
0.252146
0.787067
0.603369
0.490307
-0.469318
-0.541204
-0.263653
0.660675
0.357828
-0.239182
0.370884
-0.184279
0.348666
-0.326602
0.552629
-0.308306
