0.865112
0.346171
-9.212092
2.474036
-6.900348
4.755734
3.477777
5.270642
0.028560
-5.863483
-0.062788
7.159597
-2.225902
4.095463
3.535700
-1.871379
0.256339
1.371783
-61.850632
28.419455
-36.624866
54.320076
78.542648
-94.379082
-111.760963
1.058319
-15.600864
85.151810
156.679810
-84.318619
60.570873
-93.651268
0.191957
-2.783951
-6.197716
7.188204
3.730897
8.822564
-1.019613
7.028930
4.090331
-0.757833
-4.653132
5.901057
-4.981236
-8.266095
3.304430
-9.193217
-2.423938
-1.112482
34.291721
-14.438772
18.291584
-30.675114
-36.815922
50.551498
58.669792
-1.053528
9.247332
-48.020439
-88.021805
46.594086
-35.108070
49.202774
2.158831
-0.153260
8.576683
-1.807111
2.771552
-7.496603
-12.995011
17.326300
15.501469
-3.462661
3.457706
-15.775496
-27.953232
16.540207
-8.479719
15.132764
1.002957
0.756816
0.012705
0.225885
0.497197
0.162501
0.425415
0.499217
0.293446
0.278878
-0.079921
0.195557
0.248041
0.230977
0.312595
-0.119710
1.002957
0.756816
0.012705
0.225885
0.497197
0.162501
0.425415
0.499217
0.293446
0.278878
-0.079921
0.195557
0.248041
0.230977
0.312595
-0.119710
1.002957
0.756816
0.012705
0.225885
0.497197
0.162501
0.425415
0.499217
0.293446
0.278878
-0.079921
0.195557
0.248041
0.230977
0.312595
-0.119710
1.002957
0.756816
0.012705
0.225885
0.497197
0.162501
0.425415
0.499217
0.293446
0.278878
-0.079921
0.195557
0.248041
0.230977
0.312595
-0.119710
1.002957
0.756816
0.012705
0.225885
0.497197
0.162501
0.425415
0.499217
0.293446
0.278878
-0.079921
0.195557
0.248041
0.230977
0.312595
-0.119710
1.002957
0.756816
0.012705
0.225885
0.497197
0.162501
0.425415
0.499217
0.293446
0.278878
-0.079921
0.195557
0.248041
0.230977
0.312595
-0.119710
1.002957
0.756816
0.012705
0.225885
0.497197
0.162501
0.425415
0.499217
0.293446
0.278878
-0.079921
0.195557
0.248041
0.230977
0.312595
-0.119710
1.002957
0.756816
0.012705
0.225885
0.497197
0.162501
0.425415
0.499217
0.293446
0.278878
-0.079921
0.195557
0.248041
0.230977
0.312595
-0.119710
1.002957
0.756816
0.012705
0.225885
0.497197
0.162501
0.425415
0.499217
0.293446
0.278878
-0.079921
0.195557
0.248041
0.230977
0.312595
-0.119710
1.002957
0.756816
0.012705
0.225885
0.497197
0.162501
0.425415
0.499217
0.293446
0.278878
-0.079921
0.195557
0.248041
0.230977
0.312595
-0.119710
1.002957
0.756816
0.012705
0.225885
0.497197
0.162501
0.425415
0.499217
0.293446
0.278878
-0.079921
0.195557
0.248041
0.230977
0.312595
-0.119710
1.002957
0.756816
0.012705
0.225885
0.497197
0.162501
0.425415
0.499217
0.293446
0.278878
-0.079921
0.195557
0.248041
0.230977
0.312595
-0.119710
1.002957
0.756816
0.012705
0.225885
0.497197
0.162501
0.425415
0.499217
0.293446
0.278878
-0.079921
0.195557
0.248041
0.230977
0.312595
-0.119710
1.002957
0.756816
0.012705
0.225885
0.497197
0.162501
0.425415
0.499217
0.293446
0.278878
-0.079921
0.195557
0.248041
0.230977
0.312595
-0.119710
1.002957
0.756816
0.012705
0.225885
0.497197
0.162501
0.425415
0.499217
0.293446
0.278878
-0.079921
0.195557
0.248041
0.230977
0.312595
-0.119710
