0.001214
-0.569939
12.456190
-13.412737
10.353228
-31.136635
5.619121
0.213256
4.703777
6.329999
-13.727839
-7.138662
-5.327493
-11.309514
1.938144
6.609054
-1.015957
0.334430
-5.048037
5.847538
-3.857915
6.557871
3.326124
0.066433
-4.776676
-1.595705
1.744795
5.369098
3.863082
2.136210
0.408130
-3.231465
-1.278275
-0.166107
9.092728
1.485497
6.561083
-8.857735
7.660302
-0.092169
-4.752088
-2.134069
7.095961
-1.612546
-1.549667
6.065969
-8.548861
5.108160
2.505626
1.055186
-55.938190
-56.476894
-72.154625
-50.221317
142.917038
26.977461
-20.607435
-147.999039
-78.337982
9.054526
132.874146
167.466278
94.096207
21.202572
1.972870
-1.644982
34.966759
30.391142
38.113228
27.295969
-78.877342
-14.668392
7.883803
80.142250
48.488728
-2.765514
-73.724785
-87.292755
-52.550827
-13.634562
-2.744907
-0.004688
11.210680
10.057081
11.680812
8.212505
-24.375704
-3.446760
3.254199
24.374119
9.266990
-3.288031
-20.408003
-28.409544
-15.991340
-4.980157
-0.567296
0.011527
0.091320
0.317370
0.226994
0.243700
0.152115
-0.292827
0.053990
-0.235995
0.016241
-0.422755
0.018357
0.108864
-0.388250
0.475542
-0.567296
0.011527
0.091320
0.317370
0.226994
0.243700
0.152115
-0.292827
0.053990
-0.235995
0.016241
-0.422755
0.018357
0.108864
-0.388250
0.475542
-0.567296
0.011527
0.091320
0.317370
0.226994
0.243700
0.152115
-0.292827
0.053990
-0.235995
0.016241
-0.422755
0.018357
0.108864
-0.388250
0.475542
-0.567296
0.011527
0.091320
0.317370
0.226994
0.243700
0.152115
-0.292827
0.053990
-0.235995
0.016241
-0.422755
0.018357
0.108864
-0.388250
0.475542
-0.567296
0.011527
0.091320
0.317370
0.226994
0.243700
0.152115
-0.292827
0.053990
-0.235995
0.016241
-0.422755
0.018357
0.108864
-0.388250
0.475542
-0.567296
0.011527
0.091320
0.317370
0.226994
0.243700
0.152115
-0.292827
0.053990
-0.235995
0.016241
-0.422755
0.018357
0.108864
-0.388250
0.475542
-0.567296
0.011527
0.091320
0.317370
0.226994
0.243700
0.152115
-0.292827
0.053990
-0.235995
0.016241
-0.422755
0.018357
0.108864
-0.388250
0.475542
-0.567296
0.011527
0.091320
0.317370
0.226994
0.243700
0.152115
-0.292827
0.053990
-0.235995
0.016241
-0.422755
0.018357
0.108864
-0.388250
0.475542
-0.567296
0.011527
0.091320
0.317370
0.226994
0.243700
0.152115
-0.292827
0.053990
-0.235995
0.016241
-0.422755
0.018357
0.108864
-0.388250
0.475542
-0.567296
0.011527
0.091320
0.317370
0.226994
0.243700
0.152115
-0.292827
0.053990
-0.235995
0.016241
-0.422755
0.018357
0.108864
-0.388250
0.475542
-0.567296
0.011527
0.091320
0.317370
0.226994
0.243700
0.152115
-0.292827
0.053990
-0.235995
0.016241
-0.422755
0.018357
0.108864
-0.388250
0.475542
-0.567296
0.011527
0.091320
0.317370
0.226994
0.243700
0.152115
-0.292827
0.053990
-0.235995
0.016241
-0.422755
0.018357
0.108864
-0.388250
0.475542
-0.567296
0.011527
0.091320
0.317370
0.226994
0.243700
0.152115
-0.292827
0.053990
-0.235995
0.016241
-0.422755
0.018357
0.108864
-0.388250
0.475542
-0.567296
0.011527
0.091320
0.317370
0.226994
0.243700
0.152115
-0.292827
0.053990
-0.235995
0.016241
-0.422755
0.018357
0.108864
-0.388250
0.475542
