2.546396
10.091667
-19.579430
-45.324631
-21.031662
2.854407
-9.050184
-26.910128
22.264547
18.228815
-22.022558
12.943587
4.275679
-0.075306
-5.326223
0.773601
2.473017
-0.148905
-21.295504
21.819338
-2.195350
39.929722
13.615094
-2.523176
-27.458111
-8.031593
17.060127
20.480444
23.498571
15.949647
2.368724
-12.574802
-0.579919
0.686078
-0.901467
9.355659
8.482293
5.475132
5.544312
5.976768
4.292437
-3.625457
0.568480
5.657040
-9.659171
-0.884282
-6.524488
-9.354278
1.080654
1.516702
1.821308
-4.069948
-3.297911
-8.626338
-5.480123
-3.868912
1.168220
1.129541
-6.269086
-1.820220
2.689217
-6.271307
1.580806
3.254048
3.461548
1.432939
-67.600868
-0.605594
-71.565277
42.944962
46.769028
-101.438377
-104.147316
-41.366100
-28.560240
63.150749
170.140625
-50.335045
53.637890
-59.035717
-3.111253
-2.187308
23.500856
4.976844
24.992481
-14.516117
-16.287731
33.481884
38.338337
12.289906
11.931579
-19.376526
-66.205902
16.220760
-17.125528
21.245211
-1.999124
-1.582359
15.046375
-0.722256
20.576017
-13.077227
-14.775878
30.459305
31.654949
12.362373
11.416796
-18.918394
-46.500843
13.616425
-20.000650
16.286549
-0.905850
-0.654686
0.538096
0.222748
0.693532
-0.788738
0.004417
0.548627
-0.256512
-0.684946
-0.512265
0.601091
0.679895
-0.028308
-0.075458
0.533511
-0.905850
-0.654686
0.538096
0.222748
0.693532
-0.788738
0.004417
0.548627
-0.256512
-0.684946
-0.512265
0.601091
0.679895
-0.028308
-0.075458
0.533511
-0.905850
-0.654686
0.538096
0.222748
0.693532
-0.788738
0.004417
0.548627
-0.256512
-0.684946
-0.512265
0.601091
0.679895
-0.028308
-0.075458
0.533511
-0.905850
-0.654686
0.538096
0.222748
0.693532
-0.788738
0.004417
0.548627
-0.256512
-0.684946
-0.512265
0.601091
0.679895
-0.028308
-0.075458
0.533511
-0.905850
-0.654686
0.538096
0.222748
0.693532
-0.788738
0.004417
0.548627
-0.256512
-0.684946
-0.512265
0.601091
0.679895
-0.028308
-0.075458
0.533511
-0.905850
-0.654686
0.538096
0.222748
0.693532
-0.788738
0.004417
0.548627
-0.256512
-0.684946
-0.512265
0.601091
0.679895
-0.028308
-0.075458
0.533511
-0.905850
-0.654686
0.538096
0.222748
0.693532
-0.788738
0.004417
0.548627
-0.256512
-0.684946
-0.512265
0.601091
0.679895
-0.028308
-0.075458
0.533511
-0.905850
-0.654686
0.538096
0.222748
0.693532
-0.788738
0.004417
0.548627
-0.256512
-0.684946
-0.512265
0.601091
0.679895
-0.028308
-0.075458
0.533511
-0.905850
-0.654686
0.538096
0.222748
0.693532
-0.788738
0.004417
0.548627
-0.256512
-0.684946
-0.512265
0.601091
0.679895
-0.028308
-0.075458
0.533511
-0.905850
-0.654686
0.538096
0.222748
0.693532
-0.788738
0.004417
0.548627
-0.256512
-0.684946
-0.512265
0.601091
0.679895
-0.028308
-0.075458
0.533511
-0.905850
-0.654686
0.538096
0.222748
0.693532
-0.788738
0.004417
0.548627
-0.256512
-0.684946
-0.512265
0.601091
0.679895
-0.028308
-0.075458
0.533511
-0.905850
-0.654686
0.538096
0.222748
0.693532
-0.788738
0.004417
0.548627
-0.256512
-0.684946
-0.512265
0.601091
0.679895
-0.028308
-0.075458
0.533511
-0.905850
-0.654686
0.538096
0.222748
0.693532
-0.788738
0.004417
0.548627
-0.256512
-0.684946
-0.512265
0.601091
0.679895
-0.028308
-0.075458
0.533511
