-2.231539
1.001949
14.360712
59.686977
167.141495
-133.071396
115.076515
-0.337727
-104.559601
93.498787
-63.931232
92.195496
220.486679
-76.105545
-129.737106
12.838997
0.101704
0.249782
7.438583
-1.873021
-8.237889
1.047297
-3.487705
-5.806135
2.222004
2.931189
5.182621
-2.846714
2.700199
-2.613534
3.590847
2.765364
1.099891
-1.790149
-9.160178
1.733180
4.326619
-4.187010
-6.639497
3.386713
5.121332
0.726417
-4.426149
-4.809268
4.399738
-9.484131
-7.965983
-2.569798
1.089658
1.443886
-15.012702
-54.681686
-140.232269
116.750252
-97.295647
2.387519
89.036766
-75.082329
55.408653
-80.308807
-181.264542
69.534180
105.390671
-12.515302
0.426658
0.315502
0.712526
-0.810028
-0.332667
-0.029136
0.128560
-0.062666
-0.359361
-0.069687
0.253848
-0.628115
0.560600
0.086162
0.541121
0.019887
0.426658
0.315502
0.712526
-0.810028
-0.332667
-0.029136
0.128560
-0.062666
-0.359361
-0.069687
0.253848
-0.628115
0.560600
0.086162
0.541121
0.019887
0.426658
0.315502
0.712526
-0.810028
-0.332667
-0.029136
0.128560
-0.062666
-0.359361
-0.069687
0.253848
-0.628115
0.560600
0.086162
0.541121
0.019887
0.426658
0.315502
0.712526
-0.810028
-0.332667
-0.029136
0.128560
-0.062666
-0.359361
-0.069687
0.253848
-0.628115
0.560600
0.086162
0.541121
0.019887
0.426658
0.315502
0.712526
-0.810028
-0.332667
-0.029136
0.128560
-0.062666
-0.359361
-0.069687
0.253848
-0.628115
0.560600
0.086162
0.541121
0.019887
0.426658
0.315502
0.712526
-0.810028
-0.332667
-0.029136
0.128560
-0.062666
-0.359361
-0.069687
0.253848
-0.628115
0.560600
0.086162
0.541121
0.019887
0.426658
0.315502
0.712526
-0.810028
-0.332667
-0.029136
0.128560
-0.062666
-0.359361
-0.069687
0.253848
-0.628115
0.560600
0.086162
0.541121
0.019887
0.426658
0.315502
0.712526
-0.810028
-0.332667
-0.029136
0.128560
-0.062666
-0.359361
-0.069687
0.253848
-0.628115
0.560600
0.086162
0.541121
0.019887
0.426658
0.315502
0.712526
-0.810028
-0.332667
-0.029136
0.128560
-0.062666
-0.359361
-0.069687
0.253848
-0.628115
0.560600
0.086162
0.541121
0.019887
0.426658
0.315502
0.712526
-0.810028
-0.332667
-0.029136
0.128560
-0.062666
-0.359361
-0.069687
0.253848
-0.628115
0.560600
0.086162
0.541121
0.019887
0.426658
0.315502
0.712526
-0.810028
-0.332667
-0.029136
0.128560
-0.062666
-0.359361
-0.069687
0.253848
-0.628115
0.560600
0.086162
0.541121
0.019887
0.426658
0.315502
0.712526
-0.810028
-0.332667
-0.029136
0.128560
-0.062666
-0.359361
-0.069687
0.253848
-0.628115
0.560600
0.086162
0.541121
0.019887
0.426658
0.315502
0.712526
-0.810028
-0.332667
-0.029136
0.128560
-0.062666
-0.359361
-0.069687
0.253848
-0.628115
0.560600
0.086162
0.541121
0.019887
0.426658
0.315502
0.712526
-0.810028
-0.332667
-0.029136
0.128560
-0.062666
-0.359361
-0.069687
0.253848
-0.628115
0.560600
0.086162
0.541121
0.019887
0.426658
0.315502
0.712526
-0.810028
-0.332667
-0.029136
0.128560
-0.062666
-0.359361
-0.069687
0.253848
-0.628115
0.560600
0.086162
0.541121
0.019887
0.426658
0.315502
0.712526
-0.810028
-0.332667
-0.029136
0.128560
-0.062666
-0.359361
-0.069687
0.253848
-0.628115
0.560600
0.086162
0.541121
0.019887
