-0.831835
-3.262529
-2.886946
-18.761839
1.132600
24.664762
4.920024
-1.944762
17.570166
-0.578201
-6.610967
-16.347128
-1.514061
-2.394514
8.707021
-3.990433
0.666112
-1.294335
-37.604233
-21.288677
-96.867004
102.326256
-42.291443
25.344568
14.210762
-89.534805
19.309744
-81.962959
-126.320427
176.963440
82.583611
-50.616077
-1.587283
0.320381
34.599567
21.779917
86.907272
-90.623947
38.071060
-22.073187
-14.044847
78.341812
-18.327991
71.799957
110.479126
-154.509705
-74.200462
43.576000
0.826788
0.097545
-0.145688
0.243759
-0.193410
-0.219535
-0.021658
-0.058250
0.072775
0.047369
0.405731
0.079453
-0.044446
0.275241
-0.602882
-0.555060
0.826788
0.097545
-0.145688
0.243759
-0.193410
-0.219535
-0.021658
-0.058250
0.072775
0.047369
0.405731
0.079453
-0.044446
0.275241
-0.602882
-0.555060
0.826788
0.097545
-0.145688
0.243759
-0.193410
-0.219535
-0.021658
-0.058250
0.072775
0.047369
0.405731
0.079453
-0.044446
0.275241
-0.602882
-0.555060
0.826788
0.097545
-0.145688
0.243759
-0.193410
-0.219535
-0.021658
-0.058250
0.072775
0.047369
0.405731
0.079453
-0.044446
0.275241
-0.602882
-0.555060
0.826788
0.097545
-0.145688
0.243759
-0.193410
-0.219535
-0.021658
-0.058250
0.072775
0.047369
0.405731
0.079453
-0.044446
0.275241
-0.602882
-0.555060
0.826788
0.097545
-0.145688
0.243759
-0.193410
-0.219535
-0.021658
-0.058250
0.072775
0.047369
0.405731
0.079453
-0.044446
0.275241
-0.602882
-0.555060
0.826788
0.097545
-0.145688
0.243759
-0.193410
-0.219535
-0.021658
-0.058250
0.072775
0.047369
0.405731
0.079453
-0.044446
0.275241
-0.602882
-0.555060
0.826788
0.097545
-0.145688
0.243759
-0.193410
-0.219535
-0.021658
-0.058250
0.072775
0.047369
0.405731
0.079453
-0.044446
0.275241
-0.602882
-0.555060
0.826788
0.097545
-0.145688
0.243759
-0.193410
-0.219535
-0.021658
-0.058250
0.072775
0.047369
0.405731
0.079453
-0.044446
0.275241
-0.602882
-0.555060
0.826788
0.097545
-0.145688
0.243759
-0.193410
-0.219535
-0.021658
-0.058250
0.072775
0.047369
0.405731
0.079453
-0.044446
0.275241
-0.602882
-0.555060
0.826788
0.097545
-0.145688
0.243759
-0.193410
-0.219535
-0.021658
-0.058250
0.072775
0.047369
0.405731
0.079453
-0.044446
0.275241
-0.602882
-0.555060
0.826788
0.097545
-0.145688
0.243759
-0.193410
-0.219535
-0.021658
-0.058250
0.072775
0.047369
0.405731
0.079453
-0.044446
0.275241
-0.602882
-0.555060
0.826788
0.097545
-0.145688
0.243759
-0.193410
-0.219535
-0.021658
-0.058250
0.072775
0.047369
0.405731
0.079453
-0.044446
0.275241
-0.602882
-0.555060
0.826788
0.097545
-0.145688
0.243759
-0.193410
-0.219535
-0.021658
-0.058250
0.072775
0.047369
0.405731
0.079453
-0.044446
0.275241
-0.602882
-0.555060
0.826788
0.097545
-0.145688
0.243759
-0.193410
-0.219535
-0.021658
-0.058250
0.072775
0.047369
0.405731
0.079453
-0.044446
0.275241
-0.602882
-0.555060
0.826788
0.097545
-0.145688
0.243759
-0.193410
-0.219535
-0.021658
-0.058250
0.072775
0.047369
0.405731
0.079453
-0.044446
0.275241
-0.602882
-0.555060
0.826788
0.097545
-0.145688
0.243759
-0.193410
-0.219535
-0.021658
-0.058250
0.072775
0.047369
0.405731
0.079453
-0.044446
0.275241
-0.602882
-0.555060
