8.661744
-21.584141
998.149597
-555.352600
875.661499
469.350220
-3391.376709
-2002.588135
-1204.411255
2275.782471
4404.328613
714.171021
28.627443
-447.607269
1609.147705
3253.559570
1.390437
2.088632
8.513844
9.552429
-8.698346
9.449287
-13.865351
-4.370123
12.832337
12.363104
53.961849
-14.308697
1.057106
0.841770
20.012117
-16.720778
-5.034787
-11.895890
41.341305
7.996339
-34.486404
-0.967173
-6.907978
11.093610
-9.356017
-13.171875
19.238413
-10.250670
9.238309
26.637638
-0.642961
-19.192661
-1.091773
0.464533
-10.643207
-3.834333
8.443371
-2.763824
4.191719
-0.996585
-7.865297
-5.515237
-26.468027
8.018206
-1.475348
-5.763388
-7.549077
12.622562
-2.762636
9.588798
-388.417450
226.151230
-343.370453
-172.688110
1314.608765
759.299255
468.841980
-875.785889
-1703.114380
-263.455048
-13.179225
164.286743
-632.492737
-1255.236572
-3.287612
-2.904314
-47.443310
30.476480
-47.326183
-20.897722
177.756058
97.284622
52.300728
-122.976357
-227.371368
-25.065750
-2.035362
24.929468
-90.714745
-166.334656
0.775084
-3.626812
-60.016060
36.846367
-49.012085
-28.826683
202.694672
117.970032
74.513184
-132.650024
-262.518585
-42.303753
-3.000233
28.162458
-93.640274
-192.008972
0.761266
9.068865
-254.403748
145.914642
-230.214066
-118.100296
911.005798
488.115997
283.623260
-613.572876
-1162.418457
-135.985199
2.884720
125.027008
-455.649994
-829.681152
0.102847
-0.246972
0.172571
-0.169893
-0.407856
0.037614
0.571556
0.440862
1.237092
-0.648212
-0.641635
-1.364471
0.386048
-0.315593
0.842189
-1.134766
0.102847
-0.246972
0.172571
-0.169893
-0.407856
0.037614
0.571556
0.440862
1.237092
-0.648212
-0.641635
-1.364471
0.386048
-0.315593
0.842189
-1.134766
0.102847
-0.246972
0.172571
-0.169893
-0.407856
0.037614
0.571556
0.440862
1.237092
-0.648212
-0.641635
-1.364471
0.386048
-0.315593
0.842189
-1.134766
0.102847
-0.246972
0.172571
-0.169893
-0.407856
0.037614
0.571556
0.440862
1.237092
-0.648212
-0.641635
-1.364471
0.386048
-0.315593
0.842189
-1.134766
0.102847
-0.246972
0.172571
-0.169893
-0.407856
0.037614
0.571556
0.440862
1.237092
-0.648212
-0.641635
-1.364471
0.386048
-0.315593
0.842189
-1.134766
0.102847
-0.246972
0.172571
-0.169893
-0.407856
0.037614
0.571556
0.440862
1.237092
-0.648212
-0.641635
-1.364471
0.386048
-0.315593
0.842189
-1.134766
0.102847
-0.246972
0.172571
-0.169893
-0.407856
0.037614
0.571556
0.440862
1.237092
-0.648212
-0.641635
-1.364471
0.386048
-0.315593
0.842189
-1.134766
0.102847
-0.246972
0.172571
-0.169893
-0.407856
0.037614
0.571556
0.440862
1.237092
-0.648212
-0.641635
-1.364471
0.386048
-0.315593
0.842189
-1.134766
0.102847
-0.246972
0.172571
-0.169893
-0.407856
0.037614
0.571556
0.440862
1.237092
-0.648212
-0.641635
-1.364471
0.386048
-0.315593
0.842189
-1.134766
0.102847
-0.246972
0.172571
-0.169893
-0.407856
0.037614
0.571556
0.440862
1.237092
-0.648212
-0.641635
-1.364471
0.386048
-0.315593
0.842189
-1.134766
0.102847
-0.246972
0.172571
-0.169893
-0.407856
0.037614
0.571556
0.440862
1.237092
-0.648212
-0.641635
-1.364471
0.386048
-0.315593
0.842189
-1.134766
0.102847
-0.246972
0.172571
-0.169893
-0.407856
0.037614
0.571556
0.440862
1.237092
-0.648212
-0.641635
-1.364471
0.386048
-0.315593
0.842189
-1.134766
