-0.720089
-1.522346
-6.743320
17.742832
13.128459
-17.462835
-7.716989
1.830615
-13.465487
-9.879970
-10.873918
10.267356
3.400420
5.051185
-7.798836
8.191515
1.162627
2.656799
74.691895
1.078810
-123.938103
-177.468246
4.426595
-142.542068
47.688251
129.773529
96.032845
51.660675
-47.945610
-220.621063
27.233139
104.448471
0.112150
1.457119
-35.796589
-0.390611
56.585136
85.961166
-3.132011
64.631363
-20.942585
-55.495552
-41.387180
-27.224840
18.230347
97.313553
-14.808811
-49.885735
-2.408630
-2.100174
-16.125069
-0.248689
26.236631
34.311108
-1.978806
30.583124
-6.941598
-29.170080
-19.413872
-10.752319
3.683131
50.047707
1.421803
-22.080620
-0.346318
-0.231714
0.786779
0.287091
0.045474
-0.712408
-0.086617
-0.399636
-0.180874
-0.398694
0.637659
0.314405
-0.600573
0.483569
0.013528
0.203198
-0.346318
-0.231714
0.786779
0.287091
0.045474
-0.712408
-0.086617
-0.399636
-0.180874
-0.398694
0.637659
0.314405
-0.600573
0.483569
0.013528
0.203198
-0.346318
-0.231714
0.786779
0.287091
0.045474
-0.712408
-0.086617
-0.399636
-0.180874
-0.398694
0.637659
0.314405
-0.600573
0.483569
0.013528
0.203198
-0.346318
-0.231714
0.786779
0.287091
0.045474
-0.712408
-0.086617
-0.399636
-0.180874
-0.398694
0.637659
0.314405
-0.600573
0.483569
0.013528
0.203198
-0.346318
-0.231714
0.786779
0.287091
0.045474
-0.712408
-0.086617
-0.399636
-0.180874
-0.398694
0.637659
0.314405
-0.600573
0.483569
0.013528
0.203198
-0.346318
-0.231714
0.786779
0.287091
0.045474
-0.712408
-0.086617
-0.399636
-0.180874
-0.398694
0.637659
0.314405
-0.600573
0.483569
0.013528
0.203198
-0.346318
-0.231714
0.786779
0.287091
0.045474
-0.712408
-0.086617
-0.399636
-0.180874
-0.398694
0.637659
0.314405
-0.600573
0.483569
0.013528
0.203198
-0.346318
-0.231714
0.786779
0.287091
0.045474
-0.712408
-0.086617
-0.399636
-0.180874
-0.398694
0.637659
0.314405
-0.600573
0.483569
0.013528
0.203198
-0.346318
-0.231714
0.786779
0.287091
0.045474
-0.712408
-0.086617
-0.399636
-0.180874
-0.398694
0.637659
0.314405
-0.600573
0.483569
0.013528
0.203198
-0.346318
-0.231714
0.786779
0.287091
0.045474
-0.712408
-0.086617
-0.399636
-0.180874
-0.398694
0.637659
0.314405
-0.600573
0.483569
0.013528
0.203198
-0.346318
-0.231714
0.786779
0.287091
0.045474
-0.712408
-0.086617
-0.399636
-0.180874
-0.398694
0.637659
0.314405
-0.600573
0.483569
0.013528
0.203198
-0.346318
-0.231714
0.786779
0.287091
0.045474
-0.712408
-0.086617
-0.399636
-0.180874
-0.398694
0.637659
0.314405
-0.600573
0.483569
0.013528
0.203198
-0.346318
-0.231714
0.786779
0.287091
0.045474
-0.712408
-0.086617
-0.399636
-0.180874
-0.398694
0.637659
0.314405
-0.600573
0.483569
0.013528
0.203198
-0.346318
-0.231714
0.786779
0.287091
0.045474
-0.712408
-0.086617
-0.399636
-0.180874
-0.398694
0.637659
0.314405
-0.600573
0.483569
0.013528
0.203198
-0.346318
-0.231714
0.786779
0.287091
0.045474
-0.712408
-0.086617
-0.399636
-0.180874
-0.398694
0.637659
0.314405
-0.600573
0.483569
0.013528
0.203198
-0.346318
-0.231714
0.786779
0.287091
0.045474
-0.712408
-0.086617
-0.399636
-0.180874
-0.398694
0.637659
0.314405
-0.600573
0.483569
0.013528
0.203198
