-4.684122
1.395021
429.790405
187.209442
-410.772339
-533.250366
-191.237167
-240.250244
484.674500
174.383728
90.211639
42.157536
-189.525726
-840.805176
202.077393
403.686615
2.289990
-1.201278
3.469458
21.717691
1.996390
-23.774292
-2.570750
2.010391
-14.866054
-5.044702
3.511801
18.983456
4.800930
4.529510
-4.662894
6.166661
1.060432
-0.928778
-293.547852
-125.136703
283.431580
364.530457
128.157135
164.542267
-335.225586
-119.596344
-61.858471
-25.774820
126.626755
581.136475
-136.476913
-278.911469
-0.663008
0.629735
-21.322607
-10.785225
21.099903
30.167109
14.506576
11.024481
-24.002916
-9.264606
-0.914005
-3.662999
14.437821
41.337837
-10.759213
-21.231852
3.989074
0.013024
-40.579567
-17.648325
32.912067
48.979828
17.565441
20.902487
-38.203213
-19.700586
-9.935612
-3.845653
15.378478
75.032082
-13.248760
-33.165867
0.122669
-0.199187
0.126905
0.625824
-0.286253
-0.152976
0.387997
-0.291053
-0.144103
0.080858
-0.116364
-0.152905
-0.178691
-0.548372
-0.165626
0.257431
0.122669
-0.199187
0.126905
0.625824
-0.286253
-0.152976
0.387997
-0.291053
-0.144103
0.080858
-0.116364
-0.152905
-0.178691
-0.548372
-0.165626
0.257431
0.122669
-0.199187
0.126905
0.625824
-0.286253
-0.152976
0.387997
-0.291053
-0.144103
0.080858
-0.116364
-0.152905
-0.178691
-0.548372
-0.165626
0.257431
0.122669
-0.199187
0.126905
0.625824
-0.286253
-0.152976
0.387997
-0.291053
-0.144103
0.080858
-0.116364
-0.152905
-0.178691
-0.548372
-0.165626
0.257431
0.122669
-0.199187
0.126905
0.625824
-0.286253
-0.152976
0.387997
-0.291053
-0.144103
0.080858
-0.116364
-0.152905
-0.178691
-0.548372
-0.165626
0.257431
0.122669
-0.199187
0.126905
0.625824
-0.286253
-0.152976
0.387997
-0.291053
-0.144103
0.080858
-0.116364
-0.152905
-0.178691
-0.548372
-0.165626
0.257431
0.122669
-0.199187
0.126905
0.625824
-0.286253
-0.152976
0.387997
-0.291053
-0.144103
0.080858
-0.116364
-0.152905
-0.178691
-0.548372
-0.165626
0.257431
0.122669
-0.199187
0.126905
0.625824
-0.286253
-0.152976
0.387997
-0.291053
-0.144103
0.080858
-0.116364
-0.152905
-0.178691
-0.548372
-0.165626
0.257431
0.122669
-0.199187
0.126905
0.625824
-0.286253
-0.152976
0.387997
-0.291053
-0.144103
0.080858
-0.116364
-0.152905
-0.178691
-0.548372
-0.165626
0.257431
0.122669
-0.199187
0.126905
0.625824
-0.286253
-0.152976
0.387997
-0.291053
-0.144103
0.080858
-0.116364
-0.152905
-0.178691
-0.548372
-0.165626
0.257431
0.122669
-0.199187
0.126905
0.625824
-0.286253
-0.152976
0.387997
-0.291053
-0.144103
0.080858
-0.116364
-0.152905
-0.178691
-0.548372
-0.165626
0.257431
0.122669
-0.199187
0.126905
0.625824
-0.286253
-0.152976
0.387997
-0.291053
-0.144103
0.080858
-0.116364
-0.152905
-0.178691
-0.548372
-0.165626
0.257431
0.122669
-0.199187
0.126905
0.625824
-0.286253
-0.152976
0.387997
-0.291053
-0.144103
0.080858
-0.116364
-0.152905
-0.178691
-0.548372
-0.165626
0.257431
0.122669
-0.199187
0.126905
0.625824
-0.286253
-0.152976
0.387997
-0.291053
-0.144103
0.080858
-0.116364
-0.152905
-0.178691
-0.548372
-0.165626
0.257431
0.122669
-0.199187
0.126905
0.625824
-0.286253
-0.152976
0.387997
-0.291053
-0.144103
0.080858
-0.116364
-0.152905
-0.178691
-0.548372
-0.165626
0.257431
