-0.665027
-0.387854
0.202357
3.385326
9.715246
-7.159235
3.452574
1.921140
-4.764103
7.404979
1.698740
24.532667
-8.813280
11.409672
1.259093
8.140065
1.239728
-0.009499
-6.732827
-4.435751
3.547814
6.801991
-0.495918
4.054912
0.778827
-4.694534
-5.911982
-3.965067
-3.060850
4.846104
2.949972
-3.175037
-0.282565
-1.613562
426.042786
142.302490
-425.352203
-520.460999
-222.633057
-322.542542
473.088470
224.975006
96.698944
96.392517
-142.662170
-901.116638
217.656906
436.383789
3.173568
1.096700
-22.895382
-9.190310
25.875841
32.387333
11.078311
15.917020
-32.002079
-18.078831
-5.775973
-4.836390
3.264938
59.654625
-10.496014
-29.250299
1.025788
0.398512
-263.690338
-85.242439
262.457458
319.098846
136.798660
198.340546
-290.060699
-138.314285
-57.826252
-62.152912
89.676888
556.663330
-134.520859
-270.096954
-0.351684
-0.214241
-54.074341
-17.972157
54.183960
63.410271
28.116987
42.816563
-59.549969
-26.782183
-18.762524
-10.300068
17.153084
109.755585
-28.513859
-52.880638
0.404395
0.025657
0.136266
0.149976
-0.438876
0.885933
0.191166
-0.523738
-0.473546
0.504446
1.128152
0.120890
-0.249392
0.989965
0.752466
0.070884
0.404395
0.025657
0.136266
0.149976
-0.438876
0.885933
0.191166
-0.523738
-0.473546
0.504446
1.128152
0.120890
-0.249392
0.989965
0.752466
0.070884
0.404395
0.025657
0.136266
0.149976
-0.438876
0.885933
0.191166
-0.523738
-0.473546
0.504446
1.128152
0.120890
-0.249392
0.989965
0.752466
0.070884
0.404395
0.025657
0.136266
0.149976
-0.438876
0.885933
0.191166
-0.523738
-0.473546
0.504446
1.128152
0.120890
-0.249392
0.989965
0.752466
0.070884
0.404395
0.025657
0.136266
0.149976
-0.438876
0.885933
0.191166
-0.523738
-0.473546
0.504446
1.128152
0.120890
-0.249392
0.989965
0.752466
0.070884
0.404395
0.025657
0.136266
0.149976
-0.438876
0.885933
0.191166
-0.523738
-0.473546
0.504446
1.128152
0.120890
-0.249392
0.989965
0.752466
0.070884
0.404395
0.025657
0.136266
0.149976
-0.438876
0.885933
0.191166
-0.523738
-0.473546
0.504446
1.128152
0.120890
-0.249392
0.989965
0.752466
0.070884
0.404395
0.025657
0.136266
0.149976
-0.438876
0.885933
0.191166
-0.523738
-0.473546
0.504446
1.128152
0.120890
-0.249392
0.989965
0.752466
0.070884
0.404395
0.025657
0.136266
0.149976
-0.438876
0.885933
0.191166
-0.523738
-0.473546
0.504446
1.128152
0.120890
-0.249392
0.989965
0.752466
0.070884
0.404395
0.025657
0.136266
0.149976
-0.438876
0.885933
0.191166
-0.523738
-0.473546
0.504446
1.128152
0.120890
-0.249392
0.989965
0.752466
0.070884
0.404395
0.025657
0.136266
0.149976
-0.438876
0.885933
0.191166
-0.523738
-0.473546
0.504446
1.128152
0.120890
-0.249392
0.989965
0.752466
0.070884
0.404395
0.025657
0.136266
0.149976
-0.438876
0.885933
0.191166
-0.523738
-0.473546
0.504446
1.128152
0.120890
-0.249392
0.989965
0.752466
0.070884
0.404395
0.025657
0.136266
0.149976
-0.438876
0.885933
0.191166
-0.523738
-0.473546
0.504446
1.128152
0.120890
-0.249392
0.989965
0.752466
0.070884
0.404395
0.025657
0.136266
0.149976
-0.438876
0.885933
0.191166
-0.523738
-0.473546
0.504446
1.128152
0.120890
-0.249392
0.989965
0.752466
0.070884
