0.317236
-0.074782
9.520929
-2.280231
-8.745224
-0.490171
-3.981635
-6.173952
1.502538
4.602791
7.783593
-3.590700
1.788999
-1.310615
4.330938
2.269461
0.527059
0.683817
-7.238330
2.449749
7.130858
-0.896705
2.969177
4.772297
0.261777
-3.532758
-5.104754
2.232672
-3.072253
-0.593896
-2.420993
-0.188853
-0.039350
1.133354
162.775955
345.643066
68.696404
-548.140076
-19.426685
-351.829742
198.065842
466.612976
35.058857
128.529785
436.705109
-644.285217
-125.806038
414.741211
-2.489080
0.940913
-2.980435
-13.594789
-10.465738
19.232121
-5.568086
18.056034
-1.894693
-29.245895
-1.085612
-3.916453
-34.755615
20.128201
12.340705
-16.114923
-1.600409
-1.495777
-138.864502
-292.131378
-55.278954
466.512390
18.297104
294.969330
-166.677856
-396.742432
-30.442282
-113.226830
-371.863983
550.341675
108.348885
-352.585175
-0.369311
-0.562378
0.252199
-0.362231
-0.280885
-0.117348
-0.734245
0.290900
0.184495
-0.016996
0.049183
-0.578619
0.663769
0.006135
-0.280831
-1.160997
-0.369311
-0.562378
0.252199
-0.362231
-0.280885
-0.117348
-0.734245
0.290900
0.184495
-0.016996
0.049183
-0.578619
0.663769
0.006135
-0.280831
-1.160997
-0.369311
-0.562378
0.252199
-0.362231
-0.280885
-0.117348
-0.734245
0.290900
0.184495
-0.016996
0.049183
-0.578619
0.663769
0.006135
-0.280831
-1.160997
-0.369311
-0.562378
0.252199
-0.362231
-0.280885
-0.117348
-0.734245
0.290900
0.184495
-0.016996
0.049183
-0.578619
0.663769
0.006135
-0.280831
-1.160997
-0.369311
-0.562378
0.252199
-0.362231
-0.280885
-0.117348
-0.734245
0.290900
0.184495
-0.016996
0.049183
-0.578619
0.663769
0.006135
-0.280831
-1.160997
-0.369311
-0.562378
0.252199
-0.362231
-0.280885
-0.117348
-0.734245
0.290900
0.184495
-0.016996
0.049183
-0.578619
0.663769
0.006135
-0.280831
-1.160997
-0.369311
-0.562378
0.252199
-0.362231
-0.280885
-0.117348
-0.734245
0.290900
0.184495
-0.016996
0.049183
-0.578619
0.663769
0.006135
-0.280831
-1.160997
-0.369311
-0.562378
0.252199
-0.362231
-0.280885
-0.117348
-0.734245
0.290900
0.184495
-0.016996
0.049183
-0.578619
0.663769
0.006135
-0.280831
-1.160997
-0.369311
-0.562378
0.252199
-0.362231
-0.280885
-0.117348
-0.734245
0.290900
0.184495
-0.016996
0.049183
-0.578619
0.663769
0.006135
-0.280831
-1.160997
-0.369311
-0.562378
0.252199
-0.362231
-0.280885
-0.117348
-0.734245
0.290900
0.184495
-0.016996
0.049183
-0.578619
0.663769
0.006135
-0.280831
-1.160997
-0.369311
-0.562378
0.252199
-0.362231
-0.280885
-0.117348
-0.734245
0.290900
0.184495
-0.016996
0.049183
-0.578619
0.663769
0.006135
-0.280831
-1.160997
-0.369311
-0.562378
0.252199
-0.362231
-0.280885
-0.117348
-0.734245
0.290900
0.184495
-0.016996
0.049183
-0.578619
0.663769
0.006135
-0.280831
-1.160997
-0.369311
-0.562378
0.252199
-0.362231
-0.280885
-0.117348
-0.734245
0.290900
0.184495
-0.016996
0.049183
-0.578619
0.663769
0.006135
-0.280831
-1.160997
-0.369311
-0.562378
0.252199
-0.362231
-0.280885
-0.117348
-0.734245
0.290900
0.184495
-0.016996
0.049183
-0.578619
0.663769
0.006135
-0.280831
-1.160997
-0.369311
-0.562378
0.252199
-0.362231
-0.280885
-0.117348
-0.734245
0.290900
0.184495
-0.016996
0.049183
-0.578619
0.663769
0.006135
-0.280831
-1.160997
