-0.048950
-1.537457
1.014781
-4.920607
-2.934971
7.010547
-6.384724
3.381271
3.876209
-0.300359
-0.090370
-7.219577
-3.158756
-3.907001
2.088409
-2.078654
-2.218264
0.400997
15.924189
3.433613
-15.416299
-17.225306
1.561892
-0.638205
-8.979458
9.439359
11.334713
6.179267
8.436861
0.927756
5.848173
8.843882
0.258009
0.685361
-0.255896
3.541316
3.414115
-6.285021
5.372486
-2.021086
-4.787887
2.300430
1.277278
6.672434
1.832925
4.168384
-2.304636
0.542193
-0.295041
-0.623277
394.694153
231.455750
-355.659363
-594.862610
-153.799377
-393.257965
435.253357
365.011749
76.688309
101.202515
32.708790
-910.600830
127.967911
466.418610
-0.081893
0.114058
-15.799494
-8.000007
17.155270
21.858576
2.454290
9.236728
-17.066584
-17.429749
-0.761499
-4.161980
0.642221
36.284702
-5.124139
-24.634686
-2.285580
2.977716
-167.761871
-99.062920
146.187393
254.400818
61.282516
170.018661
-180.731567
-159.152252
-29.616306
-41.312069
-22.120136
388.218506
-51.724972
-200.588562
3.639887
-2.217184
-27.935436
-12.507825
22.709524
40.798504
12.142249
29.464136
-31.951199
-25.907120
-8.941747
-8.017632
2.739731
62.634239
-7.397057
-31.049711
0.531356
-1.380919
-92.260063
-59.416031
79.399223
143.469727
34.525639
95.015289
-97.947105
-88.222656
-17.203253
-25.570280
-16.741480
213.239731
-26.534340
-108.076530
-0.099972
0.351725
-0.066046
-0.239624
0.191740
0.141513
-0.479868
-0.242591
-0.061777
0.433833
-0.124610
-0.664194
0.164241
-0.061965
-0.839832
0.071155
-0.099972
0.351725
-0.066046
-0.239624
0.191740
0.141513
-0.479868
-0.242591
-0.061777
0.433833
-0.124610
-0.664194
0.164241
-0.061965
-0.839832
0.071155
-0.099972
0.351725
-0.066046
-0.239624
0.191740
0.141513
-0.479868
-0.242591
-0.061777
0.433833
-0.124610
-0.664194
0.164241
-0.061965
-0.839832
0.071155
-0.099972
0.351725
-0.066046
-0.239624
0.191740
0.141513
-0.479868
-0.242591
-0.061777
0.433833
-0.124610
-0.664194
0.164241
-0.061965
-0.839832
0.071155
-0.099972
0.351725
-0.066046
-0.239624
0.191740
0.141513
-0.479868
-0.242591
-0.061777
0.433833
-0.124610
-0.664194
0.164241
-0.061965
-0.839832
0.071155
-0.099972
0.351725
-0.066046
-0.239624
0.191740
0.141513
-0.479868
-0.242591
-0.061777
0.433833
-0.124610
-0.664194
0.164241
-0.061965
-0.839832
0.071155
-0.099972
0.351725
-0.066046
-0.239624
0.191740
0.141513
-0.479868
-0.242591
-0.061777
0.433833
-0.124610
-0.664194
0.164241
-0.061965
-0.839832
0.071155
-0.099972
0.351725
-0.066046
-0.239624
0.191740
0.141513
-0.479868
-0.242591
-0.061777
0.433833
-0.124610
-0.664194
0.164241
-0.061965
-0.839832
0.071155
-0.099972
0.351725
-0.066046
-0.239624
0.191740
0.141513
-0.479868
-0.242591
-0.061777
0.433833
-0.124610
-0.664194
0.164241
-0.061965
-0.839832
0.071155
-0.099972
0.351725
-0.066046
-0.239624
0.191740
0.141513
-0.479868
-0.242591
-0.061777
0.433833
-0.124610
-0.664194
0.164241
-0.061965
-0.839832
0.071155
-0.099972
0.351725
-0.066046
-0.239624
0.191740
0.141513
-0.479868
-0.242591
-0.061777
0.433833
-0.124610
-0.664194
0.164241
-0.061965
-0.839832
0.071155
-0.099972
0.351725
-0.066046
-0.239624
0.191740
0.141513
-0.479868
-0.242591
-0.061777
0.433833
-0.124610
-0.664194
0.164241
-0.061965
-0.839832
0.071155
