0.022454
0.462187
6.077192
-2.869200
-9.487211
-0.329278
-3.495628
-5.865102
1.679899
2.933780
6.103086
-2.584691
1.487214
-2.896825
1.803018
5.149218
-2.516477
0.377641
-410.455750
198.251266
668.603271
83.955841
426.263885
153.379669
-546.269470
74.082375
-149.292755
21.369541
630.991150
602.858093
-478.778442
-205.470825
0.971739
-1.552857
226.038483
-102.935555
-366.794983
-48.457897
-234.801010
-84.658180
301.609406
-40.962967
81.127693
-15.060089
-349.390747
-331.817322
263.132721
114.631294
-1.134167
2.817744
27.524361
-20.756775
-41.544590
2.262058
-26.702717
-8.426113
32.013924
-2.765745
10.429101
-1.680908
-37.931168
-35.106766
29.197315
8.651706
1.352911
0.027983
63.712906
-32.946518
-100.754570
-13.063653
-65.003914
-26.195066
79.077637
-7.998299
23.697903
-3.175745
-91.884560
-94.337234
71.785774
32.257637
0.041594
0.126117
-0.015825
-0.419714
0.336076
0.281223
-0.232804
-0.250036
-0.074750
0.428609
0.383185
-0.108770
0.130136
-0.309437
0.131294
-0.580851
0.041594
0.126117
-0.015825
-0.419714
0.336076
0.281223
-0.232804
-0.250036
-0.074750
0.428609
0.383185
-0.108770
0.130136
-0.309437
0.131294
-0.580851
0.041594
0.126117
-0.015825
-0.419714
0.336076
0.281223
-0.232804
-0.250036
-0.074750
0.428609
0.383185
-0.108770
0.130136
-0.309437
0.131294
-0.580851
0.041594
0.126117
-0.015825
-0.419714
0.336076
0.281223
-0.232804
-0.250036
-0.074750
0.428609
0.383185
-0.108770
0.130136
-0.309437
0.131294
-0.580851
0.041594
0.126117
-0.015825
-0.419714
0.336076
0.281223
-0.232804
-0.250036
-0.074750
0.428609
0.383185
-0.108770
0.130136
-0.309437
0.131294
-0.580851
0.041594
0.126117
-0.015825
-0.419714
0.336076
0.281223
-0.232804
-0.250036
-0.074750
0.428609
0.383185
-0.108770
0.130136
-0.309437
0.131294
-0.580851
0.041594
0.126117
-0.015825
-0.419714
0.336076
0.281223
-0.232804
-0.250036
-0.074750
0.428609
0.383185
-0.108770
0.130136
-0.309437
0.131294
-0.580851
0.041594
0.126117
-0.015825
-0.419714
0.336076
0.281223
-0.232804
-0.250036
-0.074750
0.428609
0.383185
-0.108770
0.130136
-0.309437
0.131294
-0.580851
0.041594
0.126117
-0.015825
-0.419714
0.336076
0.281223
-0.232804
-0.250036
-0.074750
0.428609
0.383185
-0.108770
0.130136
-0.309437
0.131294
-0.580851
0.041594
0.126117
-0.015825
-0.419714
0.336076
0.281223
-0.232804
-0.250036
-0.074750
0.428609
0.383185
-0.108770
0.130136
-0.309437
0.131294
-0.580851
0.041594
0.126117
-0.015825
-0.419714
0.336076
0.281223
-0.232804
-0.250036
-0.074750
0.428609
0.383185
-0.108770
0.130136
-0.309437
0.131294
-0.580851
0.041594
0.126117
-0.015825
-0.419714
0.336076
0.281223
-0.232804
-0.250036
-0.074750
0.428609
0.383185
-0.108770
0.130136
-0.309437
0.131294
-0.580851
0.041594
0.126117
-0.015825
-0.419714
0.336076
0.281223
-0.232804
-0.250036
-0.074750
0.428609
0.383185
-0.108770
0.130136
-0.309437
0.131294
-0.580851
0.041594
0.126117
-0.015825
-0.419714
0.336076
0.281223
-0.232804
-0.250036
-0.074750
0.428609
0.383185
-0.108770
0.130136
-0.309437
0.131294
-0.580851
0.041594
0.126117
-0.015825
-0.419714
0.336076
0.281223
-0.232804
-0.250036
-0.074750
0.428609
0.383185
-0.108770
0.130136
-0.309437
0.131294
-0.580851
