1.920421
0.473975
76.963013
128.981262
54.562225
-199.351547
426.026093
-504.030273
-249.676758
113.033936
-221.067551
151.864853
443.509613
-49.231865
-421.945221
161.876144
2.166132
-0.027708
16.831078
1.307906
-22.527397
-8.400824
1.298090
1.442667
-5.105556
11.301188
11.653019
3.584520
-0.682532
-1.899056
8.193331
2.485173
-0.843810
-1.335701
-5.411086
-9.369389
-0.979806
15.124172
-22.274834
34.054150
15.521527
-10.586181
9.142421
-10.450527
-30.209038
-0.102750
29.228682
-11.261811
0.309786
-1.901580
-57.103409
-91.380875
-34.639122
147.291306
-313.797607
371.344055
180.672867
-83.848495
161.255432
-110.326744
-327.981750
36.715027
305.136963
-122.596146
-0.934026
-0.444875
0.715759
-0.384099
0.282133
-0.279267
-1.448346
-0.669373
-0.048337
0.044665
0.298750
0.075862
0.218898
-0.479957
-0.494028
-0.902015
-0.934026
-0.444875
0.715759
-0.384099
0.282133
-0.279267
-1.448346
-0.669373
-0.048337
0.044665
0.298750
0.075862
0.218898
-0.479957
-0.494028
-0.902015
-0.934026
-0.444875
0.715759
-0.384099
0.282133
-0.279267
-1.448346
-0.669373
-0.048337
0.044665
0.298750
0.075862
0.218898
-0.479957
-0.494028
-0.902015
-0.934026
-0.444875
0.715759
-0.384099
0.282133
-0.279267
-1.448346
-0.669373
-0.048337
0.044665
0.298750
0.075862
0.218898
-0.479957
-0.494028
-0.902015
-0.934026
-0.444875
0.715759
-0.384099
0.282133
-0.279267
-1.448346
-0.669373
-0.048337
0.044665
0.298750
0.075862
0.218898
-0.479957
-0.494028
-0.902015
-0.934026
-0.444875
0.715759
-0.384099
0.282133
-0.279267
-1.448346
-0.669373
-0.048337
0.044665
0.298750
0.075862
0.218898
-0.479957
-0.494028
-0.902015
-0.934026
-0.444875
0.715759
-0.384099
0.282133
-0.279267
-1.448346
-0.669373
-0.048337
0.044665
0.298750
0.075862
0.218898
-0.479957
-0.494028
-0.902015
-0.934026
-0.444875
0.715759
-0.384099
0.282133
-0.279267
-1.448346
-0.669373
-0.048337
0.044665
0.298750
0.075862
0.218898
-0.479957
-0.494028
-0.902015
-0.934026
-0.444875
0.715759
-0.384099
0.282133
-0.279267
-1.448346
-0.669373
-0.048337
0.044665
0.298750
0.075862
0.218898
-0.479957
-0.494028
-0.902015
-0.934026
-0.444875
0.715759
-0.384099
0.282133
-0.279267
-1.448346
-0.669373
-0.048337
0.044665
0.298750
0.075862
0.218898
-0.479957
-0.494028
-0.902015
-0.934026
-0.444875
0.715759
-0.384099
0.282133
-0.279267
-1.448346
-0.669373
-0.048337
0.044665
0.298750
0.075862
0.218898
-0.479957
-0.494028
-0.902015
-0.934026
-0.444875
0.715759
-0.384099
0.282133
-0.279267
-1.448346
-0.669373
-0.048337
0.044665
0.298750
0.075862
0.218898
-0.479957
-0.494028
-0.902015
-0.934026
-0.444875
0.715759
-0.384099
0.282133
-0.279267
-1.448346
-0.669373
-0.048337
0.044665
0.298750
0.075862
0.218898
-0.479957
-0.494028
-0.902015
-0.934026
-0.444875
0.715759
-0.384099
0.282133
-0.279267
-1.448346
-0.669373
-0.048337
0.044665
0.298750
0.075862
0.218898
-0.479957
-0.494028
-0.902015
-0.934026
-0.444875
0.715759
-0.384099
0.282133
-0.279267
-1.448346
-0.669373
-0.048337
0.044665
0.298750
0.075862
0.218898
-0.479957
-0.494028
-0.902015
-0.934026
-0.444875
0.715759
-0.384099
0.282133
-0.279267
-1.448346
-0.669373
-0.048337
0.044665
0.298750
0.075862
0.218898
-0.479957
-0.494028
-0.902015
