-1.846601
-0.764665
1.105765
-12.011011
4.604440
5.869246
-1.829804
-5.340169
-2.083214
3.099384
6.253907
-1.422062
5.679277
7.193701
6.308445
-7.589602
-0.375423
1.332909
-194.299484
8.370337
201.321915
191.183304
234.726547
686.095947
-29.160841
-362.592255
-85.238411
-268.224762
-148.879715
538.512695
19.833292
-503.033356
2.578956
2.501341
6.902925
-0.851394
-7.826916
-7.051497
-7.434065
-31.011713
0.033962
13.847459
-2.497808
12.607607
6.040118
-28.909603
-4.342706
18.019283
-2.836091
0.103429
9.201368
1.778283
-7.500720
-5.681848
-15.958559
-27.840557
3.197536
18.394884
5.965320
10.148599
5.671428
-28.122751
3.396362
22.489006
-0.955850
-1.458603
172.577332
-7.209175
-180.025620
-170.293121
-201.938782
-596.397400
21.708866
316.616089
78.949219
234.431305
134.114777
-463.506165
-19.038618
438.020203
0.243905
0.042175
0.030681
-0.198194
-0.794052
0.620113
0.528762
-0.146054
0.176771
0.000878
0.309323
-0.605552
0.318068
-0.066293
-0.116627
-0.137539
0.243905
0.042175
0.030681
-0.198194
-0.794052
0.620113
0.528762
-0.146054
0.176771
0.000878
0.309323
-0.605552
0.318068
-0.066293
-0.116627
-0.137539
0.243905
0.042175
0.030681
-0.198194
-0.794052
0.620113
0.528762
-0.146054
0.176771
0.000878
0.309323
-0.605552
0.318068
-0.066293
-0.116627
-0.137539
0.243905
0.042175
0.030681
-0.198194
-0.794052
0.620113
0.528762
-0.146054
0.176771
0.000878
0.309323
-0.605552
0.318068
-0.066293
-0.116627
-0.137539
0.243905
0.042175
0.030681
-0.198194
-0.794052
0.620113
0.528762
-0.146054
0.176771
0.000878
0.309323
-0.605552
0.318068
-0.066293
-0.116627
-0.137539
0.243905
0.042175
0.030681
-0.198194
-0.794052
0.620113
0.528762
-0.146054
0.176771
0.000878
0.309323
-0.605552
0.318068
-0.066293
-0.116627
-0.137539
0.243905
0.042175
0.030681
-0.198194
-0.794052
0.620113
0.528762
-0.146054
0.176771
0.000878
0.309323
-0.605552
0.318068
-0.066293
-0.116627
-0.137539
0.243905
0.042175
0.030681
-0.198194
-0.794052
0.620113
0.528762
-0.146054
0.176771
0.000878
0.309323
-0.605552
0.318068
-0.066293
-0.116627
-0.137539
0.243905
0.042175
0.030681
-0.198194
-0.794052
0.620113
0.528762
-0.146054
0.176771
0.000878
0.309323
-0.605552
0.318068
-0.066293
-0.116627
-0.137539
0.243905
0.042175
0.030681
-0.198194
-0.794052
0.620113
0.528762
-0.146054
0.176771
0.000878
0.309323
-0.605552
0.318068
-0.066293
-0.116627
-0.137539
0.243905
0.042175
0.030681
-0.198194
-0.794052
0.620113
0.528762
-0.146054
0.176771
0.000878
0.309323
-0.605552
0.318068
-0.066293
-0.116627
-0.137539
0.243905
0.042175
0.030681
-0.198194
-0.794052
0.620113
0.528762
-0.146054
0.176771
0.000878
0.309323
-0.605552
0.318068
-0.066293
-0.116627
-0.137539
0.243905
0.042175
0.030681
-0.198194
-0.794052
0.620113
0.528762
-0.146054
0.176771
0.000878
0.309323
-0.605552
0.318068
-0.066293
-0.116627
-0.137539
0.243905
0.042175
0.030681
-0.198194
-0.794052
0.620113
0.528762
-0.146054
0.176771
0.000878
0.309323
-0.605552
0.318068
-0.066293
-0.116627
-0.137539
0.243905
0.042175
0.030681
-0.198194
-0.794052
0.620113
0.528762
-0.146054
0.176771
0.000878
0.309323
-0.605552
0.318068
-0.066293
-0.116627
-0.137539
