2.287234
0.105296
3.050150
-26.075935
-8.881986
33.651394
-21.689331
11.353136
9.336060
-6.604078
-15.459626
-30.085590
-6.682106
0.791460
12.621841
-19.820000
-1.353447
0.529891
-3.887719
-1.813133
6.526371
4.803026
-5.211065
1.837041
2.580868
-0.330865
-6.118336
-1.709816
-2.270865
-7.187951
-3.199746
-3.812192
1.028528
-0.348692
266.771088
180.612488
-136.529694
-456.911438
194.745911
-857.492065
-163.781830
484.173645
-33.289742
318.346680
469.105743
-462.086823
-381.211273
531.919739
-2.067035
-0.023856
-112.176697
-77.863342
51.002625
192.949585
-90.055206
357.717651
74.709183
-201.334702
17.698265
-134.686676
-199.260971
186.628647
167.721115
-218.751419
2.688941
0.756162
-14.585661
-7.809634
15.411480
27.459663
-8.210277
54.466473
5.710850
-30.068783
-0.219362
-19.174175
-29.761799
29.960159
20.214636
-37.548492
-2.221286
-0.967727
-13.785273
-6.602983
9.974570
21.493938
-9.621592
41.661171
6.139320
-25.531590
-0.375380
-12.417672
-19.032375
22.640680
15.830792
-25.574165
2.442649
-1.745731
-62.111759
-52.221767
25.078419
110.047043
-58.009956
199.839539
48.690086
-109.995621
11.550344
-77.981918
-115.844620
103.758087
95.100319
-117.337181
0.058591
-0.518531
0.148196
0.385887
-0.388400
0.113882
0.112972
-0.471234
0.166589
0.357852
0.582381
0.420727
-0.211647
0.078874
0.634205
-0.244912
0.058591
-0.518531
0.148196
0.385887
-0.388400
0.113882
0.112972
-0.471234
0.166589
0.357852
0.582381
0.420727
-0.211647
0.078874
0.634205
-0.244912
0.058591
-0.518531
0.148196
0.385887
-0.388400
0.113882
0.112972
-0.471234
0.166589
0.357852
0.582381
0.420727
-0.211647
0.078874
0.634205
-0.244912
0.058591
-0.518531
0.148196
0.385887
-0.388400
0.113882
0.112972
-0.471234
0.166589
0.357852
0.582381
0.420727
-0.211647
0.078874
0.634205
-0.244912
0.058591
-0.518531
0.148196
0.385887
-0.388400
0.113882
0.112972
-0.471234
0.166589
0.357852
0.582381
0.420727
-0.211647
0.078874
0.634205
-0.244912
0.058591
-0.518531
0.148196
0.385887
-0.388400
0.113882
0.112972
-0.471234
0.166589
0.357852
0.582381
0.420727
-0.211647
0.078874
0.634205
-0.244912
0.058591
-0.518531
0.148196
0.385887
-0.388400
0.113882
0.112972
-0.471234
0.166589
0.357852
0.582381
0.420727
-0.211647
0.078874
0.634205
-0.244912
0.058591
-0.518531
0.148196
0.385887
-0.388400
0.113882
0.112972
-0.471234
0.166589
0.357852
0.582381
0.420727
-0.211647
0.078874
0.634205
-0.244912
0.058591
-0.518531
0.148196
0.385887
-0.388400
0.113882
0.112972
-0.471234
0.166589
0.357852
0.582381
0.420727
-0.211647
0.078874
0.634205
-0.244912
0.058591
-0.518531
0.148196
0.385887
-0.388400
0.113882
0.112972
-0.471234
0.166589
0.357852
0.582381
0.420727
-0.211647
0.078874
0.634205
-0.244912
0.058591
-0.518531
0.148196
0.385887
-0.388400
0.113882
0.112972
-0.471234
0.166589
0.357852
0.582381
0.420727
-0.211647
0.078874
0.634205
-0.244912
0.058591
-0.518531
0.148196
0.385887
-0.388400
0.113882
0.112972
-0.471234
0.166589
0.357852
0.582381
0.420727
-0.211647
0.078874
0.634205
-0.244912
0.058591
-0.518531
0.148196
0.385887
-0.388400
0.113882
0.112972
-0.471234
0.166589
0.357852
0.582381
0.420727
-0.211647
0.078874
0.634205
-0.244912
