-0.434897
0.919958
-3.138345
2.593074
0.373952
-6.673301
4.003506
4.426616
-1.923774
-2.183788
1.627272
4.792412
-4.116231
3.307428
-1.576390
1.919147
-3.104901
-0.691983
4.254729
-30.438732
-22.943274
25.043615
-21.871471
2.298435
14.149528
2.922452
5.517089
-31.930338
-1.080484
-3.509745
12.481416
-11.637727
1.831257
1.419345
273.747772
-61.592468
-358.103271
-216.464951
-410.814758
-717.939453
220.303879
407.570526
159.801239
239.629166
4.357095
-593.112305
40.246483
594.735229
-2.042775
-1.018477
-194.033997
51.320244
258.445831
149.669632
301.901459
516.937805
-163.356903
-292.624542
-116.699524
-168.280304
6.761819
423.896484
-36.379478
-432.431702
-0.789802
-0.584207
-17.521433
-6.325105
15.426151
18.460854
4.824626
39.411446
-1.531722
-20.925371
0.486930
-14.940191
-14.987776
26.007492
9.593027
-23.236570
-1.899723
1.291524
-18.246778
10.150574
30.927118
7.384514
49.683327
40.459724
-25.930990
-22.700064
-19.166090
-13.887959
11.465390
46.130920
-17.949371
-39.610455
-0.107972
-0.523124
-0.435473
0.146153
0.067837
-0.295325
0.044502
-0.111289
0.228178
-0.075721
-0.186699
0.041797
-0.767545
-0.143362
0.075375
0.763672
-0.107972
-0.523124
-0.435473
0.146153
0.067837
-0.295325
0.044502
-0.111289
0.228178
-0.075721
-0.186699
0.041797
-0.767545
-0.143362
0.075375
0.763672
-0.107972
-0.523124
-0.435473
0.146153
0.067837
-0.295325
0.044502
-0.111289
0.228178
-0.075721
-0.186699
0.041797
-0.767545
-0.143362
0.075375
0.763672
-0.107972
-0.523124
-0.435473
0.146153
0.067837
-0.295325
0.044502
-0.111289
0.228178
-0.075721
-0.186699
0.041797
-0.767545
-0.143362
0.075375
0.763672
-0.107972
-0.523124
-0.435473
0.146153
0.067837
-0.295325
0.044502
-0.111289
0.228178
-0.075721
-0.186699
0.041797
-0.767545
-0.143362
0.075375
0.763672
-0.107972
-0.523124
-0.435473
0.146153
0.067837
-0.295325
0.044502
-0.111289
0.228178
-0.075721
-0.186699
0.041797
-0.767545
-0.143362
0.075375
0.763672
-0.107972
-0.523124
-0.435473
0.146153
0.067837
-0.295325
0.044502
-0.111289
0.228178
-0.075721
-0.186699
0.041797
-0.767545
-0.143362
0.075375
0.763672
-0.107972
-0.523124
-0.435473
0.146153
0.067837
-0.295325
0.044502
-0.111289
0.228178
-0.075721
-0.186699
0.041797
-0.767545
-0.143362
0.075375
0.763672
-0.107972
-0.523124
-0.435473
0.146153
0.067837
-0.295325
0.044502
-0.111289
0.228178
-0.075721
-0.186699
0.041797
-0.767545
-0.143362
0.075375
0.763672
-0.107972
-0.523124
-0.435473
0.146153
0.067837
-0.295325
0.044502
-0.111289
0.228178
-0.075721
-0.186699
0.041797
-0.767545
-0.143362
0.075375
0.763672
-0.107972
-0.523124
-0.435473
0.146153
0.067837
-0.295325
0.044502
-0.111289
0.228178
-0.075721
-0.186699
0.041797
-0.767545
-0.143362
0.075375
0.763672
-0.107972
-0.523124
-0.435473
0.146153
0.067837
-0.295325
0.044502
-0.111289
0.228178
-0.075721
-0.186699
0.041797
-0.767545
-0.143362
0.075375
0.763672
-0.107972
-0.523124
-0.435473
0.146153
0.067837
-0.295325
0.044502
-0.111289
0.228178
-0.075721
-0.186699
0.041797
-0.767545
-0.143362
0.075375
0.763672
-0.107972
-0.523124
-0.435473
0.146153
0.067837
-0.295325
0.044502
-0.111289
0.228178
-0.075721
-0.186699
0.041797
-0.767545
-0.143362
0.075375
0.763672
