-2.396904
-0.417186
21.226780
2.080156
-24.661890
-11.532387
2.141806
1.944589
-1.735044
9.648010
16.429562
3.305938
3.200183
4.733027
9.627326
5.778554
1.355540
0.260378
36.589474
233.869812
-113.932861
55.073898
46.310261
383.582214
-0.596215
63.504154
73.992325
-179.314804
-132.812210
318.869385
49.074543
-196.771774
1.053993
2.583491
-34.155628
-220.185699
104.785553
-45.178116
-45.457470
-362.693665
0.009740
-56.145359
-67.627739
168.737793
119.334419
-298.860413
-45.401054
183.185349
0.154242
0.101438
0.046114
0.345867
0.532200
0.143284
-0.021488
-0.467090
0.391112
-0.127846
0.178395
-0.443135
-0.829285
0.278634
-0.071284
0.325099
0.154242
0.101438
0.046114
0.345867
0.532200
0.143284
-0.021488
-0.467090
0.391112
-0.127846
0.178395
-0.443135
-0.829285
0.278634
-0.071284
0.325099
0.154242
0.101438
0.046114
0.345867
0.532200
0.143284
-0.021488
-0.467090
0.391112
-0.127846
0.178395
-0.443135
-0.829285
0.278634
-0.071284
0.325099
0.154242
0.101438
0.046114
0.345867
0.532200
0.143284
-0.021488
-0.467090
0.391112
-0.127846
0.178395
-0.443135
-0.829285
0.278634
-0.071284
0.325099
0.154242
0.101438
0.046114
0.345867
0.532200
0.143284
-0.021488
-0.467090
0.391112
-0.127846
0.178395
-0.443135
-0.829285
0.278634
-0.071284
0.325099
0.154242
0.101438
0.046114
0.345867
0.532200
0.143284
-0.021488
-0.467090
0.391112
-0.127846
0.178395
-0.443135
-0.829285
0.278634
-0.071284
0.325099
0.154242
0.101438
0.046114
0.345867
0.532200
0.143284
-0.021488
-0.467090
0.391112
-0.127846
0.178395
-0.443135
-0.829285
0.278634
-0.071284
0.325099
0.154242
0.101438
0.046114
0.345867
0.532200
0.143284
-0.021488
-0.467090
0.391112
-0.127846
0.178395
-0.443135
-0.829285
0.278634
-0.071284
0.325099
0.154242
0.101438
0.046114
0.345867
0.532200
0.143284
-0.021488
-0.467090
0.391112
-0.127846
0.178395
-0.443135
-0.829285
0.278634
-0.071284
0.325099
0.154242
0.101438
0.046114
0.345867
0.532200
0.143284
-0.021488
-0.467090
0.391112
-0.127846
0.178395
-0.443135
-0.829285
0.278634
-0.071284
0.325099
0.154242
0.101438
0.046114
0.345867
0.532200
0.143284
-0.021488
-0.467090
0.391112
-0.127846
0.178395
-0.443135
-0.829285
0.278634
-0.071284
0.325099
0.154242
0.101438
0.046114
0.345867
0.532200
0.143284
-0.021488
-0.467090
0.391112
-0.127846
0.178395
-0.443135
-0.829285
0.278634
-0.071284
0.325099
0.154242
0.101438
0.046114
0.345867
0.532200
0.143284
-0.021488
-0.467090
0.391112
-0.127846
0.178395
-0.443135
-0.829285
0.278634
-0.071284
0.325099
0.154242
0.101438
0.046114
0.345867
0.532200
0.143284
-0.021488
-0.467090
0.391112
-0.127846
0.178395
-0.443135
-0.829285
0.278634
-0.071284
0.325099
0.154242
0.101438
0.046114
0.345867
0.532200
0.143284
-0.021488
-0.467090
0.391112
-0.127846
0.178395
-0.443135
-0.829285
0.278634
-0.071284
0.325099
0.154242
0.101438
0.046114
0.345867
0.532200
0.143284
-0.021488
-0.467090
0.391112
-0.127846
0.178395
-0.443135
-0.829285
0.278634
-0.071284
0.325099
0.154242
0.101438
0.046114
0.345867
0.532200
0.143284
-0.021488
-0.467090
0.391112
-0.127846
0.178395
-0.443135
-0.829285
0.278634
-0.071284
0.325099
