-0.226021
3.447756
3.783907
14.662304
-5.138073
-23.215397
1.051051
7.190710
-8.338791
0.040544
1.855720
15.433999
3.315810
2.880015
-1.052153
10.280657
4.044708
-1.535140
138.657715
-161.688782
185.836121
36.562050
364.140503
-260.954681
-16.354340
-56.458946
-228.676254
64.870110
425.917877
16.389437
-287.317230
68.454659
-2.722357
-0.981959
-11.712274
9.307138
-15.669108
-12.414800
-33.891441
18.304615
2.733758
2.442404
15.875167
-3.531698
-31.833420
-6.234383
25.944376
2.510134
-0.265644
2.251633
-6.242164
11.399475
-11.839867
-0.274801
-15.671742
20.456533
4.482700
7.540429
15.460967
-8.609298
-27.081545
4.216169
18.268560
-5.115191
-4.204779
0.137147
-112.563339
118.497063
-140.318802
-18.571884
-284.563019
193.643524
3.891433
43.459339
178.715927
-44.590706
-324.060577
-16.475327
214.189514
-59.044243
0.018402
-0.281961
0.249736
-0.397002
-0.421034
0.058017
-0.649834
0.209629
0.216683
-0.315997
-0.327707
-0.662690
0.369892
-0.574606
-0.389103
0.142642
0.018402
-0.281961
0.249736
-0.397002
-0.421034
0.058017
-0.649834
0.209629
0.216683
-0.315997
-0.327707
-0.662690
0.369892
-0.574606
-0.389103
0.142642
0.018402
-0.281961
0.249736
-0.397002
-0.421034
0.058017
-0.649834
0.209629
0.216683
-0.315997
-0.327707
-0.662690
0.369892
-0.574606
-0.389103
0.142642
0.018402
-0.281961
0.249736
-0.397002
-0.421034
0.058017
-0.649834
0.209629
0.216683
-0.315997
-0.327707
-0.662690
0.369892
-0.574606
-0.389103
0.142642
0.018402
-0.281961
0.249736
-0.397002
-0.421034
0.058017
-0.649834
0.209629
0.216683
-0.315997
-0.327707
-0.662690
0.369892
-0.574606
-0.389103
0.142642
0.018402
-0.281961
0.249736
-0.397002
-0.421034
0.058017
-0.649834
0.209629
0.216683
-0.315997
-0.327707
-0.662690
0.369892
-0.574606
-0.389103
0.142642
0.018402
-0.281961
0.249736
-0.397002
-0.421034
0.058017
-0.649834
0.209629
0.216683
-0.315997
-0.327707
-0.662690
0.369892
-0.574606
-0.389103
0.142642
0.018402
-0.281961
0.249736
-0.397002
-0.421034
0.058017
-0.649834
0.209629
0.216683
-0.315997
-0.327707
-0.662690
0.369892
-0.574606
-0.389103
0.142642
0.018402
-0.281961
0.249736
-0.397002
-0.421034
0.058017
-0.649834
0.209629
0.216683
-0.315997
-0.327707
-0.662690
0.369892
-0.574606
-0.389103
0.142642
0.018402
-0.281961
0.249736
-0.397002
-0.421034
0.058017
-0.649834
0.209629
0.216683
-0.315997
-0.327707
-0.662690
0.369892
-0.574606
-0.389103
0.142642
0.018402
-0.281961
0.249736
-0.397002
-0.421034
0.058017
-0.649834
0.209629
0.216683
-0.315997
-0.327707
-0.662690
0.369892
-0.574606
-0.389103
0.142642
0.018402
-0.281961
0.249736
-0.397002
-0.421034
0.058017
-0.649834
0.209629
0.216683
-0.315997
-0.327707
-0.662690
0.369892
-0.574606
-0.389103
0.142642
0.018402
-0.281961
0.249736
-0.397002
-0.421034
0.058017
-0.649834
0.209629
0.216683
-0.315997
-0.327707
-0.662690
0.369892
-0.574606
-0.389103
0.142642
0.018402
-0.281961
0.249736
-0.397002
-0.421034
0.058017
-0.649834
0.209629
0.216683
-0.315997
-0.327707
-0.662690
0.369892
-0.574606
-0.389103
0.142642
0.018402
-0.281961
0.249736
-0.397002
-0.421034
0.058017
-0.649834
0.209629
0.216683
-0.315997
-0.327707
-0.662690
0.369892
-0.574606
-0.389103
0.142642
