-1.673660
-0.135560
-5.523592
-4.742971
7.774724
8.609468
-3.435921
7.310505
2.130359
-3.099615
-6.519694
-3.835233
-5.624462
-2.664086
-2.078953
-2.142791
2.461676
-1.595631
3.298007
-13.588325
-9.722539
16.032402
3.392231
-2.995033
12.573513
4.035969
7.183983
-13.664604
-1.124867
3.361050
12.441406
-4.815474
-0.171042
-1.496867
-92.789581
41.501068
-289.287201
-129.818192
-345.707031
237.117661
8.175883
-46.882614
194.032745
-27.678278
-391.181488
-180.861221
394.230011
-9.588639
0.094295
1.070788
81.225098
-35.024754
241.696823
108.647552
296.230042
-202.764160
-14.128898
38.264542
-166.775299
23.490046
334.944794
160.266663
-332.670532
8.183997
0.467626
-0.388756
-0.664226
-0.693171
-0.228995
0.241207
-0.013281
0.421564
-0.640368
-0.088742
-0.678159
0.024718
0.166206
-0.495261
-0.277654
0.270314
0.467626
-0.388756
-0.664226
-0.693171
-0.228995
0.241207
-0.013281
0.421564
-0.640368
-0.088742
-0.678159
0.024718
0.166206
-0.495261
-0.277654
0.270314
0.467626
-0.388756
-0.664226
-0.693171
-0.228995
0.241207
-0.013281
0.421564
-0.640368
-0.088742
-0.678159
0.024718
0.166206
-0.495261
-0.277654
0.270314
0.467626
-0.388756
-0.664226
-0.693171
-0.228995
0.241207
-0.013281
0.421564
-0.640368
-0.088742
-0.678159
0.024718
0.166206
-0.495261
-0.277654
0.270314
0.467626
-0.388756
-0.664226
-0.693171
-0.228995
0.241207
-0.013281
0.421564
-0.640368
-0.088742
-0.678159
0.024718
0.166206
-0.495261
-0.277654
0.270314
0.467626
-0.388756
-0.664226
-0.693171
-0.228995
0.241207
-0.013281
0.421564
-0.640368
-0.088742
-0.678159
0.024718
0.166206
-0.495261
-0.277654
0.270314
0.467626
-0.388756
-0.664226
-0.693171
-0.228995
0.241207
-0.013281
0.421564
-0.640368
-0.088742
-0.678159
0.024718
0.166206
-0.495261
-0.277654
0.270314
0.467626
-0.388756
-0.664226
-0.693171
-0.228995
0.241207
-0.013281
0.421564
-0.640368
-0.088742
-0.678159
0.024718
0.166206
-0.495261
-0.277654
0.270314
0.467626
-0.388756
-0.664226
-0.693171
-0.228995
0.241207
-0.013281
0.421564
-0.640368
-0.088742
-0.678159
0.024718
0.166206
-0.495261
-0.277654
0.270314
0.467626
-0.388756
-0.664226
-0.693171
-0.228995
0.241207
-0.013281
0.421564
-0.640368
-0.088742
-0.678159
0.024718
0.166206
-0.495261
-0.277654
0.270314
0.467626
-0.388756
-0.664226
-0.693171
-0.228995
0.241207
-0.013281
0.421564
-0.640368
-0.088742
-0.678159
0.024718
0.166206
-0.495261
-0.277654
0.270314
0.467626
-0.388756
-0.664226
-0.693171
-0.228995
0.241207
-0.013281
0.421564
-0.640368
-0.088742
-0.678159
0.024718
0.166206
-0.495261
-0.277654
0.270314
0.467626
-0.388756
-0.664226
-0.693171
-0.228995
0.241207
-0.013281
0.421564
-0.640368
-0.088742
-0.678159
0.024718
0.166206
-0.495261
-0.277654
0.270314
0.467626
-0.388756
-0.664226
-0.693171
-0.228995
0.241207
-0.013281
0.421564
-0.640368
-0.088742
-0.678159
0.024718
0.166206
-0.495261
-0.277654
0.270314
0.467626
-0.388756
-0.664226
-0.693171
-0.228995
0.241207
-0.013281
0.421564
-0.640368
-0.088742
-0.678159
0.024718
0.166206
-0.495261
-0.277654
0.270314
0.467626
-0.388756
-0.664226
-0.693171
-0.228995
0.241207
-0.013281
0.421564
-0.640368
-0.088742
-0.678159
0.024718
0.166206
-0.495261
-0.277654
0.270314
