-1.912316
-3.273616
-0.986811
30.537262
14.872012
-27.557163
20.686911
-2.063430
-25.151171
9.321875
3.801434
34.426414
10.380956
12.430676
-17.722631
2.342872
0.018586
0.697815
-1.807131
4.615931
-0.072279
-8.847959
4.741070
2.783785
-0.739169
-1.731170
4.085995
6.136448
-3.984632
4.882294
-1.771084
2.974749
0.408851
-1.409277
121.480667
-22.012079
150.601105
263.658600
269.841858
-64.146538
86.902733
48.604595
-157.551971
-119.318588
206.934296
254.197662
-268.679443
-199.074127
-2.240577
0.128190
-98.149025
17.307451
-136.694580
-242.152145
-224.357376
41.452518
-72.552292
-43.301159
144.333389
108.593224
-191.204849
-213.393356
242.317398
176.202560
-0.311733
-0.410099
0.611383
-0.088762
-0.264644
0.496457
0.921431
0.374409
-0.403532
0.034132
0.136691
0.500595
-0.257029
0.449558
0.209187
0.837005
-0.311733
-0.410099
0.611383
-0.088762
-0.264644
0.496457
0.921431
0.374409
-0.403532
0.034132
0.136691
0.500595
-0.257029
0.449558
0.209187
0.837005
-0.311733
-0.410099
0.611383
-0.088762
-0.264644
0.496457
0.921431
0.374409
-0.403532
0.034132
0.136691
0.500595
-0.257029
0.449558
0.209187
0.837005
-0.311733
-0.410099
0.611383
-0.088762
-0.264644
0.496457
0.921431
0.374409
-0.403532
0.034132
0.136691
0.500595
-0.257029
0.449558
0.209187
0.837005
-0.311733
-0.410099
0.611383
-0.088762
-0.264644
0.496457
0.921431
0.374409
-0.403532
0.034132
0.136691
0.500595
-0.257029
0.449558
0.209187
0.837005
-0.311733
-0.410099
0.611383
-0.088762
-0.264644
0.496457
0.921431
0.374409
-0.403532
0.034132
0.136691
0.500595
-0.257029
0.449558
0.209187
0.837005
-0.311733
-0.410099
0.611383
-0.088762
-0.264644
0.496457
0.921431
0.374409
-0.403532
0.034132
0.136691
0.500595
-0.257029
0.449558
0.209187
0.837005
-0.311733
-0.410099
0.611383
-0.088762
-0.264644
0.496457
0.921431
0.374409
-0.403532
0.034132
0.136691
0.500595
-0.257029
0.449558
0.209187
0.837005
-0.311733
-0.410099
0.611383
-0.088762
-0.264644
0.496457
0.921431
0.374409
-0.403532
0.034132
0.136691
0.500595
-0.257029
0.449558
0.209187
0.837005
-0.311733
-0.410099
0.611383
-0.088762
-0.264644
0.496457
0.921431
0.374409
-0.403532
0.034132
0.136691
0.500595
-0.257029
0.449558
0.209187
0.837005
-0.311733
-0.410099
0.611383
-0.088762
-0.264644
0.496457
0.921431
0.374409
-0.403532
0.034132
0.136691
0.500595
-0.257029
0.449558
0.209187
0.837005
-0.311733
-0.410099
0.611383
-0.088762
-0.264644
0.496457
0.921431
0.374409
-0.403532
0.034132
0.136691
0.500595
-0.257029
0.449558
0.209187
0.837005
-0.311733
-0.410099
0.611383
-0.088762
-0.264644
0.496457
0.921431
0.374409
-0.403532
0.034132
0.136691
0.500595
-0.257029
0.449558
0.209187
0.837005
-0.311733
-0.410099
0.611383
-0.088762
-0.264644
0.496457
0.921431
0.374409
-0.403532
0.034132
0.136691
0.500595
-0.257029
0.449558
0.209187
0.837005
-0.311733
-0.410099
0.611383
-0.088762
-0.264644
0.496457
0.921431
0.374409
-0.403532
0.034132
0.136691
0.500595
-0.257029
0.449558
0.209187
0.837005
-0.311733
-0.410099
0.611383
-0.088762
-0.264644
0.496457
0.921431
0.374409
-0.403532
0.034132
0.136691
0.500595
-0.257029
0.449558
0.209187
0.837005
