-4.690085
1.464339
-18.715130
1.592015
31.472380
-3.693108
-1.500193
-4.793575
-6.411132
-12.145153
-20.655970
10.331981
-8.695738
7.313147
-14.607112
-1.615723
0.792507
-2.250985
-223.760132
-114.234436
309.782318
218.446304
435.634430
121.311668
-318.641968
-255.119614
-189.411469
10.475241
185.544739
607.562256
-313.555115
-318.142883
0.869189
-0.172919
15.399456
8.199406
-16.928217
-10.299773
-22.424921
-7.056160
14.172622
8.500787
5.976495
3.830789
-11.347547
-30.663603
16.938646
14.048003
-1.532766
0.593067
125.319969
66.909836
-177.580353
-127.137825
-253.264908
-71.880928
185.530838
149.353638
110.724861
-9.007562
-104.046745
-353.046967
182.003799
184.979156
-0.653121
2.498039
27.458187
13.650053
-40.122887
-26.613754
-56.870224
-16.004156
43.901237
34.820709
24.391655
-2.427368
-23.588730
-83.461967
40.379364
46.596790
-0.638491
0.594169
-0.170420
-0.298435
0.224962
-0.510278
-0.130716
0.167368
0.519525
-0.294019
0.289037
-0.418107
-0.353729
0.455033
-0.017063
-0.111550
-0.638491
0.594169
-0.170420
-0.298435
0.224962
-0.510278
-0.130716
0.167368
0.519525
-0.294019
0.289037
-0.418107
-0.353729
0.455033
-0.017063
-0.111550
-0.638491
0.594169
-0.170420
-0.298435
0.224962
-0.510278
-0.130716
0.167368
0.519525
-0.294019
0.289037
-0.418107
-0.353729
0.455033
-0.017063
-0.111550
-0.638491
0.594169
-0.170420
-0.298435
0.224962
-0.510278
-0.130716
0.167368
0.519525
-0.294019
0.289037
-0.418107
-0.353729
0.455033
-0.017063
-0.111550
-0.638491
0.594169
-0.170420
-0.298435
0.224962
-0.510278
-0.130716
0.167368
0.519525
-0.294019
0.289037
-0.418107
-0.353729
0.455033
-0.017063
-0.111550
-0.638491
0.594169
-0.170420
-0.298435
0.224962
-0.510278
-0.130716
0.167368
0.519525
-0.294019
0.289037
-0.418107
-0.353729
0.455033
-0.017063
-0.111550
-0.638491
0.594169
-0.170420
-0.298435
0.224962
-0.510278
-0.130716
0.167368
0.519525
-0.294019
0.289037
-0.418107
-0.353729
0.455033
-0.017063
-0.111550
-0.638491
0.594169
-0.170420
-0.298435
0.224962
-0.510278
-0.130716
0.167368
0.519525
-0.294019
0.289037
-0.418107
-0.353729
0.455033
-0.017063
-0.111550
-0.638491
0.594169
-0.170420
-0.298435
0.224962
-0.510278
-0.130716
0.167368
0.519525
-0.294019
0.289037
-0.418107
-0.353729
0.455033
-0.017063
-0.111550
-0.638491
0.594169
-0.170420
-0.298435
0.224962
-0.510278
-0.130716
0.167368
0.519525
-0.294019
0.289037
-0.418107
-0.353729
0.455033
-0.017063
-0.111550
-0.638491
0.594169
-0.170420
-0.298435
0.224962
-0.510278
-0.130716
0.167368
0.519525
-0.294019
0.289037
-0.418107
-0.353729
0.455033
-0.017063
-0.111550
-0.638491
0.594169
-0.170420
-0.298435
0.224962
-0.510278
-0.130716
0.167368
0.519525
-0.294019
0.289037
-0.418107
-0.353729
0.455033
-0.017063
-0.111550
-0.638491
0.594169
-0.170420
-0.298435
0.224962
-0.510278
-0.130716
0.167368
0.519525
-0.294019
0.289037
-0.418107
-0.353729
0.455033
-0.017063
-0.111550
-0.638491
0.594169
-0.170420
-0.298435
0.224962
-0.510278
-0.130716
0.167368
0.519525
-0.294019
0.289037
-0.418107
-0.353729
0.455033
-0.017063
-0.111550
-0.638491
0.594169
-0.170420
-0.298435
0.224962
-0.510278
-0.130716
0.167368
0.519525
-0.294019
0.289037
-0.418107
-0.353729
0.455033
-0.017063
-0.111550
