0.423812
-1.141973
-21.947058
1.334766
33.165985
4.862593
-1.596361
-0.884978
0.304978
-1.635864
-11.939247
16.723948
0.141172
6.789814
-6.082708
-2.293654
-0.548926
-0.131599
5.363940
-4.339840
-8.147448
0.709103
-3.290972
-0.493205
2.741249
-0.022305
4.218210
-2.822282
-2.628613
-0.969197
2.487024
2.461533
1.656410
-1.106168
-244.012726
3.310200
357.060333
50.030933
458.585297
-115.305367
-400.822876
-57.252769
-166.836533
100.786041
462.572266
430.679108
-426.891022
-118.379341
0.185333
2.249564
13.887671
3.116177
-14.092673
-6.615261
-20.886318
2.103847
18.476526
6.060206
9.733654
-5.179395
-16.249788
-20.284090
19.289169
6.181342
1.106681
0.582359
8.533669
2.138886
-19.691889
-2.692759
-22.653210
11.021217
19.017879
4.274076
10.026148
-4.441498
-26.025599
-26.584440
20.560213
9.910151
-1.676507
1.150480
136.183151
-3.435004
-189.466248
-26.878561
-242.264374
59.137863
211.279434
33.137371
90.465935
-57.012920
-245.827713
-227.745758
224.937927
63.991558
0.649694
-2.185154
33.267784
0.915430
-53.082825
-6.056127
-72.707893
12.924868
63.042221
7.818227
21.669594
-15.444891
-71.947533
-71.869698
67.403046
20.095083
-0.158159
-0.019900
0.544202
-0.189551
0.236349
-0.146285
-0.027504
-0.422584
-0.260320
-0.236539
0.442917
0.292922
-0.473683
0.028118
-0.431043
-0.099337
-0.158159
-0.019900
0.544202
-0.189551
0.236349
-0.146285
-0.027504
-0.422584
-0.260320
-0.236539
0.442917
0.292922
-0.473683
0.028118
-0.431043
-0.099337
-0.158159
-0.019900
0.544202
-0.189551
0.236349
-0.146285
-0.027504
-0.422584
-0.260320
-0.236539
0.442917
0.292922
-0.473683
0.028118
-0.431043
-0.099337
-0.158159
-0.019900
0.544202
-0.189551
0.236349
-0.146285
-0.027504
-0.422584
-0.260320
-0.236539
0.442917
0.292922
-0.473683
0.028118
-0.431043
-0.099337
-0.158159
-0.019900
0.544202
-0.189551
0.236349
-0.146285
-0.027504
-0.422584
-0.260320
-0.236539
0.442917
0.292922
-0.473683
0.028118
-0.431043
-0.099337
-0.158159
-0.019900
0.544202
-0.189551
0.236349
-0.146285
-0.027504
-0.422584
-0.260320
-0.236539
0.442917
0.292922
-0.473683
0.028118
-0.431043
-0.099337
-0.158159
-0.019900
0.544202
-0.189551
0.236349
-0.146285
-0.027504
-0.422584
-0.260320
-0.236539
0.442917
0.292922
-0.473683
0.028118
-0.431043
-0.099337
-0.158159
-0.019900
0.544202
-0.189551
0.236349
-0.146285
-0.027504
-0.422584
-0.260320
-0.236539
0.442917
0.292922
-0.473683
0.028118
-0.431043
-0.099337
-0.158159
-0.019900
0.544202
-0.189551
0.236349
-0.146285
-0.027504
-0.422584
-0.260320
-0.236539
0.442917
0.292922
-0.473683
0.028118
-0.431043
-0.099337
-0.158159
-0.019900
0.544202
-0.189551
0.236349
-0.146285
-0.027504
-0.422584
-0.260320
-0.236539
0.442917
0.292922
-0.473683
0.028118
-0.431043
-0.099337
-0.158159
-0.019900
0.544202
-0.189551
0.236349
-0.146285
-0.027504
-0.422584
-0.260320
-0.236539
0.442917
0.292922
-0.473683
0.028118
-0.431043
-0.099337
-0.158159
-0.019900
0.544202
-0.189551
0.236349
-0.146285
-0.027504
-0.422584
-0.260320
-0.236539
0.442917
0.292922
-0.473683
0.028118
-0.431043
-0.099337
-0.158159
-0.019900
0.544202
-0.189551
0.236349
-0.146285
-0.027504
-0.422584
-0.260320
-0.236539
0.442917
0.292922
-0.473683
0.028118
-0.431043
-0.099337
