2.764831
-0.597822
202.051376
116.934685
-312.364868
-221.587738
-536.476501
-199.325378
359.229584
292.183289
206.691895
5.799605
-219.687164
-661.258545
317.414764
315.808502
-0.717304
-0.293174
-3.884908
-6.652646
-1.027271
10.173514
0.509440
4.356195
1.974536
-2.918061
-2.378152
-5.626915
-0.035231
0.681840
0.722889
-3.255489
0.603855
0.622247
9.676656
-21.533541
-19.925844
28.842648
4.315025
-2.947260
7.399992
-3.309386
-8.290127
-24.849573
-6.362564
-5.779987
3.545537
-10.094790
1.864059
0.643772
2.709514
6.542016
2.609779
-8.877356
1.725956
-5.259180
-1.963885
2.164829
1.297114
5.117374
-0.773718
-2.021858
-0.942413
3.429754
-5.080013
-1.202891
-5.892502
-5.628333
11.775698
6.958620
22.880775
7.274904
-15.882730
-9.533734
-4.910926
-4.039951
9.929843
27.707733
-12.729916
-11.813750
-2.467807
-0.538531
-8.748374
-6.144736
14.320255
8.790846
27.650272
5.965941
-17.436083
-15.276425
-9.584554
2.375530
14.898530
28.502012
-14.417312
-15.859072
0.394216
-0.024108
-120.111183
-66.758644
182.624313
132.560379
310.193481
113.303864
-205.121872
-165.338455
-119.028793
-5.965698
123.469025
381.290710
-180.908066
-181.238098
0.211689
2.890070
-24.630404
-17.921888
37.676910
32.296204
66.339317
33.011261
-44.479843
-44.779896
-29.565929
-2.176751
24.468409
87.563400
-41.471828
-44.830143
-0.130244
0.492938
0.018045
-0.286407
-0.254183
-0.420165
-0.272559
0.687063
-0.198430
0.361614
0.808761
-0.002955
0.518846
0.628439
-0.184619
0.085181
-0.130244
0.492938
0.018045
-0.286407
-0.254183
-0.420165
-0.272559
0.687063
-0.198430
0.361614
0.808761
-0.002955
0.518846
0.628439
-0.184619
0.085181
-0.130244
0.492938
0.018045
-0.286407
-0.254183
-0.420165
-0.272559
0.687063
-0.198430
0.361614
0.808761
-0.002955
0.518846
0.628439
-0.184619
0.085181
-0.130244
0.492938
0.018045
-0.286407
-0.254183
-0.420165
-0.272559
0.687063
-0.198430
0.361614
0.808761
-0.002955
0.518846
0.628439
-0.184619
0.085181
-0.130244
0.492938
0.018045
-0.286407
-0.254183
-0.420165
-0.272559
0.687063
-0.198430
0.361614
0.808761
-0.002955
0.518846
0.628439
-0.184619
0.085181
-0.130244
0.492938
0.018045
-0.286407
-0.254183
-0.420165
-0.272559
0.687063
-0.198430
0.361614
0.808761
-0.002955
0.518846
0.628439
-0.184619
0.085181
-0.130244
0.492938
0.018045
-0.286407
-0.254183
-0.420165
-0.272559
0.687063
-0.198430
0.361614
0.808761
-0.002955
0.518846
0.628439
-0.184619
0.085181
-0.130244
0.492938
0.018045
-0.286407
-0.254183
-0.420165
-0.272559
0.687063
-0.198430
0.361614
0.808761
-0.002955
0.518846
0.628439
-0.184619
0.085181
-0.130244
0.492938
0.018045
-0.286407
-0.254183
-0.420165
-0.272559
0.687063
-0.198430
0.361614
0.808761
-0.002955
0.518846
0.628439
-0.184619
0.085181
-0.130244
0.492938
0.018045
-0.286407
-0.254183
-0.420165
-0.272559
0.687063
-0.198430
0.361614
0.808761
-0.002955
0.518846
0.628439
-0.184619
0.085181
-0.130244
0.492938
0.018045
-0.286407
-0.254183
-0.420165
-0.272559
0.687063
-0.198430
0.361614
0.808761
-0.002955
0.518846
0.628439
-0.184619
0.085181
-0.130244
0.492938
0.018045
-0.286407
-0.254183
-0.420165
-0.272559
0.687063
-0.198430
0.361614
0.808761
-0.002955
0.518846
0.628439
-0.184619
0.085181
