-1.968414
1.532507
-7.075891
4.341582
-14.190339
1.155485
4.881161
-14.508202
-20.059114
10.527358
10.762140
60.776932
-4.677526
-6.144302
21.647011
16.753624
-19.060007
-6.909182
-617.788025
79.255943
1392.683350
-382.014984
-1992.656128
2915.873779
3248.836426
666.806580
358.232239
-4890.663574
-920.587952
-476.435486
3293.455811
-1080.891846
-0.529884
0.774031
4.013406
1.219549
8.198400
-3.621880
0.501154
7.732831
8.967325
-2.925170
-2.105783
-29.700300
0.253353
5.039097
-8.951153
-7.169816
8.101494
4.309215
337.659882
-46.468689
-727.617615
194.721756
1015.307739
-1538.127808
-1715.340942
-320.889160
-171.481949
2574.623535
480.697815
244.848541
-1718.568359
577.679138
2.906545
2.039296
24.433857
1.216942
-50.123184
10.141764
76.202782
-95.780571
-110.268250
-34.808609
-27.515265
168.228912
27.755983
21.346712
-113.388252
29.172392
1.500283
-1.826294
91.658562
-20.527056
-230.621338
90.877869
313.109283
-518.487061
-550.625671
-80.467102
5.207316
824.285645
164.668381
68.552162
-547.128662
224.188477
2.590810
0.214462
41.841236
-1.040695
-93.936096
15.039417
153.642822
-172.756088
-205.595200
-71.116234
-62.863461
316.088654
59.059429
35.506279
-222.990433
44.377048
0.234280
-0.150273
0.494250
-0.027129
-0.265993
0.008462
0.672879
-0.502520
-0.628410
-0.777751
-0.782177
0.702418
0.417512
0.490016
-0.536022
-0.643067
0.234280
-0.150273
0.494250
-0.027129
-0.265993
0.008462
0.672879
-0.502520
-0.628410
-0.777751
-0.782177
0.702418
0.417512
0.490016
-0.536022
-0.643067
0.234280
-0.150273
0.494250
-0.027129
-0.265993
0.008462
0.672879
-0.502520
-0.628410
-0.777751
-0.782177
0.702418
0.417512
0.490016
-0.536022
-0.643067
0.234280
-0.150273
0.494250
-0.027129
-0.265993
0.008462
0.672879
-0.502520
-0.628410
-0.777751
-0.782177
0.702418
0.417512
0.490016
-0.536022
-0.643067
0.234280
-0.150273
0.494250
-0.027129
-0.265993
0.008462
0.672879
-0.502520
-0.628410
-0.777751
-0.782177
0.702418
0.417512
0.490016
-0.536022
-0.643067
0.234280
-0.150273
0.494250
-0.027129
-0.265993
0.008462
0.672879
-0.502520
-0.628410
-0.777751
-0.782177
0.702418
0.417512
0.490016
-0.536022
-0.643067
0.234280
-0.150273
0.494250
-0.027129
-0.265993
0.008462
0.672879
-0.502520
-0.628410
-0.777751
-0.782177
0.702418
0.417512
0.490016
-0.536022
-0.643067
0.234280
-0.150273
0.494250
-0.027129
-0.265993
0.008462
0.672879
-0.502520
-0.628410
-0.777751
-0.782177
0.702418
0.417512
0.490016
-0.536022
-0.643067
0.234280
-0.150273
0.494250
-0.027129
-0.265993
0.008462
0.672879
-0.502520
-0.628410
-0.777751
-0.782177
0.702418
0.417512
0.490016
-0.536022
-0.643067
0.234280
-0.150273
0.494250
-0.027129
-0.265993
0.008462
0.672879
-0.502520
-0.628410
-0.777751
-0.782177
0.702418
0.417512
0.490016
-0.536022
-0.643067
0.234280
-0.150273
0.494250
-0.027129
-0.265993
0.008462
0.672879
-0.502520
-0.628410
-0.777751
-0.782177
0.702418
0.417512
0.490016
-0.536022
-0.643067
0.234280
-0.150273
0.494250
-0.027129
-0.265993
0.008462
0.672879
-0.502520
-0.628410
-0.777751
-0.782177
0.702418
0.417512
0.490016
-0.536022
-0.643067
0.234280
-0.150273
0.494250
-0.027129
-0.265993
0.008462
0.672879
-0.502520
-0.628410
-0.777751
-0.782177
0.702418
0.417512
0.490016
-0.536022
-0.643067
