-0.403181
-0.289675
-4.464594
-5.055019
1.503363
7.787601
-1.336677
3.185491
0.826661
-4.282056
-1.917631
-5.438076
-0.759945
3.264380
1.524981
-4.484406
3.354393
-0.485278
17.278933
7.164415
-22.088078
-18.596842
-1.610586
4.154401
-0.956785
11.725169
21.465214
-2.844861
6.299785
4.588270
10.103756
7.704082
-0.290422
1.123328
68.620659
214.213669
-67.204781
-252.139450
-355.511475
-248.345139
215.610321
334.823364
241.000748
48.897190
63.028461
-541.616089
111.131310
345.772400
1.758222
-3.072655
-56.818729
-191.825409
56.015007
220.764481
313.630798
214.163589
-186.988556
-294.388763
-209.206512
-46.926918
-46.207676
471.420044
-95.955841
-305.090332
-0.262390
0.215324
-0.040070
-0.070572
-0.218486
-0.237376
0.228719
0.692294
0.132337
0.067327
0.202099
-0.205751
0.634708
-0.028734
0.195085
0.085914
-0.262390
0.215324
-0.040070
-0.070572
-0.218486
-0.237376
0.228719
0.692294
0.132337
0.067327
0.202099
-0.205751
0.634708
-0.028734
0.195085
0.085914
-0.262390
0.215324
-0.040070
-0.070572
-0.218486
-0.237376
0.228719
0.692294
0.132337
0.067327
0.202099
-0.205751
0.634708
-0.028734
0.195085
0.085914
-0.262390
0.215324
-0.040070
-0.070572
-0.218486
-0.237376
0.228719
0.692294
0.132337
0.067327
0.202099
-0.205751
0.634708
-0.028734
0.195085
0.085914
-0.262390
0.215324
-0.040070
-0.070572
-0.218486
-0.237376
0.228719
0.692294
0.132337
0.067327
0.202099
-0.205751
0.634708
-0.028734
0.195085
0.085914
-0.262390
0.215324
-0.040070
-0.070572
-0.218486
-0.237376
0.228719
0.692294
0.132337
0.067327
0.202099
-0.205751
0.634708
-0.028734
0.195085
0.085914
-0.262390
0.215324
-0.040070
-0.070572
-0.218486
-0.237376
0.228719
0.692294
0.132337
0.067327
0.202099
-0.205751
0.634708
-0.028734
0.195085
0.085914
-0.262390
0.215324
-0.040070
-0.070572
-0.218486
-0.237376
0.228719
0.692294
0.132337
0.067327
0.202099
-0.205751
0.634708
-0.028734
0.195085
0.085914
-0.262390
0.215324
-0.040070
-0.070572
-0.218486
-0.237376
0.228719
0.692294
0.132337
0.067327
0.202099
-0.205751
0.634708
-0.028734
0.195085
0.085914
-0.262390
0.215324
-0.040070
-0.070572
-0.218486
-0.237376
0.228719
0.692294
0.132337
0.067327
0.202099
-0.205751
0.634708
-0.028734
0.195085
0.085914
-0.262390
0.215324
-0.040070
-0.070572
-0.218486
-0.237376
0.228719
0.692294
0.132337
0.067327
0.202099
-0.205751
0.634708
-0.028734
0.195085
0.085914
-0.262390
0.215324
-0.040070
-0.070572
-0.218486
-0.237376
0.228719
0.692294
0.132337
0.067327
0.202099
-0.205751
0.634708
-0.028734
0.195085
0.085914
-0.262390
0.215324
-0.040070
-0.070572
-0.218486
-0.237376
0.228719
0.692294
0.132337
0.067327
0.202099
-0.205751
0.634708
-0.028734
0.195085
0.085914
-0.262390
0.215324
-0.040070
-0.070572
-0.218486
-0.237376
0.228719
0.692294
0.132337
0.067327
0.202099
-0.205751
0.634708
-0.028734
0.195085
0.085914
-0.262390
0.215324
-0.040070
-0.070572
-0.218486
-0.237376
0.228719
0.692294
0.132337
0.067327
0.202099
-0.205751
0.634708
-0.028734
0.195085
0.085914
-0.262390
0.215324
-0.040070
-0.070572
-0.218486
-0.237376
0.228719
0.692294
0.132337
0.067327
0.202099
-0.205751
0.634708
-0.028734
0.195085
0.085914
