1.066876
-0.182554
22.215235
74.567284
-35.877720
-106.088570
-291.111420
140.395432
259.381500
-28.384640
112.247017
-110.427681
-162.450729
-251.550964
224.543564
20.710001
-0.561184
0.911149
-10.372599
-36.226833
17.568583
46.405190
133.727478
-72.469261
-122.138641
15.742749
-52.027550
56.647949
84.369804
118.641151
-107.574982
-7.754706
-3.412541
1.129768
4.396301
-3.702734
1.409193
8.235947
25.784723
-7.271494
-19.496214
-1.459636
-9.655006
5.767772
4.425409
19.148956
-16.496796
-5.468748
-0.095858
-0.133805
-8.034839
-13.228818
9.230105
21.225594
53.060463
-33.716534
-48.568104
15.556467
-19.952578
22.472511
38.516022
45.276619
-45.580910
0.958156
1.167707
1.030822
-0.826827
-0.417458
0.272945
-0.109951
-0.465223
0.210051
-0.013264
-0.250622
0.511517
0.612668
-0.122108
-0.016912
-0.118956
0.432959
1.167707
1.030822
-0.826827
-0.417458
0.272945
-0.109951
-0.465223
0.210051
-0.013264
-0.250622
0.511517
0.612668
-0.122108
-0.016912
-0.118956
0.432959
1.167707
1.030822
-0.826827
-0.417458
0.272945
-0.109951
-0.465223
0.210051
-0.013264
-0.250622
0.511517
0.612668
-0.122108
-0.016912
-0.118956
0.432959
1.167707
1.030822
-0.826827
-0.417458
0.272945
-0.109951
-0.465223
0.210051
-0.013264
-0.250622
0.511517
0.612668
-0.122108
-0.016912
-0.118956
0.432959
1.167707
1.030822
-0.826827
-0.417458
0.272945
-0.109951
-0.465223
0.210051
-0.013264
-0.250622
0.511517
0.612668
-0.122108
-0.016912
-0.118956
0.432959
1.167707
1.030822
-0.826827
-0.417458
0.272945
-0.109951
-0.465223
0.210051
-0.013264
-0.250622
0.511517
0.612668
-0.122108
-0.016912
-0.118956
0.432959
1.167707
1.030822
-0.826827
-0.417458
0.272945
-0.109951
-0.465223
0.210051
-0.013264
-0.250622
0.511517
0.612668
-0.122108
-0.016912
-0.118956
0.432959
1.167707
1.030822
-0.826827
-0.417458
0.272945
-0.109951
-0.465223
0.210051
-0.013264
-0.250622
0.511517
0.612668
-0.122108
-0.016912
-0.118956
0.432959
1.167707
1.030822
-0.826827
-0.417458
0.272945
-0.109951
-0.465223
0.210051
-0.013264
-0.250622
0.511517
0.612668
-0.122108
-0.016912
-0.118956
0.432959
1.167707
1.030822
-0.826827
-0.417458
0.272945
-0.109951
-0.465223
0.210051
-0.013264
-0.250622
0.511517
0.612668
-0.122108
-0.016912
-0.118956
0.432959
1.167707
1.030822
-0.826827
-0.417458
0.272945
-0.109951
-0.465223
0.210051
-0.013264
-0.250622
0.511517
0.612668
-0.122108
-0.016912
-0.118956
0.432959
1.167707
1.030822
-0.826827
-0.417458
0.272945
-0.109951
-0.465223
0.210051
-0.013264
-0.250622
0.511517
0.612668
-0.122108
-0.016912
-0.118956
0.432959
1.167707
1.030822
-0.826827
-0.417458
0.272945
-0.109951
-0.465223
0.210051
-0.013264
-0.250622
0.511517
0.612668
-0.122108
-0.016912
-0.118956
0.432959
1.167707
1.030822
-0.826827
-0.417458
0.272945
-0.109951
-0.465223
0.210051
-0.013264
-0.250622
0.511517
0.612668
-0.122108
-0.016912
-0.118956
0.432959
1.167707
1.030822
-0.826827
-0.417458
0.272945
-0.109951
-0.465223
0.210051
-0.013264
-0.250622
0.511517
0.612668
-0.122108
-0.016912
-0.118956
0.432959
1.167707
1.030822
-0.826827
-0.417458
0.272945
-0.109951
-0.465223
0.210051
-0.013264
-0.250622
0.511517
0.612668
-0.122108
-0.016912
-0.118956
0.432959
