0.035526
1.221505
-20.726856
5.653906
23.729349
-3.171919
-8.007462
0.438226
4.516327
-13.227746
-14.825854
0.699351
1.446291
0.871063
-10.844538
-1.869035
-0.686204
-1.063015
115.747620
71.308998
-115.775200
-37.072136
-192.636765
388.784576
360.156830
-263.499268
73.842896
-232.632233
-436.468781
-103.467072
274.954468
-130.523880
1.686950
3.680021
-60.944546
-35.063065
60.802715
19.476357
95.043236
-205.978058
-179.873596
136.516754
-38.767567
123.172195
227.164139
49.657768
-138.137421
70.871750
-0.842125
-3.714928
-5.743163
-6.313247
7.647929
1.003611
13.810017
-24.451418
-25.301517
20.842255
-5.258002
13.810738
27.362661
6.542159
-17.266447
8.255661
2.756742
-0.915201
-19.005873
-12.134509
18.086670
7.917655
35.406628
-67.087723
-64.215332
43.964428
-12.811697
39.337528
75.174454
18.369555
-45.830456
20.449095
0.552942
-0.584028
0.656502
1.161085
-0.450797
-0.532931
-0.017936
-0.603510
-0.220798
-0.372563
0.293797
0.385829
-0.298447
0.027535
0.561093
-0.365309
0.552942
-0.584028
0.656502
1.161085
-0.450797
-0.532931
-0.017936
-0.603510
-0.220798
-0.372563
0.293797
0.385829
-0.298447
0.027535
0.561093
-0.365309
0.552942
-0.584028
0.656502
1.161085
-0.450797
-0.532931
-0.017936
-0.603510
-0.220798
-0.372563
0.293797
0.385829
-0.298447
0.027535
0.561093
-0.365309
0.552942
-0.584028
0.656502
1.161085
-0.450797
-0.532931
-0.017936
-0.603510
-0.220798
-0.372563
0.293797
0.385829
-0.298447
0.027535
0.561093
-0.365309
0.552942
-0.584028
0.656502
1.161085
-0.450797
-0.532931
-0.017936
-0.603510
-0.220798
-0.372563
0.293797
0.385829
-0.298447
0.027535
0.561093
-0.365309
0.552942
-0.584028
0.656502
1.161085
-0.450797
-0.532931
-0.017936
-0.603510
-0.220798
-0.372563
0.293797
0.385829
-0.298447
0.027535
0.561093
-0.365309
0.552942
-0.584028
0.656502
1.161085
-0.450797
-0.532931
-0.017936
-0.603510
-0.220798
-0.372563
0.293797
0.385829
-0.298447
0.027535
0.561093
-0.365309
0.552942
-0.584028
0.656502
1.161085
-0.450797
-0.532931
-0.017936
-0.603510
-0.220798
-0.372563
0.293797
0.385829
-0.298447
0.027535
0.561093
-0.365309
0.552942
-0.584028
0.656502
1.161085
-0.450797
-0.532931
-0.017936
-0.603510
-0.220798
-0.372563
0.293797
0.385829
-0.298447
0.027535
0.561093
-0.365309
0.552942
-0.584028
0.656502
1.161085
-0.450797
-0.532931
-0.017936
-0.603510
-0.220798
-0.372563
0.293797
0.385829
-0.298447
0.027535
0.561093
-0.365309
0.552942
-0.584028
0.656502
1.161085
-0.450797
-0.532931
-0.017936
-0.603510
-0.220798
-0.372563
0.293797
0.385829
-0.298447
0.027535
0.561093
-0.365309
0.552942
-0.584028
0.656502
1.161085
-0.450797
-0.532931
-0.017936
-0.603510
-0.220798
-0.372563
0.293797
0.385829
-0.298447
0.027535
0.561093
-0.365309
0.552942
-0.584028
0.656502
1.161085
-0.450797
-0.532931
-0.017936
-0.603510
-0.220798
-0.372563
0.293797
0.385829
-0.298447
0.027535
0.561093
-0.365309
0.552942
-0.584028
0.656502
1.161085
-0.450797
-0.532931
-0.017936
-0.603510
-0.220798
-0.372563
0.293797
0.385829
-0.298447
0.027535
0.561093
-0.365309
0.552942
-0.584028
0.656502
1.161085
-0.450797
-0.532931
-0.017936
-0.603510
-0.220798
-0.372563
0.293797
0.385829
-0.298447
0.027535
0.561093
-0.365309
