2.041360
5.802441
-4.316320
35.958748
-36.599995
-1.760651
-461.192780
-163.825012
353.657562
193.075653
246.844727
-3.134448
-45.215454
-294.142639
221.117920
235.261734
2.469536
0.165024
-20.859343
6.446204
21.368286
-0.995380
-1.416735
3.072131
4.020724
-8.840567
-13.179369
-1.357190
-2.210941
-4.046705
-14.342491
-0.713834
0.893033
0.501443
5.356822
-21.276815
21.165651
2.476221
255.853836
83.616035
-193.526520
-98.139755
-133.699646
3.270885
33.419811
157.680374
-125.971703
-121.478912
-0.714885
-1.427347
1.096117
-2.202104
-0.771560
2.082388
21.330511
14.044826
-17.194977
-15.466756
-11.985167
-4.955984
-1.335526
16.348026
-5.941389
-18.102016
-2.350653
-2.061689
-4.691991
-3.857534
8.674406
-3.140050
71.149872
8.334623
-60.589024
-22.887594
-40.854401
10.042994
12.177488
44.277271
-45.575344
-29.086552
-0.529716
0.144058
-0.830852
0.489475
0.410292
-0.330942
0.224055
0.076606
0.336600
0.156271
0.248095
0.251333
0.605862
-0.137223
0.342485
-0.026717
-0.529716
0.144058
-0.830852
0.489475
0.410292
-0.330942
0.224055
0.076606
0.336600
0.156271
0.248095
0.251333
0.605862
-0.137223
0.342485
-0.026717
-0.529716
0.144058
-0.830852
0.489475
0.410292
-0.330942
0.224055
0.076606
0.336600
0.156271
0.248095
0.251333
0.605862
-0.137223
0.342485
-0.026717
-0.529716
0.144058
-0.830852
0.489475
0.410292
-0.330942
0.224055
0.076606
0.336600
0.156271
0.248095
0.251333
0.605862
-0.137223
0.342485
-0.026717
-0.529716
0.144058
-0.830852
0.489475
0.410292
-0.330942
0.224055
0.076606
0.336600
0.156271
0.248095
0.251333
0.605862
-0.137223
0.342485
-0.026717
-0.529716
0.144058
-0.830852
0.489475
0.410292
-0.330942
0.224055
0.076606
0.336600
0.156271
0.248095
0.251333
0.605862
-0.137223
0.342485
-0.026717
-0.529716
0.144058
-0.830852
0.489475
0.410292
-0.330942
0.224055
0.076606
0.336600
0.156271
0.248095
0.251333
0.605862
-0.137223
0.342485
-0.026717
-0.529716
0.144058
-0.830852
0.489475
0.410292
-0.330942
0.224055
0.076606
0.336600
0.156271
0.248095
0.251333
0.605862
-0.137223
0.342485
-0.026717
-0.529716
0.144058
-0.830852
0.489475
0.410292
-0.330942
0.224055
0.076606
0.336600
0.156271
0.248095
0.251333
0.605862
-0.137223
0.342485
-0.026717
-0.529716
0.144058
-0.830852
0.489475
0.410292
-0.330942
0.224055
0.076606
0.336600
0.156271
0.248095
0.251333
0.605862
-0.137223
0.342485
-0.026717
-0.529716
0.144058
-0.830852
0.489475
0.410292
-0.330942
0.224055
0.076606
0.336600
0.156271
0.248095
0.251333
0.605862
-0.137223
0.342485
-0.026717
-0.529716
0.144058
-0.830852
0.489475
0.410292
-0.330942
0.224055
0.076606
0.336600
0.156271
0.248095
0.251333
0.605862
-0.137223
0.342485
-0.026717
-0.529716
0.144058
-0.830852
0.489475
0.410292
-0.330942
0.224055
0.076606
0.336600
0.156271
0.248095
0.251333
0.605862
-0.137223
0.342485
-0.026717
-0.529716
0.144058
-0.830852
0.489475
0.410292
-0.330942
0.224055
0.076606
0.336600
0.156271
0.248095
0.251333
0.605862
-0.137223
0.342485
-0.026717
-0.529716
0.144058
-0.830852
0.489475
0.410292
-0.330942
0.224055
0.076606
0.336600
0.156271
0.248095
0.251333
0.605862
-0.137223
0.342485
-0.026717
