0.094777
-4.001112
46.784729
22.840441
-27.938299
-15.422626
-13.257411
6.929120
-1.175291
-13.103093
20.285894
-0.276777
-5.507130
25.255466
6.125805
-19.727938
-3.286268
-2.540393
-4.579842
-11.662563
-7.051577
-5.455386
14.546577
-1.332748
-13.355270
-18.526163
-48.540512
25.944485
11.069325
-9.726995
-11.684338
20.647116
-14.425613
17.582829
-90.592461
694.885681
143.300461
-1295.150024
2255.923828
3057.331543
1466.502441
-2788.968750
-4110.507324
-1943.096924
-853.597900
813.967346
-197.118149
-3384.375732
5.928393
-9.376114
13.567014
-299.314941
-34.074986
539.053284
-982.990723
-1193.785156
-529.805298
1189.246460
1735.962891
696.214539
333.490234
-368.866486
156.229263
1380.116455
-0.156775
-0.260065
8.177860
-32.077991
-12.804018
62.131355
-102.074142
-170.973068
-85.889862
133.068649
202.770355
118.856155
49.458496
-35.567196
-5.337566
174.966721
-1.017267
1.746277
18.015770
-44.091290
-25.304976
76.411697
-101.151917
-209.088120
-117.580284
155.228348
223.972595
156.715958
63.378574
-34.686302
-25.739441
204.569443
4.084891
-5.254761
7.269869
-157.841537
5.170389
314.315430
-636.764160
-688.346924
-291.224609
704.497437
1040.400391
375.784027
182.149902
-210.409454
137.003815
820.117554
0.465119
0.719760
0.381730
0.416414
-0.765617
0.593101
0.267445
-1.130298
-0.836736
0.167261
0.318053
1.506548
0.110178
-0.448651
-0.610979
0.547943
0.465119
0.719760
0.381730
0.416414
-0.765617
0.593101
0.267445
-1.130298
-0.836736
0.167261
0.318053
1.506548
0.110178
-0.448651
-0.610979
0.547943
0.465119
0.719760
0.381730
0.416414
-0.765617
0.593101
0.267445
-1.130298
-0.836736
0.167261
0.318053
1.506548
0.110178
-0.448651
-0.610979
0.547943
0.465119
0.719760
0.381730
0.416414
-0.765617
0.593101
0.267445
-1.130298
-0.836736
0.167261
0.318053
1.506548
0.110178
-0.448651
-0.610979
0.547943
0.465119
0.719760
0.381730
0.416414
-0.765617
0.593101
0.267445
-1.130298
-0.836736
0.167261
0.318053
1.506548
0.110178
-0.448651
-0.610979
0.547943
0.465119
0.719760
0.381730
0.416414
-0.765617
0.593101
0.267445
-1.130298
-0.836736
0.167261
0.318053
1.506548
0.110178
-0.448651
-0.610979
0.547943
0.465119
0.719760
0.381730
0.416414
-0.765617
0.593101
0.267445
-1.130298
-0.836736
0.167261
0.318053
1.506548
0.110178
-0.448651
-0.610979
0.547943
0.465119
0.719760
0.381730
0.416414
-0.765617
0.593101
0.267445
-1.130298
-0.836736
0.167261
0.318053
1.506548
0.110178
-0.448651
-0.610979
0.547943
0.465119
0.719760
0.381730
0.416414
-0.765617
0.593101
0.267445
-1.130298
-0.836736
0.167261
0.318053
1.506548
0.110178
-0.448651
-0.610979
0.547943
0.465119
0.719760
0.381730
0.416414
-0.765617
0.593101
0.267445
-1.130298
-0.836736
0.167261
0.318053
1.506548
0.110178
-0.448651
-0.610979
0.547943
0.465119
0.719760
0.381730
0.416414
-0.765617
0.593101
0.267445
-1.130298
-0.836736
0.167261
0.318053
1.506548
0.110178
-0.448651
-0.610979
0.547943
0.465119
0.719760
0.381730
0.416414
-0.765617
0.593101
0.267445
-1.130298
-0.836736
0.167261
0.318053
1.506548
0.110178
-0.448651
-0.610979
0.547943
0.465119
0.719760
0.381730
0.416414
-0.765617
0.593101
0.267445
-1.130298
-0.836736
0.167261
0.318053
1.506548
0.110178
-0.448651
-0.610979
0.547943
