0.504128
-2.134226
-9.452735
18.033459
16.464518
-17.548903
-2.510924
5.425031
-10.493746
-13.147164
-10.575886
8.517158
-2.587072
2.861511
-8.217436
1.146515
1.620418
4.138120
4.749924
2.064295
-3.651353
-8.403084
7.308081
1.091137
-3.784216
16.872150
22.000975
29.993690
0.683365
9.287174
7.228956
14.234545
0.864540
0.080130
4.271320
-8.202544
-5.299780
7.754682
-6.002502
-4.669092
3.739278
2.813970
1.118330
-5.952153
1.892520
-2.463336
4.453159
1.031593
-1.483658
-0.446591
-8.565937
-2.823456
8.352297
-1.284389
-6.128848
-0.789085
1.639690
3.265737
-1.095530
-5.945309
6.005039
-4.479661
-7.086398
-10.310121
-0.018778
0.655921
-175.763321
-154.854904
21.048706
297.398865
-83.068398
129.939972
-101.622253
-304.675842
-141.701950
-126.932045
-53.423824
318.827271
-40.752712
-321.464294
0.285323
-0.865000
8.958943
6.492223
-3.774444
-14.933259
3.919260
-1.871394
10.968473
21.861412
5.986167
8.534304
8.090774
-19.600042
1.354117
18.182613
1.846051
0.202377
14.038235
11.740047
0.434565
-23.517847
8.547134
-12.631072
10.378615
26.320526
13.419292
12.602773
6.145094
-31.675777
4.914264
26.905695
-1.452807
1.670768
123.497231
112.611641
-11.141042
-212.888474
58.317158
-97.961517
67.550148
216.076233
99.649803
94.028778
36.253620
-226.244125
25.606806
230.976868
0.867985
0.008923
0.540044
0.606700
-0.164233
0.322012
0.533882
0.298962
0.220203
0.214623
-0.025154
0.269244
-0.390758
-0.208397
0.552984
-0.072061
0.867985
0.008923
0.540044
0.606700
-0.164233
0.322012
0.533882
0.298962
0.220203
0.214623
-0.025154
0.269244
-0.390758
-0.208397
0.552984
-0.072061
0.867985
0.008923
0.540044
0.606700
-0.164233
0.322012
0.533882
0.298962
0.220203
0.214623
-0.025154
0.269244
-0.390758
-0.208397
0.552984
-0.072061
0.867985
0.008923
0.540044
0.606700
-0.164233
0.322012
0.533882
0.298962
0.220203
0.214623
-0.025154
0.269244
-0.390758
-0.208397
0.552984
-0.072061
0.867985
0.008923
0.540044
0.606700
-0.164233
0.322012
0.533882
0.298962
0.220203
0.214623
-0.025154
0.269244
-0.390758
-0.208397
0.552984
-0.072061
0.867985
0.008923
0.540044
0.606700
-0.164233
0.322012
0.533882
0.298962
0.220203
0.214623
-0.025154
0.269244
-0.390758
-0.208397
0.552984
-0.072061
0.867985
0.008923
0.540044
0.606700
-0.164233
0.322012
0.533882
0.298962
0.220203
0.214623
-0.025154
0.269244
-0.390758
-0.208397
0.552984
-0.072061
0.867985
0.008923
0.540044
0.606700
-0.164233
0.322012
0.533882
0.298962
0.220203
0.214623
-0.025154
0.269244
-0.390758
-0.208397
0.552984
-0.072061
0.867985
0.008923
0.540044
0.606700
-0.164233
0.322012
0.533882
0.298962
0.220203
0.214623
-0.025154
0.269244
-0.390758
-0.208397
0.552984
-0.072061
0.867985
0.008923
0.540044
0.606700
-0.164233
0.322012
0.533882
0.298962
0.220203
0.214623
-0.025154
0.269244
-0.390758
-0.208397
0.552984
-0.072061
0.867985
0.008923
0.540044
0.606700
-0.164233
0.322012
0.533882
0.298962
0.220203
0.214623
-0.025154
0.269244
-0.390758
-0.208397
0.552984
-0.072061
0.867985
0.008923
0.540044
0.606700
-0.164233
0.322012
0.533882
0.298962
0.220203
0.214623
-0.025154
0.269244
-0.390758
-0.208397
0.552984
-0.072061
