1.724116
21.530119
-18.824183
-34.733295
5.028298
42.447498
28.569012
1.631352
-0.325294
13.273410
-6.716403
-23.331211
9.540308
-25.162550
-22.386303
13.028508
1.718414
1.578008
11.659868
-14.650192
-19.128815
12.569033
4.623493
1.385934
3.331069
10.695993
11.518932
-6.557456
0.325109
2.524101
6.345005
-1.739322
-0.103940
1.531993
4.384647
-7.279666
-5.200892
7.088295
-6.275154
-5.800525
4.309965
1.719363
1.870526
-6.517444
2.113635
-2.378005
6.069928
0.649705
-1.072449
0.945844
-64.474205
-258.543030
-164.114517
290.204376
-151.476105
95.410728
102.658600
-331.158447
-56.921703
-202.967484
-254.453674
240.454620
154.379852
-324.571106
1.309739
-0.236183
17.858860
84.818405
62.331593
-96.330521
56.113995
-29.989828
-39.915089
111.583366
16.147682
68.574699
89.867790
-81.282448
-58.773777
110.523834
0.313239
1.049351
6.281897
14.629467
5.729582
-19.749453
4.825215
-6.625598
-2.740112
17.815479
2.819422
10.851421
12.625072
-16.577837
-5.913714
19.768719
-0.833745
3.427553
6.023794
15.494074
5.178514
-16.304903
8.106150
-8.697592
-3.351935
21.013813
3.710128
12.527565
12.501701
-17.174835
-7.480239
20.468990
0.206498
-1.330706
13.887865
78.044144
54.243252
-83.027138
47.337585
-28.804836
-35.683681
97.663551
15.133757
62.778629
81.038727
-66.559059
-50.077755
94.853676
-0.087224
0.311930
0.055103
-0.268834
0.441874
-0.190204
-0.748500
-0.116533
-0.470117
0.348543
0.332538
0.031313
-0.090938
0.087360
-0.677310
0.369853
-0.087224
0.311930
0.055103
-0.268834
0.441874
-0.190204
-0.748500
-0.116533
-0.470117
0.348543
0.332538
0.031313
-0.090938
0.087360
-0.677310
0.369853
-0.087224
0.311930
0.055103
-0.268834
0.441874
-0.190204
-0.748500
-0.116533
-0.470117
0.348543
0.332538
0.031313
-0.090938
0.087360
-0.677310
0.369853
-0.087224
0.311930
0.055103
-0.268834
0.441874
-0.190204
-0.748500
-0.116533
-0.470117
0.348543
0.332538
0.031313
-0.090938
0.087360
-0.677310
0.369853
-0.087224
0.311930
0.055103
-0.268834
0.441874
-0.190204
-0.748500
-0.116533
-0.470117
0.348543
0.332538
0.031313
-0.090938
0.087360
-0.677310
0.369853
-0.087224
0.311930
0.055103
-0.268834
0.441874
-0.190204
-0.748500
-0.116533
-0.470117
0.348543
0.332538
0.031313
-0.090938
0.087360
-0.677310
0.369853
-0.087224
0.311930
0.055103
-0.268834
0.441874
-0.190204
-0.748500
-0.116533
-0.470117
0.348543
0.332538
0.031313
-0.090938
0.087360
-0.677310
0.369853
-0.087224
0.311930
0.055103
-0.268834
0.441874
-0.190204
-0.748500
-0.116533
-0.470117
0.348543
0.332538
0.031313
-0.090938
0.087360
-0.677310
0.369853
-0.087224
0.311930
0.055103
-0.268834
0.441874
-0.190204
-0.748500
-0.116533
-0.470117
0.348543
0.332538
0.031313
-0.090938
0.087360
-0.677310
0.369853
-0.087224
0.311930
0.055103
-0.268834
0.441874
-0.190204
-0.748500
-0.116533
-0.470117
0.348543
0.332538
0.031313
-0.090938
0.087360
-0.677310
0.369853
-0.087224
0.311930
0.055103
-0.268834
0.441874
-0.190204
-0.748500
-0.116533
-0.470117
0.348543
0.332538
0.031313
-0.090938
0.087360
-0.677310
0.369853
-0.087224
0.311930
0.055103
-0.268834
0.441874
-0.190204
-0.748500
-0.116533
-0.470117
0.348543
0.332538
0.031313
-0.090938
0.087360
-0.677310
0.369853
