1.423242
0.161088
4.618561
-3.011596
-5.396202
4.718355
0.714873
-6.766630
-1.001238
3.790313
3.718269
-5.168237
5.132592
1.710236
2.426076
0.019632
-1.219103
-2.250531
80.096458
-235.218246
-267.893890
138.412048
-132.444794
-23.764036
226.941620
-216.625305
42.079651
-179.290817
-310.302795
99.033211
270.861481
-172.989105
1.403341
-0.106644
-49.524185
150.412537
164.567383
-91.660179
77.721916
14.828899
-140.008682
134.241287
-26.896395
117.852470
191.864349
-58.249996
-163.950684
106.335770
0.753669
1.204933
-7.610041
28.303446
28.062841
-14.783974
17.967854
1.184872
-25.489256
26.495771
-1.133446
17.135721
33.015034
-18.318600
-27.259758
19.931461
0.617875
-0.123888
0.171288
0.463060
-0.122985
0.165030
0.320847
-0.195219
0.600506
-0.682344
-0.342836
0.202118
0.451686
-0.318262
0.480429
-0.410981
0.617875
-0.123888
0.171288
0.463060
-0.122985
0.165030
0.320847
-0.195219
0.600506
-0.682344
-0.342836
0.202118
0.451686
-0.318262
0.480429
-0.410981
0.617875
-0.123888
0.171288
0.463060
-0.122985
0.165030
0.320847
-0.195219
0.600506
-0.682344
-0.342836
0.202118
0.451686
-0.318262
0.480429
-0.410981
0.617875
-0.123888
0.171288
0.463060
-0.122985
0.165030
0.320847
-0.195219
0.600506
-0.682344
-0.342836
0.202118
0.451686
-0.318262
0.480429
-0.410981
0.617875
-0.123888
0.171288
0.463060
-0.122985
0.165030
0.320847
-0.195219
0.600506
-0.682344
-0.342836
0.202118
0.451686
-0.318262
0.480429
-0.410981
0.617875
-0.123888
0.171288
0.463060
-0.122985
0.165030
0.320847
-0.195219
0.600506
-0.682344
-0.342836
0.202118
0.451686
-0.318262
0.480429
-0.410981
0.617875
-0.123888
0.171288
0.463060
-0.122985
0.165030
0.320847
-0.195219
0.600506
-0.682344
-0.342836
0.202118
0.451686
-0.318262
0.480429
-0.410981
0.617875
-0.123888
0.171288
0.463060
-0.122985
0.165030
0.320847
-0.195219
0.600506
-0.682344
-0.342836
0.202118
0.451686
-0.318262
0.480429
-0.410981
0.617875
-0.123888
0.171288
0.463060
-0.122985
0.165030
0.320847
-0.195219
0.600506
-0.682344
-0.342836
0.202118
0.451686
-0.318262
0.480429
-0.410981
0.617875
-0.123888
0.171288
0.463060
-0.122985
0.165030
0.320847
-0.195219
0.600506
-0.682344
-0.342836
0.202118
0.451686
-0.318262
0.480429
-0.410981
0.617875
-0.123888
0.171288
0.463060
-0.122985
0.165030
0.320847
-0.195219
0.600506
-0.682344
-0.342836
0.202118
0.451686
-0.318262
0.480429
-0.410981
0.617875
-0.123888
0.171288
0.463060
-0.122985
0.165030
0.320847
-0.195219
0.600506
-0.682344
-0.342836
0.202118
0.451686
-0.318262
0.480429
-0.410981
0.617875
-0.123888
0.171288
0.463060
-0.122985
0.165030
0.320847
-0.195219
0.600506
-0.682344
-0.342836
0.202118
0.451686
-0.318262
0.480429
-0.410981
0.617875
-0.123888
0.171288
0.463060
-0.122985
0.165030
0.320847
-0.195219
0.600506
-0.682344
-0.342836
0.202118
0.451686
-0.318262
0.480429
-0.410981
0.617875
-0.123888
0.171288
0.463060
-0.122985
0.165030
0.320847
-0.195219
0.600506
-0.682344
-0.342836
0.202118
0.451686
-0.318262
0.480429
-0.410981
0.617875
-0.123888
0.171288
0.463060
-0.122985
0.165030
0.320847
-0.195219
0.600506
-0.682344
-0.342836
0.202118
0.451686
-0.318262
0.480429
-0.410981
