-0.682557
0.139509
-15.704224
14.074185
22.640041
-9.456468
-2.707064
-2.154324
-4.037531
-11.768039
-8.366364
7.543760
-3.218523
-0.579565
-14.268403
3.313827
-1.691227
2.516484
198.041336
-35.092934
-191.485626
-139.330734
-12.158841
-122.996361
259.655182
125.526512
159.360901
-19.581732
-167.766571
-224.967560
216.595032
157.159805
0.942747
-1.513938
-189.722656
29.812450
183.610153
136.454605
14.489256
117.949692
-248.515213
-117.788719
-155.179428
20.010689
161.561050
212.282166
-209.508881
-150.276611
-0.358172
0.127986
-0.164542
-0.708699
-0.185302
0.388779
-0.142415
0.531103
-0.045459
0.046676
-0.054578
-0.263069
0.038057
-0.282881
0.072916
0.453710
-0.358172
0.127986
-0.164542
-0.708699
-0.185302
0.388779
-0.142415
0.531103
-0.045459
0.046676
-0.054578
-0.263069
0.038057
-0.282881
0.072916
0.453710
-0.358172
0.127986
-0.164542
-0.708699
-0.185302
0.388779
-0.142415
0.531103
-0.045459
0.046676
-0.054578
-0.263069
0.038057
-0.282881
0.072916
0.453710
-0.358172
0.127986
-0.164542
-0.708699
-0.185302
0.388779
-0.142415
0.531103
-0.045459
0.046676
-0.054578
-0.263069
0.038057
-0.282881
0.072916
0.453710
-0.358172
0.127986
-0.164542
-0.708699
-0.185302
0.388779
-0.142415
0.531103
-0.045459
0.046676
-0.054578
-0.263069
0.038057
-0.282881
0.072916
0.453710
-0.358172
0.127986
-0.164542
-0.708699
-0.185302
0.388779
-0.142415
0.531103
-0.045459
0.046676
-0.054578
-0.263069
0.038057
-0.282881
0.072916
0.453710
-0.358172
0.127986
-0.164542
-0.708699
-0.185302
0.388779
-0.142415
0.531103
-0.045459
0.046676
-0.054578
-0.263069
0.038057
-0.282881
0.072916
0.453710
-0.358172
0.127986
-0.164542
-0.708699
-0.185302
0.388779
-0.142415
0.531103
-0.045459
0.046676
-0.054578
-0.263069
0.038057
-0.282881
0.072916
0.453710
-0.358172
0.127986
-0.164542
-0.708699
-0.185302
0.388779
-0.142415
0.531103
-0.045459
0.046676
-0.054578
-0.263069
0.038057
-0.282881
0.072916
0.453710
-0.358172
0.127986
-0.164542
-0.708699
-0.185302
0.388779
-0.142415
0.531103
-0.045459
0.046676
-0.054578
-0.263069
0.038057
-0.282881
0.072916
0.453710
-0.358172
0.127986
-0.164542
-0.708699
-0.185302
0.388779
-0.142415
0.531103
-0.045459
0.046676
-0.054578
-0.263069
0.038057
-0.282881
0.072916
0.453710
-0.358172
0.127986
-0.164542
-0.708699
-0.185302
0.388779
-0.142415
0.531103
-0.045459
0.046676
-0.054578
-0.263069
0.038057
-0.282881
0.072916
0.453710
-0.358172
0.127986
-0.164542
-0.708699
-0.185302
0.388779
-0.142415
0.531103
-0.045459
0.046676
-0.054578
-0.263069
0.038057
-0.282881
0.072916
0.453710
-0.358172
0.127986
-0.164542
-0.708699
-0.185302
0.388779
-0.142415
0.531103
-0.045459
0.046676
-0.054578
-0.263069
0.038057
-0.282881
0.072916
0.453710
-0.358172
0.127986
-0.164542
-0.708699
-0.185302
0.388779
-0.142415
0.531103
-0.045459
0.046676
-0.054578
-0.263069
0.038057
-0.282881
0.072916
0.453710
-0.358172
0.127986
-0.164542
-0.708699
-0.185302
0.388779
-0.142415
0.531103
-0.045459
0.046676
-0.054578
-0.263069
0.038057
-0.282881
0.072916
0.453710
-0.358172
0.127986
-0.164542
-0.708699
-0.185302
0.388779
-0.142415
0.531103
-0.045459
0.046676
-0.054578
-0.263069
0.038057
-0.282881
0.072916
0.453710
