-12.283319
-3.246361
-33.976410
20.651281
35.432240
-13.155749
1.127864
-14.783754
8.419950
1.303576
-13.656381
19.238352
-24.059820
-15.684863
11.582085
23.095045
-10.009016
16.696314
333.433319
678.818115
266.579712
-1564.218384
2101.262207
2125.156738
624.808289
-2612.406250
-3836.545410
-691.995667
-818.694702
927.410706
-810.326233
-2765.101563
-0.976983
-0.626026
6.370975
-6.117629
-14.160914
-9.364942
13.464312
3.539177
-7.576934
-18.375479
-44.199387
9.261326
14.094691
-2.281296
-14.507357
10.765053
-0.117550
3.138654
-4.404924
3.244747
6.734287
4.768303
-9.518671
-1.569115
4.344087
11.742632
24.439337
-8.373805
-4.568257
0.032449
7.718884
-8.424708
7.654649
-9.607682
-201.778885
-419.553528
-186.308105
948.038391
-1228.536621
-1296.798706
-413.928253
1573.944214
2319.365234
463.134949
507.501740
-552.132080
462.032471
1678.773438
5.874459
0.106159
-10.977207
-22.328091
-13.626569
48.001770
-64.902473
-72.537888
-27.766865
81.801926
119.741074
38.331299
27.283916
-27.582037
17.378492
93.666740
1.477862
-3.456411
-23.114819
-87.757874
-55.454006
183.057739
-226.245819
-303.180237
-117.908463
304.079254
448.487427
150.291229
116.403061
-96.639153
46.121056
350.599121
-3.111145
-1.384690
-24.590590
-33.146187
2.342963
84.704506
-131.305496
-93.192039
-8.345554
142.837555
207.873764
-2.415841
33.946671
-58.273315
70.203888
138.721725
-0.010520
0.503251
-0.177058
-0.610915
-0.237585
0.021936
0.134644
-0.582380
-0.377147
1.330837
0.844675
1.632033
0.295307
0.485054
-0.099710
0.613387
-0.010520
0.503251
-0.177058
-0.610915
-0.237585
0.021936
0.134644
-0.582380
-0.377147
1.330837
0.844675
1.632033
0.295307
0.485054
-0.099710
0.613387
-0.010520
0.503251
-0.177058
-0.610915
-0.237585
0.021936
0.134644
-0.582380
-0.377147
1.330837
0.844675
1.632033
0.295307
0.485054
-0.099710
0.613387
-0.010520
0.503251
-0.177058
-0.610915
-0.237585
0.021936
0.134644
-0.582380
-0.377147
1.330837
0.844675
1.632033
0.295307
0.485054
-0.099710
0.613387
-0.010520
0.503251
-0.177058
-0.610915
-0.237585
0.021936
0.134644
-0.582380
-0.377147
1.330837
0.844675
1.632033
0.295307
0.485054
-0.099710
0.613387
-0.010520
0.503251
-0.177058
-0.610915
-0.237585
0.021936
0.134644
-0.582380
-0.377147
1.330837
0.844675
1.632033
0.295307
0.485054
-0.099710
0.613387
-0.010520
0.503251
-0.177058
-0.610915
-0.237585
0.021936
0.134644
-0.582380
-0.377147
1.330837
0.844675
1.632033
0.295307
0.485054
-0.099710
0.613387
-0.010520
0.503251
-0.177058
-0.610915
-0.237585
0.021936
0.134644
-0.582380
-0.377147
1.330837
0.844675
1.632033
0.295307
0.485054
-0.099710
0.613387
-0.010520
0.503251
-0.177058
-0.610915
-0.237585
0.021936
0.134644
-0.582380
-0.377147
1.330837
0.844675
1.632033
0.295307
0.485054
-0.099710
0.613387
-0.010520
0.503251
-0.177058
-0.610915
-0.237585
0.021936
0.134644
-0.582380
-0.377147
1.330837
0.844675
1.632033
0.295307
0.485054
-0.099710
0.613387
-0.010520
0.503251
-0.177058
-0.610915
-0.237585
0.021936
0.134644
-0.582380
-0.377147
1.330837
0.844675
1.632033
0.295307
0.485054
-0.099710
0.613387
-0.010520
0.503251
-0.177058
-0.610915
-0.237585
0.021936
0.134644
-0.582380
-0.377147
1.330837
0.844675
1.632033
0.295307
0.485054
-0.099710
0.613387
