2.259633
2.760043
28.600502
-33.295650
-62.630569
-97.816498
-79.857605
-348.880554
44.355480
270.989746
112.633720
125.366951
90.493874
-304.226959
27.215040
280.088898
-0.073972
-1.381063
1.420177
15.399714
2.972120
-20.791231
-0.719704
4.543010
-11.996955
-2.134022
-7.118773
8.426158
-0.855095
-2.706580
-8.196983
9.244802
-0.704095
0.620407
-8.475711
-3.398175
7.168571
5.400943
-1.790744
5.459918
1.456264
-1.386538
-5.894850
-0.580116
-2.682425
-1.708556
-1.740222
-2.679615
0.600931
0.710659
7.096118
4.402311
-6.923069
-4.960904
1.539087
-5.138262
-2.087736
2.004364
6.809367
1.560720
3.425833
1.842398
1.191482
2.584106
-1.060959
-1.324551
-1.172921
4.055172
5.166789
4.947334
12.919306
26.886786
-8.988886
-14.490387
-4.745709
-5.759104
-0.031372
21.182972
-6.119156
-20.059563
-0.450140
0.964177
-19.763443
19.725712
48.212437
79.278336
63.344204
269.430756
-37.369305
-210.252045
-92.092033
-98.368103
-69.266441
235.364914
-22.586369
-216.897583
-0.383245
0.299897
-0.105976
-0.068617
0.892251
0.062263
0.178239
-1.186886
-0.769076
0.157684
-0.043079
0.706128
-0.329839
-0.246161
-0.200749
0.091868
-0.383245
0.299897
-0.105976
-0.068617
0.892251
0.062263
0.178239
-1.186886
-0.769076
0.157684
-0.043079
0.706128
-0.329839
-0.246161
-0.200749
0.091868
-0.383245
0.299897
-0.105976
-0.068617
0.892251
0.062263
0.178239
-1.186886
-0.769076
0.157684
-0.043079
0.706128
-0.329839
-0.246161
-0.200749
0.091868
-0.383245
0.299897
-0.105976
-0.068617
0.892251
0.062263
0.178239
-1.186886
-0.769076
0.157684
-0.043079
0.706128
-0.329839
-0.246161
-0.200749
0.091868
-0.383245
0.299897
-0.105976
-0.068617
0.892251
0.062263
0.178239
-1.186886
-0.769076
0.157684
-0.043079
0.706128
-0.329839
-0.246161
-0.200749
0.091868
-0.383245
0.299897
-0.105976
-0.068617
0.892251
0.062263
0.178239
-1.186886
-0.769076
0.157684
-0.043079
0.706128
-0.329839
-0.246161
-0.200749
0.091868
-0.383245
0.299897
-0.105976
-0.068617
0.892251
0.062263
0.178239
-1.186886
-0.769076
0.157684
-0.043079
0.706128
-0.329839
-0.246161
-0.200749
0.091868
-0.383245
0.299897
-0.105976
-0.068617
0.892251
0.062263
0.178239
-1.186886
-0.769076
0.157684
-0.043079
0.706128
-0.329839
-0.246161
-0.200749
0.091868
-0.383245
0.299897
-0.105976
-0.068617
0.892251
0.062263
0.178239
-1.186886
-0.769076
0.157684
-0.043079
0.706128
-0.329839
-0.246161
-0.200749
0.091868
-0.383245
0.299897
-0.105976
-0.068617
0.892251
0.062263
0.178239
-1.186886
-0.769076
0.157684
-0.043079
0.706128
-0.329839
-0.246161
-0.200749
0.091868
-0.383245
0.299897
-0.105976
-0.068617
0.892251
0.062263
0.178239
-1.186886
-0.769076
0.157684
-0.043079
0.706128
-0.329839
-0.246161
-0.200749
0.091868
-0.383245
0.299897
-0.105976
-0.068617
0.892251
0.062263
0.178239
-1.186886
-0.769076
0.157684
-0.043079
0.706128
-0.329839
-0.246161
-0.200749
0.091868
-0.383245
0.299897
-0.105976
-0.068617
0.892251
0.062263
0.178239
-1.186886
-0.769076
0.157684
-0.043079
0.706128
-0.329839
-0.246161
-0.200749
0.091868
-0.383245
0.299897
-0.105976
-0.068617
0.892251
0.062263
0.178239
-1.186886
-0.769076
0.157684
-0.043079
0.706128
-0.329839
-0.246161
-0.200749
0.091868
