0.395268
0.793624
-3.381224
-18.961340
0.861631
21.757467
2.083553
-6.850235
11.588188
5.058873
3.686312
-13.361024
0.941304
-0.506021
4.578107
-8.541201
-2.363587
0.635146
-35.289799
54.418453
172.166367
0.525782
408.081116
223.951309
-334.069794
-205.413437
-237.017838
-13.264111
273.484680
326.696472
-274.419281
-214.854691
0.230416
1.799801
0.104235
-0.269297
-8.157801
-4.747845
-24.293900
-9.049204
19.445621
11.404591
14.123445
3.798207
-17.721703
-19.197174
15.154660
12.880837
1.013592
2.763198
1.069093
-3.604703
-9.479491
0.235815
-20.499735
-7.286308
17.563305
12.581507
13.435975
-0.970958
-16.083738
-17.698984
16.516771
11.423872
3.115071
-0.718192
16.414764
-22.508793
-70.425407
-0.773832
-167.673492
-98.894783
136.197647
90.324364
99.477562
6.542724
-110.755928
-136.644928
110.828598
92.534637
-1.680311
-1.211816
11.548224
-13.696148
-42.941082
2.635422
-90.852669
-58.154026
78.481133
49.043217
54.849129
3.030417
-63.265163
-77.330650
63.834232
52.506985
-0.096349
-0.113055
0.290591
0.351367
0.063260
-0.006187
-0.135613
-0.068126
-0.328449
0.260237
0.415185
0.342553
-0.530375
0.206519
0.139163
0.156541
-0.096349
-0.113055
0.290591
0.351367
0.063260
-0.006187
-0.135613
-0.068126
-0.328449
0.260237
0.415185
0.342553
-0.530375
0.206519
0.139163
0.156541
-0.096349
-0.113055
0.290591
0.351367
0.063260
-0.006187
-0.135613
-0.068126
-0.328449
0.260237
0.415185
0.342553
-0.530375
0.206519
0.139163
0.156541
-0.096349
-0.113055
0.290591
0.351367
0.063260
-0.006187
-0.135613
-0.068126
-0.328449
0.260237
0.415185
0.342553
-0.530375
0.206519
0.139163
0.156541
-0.096349
-0.113055
0.290591
0.351367
0.063260
-0.006187
-0.135613
-0.068126
-0.328449
0.260237
0.415185
0.342553
-0.530375
0.206519
0.139163
0.156541
-0.096349
-0.113055
0.290591
0.351367
0.063260
-0.006187
-0.135613
-0.068126
-0.328449
0.260237
0.415185
0.342553
-0.530375
0.206519
0.139163
0.156541
-0.096349
-0.113055
0.290591
0.351367
0.063260
-0.006187
-0.135613
-0.068126
-0.328449
0.260237
0.415185
0.342553
-0.530375
0.206519
0.139163
0.156541
-0.096349
-0.113055
0.290591
0.351367
0.063260
-0.006187
-0.135613
-0.068126
-0.328449
0.260237
0.415185
0.342553
-0.530375
0.206519
0.139163
0.156541
-0.096349
-0.113055
0.290591
0.351367
0.063260
-0.006187
-0.135613
-0.068126
-0.328449
0.260237
0.415185
0.342553
-0.530375
0.206519
0.139163
0.156541
-0.096349
-0.113055
0.290591
0.351367
0.063260
-0.006187
-0.135613
-0.068126
-0.328449
0.260237
0.415185
0.342553
-0.530375
0.206519
0.139163
0.156541
-0.096349
-0.113055
0.290591
0.351367
0.063260
-0.006187
-0.135613
-0.068126
-0.328449
0.260237
0.415185
0.342553
-0.530375
0.206519
0.139163
0.156541
-0.096349
-0.113055
0.290591
0.351367
0.063260
-0.006187
-0.135613
-0.068126
-0.328449
0.260237
0.415185
0.342553
-0.530375
0.206519
0.139163
0.156541
-0.096349
-0.113055
0.290591
0.351367
0.063260
-0.006187
-0.135613
-0.068126
-0.328449
0.260237
0.415185
0.342553
-0.530375
0.206519
0.139163
0.156541
-0.096349
-0.113055
0.290591
0.351367
0.063260
-0.006187
-0.135613
-0.068126
-0.328449
0.260237
0.415185
0.342553
-0.530375
0.206519
0.139163
0.156541
