-3.290593
-2.162063
3.171422
-85.847458
-124.297905
145.509705
-365.518097
282.964447
315.705109
-229.156219
121.935669
-197.691681
-445.508179
83.707817
348.188690
-163.519882
1.589528
1.202526
-3.648638
34.021305
46.675282
-53.692947
139.718231
-100.527412
-117.090996
81.870407
-48.063236
70.911949
157.844910
-28.220257
-129.894058
59.089172
-2.420964
-1.510647
1.026241
4.016605
4.364134
-10.637657
18.470818
-18.432579
-17.159893
14.630336
-7.264408
13.484548
31.733389
-6.170238
-19.866562
10.255461
1.831428
0.741150
0.055187
4.203576
4.076219
-8.167778
15.609971
-17.252409
-13.806731
13.412704
-7.010063
12.271680
24.536879
-6.063042
-16.903183
7.843664
1.890874
1.519285
-2.118769
26.932327
38.316959
-42.110767
103.287086
-72.357765
-91.298294
59.802582
-34.948517
54.429962
124.893250
-19.451944
-100.193687
45.527187
1.244463
-0.553296
0.176679
0.133939
-0.269322
0.674860
-0.281752
0.335000
0.126256
-0.638218
0.011898
-0.096074
0.671338
0.132936
0.556155
-0.293958
1.244463
-0.553296
0.176679
0.133939
-0.269322
0.674860
-0.281752
0.335000
0.126256
-0.638218
0.011898
-0.096074
0.671338
0.132936
0.556155
-0.293958
1.244463
-0.553296
0.176679
0.133939
-0.269322
0.674860
-0.281752
0.335000
0.126256
-0.638218
0.011898
-0.096074
0.671338
0.132936
0.556155
-0.293958
1.244463
-0.553296
0.176679
0.133939
-0.269322
0.674860
-0.281752
0.335000
0.126256
-0.638218
0.011898
-0.096074
0.671338
0.132936
0.556155
-0.293958
1.244463
-0.553296
0.176679
0.133939
-0.269322
0.674860
-0.281752
0.335000
0.126256
-0.638218
0.011898
-0.096074
0.671338
0.132936
0.556155
-0.293958
1.244463
-0.553296
0.176679
0.133939
-0.269322
0.674860
-0.281752
0.335000
0.126256
-0.638218
0.011898
-0.096074
0.671338
0.132936
0.556155
-0.293958
1.244463
-0.553296
0.176679
0.133939
-0.269322
0.674860
-0.281752
0.335000
0.126256
-0.638218
0.011898
-0.096074
0.671338
0.132936
0.556155
-0.293958
1.244463
-0.553296
0.176679
0.133939
-0.269322
0.674860
-0.281752
0.335000
0.126256
-0.638218
0.011898
-0.096074
0.671338
0.132936
0.556155
-0.293958
1.244463
-0.553296
0.176679
0.133939
-0.269322
0.674860
-0.281752
0.335000
0.126256
-0.638218
0.011898
-0.096074
0.671338
0.132936
0.556155
-0.293958
1.244463
-0.553296
0.176679
0.133939
-0.269322
0.674860
-0.281752
0.335000
0.126256
-0.638218
0.011898
-0.096074
0.671338
0.132936
0.556155
-0.293958
1.244463
-0.553296
0.176679
0.133939
-0.269322
0.674860
-0.281752
0.335000
0.126256
-0.638218
0.011898
-0.096074
0.671338
0.132936
0.556155
-0.293958
1.244463
-0.553296
0.176679
0.133939
-0.269322
0.674860
-0.281752
0.335000
0.126256
-0.638218
0.011898
-0.096074
0.671338
0.132936
0.556155
-0.293958
1.244463
-0.553296
0.176679
0.133939
-0.269322
0.674860
-0.281752
0.335000
0.126256
-0.638218
0.011898
-0.096074
0.671338
0.132936
0.556155
-0.293958
1.244463
-0.553296
0.176679
0.133939
-0.269322
0.674860
-0.281752
0.335000
0.126256
-0.638218
0.011898
-0.096074
0.671338
0.132936
0.556155
-0.293958
1.244463
-0.553296
0.176679
0.133939
-0.269322
0.674860
-0.281752
0.335000
0.126256
-0.638218
0.011898
-0.096074
0.671338
0.132936
0.556155
-0.293958
