-1.503823
2.730566
-12.179106
-17.599947
9.734555
20.496960
-1.325289
-3.286291
8.765775
-1.102251
-1.913004
-13.465336
0.100830
1.006149
1.101505
-5.513994
-0.972336
-0.522310
-6.944968
-8.068598
4.225095
8.990456
-4.169856
4.050782
4.059570
-0.658541
-5.598577
-5.090195
-1.932998
-4.178028
3.160568
-4.408839
0.834198
0.894804
43.743484
84.171646
44.461941
-195.188446
215.106506
-387.332672
-188.906250
318.285370
-29.666340
217.371292
356.535339
-255.856491
-242.738770
292.163574
2.922513
-0.121257
-3.209818
-4.776264
-2.162538
8.068727
-11.690173
24.026834
4.975346
-16.249832
-0.420826
-10.811707
-17.547134
16.155416
11.919787
-17.186451
-1.354000
-2.444345
-20.508512
-40.831879
-21.859154
90.844872
-102.975731
176.903214
92.019127
-147.267426
12.152026
-102.647766
-164.596024
114.540749
114.840965
-132.013031
3.793884
0.869846
-3.448869
-4.167071
-0.975641
12.031734
-5.454909
23.524277
5.558685
-17.454973
2.900965
-13.540033
-16.327055
14.178209
11.552401
-18.049412
-0.850603
2.172329
-9.576302
-18.682255
-8.400041
40.994629
-41.983082
75.040390
41.168873
-61.037327
6.474489
-43.017166
-73.484314
49.953716
49.685314
-58.418892
0.309685
-0.136248
0.082859
0.064223
-0.024445
0.120548
0.899434
-0.658206
-0.003669
-0.583929
0.101168
0.144940
0.155861
0.261465
0.041300
-0.196436
0.309685
-0.136248
0.082859
0.064223
-0.024445
0.120548
0.899434
-0.658206
-0.003669
-0.583929
0.101168
0.144940
0.155861
0.261465
0.041300
-0.196436
0.309685
-0.136248
0.082859
0.064223
-0.024445
0.120548
0.899434
-0.658206
-0.003669
-0.583929
0.101168
0.144940
0.155861
0.261465
0.041300
-0.196436
0.309685
-0.136248
0.082859
0.064223
-0.024445
0.120548
0.899434
-0.658206
-0.003669
-0.583929
0.101168
0.144940
0.155861
0.261465
0.041300
-0.196436
0.309685
-0.136248
0.082859
0.064223
-0.024445
0.120548
0.899434
-0.658206
-0.003669
-0.583929
0.101168
0.144940
0.155861
0.261465
0.041300
-0.196436
0.309685
-0.136248
0.082859
0.064223
-0.024445
0.120548
0.899434
-0.658206
-0.003669
-0.583929
0.101168
0.144940
0.155861
0.261465
0.041300
-0.196436
0.309685
-0.136248
0.082859
0.064223
-0.024445
0.120548
0.899434
-0.658206
-0.003669
-0.583929
0.101168
0.144940
0.155861
0.261465
0.041300
-0.196436
0.309685
-0.136248
0.082859
0.064223
-0.024445
0.120548
0.899434
-0.658206
-0.003669
-0.583929
0.101168
0.144940
0.155861
0.261465
0.041300
-0.196436
0.309685
-0.136248
0.082859
0.064223
-0.024445
0.120548
0.899434
-0.658206
-0.003669
-0.583929
0.101168
0.144940
0.155861
0.261465
0.041300
-0.196436
0.309685
-0.136248
0.082859
0.064223
-0.024445
0.120548
0.899434
-0.658206
-0.003669
-0.583929
0.101168
0.144940
0.155861
0.261465
0.041300
-0.196436
0.309685
-0.136248
0.082859
0.064223
-0.024445
0.120548
0.899434
-0.658206
-0.003669
-0.583929
0.101168
0.144940
0.155861
0.261465
0.041300
-0.196436
0.309685
-0.136248
0.082859
0.064223
-0.024445
0.120548
0.899434
-0.658206
-0.003669
-0.583929
0.101168
0.144940
0.155861
0.261465
0.041300
-0.196436
0.309685
-0.136248
0.082859
0.064223
-0.024445
0.120548
0.899434
-0.658206
-0.003669
-0.583929
0.101168
0.144940
0.155861
0.261465
0.041300
-0.196436
