1.050770
1.794753
-43.810955
211.916962
55.712692
147.400726
78.852287
140.296707
23.536045
-1.800654
-63.790924
23.876913
102.172096
-76.398476
-49.708496
-27.659157
6.287433
1.585301
-2.856149
-19.975420
17.133356
14.469417
29.989271
32.457539
17.489960
3.338476
14.739138
-16.689863
-19.582544
-24.150984
-4.508701
15.180472
-5.491084
2.012139
-19.182598
-8.674577
21.882853
-12.888564
47.119446
-16.908239
12.692685
-21.613504
-12.795550
-16.978748
-33.925102
8.442683
17.583208
5.190782
-9.919055
-1.277484
-9.341775
9.716742
6.894456
-28.728273
15.316978
-35.459248
-8.001083
-19.712370
-16.569014
-3.129076
-10.547970
24.482533
14.085622
-11.457918
4.091247
3.197314
12.562240
24.527214
-40.695381
-18.293341
-54.628487
-26.219639
-31.613747
9.907912
-10.302066
35.290264
38.975937
16.325893
-14.205553
-22.936312
-5.199435
1.498686
33.638638
-13.318334
-25.296541
42.732910
-43.338669
68.747231
10.164672
40.334682
39.564461
12.974353
29.675425
-44.528042
-32.396069
6.698018
4.834242
-1.727886
0.548581
-28.705069
16.577147
32.967995
30.177498
55.597309
31.046461
14.366039
22.478968
-17.576923
-19.248831
-39.927376
-11.899235
25.151333
0.460308
0.590933
2.891196
-9.136453
-9.355713
-5.344065
-2.391496
-6.711155
-2.844432
3.153276
-0.955000
-6.654173
6.418995
1.988290
5.053866
9.587105
2.845428
-2.639945
18.529568
-2.636024
-13.558668
18.601175
-30.145075
25.518579
-1.083067
23.190653
16.871983
5.852025
17.885529
-8.748419
-12.776359
-2.593136
4.698114
0.981016
-22.978487
-10.320932
28.021339
-1.109240
46.749474
-5.496163
21.985598
-21.973637
-2.710679
-27.599503
-32.330696
-2.535453
13.559845
17.505672
0.524227
-4.214525
38.050434
14.297008
-47.239937
7.173109
-75.828529
18.515158
-28.863136
37.805843
7.782277
41.467167
50.384258
-8.862670
-21.841055
-20.273291
5.591056
0.717501
-33.116962
9.245102
27.546682
-37.526138
46.604591
-67.667961
-3.277440
-44.911800
-39.507683
-16.176613
-30.023350
42.159409
31.931126
-3.858659
0.227594
-0.896956
28.402826
-131.377136
-33.810749
-92.928558
-46.423710
-88.714813
-12.744969
1.391210
38.957024
-13.851604
-68.802422
44.257771
30.328583
17.902685
0.218821
-0.321450
7.413721
-22.641109
-4.877712
-19.744291
-5.978483
-17.675825
-7.438579
-0.033977
11.379456
-0.898861
-10.600264
8.797618
5.037608
4.018869
-0.629489
0.729920
-0.212993
-0.077406
0.300179
-0.309289
-0.379957
0.411228
0.111368
-0.148893
0.050948
0.316801
0.017169
-0.348918
0.090707
0.118848
-0.629489
0.729920
-0.212993
-0.077406
0.300179
-0.309289
-0.379957
0.411228
0.111368
-0.148893
0.050948
0.316801
0.017169
-0.348918
0.090707
0.118848
-0.629489
0.729920
-0.212993
-0.077406
0.300179
-0.309289
-0.379957
0.411228
0.111368
-0.148893
0.050948
0.316801
0.017169
-0.348918
0.090707
0.118848
-0.629489
0.729920
-0.212993
-0.077406
0.300179
-0.309289
-0.379957
0.411228
0.111368
-0.148893
0.050948
0.316801
0.017169
-0.348918
0.090707
0.118848
-0.629489
0.729920
-0.212993
-0.077406
0.300179
-0.309289
-0.379957
0.411228
0.111368
-0.148893
0.050948
0.316801
0.017169
-0.348918
0.090707
0.118848
-0.629489
0.729920
-0.212993
-0.077406
0.300179
-0.309289
-0.379957
0.411228
0.111368
-0.148893
0.050948
0.316801
0.017169
-0.348918
0.090707
0.118848
