-0.308421
-0.607926
-26.339100
-11.050510
-30.653429
-9.984793
15.480605
16.849743
3.406243
-22.668491
-12.263819
17.777464
-16.272102
9.522487
25.302624
10.285346
2.764494
3.554516
122.626099
-196.525650
8.407478
-178.472641
-66.213646
-160.132675
17.824343
22.631521
75.281693
-33.414131
-177.319351
35.218773
23.518038
76.958580
2.604319
-3.209693
-9.181334
-1.407823
-3.795132
10.067626
-6.177349
2.812755
4.650023
2.331227
-8.137091
-0.146581
1.477427
-7.541827
8.779133
-6.871620
-2.622118
-3.627791
-54.428909
86.045547
-3.566743
79.584633
29.350586
73.617241
-6.660873
-11.369180
-34.988300
11.347920
76.339378
-17.710447
-7.864244
-35.539688
-1.365334
0.399508
-29.510969
42.100029
-3.274586
41.489651
12.680689
33.881119
-3.137399
-6.392594
-16.797373
8.937756
37.986778
-3.768847
-6.521292
-18.183973
0.407183
0.158538
0.581752
0.250356
0.284988
-0.420351
-0.006193
0.185029
0.081943
0.372967
-0.087995
-0.212979
-0.247539
-0.403335
0.209198
0.442462
0.407183
0.158538
0.581752
0.250356
0.284988
-0.420351
-0.006193
0.185029
0.081943
0.372967
-0.087995
-0.212979
-0.247539
-0.403335
0.209198
0.442462
0.407183
0.158538
0.581752
0.250356
0.284988
-0.420351
-0.006193
0.185029
0.081943
0.372967
-0.087995
-0.212979
-0.247539
-0.403335
0.209198
0.442462
0.407183
0.158538
0.581752
0.250356
0.284988
-0.420351
-0.006193
0.185029
0.081943
0.372967
-0.087995
-0.212979
-0.247539
-0.403335
0.209198
0.442462
0.407183
0.158538
0.581752
0.250356
0.284988
-0.420351
-0.006193
0.185029
0.081943
0.372967
-0.087995
-0.212979
-0.247539
-0.403335
0.209198
0.442462
0.407183
0.158538
0.581752
0.250356
0.284988
-0.420351
-0.006193
0.185029
0.081943
0.372967
-0.087995
-0.212979
-0.247539
-0.403335
0.209198
0.442462
0.407183
0.158538
0.581752
0.250356
0.284988
-0.420351
-0.006193
0.185029
0.081943
0.372967
-0.087995
-0.212979
-0.247539
-0.403335
0.209198
0.442462
0.407183
0.158538
0.581752
0.250356
0.284988
-0.420351
-0.006193
0.185029
0.081943
0.372967
-0.087995
-0.212979
-0.247539
-0.403335
0.209198
0.442462
0.407183
0.158538
0.581752
0.250356
0.284988
-0.420351
-0.006193
0.185029
0.081943
0.372967
-0.087995
-0.212979
-0.247539
-0.403335
0.209198
0.442462
0.407183
0.158538
0.581752
0.250356
0.284988
-0.420351
-0.006193
0.185029
0.081943
0.372967
-0.087995
-0.212979
-0.247539
-0.403335
0.209198
0.442462
0.407183
0.158538
0.581752
0.250356
0.284988
-0.420351
-0.006193
0.185029
0.081943
0.372967
-0.087995
-0.212979
-0.247539
-0.403335
0.209198
0.442462
0.407183
0.158538
0.581752
0.250356
0.284988
-0.420351
-0.006193
0.185029
0.081943
0.372967
-0.087995
-0.212979
-0.247539
-0.403335
0.209198
0.442462
0.407183
0.158538
0.581752
0.250356
0.284988
-0.420351
-0.006193
0.185029
0.081943
0.372967
-0.087995
-0.212979
-0.247539
-0.403335
0.209198
0.442462
0.407183
0.158538
0.581752
0.250356
0.284988
-0.420351
-0.006193
0.185029
0.081943
0.372967
-0.087995
-0.212979
-0.247539
-0.403335
0.209198
0.442462
0.407183
0.158538
0.581752
0.250356
0.284988
-0.420351
-0.006193
0.185029
0.081943
0.372967
-0.087995
-0.212979
-0.247539
-0.403335
0.209198
0.442462
