0.692354
0.190193
9.344617
5.150151
-19.344181
-7.006243
-44.784683
-9.097471
-30.524824
23.775925
12.337941
49.143219
25.946213
14.819633
5.110020
-27.324692
2.035386
2.376037
-0.958238
-3.278732
21.039499
13.300911
25.233765
25.331676
31.617783
-5.794177
7.266940
-47.557098
-12.141693
-15.142989
-13.588491
23.192209
-4.359296
-0.512561
2.558657
2.727280
9.169784
-15.285492
25.936525
-25.749205
-4.368355
-24.064053
-43.928043
-4.625507
-16.650421
15.168208
21.368444
17.146439
-0.100179
0.135746
6.714392
-2.258857
6.886514
-5.032094
-4.139387
-3.114775
3.937920
5.870449
-1.966306
-8.030633
0.995014
-3.622920
-5.298490
3.107729
-0.951171
1.111645
-7.576053
3.732436
2.693580
7.207509
-1.597374
7.260909
4.224551
-1.162121
-5.727437
5.886128
-4.381554
-5.939784
1.892634
-12.343345
-2.100672
-0.929395
-0.315902
1.303244
9.196083
-13.135899
26.377411
-15.581023
3.185173
-26.888004
-25.095375
-22.353651
-19.169338
-2.853863
7.010685
14.767535
-1.099455
3.451472
-230.168106
-49.675968
-171.766693
36.679653
-135.788651
102.520081
9.337896
-12.472344
-43.477249
-71.530846
85.907356
157.234009
70.391624
-36.246822
-1.741063
-2.122988
78.465088
13.520303
57.980698
-13.796142
43.220562
-31.022936
-5.801063
0.109589
14.089936
26.423578
-30.626802
-52.942314
-22.276966
14.794186
2.438555
-1.791631
72.097664
14.355007
55.133793
-7.036044
38.709194
-32.557884
-0.151895
5.041487
17.234947
20.950026
-24.848619
-45.177345
-21.241728
9.639618
-0.254925
0.195789
0.088491
-0.364362
-0.543513
0.685007
-0.382219
-0.382811
1.200522
0.188777
0.201496
0.264685
-0.378328
0.016840
0.315982
-0.095135
-0.254925
0.195789
0.088491
-0.364362
-0.543513
0.685007
-0.382219
-0.382811
1.200522
0.188777
0.201496
0.264685
-0.378328
0.016840
0.315982
-0.095135
-0.254925
0.195789
0.088491
-0.364362
-0.543513
0.685007
-0.382219
-0.382811
1.200522
0.188777
0.201496
0.264685
-0.378328
0.016840
0.315982
-0.095135
-0.254925
0.195789
0.088491
-0.364362
-0.543513
0.685007
-0.382219
-0.382811
1.200522
0.188777
0.201496
0.264685
-0.378328
0.016840
0.315982
-0.095135
-0.254925
0.195789
0.088491
-0.364362
-0.543513
0.685007
-0.382219
-0.382811
1.200522
0.188777
0.201496
0.264685
-0.378328
0.016840
0.315982
-0.095135
-0.254925
0.195789
0.088491
-0.364362
-0.543513
0.685007
-0.382219
-0.382811
1.200522
0.188777
0.201496
0.264685
-0.378328
0.016840
0.315982
-0.095135
-0.254925
0.195789
0.088491
-0.364362
-0.543513
0.685007
-0.382219
-0.382811
1.200522
0.188777
0.201496
0.264685
-0.378328
0.016840
0.315982
-0.095135
-0.254925
0.195789
0.088491
-0.364362
-0.543513
0.685007
-0.382219
-0.382811
1.200522
0.188777
0.201496
0.264685
-0.378328
0.016840
0.315982
-0.095135
-0.254925
0.195789
0.088491
-0.364362
-0.543513
0.685007
-0.382219
-0.382811
1.200522
0.188777
0.201496
0.264685
-0.378328
0.016840
0.315982
-0.095135
-0.254925
0.195789
0.088491
-0.364362
-0.543513
0.685007
-0.382219
-0.382811
1.200522
0.188777
0.201496
0.264685
-0.378328
0.016840
0.315982
-0.095135
-0.254925
0.195789
0.088491
-0.364362
-0.543513
0.685007
-0.382219
-0.382811
1.200522
0.188777
0.201496
0.264685
-0.378328
0.016840
0.315982
-0.095135
