1.739746
2.924613
-17.591330
-11.458376
2.653419
7.078292
1.369311
-1.358564
-5.900651
-0.641753
0.567894
4.868469
-8.513659
-1.914501
6.934308
0.154863
-1.884769
-2.268436
37.847683
39.004528
1.535853
-27.813768
-2.266921
-7.934104
21.966206
3.018933
-2.961999
-8.656928
11.904058
-1.914466
-16.370014
9.679362
-0.035140
-10.955860
4334.400879
-2729.260742
-1953.952271
-1799.401123
-1557.098267
1422.921875
-2808.969238
1164.647583
-274.592743
681.787720
-1012.158142
985.842651
-1528.789429
-2631.503662
2.629085
2.472033
-1502.886353
936.663391
679.159790
624.238403
545.643799
-490.593536
982.018799
-402.769745
98.939583
-239.164383
352.693268
-342.925507
532.107422
911.634338
0.210658
-1.276387
-92.977028
52.638672
37.717899
38.049206
33.589622
-34.836971
61.557217
-21.736275
10.045245
-14.256262
21.224909
-13.200282
27.684391
62.128464
2.981203
1.442877
-205.868637
142.421722
98.922356
88.392990
74.302925
-71.432022
137.826752
-60.004627
11.466581
-33.574345
48.909241
-50.162159
80.000938
126.268700
-0.132757
0.776817
-274.718384
184.755295
126.499763
112.423988
97.201561
-92.549042
179.120941
-83.648689
16.417450
-44.425602
64.567245
-63.291683
103.618279
166.119904
-2.024337
2.704385
-1292.520752
801.489258
574.121033
538.274353
458.226349
-417.523621
824.881348
-337.743866
79.414703
-198.102493
300.918793
-291.111908
443.160339
785.624023
0.289078
-0.569264
-0.910882
0.208714
-0.166155
0.359106
0.777174
0.363129
0.369170
0.597125
0.274304
-0.202979
0.430163
-0.442567
-0.141497
0.596520
0.289078
-0.569264
-0.910882
0.208714
-0.166155
0.359106
0.777174
0.363129
0.369170
0.597125
0.274304
-0.202979
0.430163
-0.442567
-0.141497
0.596520
0.289078
-0.569264
-0.910882
0.208714
-0.166155
0.359106
0.777174
0.363129
0.369170
0.597125
0.274304
-0.202979
0.430163
-0.442567
-0.141497
0.596520
0.289078
-0.569264
-0.910882
0.208714
-0.166155
0.359106
0.777174
0.363129
0.369170
0.597125
0.274304
-0.202979
0.430163
-0.442567
-0.141497
0.596520
0.289078
-0.569264
-0.910882
0.208714
-0.166155
0.359106
0.777174
0.363129
0.369170
0.597125
0.274304
-0.202979
0.430163
-0.442567
-0.141497
0.596520
0.289078
-0.569264
-0.910882
0.208714
-0.166155
0.359106
0.777174
0.363129
0.369170
0.597125
0.274304
-0.202979
0.430163
-0.442567
-0.141497
0.596520
0.289078
-0.569264
-0.910882
0.208714
-0.166155
0.359106
0.777174
0.363129
0.369170
0.597125
0.274304
-0.202979
0.430163
-0.442567
-0.141497
0.596520
0.289078
-0.569264
-0.910882
0.208714
-0.166155
0.359106
0.777174
0.363129
0.369170
0.597125
0.274304
-0.202979
0.430163
-0.442567
-0.141497
0.596520
0.289078
-0.569264
-0.910882
0.208714
-0.166155
0.359106
0.777174
0.363129
0.369170
0.597125
0.274304
-0.202979
0.430163
-0.442567
-0.141497
0.596520
0.289078
-0.569264
-0.910882
0.208714
-0.166155
0.359106
0.777174
0.363129
0.369170
0.597125
0.274304
-0.202979
0.430163
-0.442567
-0.141497
0.596520
0.289078
-0.569264
-0.910882
0.208714
-0.166155
0.359106
0.777174
0.363129
0.369170
0.597125
0.274304
-0.202979
0.430163
-0.442567
-0.141497
0.596520
0.289078
-0.569264
-0.910882
0.208714
-0.166155
0.359106
0.777174
0.363129
0.369170
0.597125
0.274304
-0.202979
0.430163
-0.442567
-0.141497
0.596520
