-0.778521
-0.466619
-2.150727
-1.917689
-6.927186
1.228459
0.071853
5.465891
0.881362
-0.694840
-0.107859
6.880394
-5.049499
-2.678609
3.392532
2.575261
3.993888
3.777858
-1.877671
24.311996
0.966799
29.677439
16.504396
-18.212189
-22.043348
0.980498
22.958231
8.360985
15.401076
6.748357
7.500085
-31.745592
0.538546
-0.387364
-4.253453
-1.298672
3.699838
-1.557378
-4.304808
-1.044471
5.581194
8.850463
1.307820
-13.757646
6.516991
-2.446258
-10.568870
4.911246
-1.519423
-3.681415
220.668121
27.872332
159.060791
-77.323135
74.096001
-58.129581
21.149054
-7.268972
19.971907
53.238758
-83.254784
-122.299370
-21.988819
26.551064
-2.043972
3.911310
-188.743454
-23.773428
-135.776260
65.126015
-59.698795
48.250736
-19.315201
5.246940
-12.825366
-45.275650
67.096977
102.348503
18.945370
-27.750277
-0.610422
1.036130
-0.441165
-0.019583
-0.586124
-0.032328
-0.163782
0.005872
0.110890
-0.080313
0.102614
0.066167
-0.711339
0.096991
-0.088873
-0.426903
-0.610422
1.036130
-0.441165
-0.019583
-0.586124
-0.032328
-0.163782
0.005872
0.110890
-0.080313
0.102614
0.066167
-0.711339
0.096991
-0.088873
-0.426903
-0.610422
1.036130
-0.441165
-0.019583
-0.586124
-0.032328
-0.163782
0.005872
0.110890
-0.080313
0.102614
0.066167
-0.711339
0.096991
-0.088873
-0.426903
-0.610422
1.036130
-0.441165
-0.019583
-0.586124
-0.032328
-0.163782
0.005872
0.110890
-0.080313
0.102614
0.066167
-0.711339
0.096991
-0.088873
-0.426903
-0.610422
1.036130
-0.441165
-0.019583
-0.586124
-0.032328
-0.163782
0.005872
0.110890
-0.080313
0.102614
0.066167
-0.711339
0.096991
-0.088873
-0.426903
-0.610422
1.036130
-0.441165
-0.019583
-0.586124
-0.032328
-0.163782
0.005872
0.110890
-0.080313
0.102614
0.066167
-0.711339
0.096991
-0.088873
-0.426903
-0.610422
1.036130
-0.441165
-0.019583
-0.586124
-0.032328
-0.163782
0.005872
0.110890
-0.080313
0.102614
0.066167
-0.711339
0.096991
-0.088873
-0.426903
-0.610422
1.036130
-0.441165
-0.019583
-0.586124
-0.032328
-0.163782
0.005872
0.110890
-0.080313
0.102614
0.066167
-0.711339
0.096991
-0.088873
-0.426903
-0.610422
1.036130
-0.441165
-0.019583
-0.586124
-0.032328
-0.163782
0.005872
0.110890
-0.080313
0.102614
0.066167
-0.711339
0.096991
-0.088873
-0.426903
-0.610422
1.036130
-0.441165
-0.019583
-0.586124
-0.032328
-0.163782
0.005872
0.110890
-0.080313
0.102614
0.066167
-0.711339
0.096991
-0.088873
-0.426903
-0.610422
1.036130
-0.441165
-0.019583
-0.586124
-0.032328
-0.163782
0.005872
0.110890
-0.080313
0.102614
0.066167
-0.711339
0.096991
-0.088873
-0.426903
-0.610422
1.036130
-0.441165
-0.019583
-0.586124
-0.032328
-0.163782
0.005872
0.110890
-0.080313
0.102614
0.066167
-0.711339
0.096991
-0.088873
-0.426903
-0.610422
1.036130
-0.441165
-0.019583
-0.586124
-0.032328
-0.163782
0.005872
0.110890
-0.080313
0.102614
0.066167
-0.711339
0.096991
-0.088873
-0.426903
-0.610422
1.036130
-0.441165
-0.019583
-0.586124
-0.032328
-0.163782
0.005872
0.110890
-0.080313
0.102614
0.066167
-0.711339
0.096991
-0.088873
-0.426903
-0.610422
1.036130
-0.441165
-0.019583
-0.586124
-0.032328
-0.163782
0.005872
0.110890
-0.080313
0.102614
0.066167
-0.711339
0.096991
-0.088873
-0.426903
