0.067722
1.077134
83.044136
55.590118
-62.056633
-31.069782
-313.052429
-92.334541
179.294922
269.276642
3.340023
49.773468
91.311493
-113.151817
-50.884773
173.365768
-4.863503
-3.914981
26.176437
-23.821968
-30.517096
11.769528
-22.092480
-9.993799
12.752315
18.607452
21.442081
-15.722188
-5.919199
-8.234873
15.603488
2.728649
0.479200
0.665971
4.077623
-0.310177
-8.248163
-0.342386
3.357724
-4.598032
-1.180880
2.241472
5.560527
-2.874215
4.459233
2.696130
1.490723
1.731965
1.091810
0.968000
6.694665
-6.663623
-5.845655
10.161830
3.829329
0.508780
-3.546984
0.780141
7.429284
4.458256
0.927032
6.369350
8.764660
2.434284
-15.156598
3.974620
-35.638996
33.431988
9.915450
-28.179127
-18.529823
-23.208117
24.316702
-7.436997
-12.178874
22.647121
-14.119361
5.275760
15.926807
9.537825
-0.509080
1.324387
-46.200176
-30.259424
37.764961
18.695982
171.493790
45.273659
-101.192566
-137.581467
-3.314577
-25.560671
-44.227474
56.753147
20.981647
-89.867828
-0.842672
-3.035100
-14.848138
-11.466651
9.014052
7.398156
51.726059
12.397191
-31.348122
-43.944363
-0.314936
-8.460660
-14.924715
18.298651
8.717784
-29.745062
0.070520
0.512511
0.100416
0.673856
-0.158250
-0.590950
-0.180555
0.660809
-0.286707
0.182675
0.029856
-0.589781
-0.068673
0.386823
0.311111
0.283968
0.070520
0.512511
0.100416
0.673856
-0.158250
-0.590950
-0.180555
0.660809
-0.286707
0.182675
0.029856
-0.589781
-0.068673
0.386823
0.311111
0.283968
0.070520
0.512511
0.100416
0.673856
-0.158250
-0.590950
-0.180555
0.660809
-0.286707
0.182675
0.029856
-0.589781
-0.068673
0.386823
0.311111
0.283968
0.070520
0.512511
0.100416
0.673856
-0.158250
-0.590950
-0.180555
0.660809
-0.286707
0.182675
0.029856
-0.589781
-0.068673
0.386823
0.311111
0.283968
0.070520
0.512511
0.100416
0.673856
-0.158250
-0.590950
-0.180555
0.660809
-0.286707
0.182675
0.029856
-0.589781
-0.068673
0.386823
0.311111
0.283968
0.070520
0.512511
0.100416
0.673856
-0.158250
-0.590950
-0.180555
0.660809
-0.286707
0.182675
0.029856
-0.589781
-0.068673
0.386823
0.311111
0.283968
0.070520
0.512511
0.100416
0.673856
-0.158250
-0.590950
-0.180555
0.660809
-0.286707
0.182675
0.029856
-0.589781
-0.068673
0.386823
0.311111
0.283968
0.070520
0.512511
0.100416
0.673856
-0.158250
-0.590950
-0.180555
0.660809
-0.286707
0.182675
0.029856
-0.589781
-0.068673
0.386823
0.311111
0.283968
0.070520
0.512511
0.100416
0.673856
-0.158250
-0.590950
-0.180555
0.660809
-0.286707
0.182675
0.029856
-0.589781
-0.068673
0.386823
0.311111
0.283968
0.070520
0.512511
0.100416
0.673856
-0.158250
-0.590950
-0.180555
0.660809
-0.286707
0.182675
0.029856
-0.589781
-0.068673
0.386823
0.311111
0.283968
0.070520
0.512511
0.100416
0.673856
-0.158250
-0.590950
-0.180555
0.660809
-0.286707
0.182675
0.029856
-0.589781
-0.068673
0.386823
0.311111
0.283968
0.070520
0.512511
0.100416
0.673856
-0.158250
-0.590950
-0.180555
0.660809
-0.286707
0.182675
0.029856
-0.589781
-0.068673
0.386823
0.311111
0.283968
0.070520
0.512511
0.100416
0.673856
-0.158250
-0.590950
-0.180555
0.660809
-0.286707
0.182675
0.029856
-0.589781
-0.068673
0.386823
0.311111
0.283968
