-0.339789
-1.453738
88.467262
-0.180892
-80.304123
-24.104088
-423.032532
-112.943054
298.945404
266.305725
67.910324
63.408043
-22.766943
-236.282089
3.704247
212.215302
0.769705
0.427989
-71.884583
1.620211
68.148857
22.355597
372.340424
101.440636
-261.934235
-234.447495
-55.461174
-55.009476
17.675587
210.780106
-0.684143
-186.827087
-0.029615
0.564976
-0.326941
-0.362630
-0.275361
-0.470909
0.195265
-0.162423
-0.099658
0.247873
0.252811
-0.241239
-0.266384
0.155420
-0.290974
0.402710
-0.029615
0.564976
-0.326941
-0.362630
-0.275361
-0.470909
0.195265
-0.162423
-0.099658
0.247873
0.252811
-0.241239
-0.266384
0.155420
-0.290974
0.402710
-0.029615
0.564976
-0.326941
-0.362630
-0.275361
-0.470909
0.195265
-0.162423
-0.099658
0.247873
0.252811
-0.241239
-0.266384
0.155420
-0.290974
0.402710
-0.029615
0.564976
-0.326941
-0.362630
-0.275361
-0.470909
0.195265
-0.162423
-0.099658
0.247873
0.252811
-0.241239
-0.266384
0.155420
-0.290974
0.402710
-0.029615
0.564976
-0.326941
-0.362630
-0.275361
-0.470909
0.195265
-0.162423
-0.099658
0.247873
0.252811
-0.241239
-0.266384
0.155420
-0.290974
0.402710
-0.029615
0.564976
-0.326941
-0.362630
-0.275361
-0.470909
0.195265
-0.162423
-0.099658
0.247873
0.252811
-0.241239
-0.266384
0.155420
-0.290974
0.402710
-0.029615
0.564976
-0.326941
-0.362630
-0.275361
-0.470909
0.195265
-0.162423
-0.099658
0.247873
0.252811
-0.241239
-0.266384
0.155420
-0.290974
0.402710
-0.029615
0.564976
-0.326941
-0.362630
-0.275361
-0.470909
0.195265
-0.162423
-0.099658
0.247873
0.252811
-0.241239
-0.266384
0.155420
-0.290974
0.402710
-0.029615
0.564976
-0.326941
-0.362630
-0.275361
-0.470909
0.195265
-0.162423
-0.099658
0.247873
0.252811
-0.241239
-0.266384
0.155420
-0.290974
0.402710
-0.029615
0.564976
-0.326941
-0.362630
-0.275361
-0.470909
0.195265
-0.162423
-0.099658
0.247873
0.252811
-0.241239
-0.266384
0.155420
-0.290974
0.402710
-0.029615
0.564976
-0.326941
-0.362630
-0.275361
-0.470909
0.195265
-0.162423
-0.099658
0.247873
0.252811
-0.241239
-0.266384
0.155420
-0.290974
0.402710
-0.029615
0.564976
-0.326941
-0.362630
-0.275361
-0.470909
0.195265
-0.162423
-0.099658
0.247873
0.252811
-0.241239
-0.266384
0.155420
-0.290974
0.402710
-0.029615
0.564976
-0.326941
-0.362630
-0.275361
-0.470909
0.195265
-0.162423
-0.099658
0.247873
0.252811
-0.241239
-0.266384
0.155420
-0.290974
0.402710
-0.029615
0.564976
-0.326941
-0.362630
-0.275361
-0.470909
0.195265
-0.162423
-0.099658
0.247873
0.252811
-0.241239
-0.266384
0.155420
-0.290974
0.402710
-0.029615
0.564976
-0.326941
-0.362630
-0.275361
-0.470909
0.195265
-0.162423
-0.099658
0.247873
0.252811
-0.241239
-0.266384
0.155420
-0.290974
0.402710
-0.029615
0.564976
-0.326941
-0.362630
-0.275361
-0.470909
0.195265
-0.162423
-0.099658
0.247873
0.252811
-0.241239
-0.266384
0.155420
-0.290974
0.402710
-0.029615
0.564976
-0.326941
-0.362630
-0.275361
-0.470909
0.195265
-0.162423
-0.099658
0.247873
0.252811
-0.241239
-0.266384
0.155420
-0.290974
0.402710
-0.029615
0.564976
-0.326941
-0.362630
-0.275361
-0.470909
0.195265
-0.162423
-0.099658
0.247873
0.252811
-0.241239
-0.266384
0.155420
-0.290974
0.402710
