1.469168
-5.436172
-8.412519
-11.377719
4.141959
23.647379
-1.211275
-4.628887
14.159763
-1.126007
-0.050283
-13.011950
1.134238
-2.416080
2.625684
-9.647076
-1.563933
1.337435
107.426476
23.910128
-73.974503
-46.315033
-407.055786
-189.468857
262.357788
344.947876
56.080486
93.343826
81.400757
-232.420776
-43.382694
253.312134
-3.623049
1.810568
-5.127765
-2.929583
4.842281
2.721150
21.597736
11.741849
-13.322906
-18.488342
-5.540251
-6.718843
-3.062648
12.733624
4.124636
-17.296482
3.175142
-1.803432
-61.401894
-9.889920
38.585556
27.718672
228.395996
109.598351
-147.215073
-194.239273
-29.411093
-52.217403
-44.996540
128.929062
24.356134
-139.847214
1.240279
-2.076078
-16.845013
-6.808806
12.281435
4.955848
59.309364
26.406593
-36.185696
-49.492889
-10.525310
-11.183123
-11.997119
27.539186
3.451726
-34.922028
0.646860
-0.249991
0.419701
1.021055
0.560328
-0.482834
0.100835
-0.134413
-0.744835
-0.329823
-0.234353
0.377104
-0.513320
-0.029523
-0.051722
-0.083399
0.646860
-0.249991
0.419701
1.021055
0.560328
-0.482834
0.100835
-0.134413
-0.744835
-0.329823
-0.234353
0.377104
-0.513320
-0.029523
-0.051722
-0.083399
0.646860
-0.249991
0.419701
1.021055
0.560328
-0.482834
0.100835
-0.134413
-0.744835
-0.329823
-0.234353
0.377104
-0.513320
-0.029523
-0.051722
-0.083399
0.646860
-0.249991
0.419701
1.021055
0.560328
-0.482834
0.100835
-0.134413
-0.744835
-0.329823
-0.234353
0.377104
-0.513320
-0.029523
-0.051722
-0.083399
0.646860
-0.249991
0.419701
1.021055
0.560328
-0.482834
0.100835
-0.134413
-0.744835
-0.329823
-0.234353
0.377104
-0.513320
-0.029523
-0.051722
-0.083399
0.646860
-0.249991
0.419701
1.021055
0.560328
-0.482834
0.100835
-0.134413
-0.744835
-0.329823
-0.234353
0.377104
-0.513320
-0.029523
-0.051722
-0.083399
0.646860
-0.249991
0.419701
1.021055
0.560328
-0.482834
0.100835
-0.134413
-0.744835
-0.329823
-0.234353
0.377104
-0.513320
-0.029523
-0.051722
-0.083399
0.646860
-0.249991
0.419701
1.021055
0.560328
-0.482834
0.100835
-0.134413
-0.744835
-0.329823
-0.234353
0.377104
-0.513320
-0.029523
-0.051722
-0.083399
0.646860
-0.249991
0.419701
1.021055
0.560328
-0.482834
0.100835
-0.134413
-0.744835
-0.329823
-0.234353
0.377104
-0.513320
-0.029523
-0.051722
-0.083399
0.646860
-0.249991
0.419701
1.021055
0.560328
-0.482834
0.100835
-0.134413
-0.744835
-0.329823
-0.234353
0.377104
-0.513320
-0.029523
-0.051722
-0.083399
0.646860
-0.249991
0.419701
1.021055
0.560328
-0.482834
0.100835
-0.134413
-0.744835
-0.329823
-0.234353
0.377104
-0.513320
-0.029523
-0.051722
-0.083399
0.646860
-0.249991
0.419701
1.021055
0.560328
-0.482834
0.100835
-0.134413
-0.744835
-0.329823
-0.234353
0.377104
-0.513320
-0.029523
-0.051722
-0.083399
0.646860
-0.249991
0.419701
1.021055
0.560328
-0.482834
0.100835
-0.134413
-0.744835
-0.329823
-0.234353
0.377104
-0.513320
-0.029523
-0.051722
-0.083399
0.646860
-0.249991
0.419701
1.021055
0.560328
-0.482834
0.100835
-0.134413
-0.744835
-0.329823
-0.234353
0.377104
-0.513320
-0.029523
-0.051722
-0.083399
0.646860
-0.249991
0.419701
1.021055
0.560328
-0.482834
0.100835
-0.134413
-0.744835
-0.329823
-0.234353
0.377104
-0.513320
-0.029523
-0.051722
-0.083399
