3.449226
-2.848489
-12.847128
15.852075
24.365334
-12.665529
-2.070365
-0.502301
-2.727252
-10.734721
-8.637448
9.082491
-5.913637
-1.956278
-9.788225
4.709982
2.333330
-0.299517
19.998640
105.637642
14.487484
-90.756851
54.857899
-469.759674
-264.201599
369.899994
-56.727989
89.868484
248.754288
-27.486115
-249.882721
30.409012
-2.402173
-1.926898
3.686664
-7.045597
-3.467288
3.124169
-14.722458
24.860008
20.749887
-13.434370
7.819537
-6.002286
-9.241282
-1.250368
12.679902
0.363342
-1.898711
1.609176
-18.591595
-57.005993
-1.678508
51.160271
-14.766924
255.958252
136.548462
-209.185059
25.765921
-48.791481
-140.737335
17.215733
133.849503
-17.656250
0.502700
-1.576391
-3.957884
-15.867458
2.918218
14.928243
2.930434
72.548576
27.862541
-63.020412
3.433301
-15.265286
-36.802254
12.079137
36.543034
-15.672194
-0.102666
0.578774
0.195469
-0.371284
-0.035987
0.320827
0.139422
-0.526616
0.106728
0.423294
0.235617
-0.074799
-0.094819
0.355056
-0.103717
-0.218879
-0.102666
0.578774
0.195469
-0.371284
-0.035987
0.320827
0.139422
-0.526616
0.106728
0.423294
0.235617
-0.074799
-0.094819
0.355056
-0.103717
-0.218879
-0.102666
0.578774
0.195469
-0.371284
-0.035987
0.320827
0.139422
-0.526616
0.106728
0.423294
0.235617
-0.074799
-0.094819
0.355056
-0.103717
-0.218879
-0.102666
0.578774
0.195469
-0.371284
-0.035987
0.320827
0.139422
-0.526616
0.106728
0.423294
0.235617
-0.074799
-0.094819
0.355056
-0.103717
-0.218879
-0.102666
0.578774
0.195469
-0.371284
-0.035987
0.320827
0.139422
-0.526616
0.106728
0.423294
0.235617
-0.074799
-0.094819
0.355056
-0.103717
-0.218879
-0.102666
0.578774
0.195469
-0.371284
-0.035987
0.320827
0.139422
-0.526616
0.106728
0.423294
0.235617
-0.074799
-0.094819
0.355056
-0.103717
-0.218879
-0.102666
0.578774
0.195469
-0.371284
-0.035987
0.320827
0.139422
-0.526616
0.106728
0.423294
0.235617
-0.074799
-0.094819
0.355056
-0.103717
-0.218879
-0.102666
0.578774
0.195469
-0.371284
-0.035987
0.320827
0.139422
-0.526616
0.106728
0.423294
0.235617
-0.074799
-0.094819
0.355056
-0.103717
-0.218879
-0.102666
0.578774
0.195469
-0.371284
-0.035987
0.320827
0.139422
-0.526616
0.106728
0.423294
0.235617
-0.074799
-0.094819
0.355056
-0.103717
-0.218879
-0.102666
0.578774
0.195469
-0.371284
-0.035987
0.320827
0.139422
-0.526616
0.106728
0.423294
0.235617
-0.074799
-0.094819
0.355056
-0.103717
-0.218879
-0.102666
0.578774
0.195469
-0.371284
-0.035987
0.320827
0.139422
-0.526616
0.106728
0.423294
0.235617
-0.074799
-0.094819
0.355056
-0.103717
-0.218879
-0.102666
0.578774
0.195469
-0.371284
-0.035987
0.320827
0.139422
-0.526616
0.106728
0.423294
0.235617
-0.074799
-0.094819
0.355056
-0.103717
-0.218879
-0.102666
0.578774
0.195469
-0.371284
-0.035987
0.320827
0.139422
-0.526616
0.106728
0.423294
0.235617
-0.074799
-0.094819
0.355056
-0.103717
-0.218879
-0.102666
0.578774
0.195469
-0.371284
-0.035987
0.320827
0.139422
-0.526616
0.106728
0.423294
0.235617
-0.074799
-0.094819
0.355056
-0.103717
-0.218879
-0.102666
0.578774
0.195469
-0.371284
-0.035987
0.320827
0.139422
-0.526616
0.106728
0.423294
0.235617
-0.074799
-0.094819
0.355056
-0.103717
-0.218879
