0.513212
-0.613316
-13.740644
17.910355
27.002028
-26.354609
-0.192571
-2.757148
0.961391
-8.700055
0.231664
8.711919
-6.397886
-5.490951
-12.048449
4.503788
0.141860
0.440987
1.019341
-8.929341
-6.641108
9.197433
-3.082077
3.641313
2.087928
-0.623868
1.206921
-6.066078
-0.752540
0.363098
4.778145
-2.281698
0.352549
1.058677
2.826707
-0.069410
-2.645334
-1.757404
-2.635305
-4.650064
-1.709847
14.832674
13.747143
0.076058
4.419573
7.326368
2.982401
11.736617
-5.012543
2.239116
-8.747593
-54.141327
15.459800
49.534279
108.692436
334.636444
103.332077
-313.460632
12.111909
-86.999008
-125.445152
107.802177
157.886536
-92.252602
0.574584
-0.060006
-0.237017
6.435464
5.093112
-8.194324
3.195806
-1.736659
-0.711608
1.620233
-1.022285
5.123084
1.160826
-0.229085
-3.131365
1.492032
2.765597
-1.395916
7.770270
52.449852
-16.511501
-47.321079
-95.252495
-289.601654
-97.037521
274.646759
-12.817571
69.175659
116.886566
-82.691139
-138.138672
73.073143
-0.382133
0.405669
0.378647
-0.276325
-0.516678
-0.371924
-0.050233
-0.131216
0.237377
-0.166914
0.407187
0.562483
0.545475
-0.092344
0.215552
-0.259562
-0.382133
0.405669
0.378647
-0.276325
-0.516678
-0.371924
-0.050233
-0.131216
0.237377
-0.166914
0.407187
0.562483
0.545475
-0.092344
0.215552
-0.259562
-0.382133
0.405669
0.378647
-0.276325
-0.516678
-0.371924
-0.050233
-0.131216
0.237377
-0.166914
0.407187
0.562483
0.545475
-0.092344
0.215552
-0.259562
-0.382133
0.405669
0.378647
-0.276325
-0.516678
-0.371924
-0.050233
-0.131216
0.237377
-0.166914
0.407187
0.562483
0.545475
-0.092344
0.215552
-0.259562
-0.382133
0.405669
0.378647
-0.276325
-0.516678
-0.371924
-0.050233
-0.131216
0.237377
-0.166914
0.407187
0.562483
0.545475
-0.092344
0.215552
-0.259562
-0.382133
0.405669
0.378647
-0.276325
-0.516678
-0.371924
-0.050233
-0.131216
0.237377
-0.166914
0.407187
0.562483
0.545475
-0.092344
0.215552
-0.259562
-0.382133
0.405669
0.378647
-0.276325
-0.516678
-0.371924
-0.050233
-0.131216
0.237377
-0.166914
0.407187
0.562483
0.545475
-0.092344
0.215552
-0.259562
-0.382133
0.405669
0.378647
-0.276325
-0.516678
-0.371924
-0.050233
-0.131216
0.237377
-0.166914
0.407187
0.562483
0.545475
-0.092344
0.215552
-0.259562
-0.382133
0.405669
0.378647
-0.276325
-0.516678
-0.371924
-0.050233
-0.131216
0.237377
-0.166914
0.407187
0.562483
0.545475
-0.092344
0.215552
-0.259562
-0.382133
0.405669
0.378647
-0.276325
-0.516678
-0.371924
-0.050233
-0.131216
0.237377
-0.166914
0.407187
0.562483
0.545475
-0.092344
0.215552
-0.259562
-0.382133
0.405669
0.378647
-0.276325
-0.516678
-0.371924
-0.050233
-0.131216
0.237377
-0.166914
0.407187
0.562483
0.545475
-0.092344
0.215552
-0.259562
-0.382133
0.405669
0.378647
-0.276325
-0.516678
-0.371924
-0.050233
-0.131216
0.237377
-0.166914
0.407187
0.562483
0.545475
-0.092344
0.215552
-0.259562
-0.382133
0.405669
0.378647
-0.276325
-0.516678
-0.371924
-0.050233
-0.131216
0.237377
-0.166914
0.407187
0.562483
0.545475
-0.092344
0.215552
-0.259562
-0.382133
0.405669
0.378647
-0.276325
-0.516678
-0.371924
-0.050233
-0.131216
0.237377
-0.166914
0.407187
0.562483
0.545475
-0.092344
0.215552
-0.259562
