-4.263245
-1.012349
-1.812201
42.587467
5.815168
83.779503
65.108887
384.612946
136.606705
-199.797058
-8.065708
-258.730255
-322.980774
491.854065
113.140778
-439.913086
1.418521
0.813451
0.828570
6.598773
0.038456
-8.762230
4.922051
2.037549
-4.452522
0.075367
3.106904
5.836477
1.573877
4.819039
-5.791389
2.006755
5.732546
-1.306290
1.145342
-1.921605
-0.624901
-7.271703
-9.466660
-20.430138
-7.225470
14.381525
2.716096
12.467834
14.683379
-27.670216
-1.488936
22.925024
-0.151789
3.986301
-1.883542
-35.252895
-3.842325
-62.639400
-51.745193
-299.038544
-105.868057
153.588562
6.555250
202.953568
247.349472
-385.162384
-84.360588
346.703888
0.593819
-0.508968
0.480320
0.681732
-0.114230
-0.057981
0.565333
-0.547934
-0.635411
0.211848
0.050927
0.584559
0.028884
-0.051259
0.111354
0.188594
0.593819
-0.508968
0.480320
0.681732
-0.114230
-0.057981
0.565333
-0.547934
-0.635411
0.211848
0.050927
0.584559
0.028884
-0.051259
0.111354
0.188594
0.593819
-0.508968
0.480320
0.681732
-0.114230
-0.057981
0.565333
-0.547934
-0.635411
0.211848
0.050927
0.584559
0.028884
-0.051259
0.111354
0.188594
0.593819
-0.508968
0.480320
0.681732
-0.114230
-0.057981
0.565333
-0.547934
-0.635411
0.211848
0.050927
0.584559
0.028884
-0.051259
0.111354
0.188594
0.593819
-0.508968
0.480320
0.681732
-0.114230
-0.057981
0.565333
-0.547934
-0.635411
0.211848
0.050927
0.584559
0.028884
-0.051259
0.111354
0.188594
0.593819
-0.508968
0.480320
0.681732
-0.114230
-0.057981
0.565333
-0.547934
-0.635411
0.211848
0.050927
0.584559
0.028884
-0.051259
0.111354
0.188594
0.593819
-0.508968
0.480320
0.681732
-0.114230
-0.057981
0.565333
-0.547934
-0.635411
0.211848
0.050927
0.584559
0.028884
-0.051259
0.111354
0.188594
0.593819
-0.508968
0.480320
0.681732
-0.114230
-0.057981
0.565333
-0.547934
-0.635411
0.211848
0.050927
0.584559
0.028884
-0.051259
0.111354
0.188594
0.593819
-0.508968
0.480320
0.681732
-0.114230
-0.057981
0.565333
-0.547934
-0.635411
0.211848
0.050927
0.584559
0.028884
-0.051259
0.111354
0.188594
0.593819
-0.508968
0.480320
0.681732
-0.114230
-0.057981
0.565333
-0.547934
-0.635411
0.211848
0.050927
0.584559
0.028884
-0.051259
0.111354
0.188594
0.593819
-0.508968
0.480320
0.681732
-0.114230
-0.057981
0.565333
-0.547934
-0.635411
0.211848
0.050927
0.584559
0.028884
-0.051259
0.111354
0.188594
0.593819
-0.508968
0.480320
0.681732
-0.114230
-0.057981
0.565333
-0.547934
-0.635411
0.211848
0.050927
0.584559
0.028884
-0.051259
0.111354
0.188594
0.593819
-0.508968
0.480320
0.681732
-0.114230
-0.057981
0.565333
-0.547934
-0.635411
0.211848
0.050927
0.584559
0.028884
-0.051259
0.111354
0.188594
0.593819
-0.508968
0.480320
0.681732
-0.114230
-0.057981
0.565333
-0.547934
-0.635411
0.211848
0.050927
0.584559
0.028884
-0.051259
0.111354
0.188594
0.593819
-0.508968
0.480320
0.681732
-0.114230
-0.057981
0.565333
-0.547934
-0.635411
0.211848
0.050927
0.584559
0.028884
-0.051259
0.111354
0.188594
0.593819
-0.508968
0.480320
0.681732
-0.114230
-0.057981
0.565333
-0.547934
-0.635411
0.211848
0.050927
0.584559
0.028884
-0.051259
0.111354
0.188594
