-0.620096
-0.430415
18.897501
-3.061391
-22.954071
-5.011289
1.345905
5.258331
-9.274746
11.136713
4.423710
5.603464
3.993462
1.854812
4.811139
7.616421
-0.335657
-0.141995
-6.794948
-3.145446
6.228764
3.349187
-2.745079
2.620672
2.881889
-2.759412
-5.751272
-1.459813
-2.600394
-0.150562
-0.019370
-4.784223
-0.303388
-1.241139
-46.707787
43.872871
119.633591
65.896759
504.687836
264.373962
-200.050873
-203.303589
-251.595703
-139.344925
306.260406
562.530518
-292.994720
-423.613190
0.957627
0.511370
6.392956
4.007000
-5.471745
-2.120286
3.625623
-4.141547
-3.034880
1.691334
4.467093
2.041029
3.059864
0.690987
-1.076087
4.734286
-1.987340
-1.926035
3.605532
-3.121470
-9.713824
-5.213495
-31.463606
-14.258660
11.720693
11.792783
21.120171
7.885886
-19.362459
-30.279013
20.265989
27.156818
1.526968
3.031925
23.694054
-21.602701
-59.466228
-32.356083
-262.287109
-132.861420
102.835434
102.878349
126.311409
70.302032
-157.772537
-291.973969
152.447067
215.574890
-0.168436
1.438055
7.247261
-5.105748
-16.457596
-9.396712
-87.868744
-46.324497
31.647787
34.270172
42.310139
22.230949
-54.856922
-96.312500
52.682793
74.095551
0.226503
-0.579537
0.544964
0.054305
-0.161965
0.018486
-0.432728
0.201574
0.052761
-0.163335
-0.037737
-0.247934
0.214122
0.138723
0.113932
-0.411889
0.226503
-0.579537
0.544964
0.054305
-0.161965
0.018486
-0.432728
0.201574
0.052761
-0.163335
-0.037737
-0.247934
0.214122
0.138723
0.113932
-0.411889
0.226503
-0.579537
0.544964
0.054305
-0.161965
0.018486
-0.432728
0.201574
0.052761
-0.163335
-0.037737
-0.247934
0.214122
0.138723
0.113932
-0.411889
0.226503
-0.579537
0.544964
0.054305
-0.161965
0.018486
-0.432728
0.201574
0.052761
-0.163335
-0.037737
-0.247934
0.214122
0.138723
0.113932
-0.411889
0.226503
-0.579537
0.544964
0.054305
-0.161965
0.018486
-0.432728
0.201574
0.052761
-0.163335
-0.037737
-0.247934
0.214122
0.138723
0.113932
-0.411889
0.226503
-0.579537
0.544964
0.054305
-0.161965
0.018486
-0.432728
0.201574
0.052761
-0.163335
-0.037737
-0.247934
0.214122
0.138723
0.113932
-0.411889
0.226503
-0.579537
0.544964
0.054305
-0.161965
0.018486
-0.432728
0.201574
0.052761
-0.163335
-0.037737
-0.247934
0.214122
0.138723
0.113932
-0.411889
0.226503
-0.579537
0.544964
0.054305
-0.161965
0.018486
-0.432728
0.201574
0.052761
-0.163335
-0.037737
-0.247934
0.214122
0.138723
0.113932
-0.411889
0.226503
-0.579537
0.544964
0.054305
-0.161965
0.018486
-0.432728
0.201574
0.052761
-0.163335
-0.037737
-0.247934
0.214122
0.138723
0.113932
-0.411889
0.226503
-0.579537
0.544964
0.054305
-0.161965
0.018486
-0.432728
0.201574
0.052761
-0.163335
-0.037737
-0.247934
0.214122
0.138723
0.113932
-0.411889
0.226503
-0.579537
0.544964
0.054305
-0.161965
0.018486
-0.432728
0.201574
0.052761
-0.163335
-0.037737
-0.247934
0.214122
0.138723
0.113932
-0.411889
0.226503
-0.579537
0.544964
0.054305
-0.161965
0.018486
-0.432728
0.201574
0.052761
-0.163335
-0.037737
-0.247934
0.214122
0.138723
0.113932
-0.411889
0.226503
-0.579537
0.544964
0.054305
-0.161965
0.018486
-0.432728
0.201574
0.052761
-0.163335
-0.037737
-0.247934
0.214122
0.138723
0.113932
-0.411889
