3.092010
-1.348079
-10.953439
-27.152790
-28.045815
-59.190781
-137.430862
-281.623596
-16.071768
196.356079
62.991684
199.036148
136.091980
-476.370239
10.536182
411.331879
-0.664672
0.577661
9.893795
22.658709
24.073002
52.629459
125.365982
252.477203
15.417965
-178.844391
-56.322620
-181.513687
-125.262108
431.586456
-12.528680
-373.298126
-0.112093
0.667468
-0.426963
0.507902
-0.033093
-0.020358
-0.415503
0.238850
0.102180
0.159088
0.567424
0.642108
0.530715
0.338642
0.571719
-0.367616
-0.112093
0.667468
-0.426963
0.507902
-0.033093
-0.020358
-0.415503
0.238850
0.102180
0.159088
0.567424
0.642108
0.530715
0.338642
0.571719
-0.367616
-0.112093
0.667468
-0.426963
0.507902
-0.033093
-0.020358
-0.415503
0.238850
0.102180
0.159088
0.567424
0.642108
0.530715
0.338642
0.571719
-0.367616
-0.112093
0.667468
-0.426963
0.507902
-0.033093
-0.020358
-0.415503
0.238850
0.102180
0.159088
0.567424
0.642108
0.530715
0.338642
0.571719
-0.367616
-0.112093
0.667468
-0.426963
0.507902
-0.033093
-0.020358
-0.415503
0.238850
0.102180
0.159088
0.567424
0.642108
0.530715
0.338642
0.571719
-0.367616
-0.112093
0.667468
-0.426963
0.507902
-0.033093
-0.020358
-0.415503
0.238850
0.102180
0.159088
0.567424
0.642108
0.530715
0.338642
0.571719
-0.367616
-0.112093
0.667468
-0.426963
0.507902
-0.033093
-0.020358
-0.415503
0.238850
0.102180
0.159088
0.567424
0.642108
0.530715
0.338642
0.571719
-0.367616
-0.112093
0.667468
-0.426963
0.507902
-0.033093
-0.020358
-0.415503
0.238850
0.102180
0.159088
0.567424
0.642108
0.530715
0.338642
0.571719
-0.367616
-0.112093
0.667468
-0.426963
0.507902
-0.033093
-0.020358
-0.415503
0.238850
0.102180
0.159088
0.567424
0.642108
0.530715
0.338642
0.571719
-0.367616
-0.112093
0.667468
-0.426963
0.507902
-0.033093
-0.020358
-0.415503
0.238850
0.102180
0.159088
0.567424
0.642108
0.530715
0.338642
0.571719
-0.367616
-0.112093
0.667468
-0.426963
0.507902
-0.033093
-0.020358
-0.415503
0.238850
0.102180
0.159088
0.567424
0.642108
0.530715
0.338642
0.571719
-0.367616
-0.112093
0.667468
-0.426963
0.507902
-0.033093
-0.020358
-0.415503
0.238850
0.102180
0.159088
0.567424
0.642108
0.530715
0.338642
0.571719
-0.367616
-0.112093
0.667468
-0.426963
0.507902
-0.033093
-0.020358
-0.415503
0.238850
0.102180
0.159088
0.567424
0.642108
0.530715
0.338642
0.571719
-0.367616
-0.112093
0.667468
-0.426963
0.507902
-0.033093
-0.020358
-0.415503
0.238850
0.102180
0.159088
0.567424
0.642108
0.530715
0.338642
0.571719
-0.367616
-0.112093
0.667468
-0.426963
0.507902
-0.033093
-0.020358
-0.415503
0.238850
0.102180
0.159088
0.567424
0.642108
0.530715
0.338642
0.571719
-0.367616
-0.112093
0.667468
-0.426963
0.507902
-0.033093
-0.020358
-0.415503
0.238850
0.102180
0.159088
0.567424
0.642108
0.530715
0.338642
0.571719
-0.367616
-0.112093
0.667468
-0.426963
0.507902
-0.033093
-0.020358
-0.415503
0.238850
0.102180
0.159088
0.567424
0.642108
0.530715
0.338642
0.571719
-0.367616
-0.112093
0.667468
-0.426963
0.507902
-0.033093
-0.020358
-0.415503
0.238850
0.102180
0.159088
0.567424
0.642108
0.530715
0.338642
0.571719
-0.367616
