5.577338
6.605727
32.306911
30.000219
-24.288261
-17.190880
-14.410553
2.572690
-1.835813
-12.346437
20.292467
6.332795
-3.075417
27.724585
6.909516
-3.962485
-3.908430
-28.602070
-370.994019
-6858.944336
-3449.124512
-175.048645
-3246.958740
104.721924
-1424.494751
3550.452393
7025.499023
3376.325684
1914.020630
-2581.333008
643.614319
4198.437988
2.883099
0.383834
-24.762695
62.075508
30.233566
-23.535700
-8.698071
-8.598244
16.081650
25.830229
85.358429
-50.088642
-25.964563
5.447586
15.873652
-26.527205
-0.975233
-0.755833
11.300345
-31.090124
-15.850784
12.745971
3.857445
4.853839
-6.611402
-8.816207
-37.970592
21.583797
14.634152
-1.982342
-8.501430
11.504988
0.955022
14.836528
222.062927
3196.470703
1601.874023
58.895302
1511.349731
-70.713295
638.580078
-1660.406128
-3295.152588
-1520.395386
-872.463745
1212.119629
-335.196777
-1949.450317
1.147200
0.201951
1.791139
352.096741
178.151749
18.690193
171.638321
2.140199
82.785019
-178.419815
-355.257294
-195.168823
-106.989182
133.864594
-19.801670
-220.449127
1.275707
-0.058808
26.494089
352.318146
181.396332
6.188894
168.720062
-8.901518
70.920204
-180.168289
-363.875366
-168.350891
-100.320976
136.223236
-34.735401
-214.470444
1.969600
4.317745
128.284210
1358.902100
687.269714
2.683918
640.362488
-44.524212
254.158524
-724.350220
-1423.981201
-615.294617
-356.853485
528.256592
-162.442322
-832.895020
0.724998
0.401131
-0.938491
0.732974
0.169298
0.185393
0.409513
0.773239
0.198458
-0.296284
-0.354070
-1.583309
0.003559
-0.167092
-0.072095
-0.855412
0.724998
0.401131
-0.938491
0.732974
0.169298
0.185393
0.409513
0.773239
0.198458
-0.296284
-0.354070
-1.583309
0.003559
-0.167092
-0.072095
-0.855412
0.724998
0.401131
-0.938491
0.732974
0.169298
0.185393
0.409513
0.773239
0.198458
-0.296284
-0.354070
-1.583309
0.003559
-0.167092
-0.072095
-0.855412
0.724998
0.401131
-0.938491
0.732974
0.169298
0.185393
0.409513
0.773239
0.198458
-0.296284
-0.354070
-1.583309
0.003559
-0.167092
-0.072095
-0.855412
0.724998
0.401131
-0.938491
0.732974
0.169298
0.185393
0.409513
0.773239
0.198458
-0.296284
-0.354070
-1.583309
0.003559
-0.167092
-0.072095
-0.855412
0.724998
0.401131
-0.938491
0.732974
0.169298
0.185393
0.409513
0.773239
0.198458
-0.296284
-0.354070
-1.583309
0.003559
-0.167092
-0.072095
-0.855412
0.724998
0.401131
-0.938491
0.732974
0.169298
0.185393
0.409513
0.773239
0.198458
-0.296284
-0.354070
-1.583309
0.003559
-0.167092
-0.072095
-0.855412
0.724998
0.401131
-0.938491
0.732974
0.169298
0.185393
0.409513
0.773239
0.198458
-0.296284
-0.354070
-1.583309
0.003559
-0.167092
-0.072095
-0.855412
0.724998
0.401131
-0.938491
0.732974
0.169298
0.185393
0.409513
0.773239
0.198458
-0.296284
-0.354070
-1.583309
0.003559
-0.167092
-0.072095
-0.855412
0.724998
0.401131
-0.938491
0.732974
0.169298
0.185393
0.409513
0.773239
0.198458
-0.296284
-0.354070
-1.583309
0.003559
-0.167092
-0.072095
-0.855412
0.724998
0.401131
-0.938491
0.732974
0.169298
0.185393
0.409513
0.773239
0.198458
-0.296284
-0.354070
-1.583309
0.003559
-0.167092
-0.072095
-0.855412
0.724998
0.401131
-0.938491
0.732974
0.169298
0.185393
0.409513
0.773239
0.198458
-0.296284
-0.354070
-1.583309
0.003559
-0.167092
-0.072095
-0.855412
