-2.190721
2.450747
-7.203317
-19.450430
3.265847
25.272949
5.330240
8.356376
8.318923
-3.107929
-13.255835
-15.601328
-8.037400
-11.375957
0.264891
-13.315607
-2.309186
0.216792
-323.428253
90.365791
357.764038
490.264740
-271.412537
470.626862
319.105011
55.463741
63.235935
-256.152679
-270.412354
392.595551
-471.495148
-474.190155
-0.661252
-0.561514
110.915253
-28.781483
-117.136353
-170.783783
102.425827
-163.677872
-113.241425
-22.290018
-27.155903
89.012703
100.094215
-133.822876
158.799454
166.914810
-0.335584
0.013056
20.779861
-9.776896
-27.115391
-26.924484
15.218305
-26.360865
-17.922531
1.912487
0.515580
13.440784
14.016689
-21.413851
28.272741
25.210798
-0.549144
0.112116
18.858250
-5.843609
-20.878143
-22.899136
11.227229
-31.103992
-17.611488
-0.276992
-2.860630
14.550457
10.433267
-22.290600
28.610878
22.345526
2.733772
1.064301
92.851196
-25.720747
-104.972122
-149.412369
78.628746
-136.149963
-89.106628
-15.833829
-18.691593
76.848152
80.176224
-117.528923
142.106949
148.631592
-0.026985
0.172224
0.094761
-0.246742
-0.256449
0.078064
0.555605
0.119827
-0.500340
0.410063
0.006351
-0.171590
0.220685
-0.664266
0.035207
-0.397413
-0.026985
0.172224
0.094761
-0.246742
-0.256449
0.078064
0.555605
0.119827
-0.500340
0.410063
0.006351
-0.171590
0.220685
-0.664266
0.035207
-0.397413
-0.026985
0.172224
0.094761
-0.246742
-0.256449
0.078064
0.555605
0.119827
-0.500340
0.410063
0.006351
-0.171590
0.220685
-0.664266
0.035207
-0.397413
-0.026985
0.172224
0.094761
-0.246742
-0.256449
0.078064
0.555605
0.119827
-0.500340
0.410063
0.006351
-0.171590
0.220685
-0.664266
0.035207
-0.397413
-0.026985
0.172224
0.094761
-0.246742
-0.256449
0.078064
0.555605
0.119827
-0.500340
0.410063
0.006351
-0.171590
0.220685
-0.664266
0.035207
-0.397413
-0.026985
0.172224
0.094761
-0.246742
-0.256449
0.078064
0.555605
0.119827
-0.500340
0.410063
0.006351
-0.171590
0.220685
-0.664266
0.035207
-0.397413
-0.026985
0.172224
0.094761
-0.246742
-0.256449
0.078064
0.555605
0.119827
-0.500340
0.410063
0.006351
-0.171590
0.220685
-0.664266
0.035207
-0.397413
-0.026985
0.172224
0.094761
-0.246742
-0.256449
0.078064
0.555605
0.119827
-0.500340
0.410063
0.006351
-0.171590
0.220685
-0.664266
0.035207
-0.397413
-0.026985
0.172224
0.094761
-0.246742
-0.256449
0.078064
0.555605
0.119827
-0.500340
0.410063
0.006351
-0.171590
0.220685
-0.664266
0.035207
-0.397413
-0.026985
0.172224
0.094761
-0.246742
-0.256449
0.078064
0.555605
0.119827
-0.500340
0.410063
0.006351
-0.171590
0.220685
-0.664266
0.035207
-0.397413
-0.026985
0.172224
0.094761
-0.246742
-0.256449
0.078064
0.555605
0.119827
-0.500340
0.410063
0.006351
-0.171590
0.220685
-0.664266
0.035207
-0.397413
-0.026985
0.172224
0.094761
-0.246742
-0.256449
0.078064
0.555605
0.119827
-0.500340
0.410063
0.006351
-0.171590
0.220685
-0.664266
0.035207
-0.397413
-0.026985
0.172224
0.094761
-0.246742
-0.256449
0.078064
0.555605
0.119827
-0.500340
0.410063
0.006351
-0.171590
0.220685
-0.664266
0.035207
-0.397413
-0.026985
0.172224
0.094761
-0.246742
-0.256449
0.078064
0.555605
0.119827
-0.500340
0.410063
0.006351
-0.171590
0.220685
-0.664266
0.035207
-0.397413
