1.996131
0.270472
-4.019510
-16.474152
0.570866
18.205612
3.100971
-1.944276
16.818754
-0.099000
1.004919
-16.350193
-2.079908
0.899017
9.566287
-8.576496
0.195571
-2.624258
304.845978
179.678345
172.251053
-521.218994
721.828308
-105.694359
-354.209351
-260.323273
-357.506775
179.356232
637.146179
42.144444
-176.575043
598.633667
-3.486055
-1.295147
-19.509436
-6.658852
-9.403286
37.271355
-45.283173
14.744620
22.306755
15.962404
25.720686
-15.055625
-41.448673
3.059244
8.454868
-41.648357
4.117088
0.103022
-177.840408
-107.588089
-102.213440
305.679596
-427.828491
54.648293
207.588516
155.630981
210.568359
-102.468704
-378.721100
-26.721745
109.088478
-349.121277
-4.569205
3.843848
-38.736103
-24.084276
-27.007006
66.994484
-97.151878
6.007437
47.776279
40.795372
52.451649
-19.468929
-89.455391
-9.477304
33.477325
-82.068443
-0.064185
-0.046745
0.274570
-0.059110
-0.497365
-0.056586
0.091483
0.625021
-0.150272
0.136864
0.036434
-0.263182
-0.404196
0.295545
0.411499
0.541959
-0.064185
-0.046745
0.274570
-0.059110
-0.497365
-0.056586
0.091483
0.625021
-0.150272
0.136864
0.036434
-0.263182
-0.404196
0.295545
0.411499
0.541959
-0.064185
-0.046745
0.274570
-0.059110
-0.497365
-0.056586
0.091483
0.625021
-0.150272
0.136864
0.036434
-0.263182
-0.404196
0.295545
0.411499
0.541959
-0.064185
-0.046745
0.274570
-0.059110
-0.497365
-0.056586
0.091483
0.625021
-0.150272
0.136864
0.036434
-0.263182
-0.404196
0.295545
0.411499
0.541959
-0.064185
-0.046745
0.274570
-0.059110
-0.497365
-0.056586
0.091483
0.625021
-0.150272
0.136864
0.036434
-0.263182
-0.404196
0.295545
0.411499
0.541959
-0.064185
-0.046745
0.274570
-0.059110
-0.497365
-0.056586
0.091483
0.625021
-0.150272
0.136864
0.036434
-0.263182
-0.404196
0.295545
0.411499
0.541959
-0.064185
-0.046745
0.274570
-0.059110
-0.497365
-0.056586
0.091483
0.625021
-0.150272
0.136864
0.036434
-0.263182
-0.404196
0.295545
0.411499
0.541959
-0.064185
-0.046745
0.274570
-0.059110
-0.497365
-0.056586
0.091483
0.625021
-0.150272
0.136864
0.036434
-0.263182
-0.404196
0.295545
0.411499
0.541959
-0.064185
-0.046745
0.274570
-0.059110
-0.497365
-0.056586
0.091483
0.625021
-0.150272
0.136864
0.036434
-0.263182
-0.404196
0.295545
0.411499
0.541959
-0.064185
-0.046745
0.274570
-0.059110
-0.497365
-0.056586
0.091483
0.625021
-0.150272
0.136864
0.036434
-0.263182
-0.404196
0.295545
0.411499
0.541959
-0.064185
-0.046745
0.274570
-0.059110
-0.497365
-0.056586
0.091483
0.625021
-0.150272
0.136864
0.036434
-0.263182
-0.404196
0.295545
0.411499
0.541959
-0.064185
-0.046745
0.274570
-0.059110
-0.497365
-0.056586
0.091483
0.625021
-0.150272
0.136864
0.036434
-0.263182
-0.404196
0.295545
0.411499
0.541959
-0.064185
-0.046745
0.274570
-0.059110
-0.497365
-0.056586
0.091483
0.625021
-0.150272
0.136864
0.036434
-0.263182
-0.404196
0.295545
0.411499
0.541959
-0.064185
-0.046745
0.274570
-0.059110
-0.497365
-0.056586
0.091483
0.625021
-0.150272
0.136864
0.036434
-0.263182
-0.404196
0.295545
0.411499
0.541959
-0.064185
-0.046745
0.274570
-0.059110
-0.497365
-0.056586
0.091483
0.625021
-0.150272
0.136864
0.036434
-0.263182
-0.404196
0.295545
0.411499
0.541959
