0.832669
1.764224
8.837919
-0.985831
-6.858613
-1.497547
-2.235218
-6.503197
0.021524
5.262730
6.524434
-1.147165
5.083647
-0.310613
3.723191
4.812060
-0.382860
-3.357337
-9.197803
-16.753754
2.951909
16.854795
3.416098
-2.322601
12.283642
0.823128
-0.661650
-14.518006
0.229489
-1.011617
4.466802
-9.340148
6.229577
-1.582955
-251.635742
-136.642654
-86.957207
404.779175
-617.001953
82.363319
242.011063
280.756439
234.954254
-106.601280
-467.887909
59.571991
12.798251
-500.580353
0.829568
-1.515482
-7.366442
1.108189
6.064531
1.917047
0.938512
4.750062
0.180372
-4.274521
-4.720289
0.258528
-3.530535
0.360699
-1.685631
-4.716317
2.793562
3.186635
14.143588
1.831510
-4.859003
-22.152628
32.364529
-9.277247
-18.611303
-11.354882
-10.575307
7.870678
33.827343
-9.903245
2.219529
29.910072
-6.267459
0.633328
149.070953
88.497131
57.941067
-242.832184
367.656219
-43.880550
-137.210739
-170.852524
-140.510788
61.003719
269.247711
-28.970961
-10.276912
293.786285
-3.118600
-0.093198
30.061609
20.230791
14.860327
-51.241951
81.350861
-1.318399
-28.530697
-38.441956
-30.711172
11.565775
65.375717
1.287244
-9.451081
65.406845
0.273183
-0.018155
-0.641384
-0.364803
0.168726
0.034863
-0.141196
0.211766
0.052447
0.305410
-0.778657
0.138758
0.044430
0.081091
-0.179459
0.682871
0.273183
-0.018155
-0.641384
-0.364803
0.168726
0.034863
-0.141196
0.211766
0.052447
0.305410
-0.778657
0.138758
0.044430
0.081091
-0.179459
0.682871
0.273183
-0.018155
-0.641384
-0.364803
0.168726
0.034863
-0.141196
0.211766
0.052447
0.305410
-0.778657
0.138758
0.044430
0.081091
-0.179459
0.682871
0.273183
-0.018155
-0.641384
-0.364803
0.168726
0.034863
-0.141196
0.211766
0.052447
0.305410
-0.778657
0.138758
0.044430
0.081091
-0.179459
0.682871
0.273183
-0.018155
-0.641384
-0.364803
0.168726
0.034863
-0.141196
0.211766
0.052447
0.305410
-0.778657
0.138758
0.044430
0.081091
-0.179459
0.682871
0.273183
-0.018155
-0.641384
-0.364803
0.168726
0.034863
-0.141196
0.211766
0.052447
0.305410
-0.778657
0.138758
0.044430
0.081091
-0.179459
0.682871
0.273183
-0.018155
-0.641384
-0.364803
0.168726
0.034863
-0.141196
0.211766
0.052447
0.305410
-0.778657
0.138758
0.044430
0.081091
-0.179459
0.682871
0.273183
-0.018155
-0.641384
-0.364803
0.168726
0.034863
-0.141196
0.211766
0.052447
0.305410
-0.778657
0.138758
0.044430
0.081091
-0.179459
0.682871
0.273183
-0.018155
-0.641384
-0.364803
0.168726
0.034863
-0.141196
0.211766
0.052447
0.305410
-0.778657
0.138758
0.044430
0.081091
-0.179459
0.682871
0.273183
-0.018155
-0.641384
-0.364803
0.168726
0.034863
-0.141196
0.211766
0.052447
0.305410
-0.778657
0.138758
0.044430
0.081091
-0.179459
0.682871
0.273183
-0.018155
-0.641384
-0.364803
0.168726
0.034863
-0.141196
0.211766
0.052447
0.305410
-0.778657
0.138758
0.044430
0.081091
-0.179459
0.682871
0.273183
-0.018155
-0.641384
-0.364803
0.168726
0.034863
-0.141196
0.211766
0.052447
0.305410
-0.778657
0.138758
0.044430
0.081091
-0.179459
0.682871
0.273183
-0.018155
-0.641384
-0.364803
0.168726
0.034863
-0.141196
0.211766
0.052447
0.305410
-0.778657
0.138758
0.044430
0.081091
-0.179459
0.682871
