-0.420789
0.594607
4.031076
-7.681437
-6.548183
2.703002
-5.424436
1.160420
4.709149
1.711004
6.194896
-4.975841
-1.996610
-0.727723
6.697881
1.803861
1.111998
0.833438
140.935837
-209.429459
-369.185638
-137.088135
-18.817554
-578.160645
-283.178772
170.524933
74.263153
210.404007
13.643051
-447.804535
459.690765
73.899124
0.511476
2.176642
-13.747256
10.954448
19.448189
16.473648
-10.015747
39.720665
20.461775
-4.708558
-0.885605
-15.082368
-12.234956
28.231333
-25.003841
-15.467087
-0.313394
-1.658632
-110.407845
158.688278
283.015503
105.072464
11.843843
438.728516
217.327164
-128.710236
-55.219128
-158.574905
-17.951662
339.107147
-350.167847
-58.507717
-0.263485
-0.113165
0.676819
-0.555418
-0.415065
0.529548
0.430044
0.324920
0.018667
-0.072542
-0.111400
-0.553341
0.201919
0.233297
-0.185787
-0.363067
-0.263485
-0.113165
0.676819
-0.555418
-0.415065
0.529548
0.430044
0.324920
0.018667
-0.072542
-0.111400
-0.553341
0.201919
0.233297
-0.185787
-0.363067
-0.263485
-0.113165
0.676819
-0.555418
-0.415065
0.529548
0.430044
0.324920
0.018667
-0.072542
-0.111400
-0.553341
0.201919
0.233297
-0.185787
-0.363067
-0.263485
-0.113165
0.676819
-0.555418
-0.415065
0.529548
0.430044
0.324920
0.018667
-0.072542
-0.111400
-0.553341
0.201919
0.233297
-0.185787
-0.363067
-0.263485
-0.113165
0.676819
-0.555418
-0.415065
0.529548
0.430044
0.324920
0.018667
-0.072542
-0.111400
-0.553341
0.201919
0.233297
-0.185787
-0.363067
-0.263485
-0.113165
0.676819
-0.555418
-0.415065
0.529548
0.430044
0.324920
0.018667
-0.072542
-0.111400
-0.553341
0.201919
0.233297
-0.185787
-0.363067
-0.263485
-0.113165
0.676819
-0.555418
-0.415065
0.529548
0.430044
0.324920
0.018667
-0.072542
-0.111400
-0.553341
0.201919
0.233297
-0.185787
-0.363067
-0.263485
-0.113165
0.676819
-0.555418
-0.415065
0.529548
0.430044
0.324920
0.018667
-0.072542
-0.111400
-0.553341
0.201919
0.233297
-0.185787
-0.363067
-0.263485
-0.113165
0.676819
-0.555418
-0.415065
0.529548
0.430044
0.324920
0.018667
-0.072542
-0.111400
-0.553341
0.201919
0.233297
-0.185787
-0.363067
-0.263485
-0.113165
0.676819
-0.555418
-0.415065
0.529548
0.430044
0.324920
0.018667
-0.072542
-0.111400
-0.553341
0.201919
0.233297
-0.185787
-0.363067
-0.263485
-0.113165
0.676819
-0.555418
-0.415065
0.529548
0.430044
0.324920
0.018667
-0.072542
-0.111400
-0.553341
0.201919
0.233297
-0.185787
-0.363067
-0.263485
-0.113165
0.676819
-0.555418
-0.415065
0.529548
0.430044
0.324920
0.018667
-0.072542
-0.111400
-0.553341
0.201919
0.233297
-0.185787
-0.363067
-0.263485
-0.113165
0.676819
-0.555418
-0.415065
0.529548
0.430044
0.324920
0.018667
-0.072542
-0.111400
-0.553341
0.201919
0.233297
-0.185787
-0.363067
-0.263485
-0.113165
0.676819
-0.555418
-0.415065
0.529548
0.430044
0.324920
0.018667
-0.072542
-0.111400
-0.553341
0.201919
0.233297
-0.185787
-0.363067
-0.263485
-0.113165
0.676819
-0.555418
-0.415065
0.529548
0.430044
0.324920
0.018667
-0.072542
-0.111400
-0.553341
0.201919
0.233297
-0.185787
-0.363067
-0.263485
-0.113165
0.676819
-0.555418
-0.415065
0.529548
0.430044
0.324920
0.018667
-0.072542
-0.111400
-0.553341
0.201919
0.233297
-0.185787
-0.363067
