2.921001
1.198449
17.451159
-0.798696
-18.468143
-7.958153
1.668989
1.810186
-8.290403
14.372334
14.483038
4.781801
0.499290
1.379690
11.206742
10.498267
-0.278627
0.879750
7.029032
4.675449
-4.521856
-5.991900
2.674602
-4.205696
-5.848581
3.497417
6.435629
4.741946
3.431269
1.235393
-2.356674
5.265104
0.288060
4.651226
270.736450
91.265366
-3.936211
-408.444061
602.783142
-167.260208
-239.631348
-229.778656
-184.087250
141.544876
447.937347
-138.614761
74.920609
498.309143
-0.438323
0.094093
-6.550755
-5.915635
4.692891
6.272108
-1.856932
4.446506
2.488160
-3.883799
-6.473206
-4.026231
-3.725790
-2.382989
0.551415
-5.062122
2.931841
-1.153245
-10.938272
-6.221435
-9.192231
18.340881
-36.132530
-8.008539
9.767454
13.110160
12.585877
0.044368
-24.156260
-2.934427
8.824048
-28.300764
-0.058673
0.367388
-166.619080
-53.385765
9.582108
247.998367
-360.587006
113.437828
148.120575
139.721817
109.908516
-89.826836
-268.480194
88.210258
-53.416607
-296.486511
-0.490474
-1.611732
-34.337200
-5.249320
10.896216
48.061428
-71.283089
34.072605
33.251976
19.471886
17.147734
-20.697050
-48.202675
30.015339
-24.501940
-57.699940
0.577335
1.068006
0.414109
-0.638226
-0.501500
-0.275644
-0.104925
0.112847
-0.490590
0.253001
-0.431313
-0.884178
0.129632
0.364586
-0.028136
-0.408414
0.577335
1.068006
0.414109
-0.638226
-0.501500
-0.275644
-0.104925
0.112847
-0.490590
0.253001
-0.431313
-0.884178
0.129632
0.364586
-0.028136
-0.408414
0.577335
1.068006
0.414109
-0.638226
-0.501500
-0.275644
-0.104925
0.112847
-0.490590
0.253001
-0.431313
-0.884178
0.129632
0.364586
-0.028136
-0.408414
0.577335
1.068006
0.414109
-0.638226
-0.501500
-0.275644
-0.104925
0.112847
-0.490590
0.253001
-0.431313
-0.884178
0.129632
0.364586
-0.028136
-0.408414
0.577335
1.068006
0.414109
-0.638226
-0.501500
-0.275644
-0.104925
0.112847
-0.490590
0.253001
-0.431313
-0.884178
0.129632
0.364586
-0.028136
-0.408414
0.577335
1.068006
0.414109
-0.638226
-0.501500
-0.275644
-0.104925
0.112847
-0.490590
0.253001
-0.431313
-0.884178
0.129632
0.364586
-0.028136
-0.408414
0.577335
1.068006
0.414109
-0.638226
-0.501500
-0.275644
-0.104925
0.112847
-0.490590
0.253001
-0.431313
-0.884178
0.129632
0.364586
-0.028136
-0.408414
0.577335
1.068006
0.414109
-0.638226
-0.501500
-0.275644
-0.104925
0.112847
-0.490590
0.253001
-0.431313
-0.884178
0.129632
0.364586
-0.028136
-0.408414
0.577335
1.068006
0.414109
-0.638226
-0.501500
-0.275644
-0.104925
0.112847
-0.490590
0.253001
-0.431313
-0.884178
0.129632
0.364586
-0.028136
-0.408414
0.577335
1.068006
0.414109
-0.638226
-0.501500
-0.275644
-0.104925
0.112847
-0.490590
0.253001
-0.431313
-0.884178
0.129632
0.364586
-0.028136
-0.408414
0.577335
1.068006
0.414109
-0.638226
-0.501500
-0.275644
-0.104925
0.112847
-0.490590
0.253001
-0.431313
-0.884178
0.129632
0.364586
-0.028136
-0.408414
0.577335
1.068006
0.414109
-0.638226
-0.501500
-0.275644
-0.104925
0.112847
-0.490590
0.253001
-0.431313
-0.884178
0.129632
0.364586
-0.028136
-0.408414
0.577335
1.068006
0.414109
-0.638226
-0.501500
-0.275644
-0.104925
0.112847
-0.490590
0.253001
-0.431313
-0.884178
0.129632
0.364586
-0.028136
-0.408414
