2.410197
2.703121
19.634178
11.633582
-18.351114
-24.924690
-3.624842
-3.036182
-14.870541
9.423412
13.766615
10.031560
-1.685521
3.975378
-3.234115
12.434332
-0.148477
-1.321852
-116.252388
-39.376858
210.036331
195.148651
-267.841766
372.070831
-199.684341
-290.189301
-301.747681
85.702896
-247.105148
82.267517
-22.039438
-304.301880
-0.536725
2.016461
36.878578
11.858180
-70.914360
-69.076698
89.582001
-145.404602
68.243385
110.167351
105.727928
-27.379683
87.879974
-35.592720
5.628444
106.797523
0.215651
1.418082
6.944378
4.234051
-14.530560
-13.818489
18.019745
-24.066267
16.686270
16.225071
23.315992
-2.331006
18.119930
-2.479414
1.612354
18.650257
-1.075502
-0.390294
7.069202
1.874610
-8.400667
-11.000692
10.944289
-18.682398
8.722404
14.532838
14.520967
-0.314509
9.489569
-2.209705
-3.077506
13.040618
1.004204
0.061004
35.224304
10.439857
-62.023052
-54.078423
84.398720
-93.183586
59.026920
77.650284
85.043030
-34.783474
71.597389
-21.849648
10.467046
88.795120
-0.861521
-0.523535
1.193752
0.016957
-0.491123
-0.334107
-0.339478
0.282120
-0.370160
0.441255
0.292531
0.088216
0.265007
0.449175
0.097413
0.188489
-0.861521
-0.523535
1.193752
0.016957
-0.491123
-0.334107
-0.339478
0.282120
-0.370160
0.441255
0.292531
0.088216
0.265007
0.449175
0.097413
0.188489
-0.861521
-0.523535
1.193752
0.016957
-0.491123
-0.334107
-0.339478
0.282120
-0.370160
0.441255
0.292531
0.088216
0.265007
0.449175
0.097413
0.188489
-0.861521
-0.523535
1.193752
0.016957
-0.491123
-0.334107
-0.339478
0.282120
-0.370160
0.441255
0.292531
0.088216
0.265007
0.449175
0.097413
0.188489
-0.861521
-0.523535
1.193752
0.016957
-0.491123
-0.334107
-0.339478
0.282120
-0.370160
0.441255
0.292531
0.088216
0.265007
0.449175
0.097413
0.188489
-0.861521
-0.523535
1.193752
0.016957
-0.491123
-0.334107
-0.339478
0.282120
-0.370160
0.441255
0.292531
0.088216
0.265007
0.449175
0.097413
0.188489
-0.861521
-0.523535
1.193752
0.016957
-0.491123
-0.334107
-0.339478
0.282120
-0.370160
0.441255
0.292531
0.088216
0.265007
0.449175
0.097413
0.188489
-0.861521
-0.523535
1.193752
0.016957
-0.491123
-0.334107
-0.339478
0.282120
-0.370160
0.441255
0.292531
0.088216
0.265007
0.449175
0.097413
0.188489
-0.861521
-0.523535
1.193752
0.016957
-0.491123
-0.334107
-0.339478
0.282120
-0.370160
0.441255
0.292531
0.088216
0.265007
0.449175
0.097413
0.188489
-0.861521
-0.523535
1.193752
0.016957
-0.491123
-0.334107
-0.339478
0.282120
-0.370160
0.441255
0.292531
0.088216
0.265007
0.449175
0.097413
0.188489
-0.861521
-0.523535
1.193752
0.016957
-0.491123
-0.334107
-0.339478
0.282120
-0.370160
0.441255
0.292531
0.088216
0.265007
0.449175
0.097413
0.188489
-0.861521
-0.523535
1.193752
0.016957
-0.491123
-0.334107
-0.339478
0.282120
-0.370160
0.441255
0.292531
0.088216
0.265007
0.449175
0.097413
0.188489
-0.861521
-0.523535
1.193752
0.016957
-0.491123
-0.334107
-0.339478
0.282120
-0.370160
0.441255
0.292531
0.088216
0.265007
0.449175
0.097413
0.188489
-0.861521
-0.523535
1.193752
0.016957
-0.491123
-0.334107
-0.339478
0.282120
-0.370160
0.441255
0.292531
0.088216
0.265007
0.449175
0.097413
0.188489
