3.819451
-0.279995
-13.740587
-2.082592
-10.571194
22.270466
-7.311807
4.299181
-19.180820
11.582041
-14.980603
2.863659
-49.431053
56.109043
-2.937371
5.715524
-8.724762
-13.240611
25.168871
14.704352
4.108576
-33.736980
-12.936836
8.627980
12.837859
-16.319977
17.439754
8.987067
75.739777
-6.090599
9.115899
-11.771259
0.762376
1.678486
-3.841984
8.097570
5.289011
-5.323750
3.312199
-2.696400
-1.142313
0.083299
-1.413634
3.925783
1.009477
-0.194192
-5.144470
-1.635381
0.197814
-3.891535
-10.343104
18.021008
20.910402
-20.746716
-1.122975
-9.589394
-7.764891
-3.517288
0.224237
22.653645
-0.684655
7.730087
-6.439301
9.741325
-0.160997
-2.372552
-85.457382
59.959496
218.415497
-105.855888
337.212860
282.953552
-450.684967
66.427734
-65.673645
321.892334
120.946976
183.493347
-259.212341
-59.404552
-1.645167
1.916801
50.360695
-35.273460
-130.999802
64.711792
-196.599762
-164.786240
268.966187
-43.454208
41.974083
-185.622147
-78.578957
-102.981606
153.173599
36.021763
-0.768965
2.200169
14.541080
-7.419171
-30.647156
14.803170
-42.547359
-46.005367
58.910824
0.119909
11.872192
-44.986004
-8.047728
-27.686682
34.566158
8.806901
-0.282887
-0.582464
5.585603
-3.801027
-13.443130
8.169095
-25.100803
-15.483753
28.425995
-7.090903
0.140327
-21.231138
-7.658631
-13.425641
17.148235
1.706883
-0.443226
-0.220111
0.485165
0.183087
0.072242
-0.286250
0.321609
-0.675243
0.053092
0.164314
0.092710
0.166797
0.138986
0.112951
-0.210013
0.563719
-0.443226
-0.220111
0.485165
0.183087
0.072242
-0.286250
0.321609
-0.675243
0.053092
0.164314
0.092710
0.166797
0.138986
0.112951
-0.210013
0.563719
-0.443226
-0.220111
0.485165
0.183087
0.072242
-0.286250
0.321609
-0.675243
0.053092
0.164314
0.092710
0.166797
0.138986
0.112951
-0.210013
0.563719
-0.443226
-0.220111
0.485165
0.183087
0.072242
-0.286250
0.321609
-0.675243
0.053092
0.164314
0.092710
0.166797
0.138986
0.112951
-0.210013
0.563719
-0.443226
-0.220111
0.485165
0.183087
0.072242
-0.286250
0.321609
-0.675243
0.053092
0.164314
0.092710
0.166797
0.138986
0.112951
-0.210013
0.563719
-0.443226
-0.220111
0.485165
0.183087
0.072242
-0.286250
0.321609
-0.675243
0.053092
0.164314
0.092710
0.166797
0.138986
0.112951
-0.210013
0.563719
-0.443226
-0.220111
0.485165
0.183087
0.072242
-0.286250
0.321609
-0.675243
0.053092
0.164314
0.092710
0.166797
0.138986
0.112951
-0.210013
0.563719
-0.443226
-0.220111
0.485165
0.183087
0.072242
-0.286250
0.321609
-0.675243
0.053092
0.164314
0.092710
0.166797
0.138986
0.112951
-0.210013
0.563719
-0.443226
-0.220111
0.485165
0.183087
0.072242
-0.286250
0.321609
-0.675243
0.053092
0.164314
0.092710
0.166797
0.138986
0.112951
-0.210013
0.563719
-0.443226
-0.220111
0.485165
0.183087
0.072242
-0.286250
0.321609
-0.675243
0.053092
0.164314
0.092710
0.166797
0.138986
0.112951
-0.210013
0.563719
-0.443226
-0.220111
0.485165
0.183087
0.072242
-0.286250
0.321609
-0.675243
0.053092
0.164314
0.092710
0.166797
0.138986
0.112951
-0.210013
0.563719
-0.443226
-0.220111
0.485165
0.183087
0.072242
-0.286250
0.321609
-0.675243
0.053092
0.164314
0.092710
0.166797
0.138986
0.112951
-0.210013
0.563719
