-0.943615
4.447452
95.275101
69.456238
-173.503433
-302.324707
245.166840
-498.580963
180.695099
528.512634
345.583282
56.266121
375.782471
-270.789459
-6.456910
368.726196
0.808922
-0.054132
6.614501
2.624166
-3.865371
-5.860259
-0.525910
-4.511231
-0.692242
3.120768
4.672505
3.222151
1.118079
-0.724851
-2.444252
6.160860
0.485883
1.305931
-6.209556
-3.124618
5.109482
5.898418
2.543724
3.598182
0.387002
-2.717272
-4.643178
-2.356582
-2.353174
1.107740
0.684569
-4.215210
-3.054819
1.465246
-7.662142
2.649996
11.494361
12.786990
-5.105260
22.135229
-7.824485
-28.239723
-16.453226
0.189522
-19.293224
15.808590
3.101251
-16.091475
0.463309
-4.406722
-28.850983
-21.803680
54.796413
96.315361
-88.273514
161.369537
-48.397606
-179.048325
-113.256409
-25.138567
-131.143402
87.228004
8.857165
-123.418045
0.967136
-0.260561
-5.462329
-6.873082
13.463425
22.652374
-16.509941
35.950161
-14.735484
-34.630062
-24.455769
-3.159187
-21.102875
19.635979
-6.139483
-26.181488
1.288612
-1.735415
-26.198038
-25.983860
48.026154
98.154305
-84.848419
155.282990
-55.963188
-162.198578
-104.546867
-20.916433
-117.818840
78.647346
2.884847
-111.203499
0.246766
0.086598
0.092725
0.537364
0.243368
-0.086365
0.439666
0.457626
0.030472
-0.020384
-0.529265
0.374479
-0.047134
0.299533
0.454136
-0.320544
0.246766
0.086598
0.092725
0.537364
0.243368
-0.086365
0.439666
0.457626
0.030472
-0.020384
-0.529265
0.374479
-0.047134
0.299533
0.454136
-0.320544
0.246766
0.086598
0.092725
0.537364
0.243368
-0.086365
0.439666
0.457626
0.030472
-0.020384
-0.529265
0.374479
-0.047134
0.299533
0.454136
-0.320544
0.246766
0.086598
0.092725
0.537364
0.243368
-0.086365
0.439666
0.457626
0.030472
-0.020384
-0.529265
0.374479
-0.047134
0.299533
0.454136
-0.320544
0.246766
0.086598
0.092725
0.537364
0.243368
-0.086365
0.439666
0.457626
0.030472
-0.020384
-0.529265
0.374479
-0.047134
0.299533
0.454136
-0.320544
0.246766
0.086598
0.092725
0.537364
0.243368
-0.086365
0.439666
0.457626
0.030472
-0.020384
-0.529265
0.374479
-0.047134
0.299533
0.454136
-0.320544
0.246766
0.086598
0.092725
0.537364
0.243368
-0.086365
0.439666
0.457626
0.030472
-0.020384
-0.529265
0.374479
-0.047134
0.299533
0.454136
-0.320544
0.246766
0.086598
0.092725
0.537364
0.243368
-0.086365
0.439666
0.457626
0.030472
-0.020384
-0.529265
0.374479
-0.047134
0.299533
0.454136
-0.320544
0.246766
0.086598
0.092725
0.537364
0.243368
-0.086365
0.439666
0.457626
0.030472
-0.020384
-0.529265
0.374479
-0.047134
0.299533
0.454136
-0.320544
0.246766
0.086598
0.092725
0.537364
0.243368
-0.086365
0.439666
0.457626
0.030472
-0.020384
-0.529265
0.374479
-0.047134
0.299533
0.454136
-0.320544
0.246766
0.086598
0.092725
0.537364
0.243368
-0.086365
0.439666
0.457626
0.030472
-0.020384
-0.529265
0.374479
-0.047134
0.299533
0.454136
-0.320544
0.246766
0.086598
0.092725
0.537364
0.243368
-0.086365
0.439666
0.457626
0.030472
-0.020384
-0.529265
0.374479
-0.047134
0.299533
0.454136
-0.320544
0.246766
0.086598
0.092725
0.537364
0.243368
-0.086365
0.439666
0.457626
0.030472
-0.020384
-0.529265
0.374479
-0.047134
0.299533
0.454136
-0.320544
