0.029728
-0.624224
-3.769055
4.966493
7.041021
-1.925085
4.540194
-2.210170
-2.458843
-2.093217
-5.602443
3.163937
3.030010
0.679869
-6.509615
-2.802980
1.267571
-3.430181
-20.954384
1.228345
31.580860
2.486145
2.799033
-13.915167
3.362797
-4.594835
-17.216261
16.937937
-9.780373
10.796892
-13.377479
6.266927
1.892898
1.118382
37.419209
-87.845810
-154.977631
220.109222
-441.257111
3.856981
234.681732
-356.499420
-177.592087
-285.982117
-293.436462
-120.275589
279.570892
-122.710358
-0.179119
0.630645
3.476316
-3.642022
-7.032574
1.364705
-4.157152
1.226358
2.709729
1.356206
5.115269
-4.189692
-2.180864
-0.588280
4.447600
2.735604
-1.699282
2.890876
-1.208443
9.408110
10.222235
-17.367064
26.434454
1.989051
-19.706198
23.794374
12.517616
24.131098
19.594830
10.148303
-19.363781
6.517448
0.682830
-4.571206
-22.830490
49.948875
92.289589
-129.365829
268.109344
-3.742289
-140.629181
215.188675
106.974564
167.602417
178.501282
70.275909
-173.322403
72.953964
-2.429741
0.938588
-2.560566
14.411173
20.145506
-31.778994
62.035255
-5.282495
-32.012577
52.073643
28.084209
38.303699
41.260426
17.685581
-33.609604
19.307835
0.130765
0.715681
0.337050
-0.207248
0.297504
0.117742
0.047986
0.650785
-0.203264
0.300381
0.020580
0.145641
-0.818804
0.169262
-0.209908
-0.204977
0.130765
0.715681
0.337050
-0.207248
0.297504
0.117742
0.047986
0.650785
-0.203264
0.300381
0.020580
0.145641
-0.818804
0.169262
-0.209908
-0.204977
0.130765
0.715681
0.337050
-0.207248
0.297504
0.117742
0.047986
0.650785
-0.203264
0.300381
0.020580
0.145641
-0.818804
0.169262
-0.209908
-0.204977
0.130765
0.715681
0.337050
-0.207248
0.297504
0.117742
0.047986
0.650785
-0.203264
0.300381
0.020580
0.145641
-0.818804
0.169262
-0.209908
-0.204977
0.130765
0.715681
0.337050
-0.207248
0.297504
0.117742
0.047986
0.650785
-0.203264
0.300381
0.020580
0.145641
-0.818804
0.169262
-0.209908
-0.204977
0.130765
0.715681
0.337050
-0.207248
0.297504
0.117742
0.047986
0.650785
-0.203264
0.300381
0.020580
0.145641
-0.818804
0.169262
-0.209908
-0.204977
0.130765
0.715681
0.337050
-0.207248
0.297504
0.117742
0.047986
0.650785
-0.203264
0.300381
0.020580
0.145641
-0.818804
0.169262
-0.209908
-0.204977
0.130765
0.715681
0.337050
-0.207248
0.297504
0.117742
0.047986
0.650785
-0.203264
0.300381
0.020580
0.145641
-0.818804
0.169262
-0.209908
-0.204977
0.130765
0.715681
0.337050
-0.207248
0.297504
0.117742
0.047986
0.650785
-0.203264
0.300381
0.020580
0.145641
-0.818804
0.169262
-0.209908
-0.204977
0.130765
0.715681
0.337050
-0.207248
0.297504
0.117742
0.047986
0.650785
-0.203264
0.300381
0.020580
0.145641
-0.818804
0.169262
-0.209908
-0.204977
0.130765
0.715681
0.337050
-0.207248
0.297504
0.117742
0.047986
0.650785
-0.203264
0.300381
0.020580
0.145641
-0.818804
0.169262
-0.209908
-0.204977
0.130765
0.715681
0.337050
-0.207248
0.297504
0.117742
0.047986
0.650785
-0.203264
0.300381
0.020580
0.145641
-0.818804
0.169262
-0.209908
-0.204977
0.130765
0.715681
0.337050
-0.207248
0.297504
0.117742
0.047986
0.650785
-0.203264
0.300381
0.020580
0.145641
-0.818804
0.169262
-0.209908
-0.204977
