-7.980104
12.412200
16.843027
14.152779
-34.157177
-6.803495
-8.764938
22.263058
-29.159859
5.510992
0.575596
15.549915
9.503948
33.112114
-24.001438
18.956360
-1.117650
0.151959
-6.208227
-3.885805
-0.164688
7.732381
-0.751425
6.054755
1.318964
-2.653842
-1.338371
-4.270717
-0.294605
-0.745050
1.402296
-5.316859
-0.684053
-3.044731
5.028976
17.919773
5.692641
-22.577724
-1.313221
-10.408011
-16.461859
-0.302518
6.943744
13.397086
0.262399
10.780421
-0.125575
16.089457
-1.053938
-3.307813
1.961558
-6.770986
89.501480
36.275162
190.819733
-2.220681
-216.360870
43.414207
-157.301666
23.300877
140.362564
88.774811
-150.088669
-112.036720
1.229158
-1.075289
-0.898345
7.899812
-79.914352
-32.109642
-173.666992
1.947789
197.965851
-44.151421
142.618637
-25.227570
-129.676361
-80.304016
141.701401
99.090096
-0.501080
-0.718734
0.140192
-0.009235
-0.236343
0.320067
-0.186699
-0.215152
0.342087
-0.671080
-0.246790
-0.779322
0.223710
0.027737
-0.282110
-0.035012
-0.501080
-0.718734
0.140192
-0.009235
-0.236343
0.320067
-0.186699
-0.215152
0.342087
-0.671080
-0.246790
-0.779322
0.223710
0.027737
-0.282110
-0.035012
-0.501080
-0.718734
0.140192
-0.009235
-0.236343
0.320067
-0.186699
-0.215152
0.342087
-0.671080
-0.246790
-0.779322
0.223710
0.027737
-0.282110
-0.035012
-0.501080
-0.718734
0.140192
-0.009235
-0.236343
0.320067
-0.186699
-0.215152
0.342087
-0.671080
-0.246790
-0.779322
0.223710
0.027737
-0.282110
-0.035012
-0.501080
-0.718734
0.140192
-0.009235
-0.236343
0.320067
-0.186699
-0.215152
0.342087
-0.671080
-0.246790
-0.779322
0.223710
0.027737
-0.282110
-0.035012
-0.501080
-0.718734
0.140192
-0.009235
-0.236343
0.320067
-0.186699
-0.215152
0.342087
-0.671080
-0.246790
-0.779322
0.223710
0.027737
-0.282110
-0.035012
-0.501080
-0.718734
0.140192
-0.009235
-0.236343
0.320067
-0.186699
-0.215152
0.342087
-0.671080
-0.246790
-0.779322
0.223710
0.027737
-0.282110
-0.035012
-0.501080
-0.718734
0.140192
-0.009235
-0.236343
0.320067
-0.186699
-0.215152
0.342087
-0.671080
-0.246790
-0.779322
0.223710
0.027737
-0.282110
-0.035012
-0.501080
-0.718734
0.140192
-0.009235
-0.236343
0.320067
-0.186699
-0.215152
0.342087
-0.671080
-0.246790
-0.779322
0.223710
0.027737
-0.282110
-0.035012
-0.501080
-0.718734
0.140192
-0.009235
-0.236343
0.320067
-0.186699
-0.215152
0.342087
-0.671080
-0.246790
-0.779322
0.223710
0.027737
-0.282110
-0.035012
-0.501080
-0.718734
0.140192
-0.009235
-0.236343
0.320067
-0.186699
-0.215152
0.342087
-0.671080
-0.246790
-0.779322
0.223710
0.027737
-0.282110
-0.035012
-0.501080
-0.718734
0.140192
-0.009235
-0.236343
0.320067
-0.186699
-0.215152
0.342087
-0.671080
-0.246790
-0.779322
0.223710
0.027737
-0.282110
-0.035012
-0.501080
-0.718734
0.140192
-0.009235
-0.236343
0.320067
-0.186699
-0.215152
0.342087
-0.671080
-0.246790
-0.779322
0.223710
0.027737
-0.282110
-0.035012
-0.501080
-0.718734
0.140192
-0.009235
-0.236343
0.320067
-0.186699
-0.215152
0.342087
-0.671080
-0.246790
-0.779322
0.223710
0.027737
-0.282110
-0.035012
-0.501080
-0.718734
0.140192
-0.009235
-0.236343
0.320067
-0.186699
-0.215152
0.342087
-0.671080
-0.246790
-0.779322
0.223710
0.027737
-0.282110
-0.035012
