2.312773
1.381622
17.582037
-10.979824
-22.177458
1.648329
-0.548966
3.264733
-0.625653
13.893671
16.816626
-3.890358
2.410259
-1.504884
11.034594
1.370192
7.613478
-1.887812
-13.164476
37.541359
21.405178
-29.801817
-10.707255
-23.338589
14.223734
0.711265
1.751312
29.971180
-31.526737
18.661730
27.100079
12.681682
0.484699
-0.536222
-5.763639
3.879732
6.150312
0.194612
3.652393
5.538823
-1.546018
-5.014653
-5.835062
4.514469
-1.553196
2.805637
-3.840657
-2.124910
-0.856385
-0.861111
2.986904
7.722618
64.167320
-32.659718
87.680084
-99.098816
-77.594635
173.191711
-98.200920
102.994263
129.910614
-40.424053
-175.470428
14.461093
0.451608
1.029297
4.904269
-2.454373
-4.966927
-0.291592
-3.947470
-3.894800
2.254945
4.520446
5.358594
-4.064319
2.198777
-1.815088
3.901351
1.817891
-1.118675
4.772551
-2.813715
-7.564939
-52.948883
30.048319
-69.803154
84.475983
66.886368
-147.501892
76.117157
-86.418457
-106.763351
32.835178
150.198593
-15.035189
-0.158539
-0.624783
0.262361
0.120218
0.291461
-0.185642
0.368932
-0.366144
-0.658308
-0.253565
-0.365519
0.404914
-0.138732
-0.083193
0.062401
0.182022
-0.158539
-0.624783
0.262361
0.120218
0.291461
-0.185642
0.368932
-0.366144
-0.658308
-0.253565
-0.365519
0.404914
-0.138732
-0.083193
0.062401
0.182022
-0.158539
-0.624783
0.262361
0.120218
0.291461
-0.185642
0.368932
-0.366144
-0.658308
-0.253565
-0.365519
0.404914
-0.138732
-0.083193
0.062401
0.182022
-0.158539
-0.624783
0.262361
0.120218
0.291461
-0.185642
0.368932
-0.366144
-0.658308
-0.253565
-0.365519
0.404914
-0.138732
-0.083193
0.062401
0.182022
-0.158539
-0.624783
0.262361
0.120218
0.291461
-0.185642
0.368932
-0.366144
-0.658308
-0.253565
-0.365519
0.404914
-0.138732
-0.083193
0.062401
0.182022
-0.158539
-0.624783
0.262361
0.120218
0.291461
-0.185642
0.368932
-0.366144
-0.658308
-0.253565
-0.365519
0.404914
-0.138732
-0.083193
0.062401
0.182022
-0.158539
-0.624783
0.262361
0.120218
0.291461
-0.185642
0.368932
-0.366144
-0.658308
-0.253565
-0.365519
0.404914
-0.138732
-0.083193
0.062401
0.182022
-0.158539
-0.624783
0.262361
0.120218
0.291461
-0.185642
0.368932
-0.366144
-0.658308
-0.253565
-0.365519
0.404914
-0.138732
-0.083193
0.062401
0.182022
-0.158539
-0.624783
0.262361
0.120218
0.291461
-0.185642
0.368932
-0.366144
-0.658308
-0.253565
-0.365519
0.404914
-0.138732
-0.083193
0.062401
0.182022
-0.158539
-0.624783
0.262361
0.120218
0.291461
-0.185642
0.368932
-0.366144
-0.658308
-0.253565
-0.365519
0.404914
-0.138732
-0.083193
0.062401
0.182022
-0.158539
-0.624783
0.262361
0.120218
0.291461
-0.185642
0.368932
-0.366144
-0.658308
-0.253565
-0.365519
0.404914
-0.138732
-0.083193
0.062401
0.182022
-0.158539
-0.624783
0.262361
0.120218
0.291461
-0.185642
0.368932
-0.366144
-0.658308
-0.253565
-0.365519
0.404914
-0.138732
-0.083193
0.062401
0.182022
-0.158539
-0.624783
0.262361
0.120218
0.291461
-0.185642
0.368932
-0.366144
-0.658308
-0.253565
-0.365519
0.404914
-0.138732
-0.083193
0.062401
0.182022
-0.158539
-0.624783
0.262361
0.120218
0.291461
-0.185642
0.368932
-0.366144
-0.658308
-0.253565
-0.365519
0.404914
-0.138732
-0.083193
0.062401
0.182022
