-1.160497
0.069750
-10.870414
-15.992930
5.566326
21.482569
-0.614389
-2.771852
9.203718
-4.170299
-1.555086
-13.426941
4.780807
0.982924
0.992416
-10.739573
2.867370
-3.639904
-8.690839
-5.251359
-5.868635
79.480873
40.310955
114.968422
-118.977348
-134.216766
-57.765987
-121.357430
-10.998714
116.875267
61.443497
-168.000854
-1.652952
0.773088
6.708289
3.043702
3.284397
-52.483356
-27.495220
-76.560173
80.305740
93.826538
36.402218
85.299477
5.144730
-80.724564
-41.476608
116.834145
0.154690
0.056191
-0.889476
0.261502
0.228110
0.079561
0.049715
0.069736
-0.259301
-0.024514
-0.146647
0.296477
-0.004310
0.319174
0.889894
0.488507
0.154690
0.056191
-0.889476
0.261502
0.228110
0.079561
0.049715
0.069736
-0.259301
-0.024514
-0.146647
0.296477
-0.004310
0.319174
0.889894
0.488507
0.154690
0.056191
-0.889476
0.261502
0.228110
0.079561
0.049715
0.069736
-0.259301
-0.024514
-0.146647
0.296477
-0.004310
0.319174
0.889894
0.488507
0.154690
0.056191
-0.889476
0.261502
0.228110
0.079561
0.049715
0.069736
-0.259301
-0.024514
-0.146647
0.296477
-0.004310
0.319174
0.889894
0.488507
0.154690
0.056191
-0.889476
0.261502
0.228110
0.079561
0.049715
0.069736
-0.259301
-0.024514
-0.146647
0.296477
-0.004310
0.319174
0.889894
0.488507
0.154690
0.056191
-0.889476
0.261502
0.228110
0.079561
0.049715
0.069736
-0.259301
-0.024514
-0.146647
0.296477
-0.004310
0.319174
0.889894
0.488507
0.154690
0.056191
-0.889476
0.261502
0.228110
0.079561
0.049715
0.069736
-0.259301
-0.024514
-0.146647
0.296477
-0.004310
0.319174
0.889894
0.488507
0.154690
0.056191
-0.889476
0.261502
0.228110
0.079561
0.049715
0.069736
-0.259301
-0.024514
-0.146647
0.296477
-0.004310
0.319174
0.889894
0.488507
0.154690
0.056191
-0.889476
0.261502
0.228110
0.079561
0.049715
0.069736
-0.259301
-0.024514
-0.146647
0.296477
-0.004310
0.319174
0.889894
0.488507
0.154690
0.056191
-0.889476
0.261502
0.228110
0.079561
0.049715
0.069736
-0.259301
-0.024514
-0.146647
0.296477
-0.004310
0.319174
0.889894
0.488507
0.154690
0.056191
-0.889476
0.261502
0.228110
0.079561
0.049715
0.069736
-0.259301
-0.024514
-0.146647
0.296477
-0.004310
0.319174
0.889894
0.488507
0.154690
0.056191
-0.889476
0.261502
0.228110
0.079561
0.049715
0.069736
-0.259301
-0.024514
-0.146647
0.296477
-0.004310
0.319174
0.889894
0.488507
0.154690
0.056191
-0.889476
0.261502
0.228110
0.079561
0.049715
0.069736
-0.259301
-0.024514
-0.146647
0.296477
-0.004310
0.319174
0.889894
0.488507
0.154690
0.056191
-0.889476
0.261502
0.228110
0.079561
0.049715
0.069736
-0.259301
-0.024514
-0.146647
0.296477
-0.004310
0.319174
0.889894
0.488507
0.154690
0.056191
-0.889476
0.261502
0.228110
0.079561
0.049715
0.069736
-0.259301
-0.024514
-0.146647
0.296477
-0.004310
0.319174
0.889894
0.488507
0.154690
0.056191
-0.889476
0.261502
0.228110
0.079561
0.049715
0.069736
-0.259301
-0.024514
-0.146647
0.296477
-0.004310
0.319174
0.889894
0.488507
0.154690
0.056191
-0.889476
0.261502
0.228110
0.079561
0.049715
0.069736
-0.259301
-0.024514
-0.146647
0.296477
-0.004310
0.319174
0.889894
0.488507
