-1.380268
-1.119126
-5.220625
-1.532185
4.407742
5.943615
2.444721
4.244225
-1.009201
-3.232516
-5.871845
-1.331879
-1.009158
3.665710
-0.685495
-6.791627
3.136920
-1.473308
-5.919879
6.929505
85.661797
19.999605
143.688568
-30.704363
-163.817184
104.872681
-149.968857
43.500118
125.922356
34.616142
-188.729004
-84.647255
0.141651
0.096275
-0.120608
-2.004894
-10.612644
-0.426997
-17.792131
3.003421
20.026321
-9.469333
20.001642
-7.356195
-13.463917
-6.760093
21.133833
9.078808
-1.250186
1.567637
7.107090
-4.506227
-58.299648
-13.691183
-89.719376
22.837515
101.910095
-65.450500
92.100586
-29.922392
-77.234718
-18.223783
120.626945
50.040539
0.137450
0.008556
-0.008125
0.889657
0.231492
-0.504862
0.662868
-0.218927
0.644550
0.030627
0.446193
0.201436
-0.208927
0.275646
0.688083
0.283775
0.137450
0.008556
-0.008125
0.889657
0.231492
-0.504862
0.662868
-0.218927
0.644550
0.030627
0.446193
0.201436
-0.208927
0.275646
0.688083
0.283775
0.137450
0.008556
-0.008125
0.889657
0.231492
-0.504862
0.662868
-0.218927
0.644550
0.030627
0.446193
0.201436
-0.208927
0.275646
0.688083
0.283775
0.137450
0.008556
-0.008125
0.889657
0.231492
-0.504862
0.662868
-0.218927
0.644550
0.030627
0.446193
0.201436
-0.208927
0.275646
0.688083
0.283775
0.137450
0.008556
-0.008125
0.889657
0.231492
-0.504862
0.662868
-0.218927
0.644550
0.030627
0.446193
0.201436
-0.208927
0.275646
0.688083
0.283775
0.137450
0.008556
-0.008125
0.889657
0.231492
-0.504862
0.662868
-0.218927
0.644550
0.030627
0.446193
0.201436
-0.208927
0.275646
0.688083
0.283775
0.137450
0.008556
-0.008125
0.889657
0.231492
-0.504862
0.662868
-0.218927
0.644550
0.030627
0.446193
0.201436
-0.208927
0.275646
0.688083
0.283775
0.137450
0.008556
-0.008125
0.889657
0.231492
-0.504862
0.662868
-0.218927
0.644550
0.030627
0.446193
0.201436
-0.208927
0.275646
0.688083
0.283775
0.137450
0.008556
-0.008125
0.889657
0.231492
-0.504862
0.662868
-0.218927
0.644550
0.030627
0.446193
0.201436
-0.208927
0.275646
0.688083
0.283775
0.137450
0.008556
-0.008125
0.889657
0.231492
-0.504862
0.662868
-0.218927
0.644550
0.030627
0.446193
0.201436
-0.208927
0.275646
0.688083
0.283775
0.137450
0.008556
-0.008125
0.889657
0.231492
-0.504862
0.662868
-0.218927
0.644550
0.030627
0.446193
0.201436
-0.208927
0.275646
0.688083
0.283775
0.137450
0.008556
-0.008125
0.889657
0.231492
-0.504862
0.662868
-0.218927
0.644550
0.030627
0.446193
0.201436
-0.208927
0.275646
0.688083
0.283775
0.137450
0.008556
-0.008125
0.889657
0.231492
-0.504862
0.662868
-0.218927
0.644550
0.030627
0.446193
0.201436
-0.208927
0.275646
0.688083
0.283775
0.137450
0.008556
-0.008125
0.889657
0.231492
-0.504862
0.662868
-0.218927
0.644550
0.030627
0.446193
0.201436
-0.208927
0.275646
0.688083
0.283775
0.137450
0.008556
-0.008125
0.889657
0.231492
-0.504862
0.662868
-0.218927
0.644550
0.030627
0.446193
0.201436
-0.208927
0.275646
0.688083
0.283775
0.137450
0.008556
-0.008125
0.889657
0.231492
-0.504862
0.662868
-0.218927
0.644550
0.030627
0.446193
0.201436
-0.208927
0.275646
0.688083
0.283775
