2.228707
-3.288437
-3.779777
-5.913186
24.240061
-5.928737
-27.252237
-15.932340
18.002989
18.707775
13.678803
16.482815
-12.910832
5.580018
-1.312047
26.066519
0.485207
0.137438
1.083679
5.787328
4.034396
-5.388862
3.315527
-3.095350
-1.718185
1.566743
-0.531581
7.356966
0.197051
-1.950543
-5.398622
3.084477
9.264494
1.534585
-14.920979
33.073189
21.879364
-28.921539
-23.067934
-21.801409
8.795930
-9.059144
-3.992005
19.779348
-29.531033
15.654554
22.553547
7.072915
1.057316
1.247924
-38.745182
40.243034
52.646809
-25.405621
13.858718
5.842730
-11.756685
30.141174
14.914304
48.050465
78.388069
17.457630
-100.592567
76.930435
-1.760914
7.768400
1.253437
3.319319
-9.896384
14.570007
25.511248
-4.925325
-20.084738
-4.651313
-27.138792
-9.279268
10.710418
-11.624257
-12.919452
-21.295448
0.248340
-0.261640
27.225153
-27.158527
-37.930122
18.155581
-10.682060
1.901753
9.252618
-19.857428
-8.122682
-32.664841
-50.253857
-14.995087
67.390617
-50.383209
0.553071
0.771777
-0.001652
0.699819
-0.206642
-0.569780
0.267339
-0.156605
0.195659
0.300794
0.037063
-0.085519
-0.214530
0.135731
0.215426
-0.072742
0.553071
0.771777
-0.001652
0.699819
-0.206642
-0.569780
0.267339
-0.156605
0.195659
0.300794
0.037063
-0.085519
-0.214530
0.135731
0.215426
-0.072742
0.553071
0.771777
-0.001652
0.699819
-0.206642
-0.569780
0.267339
-0.156605
0.195659
0.300794
0.037063
-0.085519
-0.214530
0.135731
0.215426
-0.072742
0.553071
0.771777
-0.001652
0.699819
-0.206642
-0.569780
0.267339
-0.156605
0.195659
0.300794
0.037063
-0.085519
-0.214530
0.135731
0.215426
-0.072742
0.553071
0.771777
-0.001652
0.699819
-0.206642
-0.569780
0.267339
-0.156605
0.195659
0.300794
0.037063
-0.085519
-0.214530
0.135731
0.215426
-0.072742
0.553071
0.771777
-0.001652
0.699819
-0.206642
-0.569780
0.267339
-0.156605
0.195659
0.300794
0.037063
-0.085519
-0.214530
0.135731
0.215426
-0.072742
0.553071
0.771777
-0.001652
0.699819
-0.206642
-0.569780
0.267339
-0.156605
0.195659
0.300794
0.037063
-0.085519
-0.214530
0.135731
0.215426
-0.072742
0.553071
0.771777
-0.001652
0.699819
-0.206642
-0.569780
0.267339
-0.156605
0.195659
0.300794
0.037063
-0.085519
-0.214530
0.135731
0.215426
-0.072742
0.553071
0.771777
-0.001652
0.699819
-0.206642
-0.569780
0.267339
-0.156605
0.195659
0.300794
0.037063
-0.085519
-0.214530
0.135731
0.215426
-0.072742
0.553071
0.771777
-0.001652
0.699819
-0.206642
-0.569780
0.267339
-0.156605
0.195659
0.300794
0.037063
-0.085519
-0.214530
0.135731
0.215426
-0.072742
0.553071
0.771777
-0.001652
0.699819
-0.206642
-0.569780
0.267339
-0.156605
0.195659
0.300794
0.037063
-0.085519
-0.214530
0.135731
0.215426
-0.072742
0.553071
0.771777
-0.001652
0.699819
-0.206642
-0.569780
0.267339
-0.156605
0.195659
0.300794
0.037063
-0.085519
-0.214530
0.135731
0.215426
-0.072742
0.553071
0.771777
-0.001652
0.699819
-0.206642
-0.569780
0.267339
-0.156605
0.195659
0.300794
0.037063
-0.085519
-0.214530
0.135731
0.215426
-0.072742
0.553071
0.771777
-0.001652
0.699819
-0.206642
-0.569780
0.267339
-0.156605
0.195659
0.300794
0.037063
-0.085519
-0.214530
0.135731
0.215426
-0.072742
