1.491002
-3.075891
-0.684134
44.844151
12.426125
-39.270611
3.810391
-3.828212
32.542984
15.681803
57.940304
1.789467
33.302353
-34.936874
3.392392
115.091843
0.859135
1.156285
2.363974
-34.039913
-9.966623
28.984478
-5.720040
6.149395
-26.609900
-13.009724
-40.849457
0.884147
-23.547745
27.112360
2.672038
-88.717842
-0.107777
0.555181
0.201311
0.289236
0.229878
0.073168
0.456665
-0.467004
0.643983
-0.243213
-0.288768
-0.543918
-0.076602
-0.405109
0.644097
-0.581527
-0.107777
0.555181
0.201311
0.289236
0.229878
0.073168
0.456665
-0.467004
0.643983
-0.243213
-0.288768
-0.543918
-0.076602
-0.405109
0.644097
-0.581527
-0.107777
0.555181
0.201311
0.289236
0.229878
0.073168
0.456665
-0.467004
0.643983
-0.243213
-0.288768
-0.543918
-0.076602
-0.405109
0.644097
-0.581527
-0.107777
0.555181
0.201311
0.289236
0.229878
0.073168
0.456665
-0.467004
0.643983
-0.243213
-0.288768
-0.543918
-0.076602
-0.405109
0.644097
-0.581527
-0.107777
0.555181
0.201311
0.289236
0.229878
0.073168
0.456665
-0.467004
0.643983
-0.243213
-0.288768
-0.543918
-0.076602
-0.405109
0.644097
-0.581527
-0.107777
0.555181
0.201311
0.289236
0.229878
0.073168
0.456665
-0.467004
0.643983
-0.243213
-0.288768
-0.543918
-0.076602
-0.405109
0.644097
-0.581527
-0.107777
0.555181
0.201311
0.289236
0.229878
0.073168
0.456665
-0.467004
0.643983
-0.243213
-0.288768
-0.543918
-0.076602
-0.405109
0.644097
-0.581527
-0.107777
0.555181
0.201311
0.289236
0.229878
0.073168
0.456665
-0.467004
0.643983
-0.243213
-0.288768
-0.543918
-0.076602
-0.405109
0.644097
-0.581527
-0.107777
0.555181
0.201311
0.289236
0.229878
0.073168
0.456665
-0.467004
0.643983
-0.243213
-0.288768
-0.543918
-0.076602
-0.405109
0.644097
-0.581527
-0.107777
0.555181
0.201311
0.289236
0.229878
0.073168
0.456665
-0.467004
0.643983
-0.243213
-0.288768
-0.543918
-0.076602
-0.405109
0.644097
-0.581527
-0.107777
0.555181
0.201311
0.289236
0.229878
0.073168
0.456665
-0.467004
0.643983
-0.243213
-0.288768
-0.543918
-0.076602
-0.405109
0.644097
-0.581527
-0.107777
0.555181
0.201311
0.289236
0.229878
0.073168
0.456665
-0.467004
0.643983
-0.243213
-0.288768
-0.543918
-0.076602
-0.405109
0.644097
-0.581527
-0.107777
0.555181
0.201311
0.289236
0.229878
0.073168
0.456665
-0.467004
0.643983
-0.243213
-0.288768
-0.543918
-0.076602
-0.405109
0.644097
-0.581527
-0.107777
0.555181
0.201311
0.289236
0.229878
0.073168
0.456665
-0.467004
0.643983
-0.243213
-0.288768
-0.543918
-0.076602
-0.405109
0.644097
-0.581527
-0.107777
0.555181
0.201311
0.289236
0.229878
0.073168
0.456665
-0.467004
0.643983
-0.243213
-0.288768
-0.543918
-0.076602
-0.405109
0.644097
-0.581527
-0.107777
0.555181
0.201311
0.289236
0.229878
0.073168
0.456665
-0.467004
0.643983
-0.243213
-0.288768
-0.543918
-0.076602
-0.405109
0.644097
-0.581527
-0.107777
0.555181
0.201311
0.289236
0.229878
0.073168
0.456665
-0.467004
0.643983
-0.243213
-0.288768
-0.543918
-0.076602
-0.405109
0.644097
-0.581527
-0.107777
0.555181
0.201311
0.289236
0.229878
0.073168
0.456665
-0.467004
0.643983
-0.243213
-0.288768
-0.543918
-0.076602
-0.405109
0.644097
-0.581527
