-2.336149
-20.156685
-45.415001
-2.797440
12.845054
23.194889
8.837407
-16.982523
-15.149804
20.851427
-41.664349
22.319763
-23.064129
-2.895104
-27.745241
50.394840
1.301571
-0.105307
23.675772
48.511478
-5.345689
-39.536293
0.679328
-10.796724
36.900135
4.026010
52.164307
-15.364127
14.866434
-38.755951
53.125320
98.388321
0.514765
2.064734
-21.670420
-44.657791
6.199811
39.308022
-1.829757
11.211840
-33.935406
-5.786230
-55.673401
13.008624
-16.968409
33.604031
-48.922604
-94.998169
0.182014
0.308900
-0.277623
-0.650083
-0.026539
0.063861
-0.311784
0.450615
-0.131781
0.013085
0.060151
-0.601616
-0.006948
0.139288
0.044124
0.356303
0.182014
0.308900
-0.277623
-0.650083
-0.026539
0.063861
-0.311784
0.450615
-0.131781
0.013085
0.060151
-0.601616
-0.006948
0.139288
0.044124
0.356303
0.182014
0.308900
-0.277623
-0.650083
-0.026539
0.063861
-0.311784
0.450615
-0.131781
0.013085
0.060151
-0.601616
-0.006948
0.139288
0.044124
0.356303
0.182014
0.308900
-0.277623
-0.650083
-0.026539
0.063861
-0.311784
0.450615
-0.131781
0.013085
0.060151
-0.601616
-0.006948
0.139288
0.044124
0.356303
0.182014
0.308900
-0.277623
-0.650083
-0.026539
0.063861
-0.311784
0.450615
-0.131781
0.013085
0.060151
-0.601616
-0.006948
0.139288
0.044124
0.356303
0.182014
0.308900
-0.277623
-0.650083
-0.026539
0.063861
-0.311784
0.450615
-0.131781
0.013085
0.060151
-0.601616
-0.006948
0.139288
0.044124
0.356303
0.182014
0.308900
-0.277623
-0.650083
-0.026539
0.063861
-0.311784
0.450615
-0.131781
0.013085
0.060151
-0.601616
-0.006948
0.139288
0.044124
0.356303
0.182014
0.308900
-0.277623
-0.650083
-0.026539
0.063861
-0.311784
0.450615
-0.131781
0.013085
0.060151
-0.601616
-0.006948
0.139288
0.044124
0.356303
0.182014
0.308900
-0.277623
-0.650083
-0.026539
0.063861
-0.311784
0.450615
-0.131781
0.013085
0.060151
-0.601616
-0.006948
0.139288
0.044124
0.356303
0.182014
0.308900
-0.277623
-0.650083
-0.026539
0.063861
-0.311784
0.450615
-0.131781
0.013085
0.060151
-0.601616
-0.006948
0.139288
0.044124
0.356303
0.182014
0.308900
-0.277623
-0.650083
-0.026539
0.063861
-0.311784
0.450615
-0.131781
0.013085
0.060151
-0.601616
-0.006948
0.139288
0.044124
0.356303
0.182014
0.308900
-0.277623
-0.650083
-0.026539
0.063861
-0.311784
0.450615
-0.131781
0.013085
0.060151
-0.601616
-0.006948
0.139288
0.044124
0.356303
0.182014
0.308900
-0.277623
-0.650083
-0.026539
0.063861
-0.311784
0.450615
-0.131781
0.013085
0.060151
-0.601616
-0.006948
0.139288
0.044124
0.356303
0.182014
0.308900
-0.277623
-0.650083
-0.026539
0.063861
-0.311784
0.450615
-0.131781
0.013085
0.060151
-0.601616
-0.006948
0.139288
0.044124
0.356303
0.182014
0.308900
-0.277623
-0.650083
-0.026539
0.063861
-0.311784
0.450615
-0.131781
0.013085
0.060151
-0.601616
-0.006948
0.139288
0.044124
0.356303
0.182014
0.308900
-0.277623
-0.650083
-0.026539
0.063861
-0.311784
0.450615
-0.131781
0.013085
0.060151
-0.601616
-0.006948
0.139288
0.044124
0.356303
0.182014
0.308900
-0.277623
-0.650083
-0.026539
0.063861
-0.311784
0.450615
-0.131781
0.013085
0.060151
-0.601616
-0.006948
0.139288
0.044124
0.356303
