-2.905979
-1.008786
-4.251817
2.021652
5.401153
-5.237350
-1.301182
3.068868
2.660162
-2.682300
-3.337412
4.978324
-3.137012
0.239638
-4.026142
2.350135
1.574620
0.259790
104.130653
-10.330842
-190.175705
-61.276157
-86.530907
-123.905838
154.536148
189.789001
89.760567
33.149048
-100.535301
-235.307022
122.123337
70.487541
1.154137
-0.439543
-7.835652
-5.819697
12.957808
1.379955
-2.347788
-4.286846
0.575214
6.711361
5.999353
-4.861053
4.591263
-3.803853
-1.409720
-11.717587
0.372775
1.033079
-47.947105
7.465674
81.964233
25.939240
34.116531
52.986744
-63.919628
-80.442474
-36.922688
-10.238579
41.801605
97.454292
-47.883141
-27.645048
-0.591885
0.956262
-22.247036
-1.033092
42.191841
14.110703
20.783461
30.568892
-38.063076
-41.812664
-22.934519
-4.377295
27.740282
57.319283
-32.187374
-19.149044
-0.386914
-1.097515
0.247761
0.074388
-0.482191
-0.009186
-0.299189
-0.093186
0.012559
0.160124
-0.070353
-0.611361
0.481718
-0.303606
-0.583424
-0.178748
-0.386914
-1.097515
0.247761
0.074388
-0.482191
-0.009186
-0.299189
-0.093186
0.012559
0.160124
-0.070353
-0.611361
0.481718
-0.303606
-0.583424
-0.178748
-0.386914
-1.097515
0.247761
0.074388
-0.482191
-0.009186
-0.299189
-0.093186
0.012559
0.160124
-0.070353
-0.611361
0.481718
-0.303606
-0.583424
-0.178748
-0.386914
-1.097515
0.247761
0.074388
-0.482191
-0.009186
-0.299189
-0.093186
0.012559
0.160124
-0.070353
-0.611361
0.481718
-0.303606
-0.583424
-0.178748
-0.386914
-1.097515
0.247761
0.074388
-0.482191
-0.009186
-0.299189
-0.093186
0.012559
0.160124
-0.070353
-0.611361
0.481718
-0.303606
-0.583424
-0.178748
-0.386914
-1.097515
0.247761
0.074388
-0.482191
-0.009186
-0.299189
-0.093186
0.012559
0.160124
-0.070353
-0.611361
0.481718
-0.303606
-0.583424
-0.178748
-0.386914
-1.097515
0.247761
0.074388
-0.482191
-0.009186
-0.299189
-0.093186
0.012559
0.160124
-0.070353
-0.611361
0.481718
-0.303606
-0.583424
-0.178748
-0.386914
-1.097515
0.247761
0.074388
-0.482191
-0.009186
-0.299189
-0.093186
0.012559
0.160124
-0.070353
-0.611361
0.481718
-0.303606
-0.583424
-0.178748
-0.386914
-1.097515
0.247761
0.074388
-0.482191
-0.009186
-0.299189
-0.093186
0.012559
0.160124
-0.070353
-0.611361
0.481718
-0.303606
-0.583424
-0.178748
-0.386914
-1.097515
0.247761
0.074388
-0.482191
-0.009186
-0.299189
-0.093186
0.012559
0.160124
-0.070353
-0.611361
0.481718
-0.303606
-0.583424
-0.178748
-0.386914
-1.097515
0.247761
0.074388
-0.482191
-0.009186
-0.299189
-0.093186
0.012559
0.160124
-0.070353
-0.611361
0.481718
-0.303606
-0.583424
-0.178748
-0.386914
-1.097515
0.247761
0.074388
-0.482191
-0.009186
-0.299189
-0.093186
0.012559
0.160124
-0.070353
-0.611361
0.481718
-0.303606
-0.583424
-0.178748
-0.386914
-1.097515
0.247761
0.074388
-0.482191
-0.009186
-0.299189
-0.093186
0.012559
0.160124
-0.070353
-0.611361
0.481718
-0.303606
-0.583424
-0.178748
-0.386914
-1.097515
0.247761
0.074388
-0.482191
-0.009186
-0.299189
-0.093186
0.012559
0.160124
-0.070353
-0.611361
0.481718
-0.303606
-0.583424
-0.178748
-0.386914
-1.097515
0.247761
0.074388
-0.482191
-0.009186
-0.299189
-0.093186
0.012559
0.160124
-0.070353
-0.611361
0.481718
-0.303606
-0.583424
-0.178748
