-0.797275
-1.094226
11.715788
-11.795609
-13.844522
10.552133
8.499551
-0.367661
5.673378
9.069144
10.909244
-11.271379
-2.086137
2.475289
8.452490
-4.821887
0.368727
0.468541
-1.652019
7.120949
1.852746
-6.939177
3.772598
1.447297
-5.729125
-0.210410
-0.130640
7.815728
3.437968
3.715162
-3.163110
1.995293
-3.161779
-1.078498
-242.584763
8.465212
335.688904
88.787498
125.087585
-34.985184
-142.503067
93.899582
-29.612930
85.189926
245.320374
123.787109
-270.313782
39.946579
2.137672
2.702714
16.768131
-0.830517
-14.689668
-4.850691
-7.529393
0.641990
10.597960
-6.018823
3.183939
-3.497401
-17.897444
-6.590610
14.586868
-6.238840
0.592363
0.024853
85.950218
-1.036999
-116.768013
-32.550339
-47.233677
12.166307
49.641357
-33.995159
10.331576
-30.028463
-84.286369
-40.207485
94.744339
-13.742615
-0.909637
0.370006
71.966202
-2.201117
-99.991150
-28.286976
-35.411934
7.407068
40.444302
-28.888659
8.786455
-29.501202
-70.903687
-38.192207
80.758247
-10.048781
-0.502060
0.623761
0.654333
-0.089857
-0.598349
-0.582253
-0.519061
-0.479549
-0.377763
0.194848
0.347239
0.300128
0.384654
0.503273
0.353654
-0.113950
-0.502060
0.623761
0.654333
-0.089857
-0.598349
-0.582253
-0.519061
-0.479549
-0.377763
0.194848
0.347239
0.300128
0.384654
0.503273
0.353654
-0.113950
-0.502060
0.623761
0.654333
-0.089857
-0.598349
-0.582253
-0.519061
-0.479549
-0.377763
0.194848
0.347239
0.300128
0.384654
0.503273
0.353654
-0.113950
-0.502060
0.623761
0.654333
-0.089857
-0.598349
-0.582253
-0.519061
-0.479549
-0.377763
0.194848
0.347239
0.300128
0.384654
0.503273
0.353654
-0.113950
-0.502060
0.623761
0.654333
-0.089857
-0.598349
-0.582253
-0.519061
-0.479549
-0.377763
0.194848
0.347239
0.300128
0.384654
0.503273
0.353654
-0.113950
-0.502060
0.623761
0.654333
-0.089857
-0.598349
-0.582253
-0.519061
-0.479549
-0.377763
0.194848
0.347239
0.300128
0.384654
0.503273
0.353654
-0.113950
-0.502060
0.623761
0.654333
-0.089857
-0.598349
-0.582253
-0.519061
-0.479549
-0.377763
0.194848
0.347239
0.300128
0.384654
0.503273
0.353654
-0.113950
-0.502060
0.623761
0.654333
-0.089857
-0.598349
-0.582253
-0.519061
-0.479549
-0.377763
0.194848
0.347239
0.300128
0.384654
0.503273
0.353654
-0.113950
-0.502060
0.623761
0.654333
-0.089857
-0.598349
-0.582253
-0.519061
-0.479549
-0.377763
0.194848
0.347239
0.300128
0.384654
0.503273
0.353654
-0.113950
-0.502060
0.623761
0.654333
-0.089857
-0.598349
-0.582253
-0.519061
-0.479549
-0.377763
0.194848
0.347239
0.300128
0.384654
0.503273
0.353654
-0.113950
-0.502060
0.623761
0.654333
-0.089857
-0.598349
-0.582253
-0.519061
-0.479549
-0.377763
0.194848
0.347239
0.300128
0.384654
0.503273
0.353654
-0.113950
-0.502060
0.623761
0.654333
-0.089857
-0.598349
-0.582253
-0.519061
-0.479549
-0.377763
0.194848
0.347239
0.300128
0.384654
0.503273
0.353654
-0.113950
-0.502060
0.623761
0.654333
-0.089857
-0.598349
-0.582253
-0.519061
-0.479549
-0.377763
0.194848
0.347239
0.300128
0.384654
0.503273
0.353654
-0.113950
-0.502060
0.623761
0.654333
-0.089857
-0.598349
-0.582253
-0.519061
-0.479549
-0.377763
0.194848
0.347239
0.300128
0.384654
0.503273
0.353654
-0.113950
