1.613717
-1.352963
3.132821
-2.844180
-0.515953
-3.930802
1.948907
-0.991684
-13.431190
-7.767688
-3.575536
11.640285
-4.954174
6.318344
-12.291911
-2.395126
-0.088551
-0.066103
-2.664511
9.171785
-0.633472
-8.674406
-4.401950
5.982741
5.299353
-4.457469
-5.598872
-3.640181
-2.377438
-6.469610
-8.583605
2.574735
-0.045771
1.232451
190.160736
4.783216
-301.642670
-122.619247
-117.286697
25.398586
124.879135
-68.643074
34.329185
-65.982613
-214.246887
-155.241898
223.861801
-27.255016
2.240543
2.291647
-117.765617
-3.523450
182.366699
72.967056
69.868095
-13.969386
-75.554237
42.325626
-19.875830
40.761028
126.229416
92.354355
-132.897888
19.544203
-1.630560
-0.118492
-13.012138
-3.324593
19.765200
11.840188
10.904953
-0.314235
-8.096661
6.836785
-2.361764
2.548087
17.606674
9.986748
-16.421926
-3.072407
0.662551
-1.120366
-22.501820
4.450669
43.315426
9.776320
15.146779
-5.899530
-14.859562
10.105824
-4.509295
8.915878
29.675600
16.123264
-28.904030
4.879191
-0.355566
-0.134546
0.247902
0.579734
-0.057167
-0.454335
0.224491
-0.096186
-0.292922
0.056851
0.423937
-0.035364
0.025510
0.052110
-0.176354
-0.147887
-0.355566
-0.134546
0.247902
0.579734
-0.057167
-0.454335
0.224491
-0.096186
-0.292922
0.056851
0.423937
-0.035364
0.025510
0.052110
-0.176354
-0.147887
-0.355566
-0.134546
0.247902
0.579734
-0.057167
-0.454335
0.224491
-0.096186
-0.292922
0.056851
0.423937
-0.035364
0.025510
0.052110
-0.176354
-0.147887
-0.355566
-0.134546
0.247902
0.579734
-0.057167
-0.454335
0.224491
-0.096186
-0.292922
0.056851
0.423937
-0.035364
0.025510
0.052110
-0.176354
-0.147887
-0.355566
-0.134546
0.247902
0.579734
-0.057167
-0.454335
0.224491
-0.096186
-0.292922
0.056851
0.423937
-0.035364
0.025510
0.052110
-0.176354
-0.147887
-0.355566
-0.134546
0.247902
0.579734
-0.057167
-0.454335
0.224491
-0.096186
-0.292922
0.056851
0.423937
-0.035364
0.025510
0.052110
-0.176354
-0.147887
-0.355566
-0.134546
0.247902
0.579734
-0.057167
-0.454335
0.224491
-0.096186
-0.292922
0.056851
0.423937
-0.035364
0.025510
0.052110
-0.176354
-0.147887
-0.355566
-0.134546
0.247902
0.579734
-0.057167
-0.454335
0.224491
-0.096186
-0.292922
0.056851
0.423937
-0.035364
0.025510
0.052110
-0.176354
-0.147887
-0.355566
-0.134546
0.247902
0.579734
-0.057167
-0.454335
0.224491
-0.096186
-0.292922
0.056851
0.423937
-0.035364
0.025510
0.052110
-0.176354
-0.147887
-0.355566
-0.134546
0.247902
0.579734
-0.057167
-0.454335
0.224491
-0.096186
-0.292922
0.056851
0.423937
-0.035364
0.025510
0.052110
-0.176354
-0.147887
-0.355566
-0.134546
0.247902
0.579734
-0.057167
-0.454335
0.224491
-0.096186
-0.292922
0.056851
0.423937
-0.035364
0.025510
0.052110
-0.176354
-0.147887
-0.355566
-0.134546
0.247902
0.579734
-0.057167
-0.454335
0.224491
-0.096186
-0.292922
0.056851
0.423937
-0.035364
0.025510
0.052110
-0.176354
-0.147887
-0.355566
-0.134546
0.247902
0.579734
-0.057167
-0.454335
0.224491
-0.096186
-0.292922
0.056851
0.423937
-0.035364
0.025510
0.052110
-0.176354
-0.147887
-0.355566
-0.134546
0.247902
0.579734
-0.057167
-0.454335
0.224491
-0.096186
-0.292922
0.056851
0.423937
-0.035364
0.025510
0.052110
-0.176354
-0.147887
