-2.019497
7.435514
30.485826
-13.781683
-31.868725
0.910640
-13.262699
-10.307178
8.034992
16.463747
24.820517
-24.413939
0.557730
-16.174812
17.895157
12.826200
-2.722670
1.062914
222.339706
-103.402573
-357.537598
67.905655
-105.449394
99.920021
84.460426
-152.110718
-7.472851
-93.936378
-309.350800
-18.171915
213.319397
-158.349579
2.360203
0.772149
-14.461525
4.756321
23.414913
-4.399418
6.900208
-5.689569
-9.896819
12.522775
-0.335203
9.906953
15.955142
4.242061
-13.750356
10.792923
-2.342803
-2.080117
-100.917694
48.392441
161.619843
-29.264618
46.790726
-47.684479
-39.531406
66.106812
2.378257
41.406120
142.430588
2.034414
-97.862244
70.763199
3.114912
0.900816
-45.961327
25.839146
76.121666
-19.682505
22.438446
-23.991793
-14.406149
35.741165
4.870695
22.604303
64.444344
2.863690
-41.626690
37.419556
0.328617
-0.235744
-0.129415
-0.268994
-0.151392
-0.091805
-0.454761
0.883413
-0.227866
-0.122304
0.466479
-0.110192
0.624582
0.570413
0.338758
0.059485
0.328617
-0.235744
-0.129415
-0.268994
-0.151392
-0.091805
-0.454761
0.883413
-0.227866
-0.122304
0.466479
-0.110192
0.624582
0.570413
0.338758
0.059485
0.328617
-0.235744
-0.129415
-0.268994
-0.151392
-0.091805
-0.454761
0.883413
-0.227866
-0.122304
0.466479
-0.110192
0.624582
0.570413
0.338758
0.059485
0.328617
-0.235744
-0.129415
-0.268994
-0.151392
-0.091805
-0.454761
0.883413
-0.227866
-0.122304
0.466479
-0.110192
0.624582
0.570413
0.338758
0.059485
0.328617
-0.235744
-0.129415
-0.268994
-0.151392
-0.091805
-0.454761
0.883413
-0.227866
-0.122304
0.466479
-0.110192
0.624582
0.570413
0.338758
0.059485
0.328617
-0.235744
-0.129415
-0.268994
-0.151392
-0.091805
-0.454761
0.883413
-0.227866
-0.122304
0.466479
-0.110192
0.624582
0.570413
0.338758
0.059485
0.328617
-0.235744
-0.129415
-0.268994
-0.151392
-0.091805
-0.454761
0.883413
-0.227866
-0.122304
0.466479
-0.110192
0.624582
0.570413
0.338758
0.059485
0.328617
-0.235744
-0.129415
-0.268994
-0.151392
-0.091805
-0.454761
0.883413
-0.227866
-0.122304
0.466479
-0.110192
0.624582
0.570413
0.338758
0.059485
0.328617
-0.235744
-0.129415
-0.268994
-0.151392
-0.091805
-0.454761
0.883413
-0.227866
-0.122304
0.466479
-0.110192
0.624582
0.570413
0.338758
0.059485
0.328617
-0.235744
-0.129415
-0.268994
-0.151392
-0.091805
-0.454761
0.883413
-0.227866
-0.122304
0.466479
-0.110192
0.624582
0.570413
0.338758
0.059485
0.328617
-0.235744
-0.129415
-0.268994
-0.151392
-0.091805
-0.454761
0.883413
-0.227866
-0.122304
0.466479
-0.110192
0.624582
0.570413
0.338758
0.059485
0.328617
-0.235744
-0.129415
-0.268994
-0.151392
-0.091805
-0.454761
0.883413
-0.227866
-0.122304
0.466479
-0.110192
0.624582
0.570413
0.338758
0.059485
0.328617
-0.235744
-0.129415
-0.268994
-0.151392
-0.091805
-0.454761
0.883413
-0.227866
-0.122304
0.466479
-0.110192
0.624582
0.570413
0.338758
0.059485
0.328617
-0.235744
-0.129415
-0.268994
-0.151392
-0.091805
-0.454761
0.883413
-0.227866
-0.122304
0.466479
-0.110192
0.624582
0.570413
0.338758
0.059485
0.328617
-0.235744
-0.129415
-0.268994
-0.151392
-0.091805
-0.454761
0.883413
-0.227866
-0.122304
0.466479
-0.110192
0.624582
0.570413
0.338758
0.059485
