-1.795777
-2.110739
11.506371
-14.919372
-16.862469
12.231578
4.988171
0.725738
8.460761
11.951241
9.604296
-9.060921
2.632890
-6.442568
8.525960
0.943149
3.226295
0.652828
258.546326
44.090023
-338.004822
-159.888016
-151.499603
24.171186
149.716125
-73.004639
43.254803
-69.499741
-228.561966
-167.891861
283.286499
-0.537665
2.295426
-2.333216
-16.913563
-6.043464
21.819168
11.975658
7.938380
0.233918
-13.054791
4.491929
-4.994524
7.355802
10.954391
12.872172
-21.102575
-2.457842
-3.029639
-1.380115
-88.738052
-9.192307
117.863457
48.339188
48.813885
-15.303432
-49.028793
27.703123
-12.756252
23.774252
81.195229
54.123299
-93.195618
6.282981
-2.329046
-0.028221
-76.478455
-6.968227
106.238831
43.257938
43.840237
-10.404931
-45.009911
27.813210
-8.811396
20.610683
73.808731
45.272526
-87.121384
6.392668
-0.474731
-0.562381
0.190727
0.183285
0.190656
-0.283711
-0.040575
-0.348357
0.220641
-0.791126
0.025905
0.008064
-0.256467
-0.411986
-0.456538
-0.496213
-0.474731
-0.562381
0.190727
0.183285
0.190656
-0.283711
-0.040575
-0.348357
0.220641
-0.791126
0.025905
0.008064
-0.256467
-0.411986
-0.456538
-0.496213
-0.474731
-0.562381
0.190727
0.183285
0.190656
-0.283711
-0.040575
-0.348357
0.220641
-0.791126
0.025905
0.008064
-0.256467
-0.411986
-0.456538
-0.496213
-0.474731
-0.562381
0.190727
0.183285
0.190656
-0.283711
-0.040575
-0.348357
0.220641
-0.791126
0.025905
0.008064
-0.256467
-0.411986
-0.456538
-0.496213
-0.474731
-0.562381
0.190727
0.183285
0.190656
-0.283711
-0.040575
-0.348357
0.220641
-0.791126
0.025905
0.008064
-0.256467
-0.411986
-0.456538
-0.496213
-0.474731
-0.562381
0.190727
0.183285
0.190656
-0.283711
-0.040575
-0.348357
0.220641
-0.791126
0.025905
0.008064
-0.256467
-0.411986
-0.456538
-0.496213
-0.474731
-0.562381
0.190727
0.183285
0.190656
-0.283711
-0.040575
-0.348357
0.220641
-0.791126
0.025905
0.008064
-0.256467
-0.411986
-0.456538
-0.496213
-0.474731
-0.562381
0.190727
0.183285
0.190656
-0.283711
-0.040575
-0.348357
0.220641
-0.791126
0.025905
0.008064
-0.256467
-0.411986
-0.456538
-0.496213
-0.474731
-0.562381
0.190727
0.183285
0.190656
-0.283711
-0.040575
-0.348357
0.220641
-0.791126
0.025905
0.008064
-0.256467
-0.411986
-0.456538
-0.496213
-0.474731
-0.562381
0.190727
0.183285
0.190656
-0.283711
-0.040575
-0.348357
0.220641
-0.791126
0.025905
0.008064
-0.256467
-0.411986
-0.456538
-0.496213
-0.474731
-0.562381
0.190727
0.183285
0.190656
-0.283711
-0.040575
-0.348357
0.220641
-0.791126
0.025905
0.008064
-0.256467
-0.411986
-0.456538
-0.496213
-0.474731
-0.562381
0.190727
0.183285
0.190656
-0.283711
-0.040575
-0.348357
0.220641
-0.791126
0.025905
0.008064
-0.256467
-0.411986
-0.456538
-0.496213
-0.474731
-0.562381
0.190727
0.183285
0.190656
-0.283711
-0.040575
-0.348357
0.220641
-0.791126
0.025905
0.008064
-0.256467
-0.411986
-0.456538
-0.496213
-0.474731
-0.562381
0.190727
0.183285
0.190656
-0.283711
-0.040575
-0.348357
0.220641
-0.791126
0.025905
0.008064
-0.256467
-0.411986
-0.456538
-0.496213
-0.474731
-0.562381
0.190727
0.183285
0.190656
-0.283711
-0.040575
-0.348357
0.220641
-0.791126
0.025905
0.008064
-0.256467
-0.411986
-0.456538
-0.496213
