-0.036692
0.272551
2.933652
16.698235
3.139462
-21.828871
-6.323615
6.009542
-18.582449
2.783003
-3.566855
18.320707
4.619433
-2.978281
-6.995519
8.317727
22.483740
-21.920893
25.424603
-25.205124
-19.948797
12.132252
6.268797
32.059410
-21.206715
6.732705
24.355574
-18.873299
32.277824
12.194621
-9.512929
-14.360542
-1.981254
0.080135
16.851158
64.254761
45.474270
-26.699604
109.803200
7.941523
-72.240150
53.319588
-57.452858
-57.015709
42.672646
-26.896736
-101.355904
-88.488052
-0.742917
-1.432260
-1.940557
-21.451321
-16.024282
8.705039
-44.951481
-2.882172
28.259983
-18.605440
27.131105
24.209074
-15.669049
11.652653
37.986156
31.420498
-0.294203
2.644318
-9.013910
-18.711256
-11.763219
8.369432
-28.163900
-9.098247
23.731573
-14.623131
9.645364
14.984608
-12.785460
3.874701
27.935152
24.884062
0.584298
-0.217869
0.105643
0.204044
0.512664
-0.170400
-0.302216
0.174249
-0.416312
0.111305
-0.516407
0.064130
-0.667782
0.079490
-0.376931
0.393173
0.584298
-0.217869
0.105643
0.204044
0.512664
-0.170400
-0.302216
0.174249
-0.416312
0.111305
-0.516407
0.064130
-0.667782
0.079490
-0.376931
0.393173
0.584298
-0.217869
0.105643
0.204044
0.512664
-0.170400
-0.302216
0.174249
-0.416312
0.111305
-0.516407
0.064130
-0.667782
0.079490
-0.376931
0.393173
0.584298
-0.217869
0.105643
0.204044
0.512664
-0.170400
-0.302216
0.174249
-0.416312
0.111305
-0.516407
0.064130
-0.667782
0.079490
-0.376931
0.393173
0.584298
-0.217869
0.105643
0.204044
0.512664
-0.170400
-0.302216
0.174249
-0.416312
0.111305
-0.516407
0.064130
-0.667782
0.079490
-0.376931
0.393173
0.584298
-0.217869
0.105643
0.204044
0.512664
-0.170400
-0.302216
0.174249
-0.416312
0.111305
-0.516407
0.064130
-0.667782
0.079490
-0.376931
0.393173
0.584298
-0.217869
0.105643
0.204044
0.512664
-0.170400
-0.302216
0.174249
-0.416312
0.111305
-0.516407
0.064130
-0.667782
0.079490
-0.376931
0.393173
0.584298
-0.217869
0.105643
0.204044
0.512664
-0.170400
-0.302216
0.174249
-0.416312
0.111305
-0.516407
0.064130
-0.667782
0.079490
-0.376931
0.393173
0.584298
-0.217869
0.105643
0.204044
0.512664
-0.170400
-0.302216
0.174249
-0.416312
0.111305
-0.516407
0.064130
-0.667782
0.079490
-0.376931
0.393173
0.584298
-0.217869
0.105643
0.204044
0.512664
-0.170400
-0.302216
0.174249
-0.416312
0.111305
-0.516407
0.064130
-0.667782
0.079490
-0.376931
0.393173
0.584298
-0.217869
0.105643
0.204044
0.512664
-0.170400
-0.302216
0.174249
-0.416312
0.111305
-0.516407
0.064130
-0.667782
0.079490
-0.376931
0.393173
0.584298
-0.217869
0.105643
0.204044
0.512664
-0.170400
-0.302216
0.174249
-0.416312
0.111305
-0.516407
0.064130
-0.667782
0.079490
-0.376931
0.393173
0.584298
-0.217869
0.105643
0.204044
0.512664
-0.170400
-0.302216
0.174249
-0.416312
0.111305
-0.516407
0.064130
-0.667782
0.079490
-0.376931
0.393173
0.584298
-0.217869
0.105643
0.204044
0.512664
-0.170400
-0.302216
0.174249
-0.416312
0.111305
-0.516407
0.064130
-0.667782
0.079490
-0.376931
0.393173
0.584298
-0.217869
0.105643
0.204044
0.512664
-0.170400
-0.302216
0.174249
-0.416312
0.111305
-0.516407
0.064130
-0.667782
0.079490
-0.376931
0.393173
