2.136991
0.800680
-30.191946
43.080135
29.449295
-3.597137
6.965878
-4.873158
0.666822
23.828259
10.175937
-5.257906
0.266540
15.530389
-12.738834
-14.425990
-13.413573
-4.884484
-1888.161011
-4789.354492
-2232.573486
1641.525391
1111.674072
1794.059937
697.224609
3064.211914
688.387085
338.227722
797.254028
1246.559814
-3118.275879
976.860535
-1.683102
-0.501946
11.501596
-16.396105
-12.068902
1.122448
-2.321352
1.752439
-0.721294
-11.922913
-5.590763
2.869576
-0.799131
-5.921317
5.388912
5.050571
5.089351
0.065378
736.225403
1954.349365
912.553833
-647.794678
-441.988739
-731.587708
-263.514465
-1248.952759
-278.935516
-143.486908
-318.183258
-521.922302
1270.332153
-379.909088
0.139851
1.556962
78.712387
214.566589
101.091743
-72.076828
-49.497665
-79.333473
-25.978085
-138.651306
-29.387386
-17.016462
-30.750330
-54.065437
142.100357
-38.180725
1.820113
-0.628004
125.459816
314.558319
143.377701
-109.840729
-75.323135
-118.123825
-43.505558
-201.782333
-44.308578
-23.067646
-50.966789
-78.834526
206.346878
-65.127571
2.306152
1.836097
445.232666
1194.039063
563.082642
-398.724945
-264.454132
-449.351532
-163.578995
-758.657471
-168.538254
-83.935585
-191.495438
-308.895660
774.010498
-228.474182
0.249557
-0.111960
-0.514017
1.112623
0.902743
0.043400
0.467241
0.158420
0.454393
-0.770715
-0.014711
-0.217387
0.234043
-0.274708
0.823916
0.125568
0.249557
-0.111960
-0.514017
1.112623
0.902743
0.043400
0.467241
0.158420
0.454393
-0.770715
-0.014711
-0.217387
0.234043
-0.274708
0.823916
0.125568
0.249557
-0.111960
-0.514017
1.112623
0.902743
0.043400
0.467241
0.158420
0.454393
-0.770715
-0.014711
-0.217387
0.234043
-0.274708
0.823916
0.125568
0.249557
-0.111960
-0.514017
1.112623
0.902743
0.043400
0.467241
0.158420
0.454393
-0.770715
-0.014711
-0.217387
0.234043
-0.274708
0.823916
0.125568
0.249557
-0.111960
-0.514017
1.112623
0.902743
0.043400
0.467241
0.158420
0.454393
-0.770715
-0.014711
-0.217387
0.234043
-0.274708
0.823916
0.125568
0.249557
-0.111960
-0.514017
1.112623
0.902743
0.043400
0.467241
0.158420
0.454393
-0.770715
-0.014711
-0.217387
0.234043
-0.274708
0.823916
0.125568
0.249557
-0.111960
-0.514017
1.112623
0.902743
0.043400
0.467241
0.158420
0.454393
-0.770715
-0.014711
-0.217387
0.234043
-0.274708
0.823916
0.125568
0.249557
-0.111960
-0.514017
1.112623
0.902743
0.043400
0.467241
0.158420
0.454393
-0.770715
-0.014711
-0.217387
0.234043
-0.274708
0.823916
0.125568
0.249557
-0.111960
-0.514017
1.112623
0.902743
0.043400
0.467241
0.158420
0.454393
-0.770715
-0.014711
-0.217387
0.234043
-0.274708
0.823916
0.125568
0.249557
-0.111960
-0.514017
1.112623
0.902743
0.043400
0.467241
0.158420
0.454393
-0.770715
-0.014711
-0.217387
0.234043
-0.274708
0.823916
0.125568
0.249557
-0.111960
-0.514017
1.112623
0.902743
0.043400
0.467241
0.158420
0.454393
-0.770715
-0.014711
-0.217387
0.234043
-0.274708
0.823916
0.125568
0.249557
-0.111960
-0.514017
1.112623
0.902743
0.043400
0.467241
0.158420
0.454393
-0.770715
-0.014711
-0.217387
0.234043
-0.274708
0.823916
0.125568
0.249557
-0.111960
-0.514017
1.112623
0.902743
0.043400
0.467241
0.158420
0.454393
-0.770715
-0.014711
-0.217387
0.234043
-0.274708
0.823916
0.125568
