1.627382
1.894016
19.539618
-0.707465
-22.619535
-6.656912
1.513416
8.175200
-4.981252
11.342846
19.228369
3.796070
6.026851
-3.438698
2.836128
4.327715
4.144268
8.326809
-9.213545
6.113452
-4.455045
-5.702312
6.759356
-9.489614
-3.254336
26.705986
34.613865
-2.454413
9.064371
7.838618
25.692415
44.178837
2.095481
0.298728
-20.108232
-59.763111
-60.624046
29.980772
-144.044632
31.432680
75.301155
-90.260757
60.414864
20.397511
-56.994263
38.569286
126.217331
57.281219
-1.138758
-0.104020
12.323319
23.603590
21.880524
-14.013230
59.392838
-14.407217
-30.669851
34.860672
-28.586250
-9.444167
24.427782
-16.446018
-56.186253
-20.946505
1.157145
2.641245
2.886482
12.284272
16.565870
-6.828048
34.269341
-7.519553
-12.336456
28.676168
-11.970475
-5.667774
14.089798
-9.116014
-28.628000
-11.895275
-0.140641
-0.366181
-0.229994
0.319891
0.085012
-0.315007
-0.274549
-0.187232
-0.441289
-0.070362
0.224580
0.107633
0.007909
-0.227767
0.452812
-0.807686
-0.140641
-0.366181
-0.229994
0.319891
0.085012
-0.315007
-0.274549
-0.187232
-0.441289
-0.070362
0.224580
0.107633
0.007909
-0.227767
0.452812
-0.807686
-0.140641
-0.366181
-0.229994
0.319891
0.085012
-0.315007
-0.274549
-0.187232
-0.441289
-0.070362
0.224580
0.107633
0.007909
-0.227767
0.452812
-0.807686
-0.140641
-0.366181
-0.229994
0.319891
0.085012
-0.315007
-0.274549
-0.187232
-0.441289
-0.070362
0.224580
0.107633
0.007909
-0.227767
0.452812
-0.807686
-0.140641
-0.366181
-0.229994
0.319891
0.085012
-0.315007
-0.274549
-0.187232
-0.441289
-0.070362
0.224580
0.107633
0.007909
-0.227767
0.452812
-0.807686
-0.140641
-0.366181
-0.229994
0.319891
0.085012
-0.315007
-0.274549
-0.187232
-0.441289
-0.070362
0.224580
0.107633
0.007909
-0.227767
0.452812
-0.807686
-0.140641
-0.366181
-0.229994
0.319891
0.085012
-0.315007
-0.274549
-0.187232
-0.441289
-0.070362
0.224580
0.107633
0.007909
-0.227767
0.452812
-0.807686
-0.140641
-0.366181
-0.229994
0.319891
0.085012
-0.315007
-0.274549
-0.187232
-0.441289
-0.070362
0.224580
0.107633
0.007909
-0.227767
0.452812
-0.807686
-0.140641
-0.366181
-0.229994
0.319891
0.085012
-0.315007
-0.274549
-0.187232
-0.441289
-0.070362
0.224580
0.107633
0.007909
-0.227767
0.452812
-0.807686
-0.140641
-0.366181
-0.229994
0.319891
0.085012
-0.315007
-0.274549
-0.187232
-0.441289
-0.070362
0.224580
0.107633
0.007909
-0.227767
0.452812
-0.807686
-0.140641
-0.366181
-0.229994
0.319891
0.085012
-0.315007
-0.274549
-0.187232
-0.441289
-0.070362
0.224580
0.107633
0.007909
-0.227767
0.452812
-0.807686
-0.140641
-0.366181
-0.229994
0.319891
0.085012
-0.315007
-0.274549
-0.187232
-0.441289
-0.070362
0.224580
0.107633
0.007909
-0.227767
0.452812
-0.807686
-0.140641
-0.366181
-0.229994
0.319891
0.085012
-0.315007
-0.274549
-0.187232
-0.441289
-0.070362
0.224580
0.107633
0.007909
-0.227767
0.452812
-0.807686
-0.140641
-0.366181
-0.229994
0.319891
0.085012
-0.315007
-0.274549
-0.187232
-0.441289
-0.070362
0.224580
0.107633
0.007909
-0.227767
0.452812
-0.807686
-0.140641
-0.366181
-0.229994
0.319891
0.085012
-0.315007
-0.274549
-0.187232
-0.441289
-0.070362
0.224580
0.107633
0.007909
-0.227767
0.452812
-0.807686
