1.615233
-0.959926
-17.664515
-17.841890
18.792448
24.058062
3.312182
-2.140825
11.102455
-7.083329
-16.240627
-5.433012
-10.626247
-7.277588
-6.256536
-8.857395
-4.679963
-0.280057
14.147273
-127.157318
-90.290253
114.820015
164.278946
223.095917
-50.839573
-281.227783
-76.567589
-106.295280
-204.203674
264.221252
47.627842
-219.534332
3.191651
-5.186356
-3.791072
72.884972
49.846828
-66.549873
-99.811745
-125.756172
32.770824
159.361572
42.801662
59.548378
115.265038
-156.201416
-23.626293
124.034370
1.393333
0.557802
-1.073255
17.335491
9.939852
-20.545263
-26.183714
-28.286945
15.734434
35.580830
12.241770
10.384960
21.135986
-40.855358
1.859841
33.949902
0.598418
-0.140009
-0.200190
0.829235
0.581208
-0.125539
0.094814
-0.428608
-0.104801
0.157732
0.161649
0.109260
-0.052175
0.134866
0.856292
-0.162754
0.598418
-0.140009
-0.200190
0.829235
0.581208
-0.125539
0.094814
-0.428608
-0.104801
0.157732
0.161649
0.109260
-0.052175
0.134866
0.856292
-0.162754
0.598418
-0.140009
-0.200190
0.829235
0.581208
-0.125539
0.094814
-0.428608
-0.104801
0.157732
0.161649
0.109260
-0.052175
0.134866
0.856292
-0.162754
0.598418
-0.140009
-0.200190
0.829235
0.581208
-0.125539
0.094814
-0.428608
-0.104801
0.157732
0.161649
0.109260
-0.052175
0.134866
0.856292
-0.162754
0.598418
-0.140009
-0.200190
0.829235
0.581208
-0.125539
0.094814
-0.428608
-0.104801
0.157732
0.161649
0.109260
-0.052175
0.134866
0.856292
-0.162754
0.598418
-0.140009
-0.200190
0.829235
0.581208
-0.125539
0.094814
-0.428608
-0.104801
0.157732
0.161649
0.109260
-0.052175
0.134866
0.856292
-0.162754
0.598418
-0.140009
-0.200190
0.829235
0.581208
-0.125539
0.094814
-0.428608
-0.104801
0.157732
0.161649
0.109260
-0.052175
0.134866
0.856292
-0.162754
0.598418
-0.140009
-0.200190
0.829235
0.581208
-0.125539
0.094814
-0.428608
-0.104801
0.157732
0.161649
0.109260
-0.052175
0.134866
0.856292
-0.162754
0.598418
-0.140009
-0.200190
0.829235
0.581208
-0.125539
0.094814
-0.428608
-0.104801
0.157732
0.161649
0.109260
-0.052175
0.134866
0.856292
-0.162754
0.598418
-0.140009
-0.200190
0.829235
0.581208
-0.125539
0.094814
-0.428608
-0.104801
0.157732
0.161649
0.109260
-0.052175
0.134866
0.856292
-0.162754
0.598418
-0.140009
-0.200190
0.829235
0.581208
-0.125539
0.094814
-0.428608
-0.104801
0.157732
0.161649
0.109260
-0.052175
0.134866
0.856292
-0.162754
0.598418
-0.140009
-0.200190
0.829235
0.581208
-0.125539
0.094814
-0.428608
-0.104801
0.157732
0.161649
0.109260
-0.052175
0.134866
0.856292
-0.162754
0.598418
-0.140009
-0.200190
0.829235
0.581208
-0.125539
0.094814
-0.428608
-0.104801
0.157732
0.161649
0.109260
-0.052175
0.134866
0.856292
-0.162754
0.598418
-0.140009
-0.200190
0.829235
0.581208
-0.125539
0.094814
-0.428608
-0.104801
0.157732
0.161649
0.109260
-0.052175
0.134866
0.856292
-0.162754
0.598418
-0.140009
-0.200190
0.829235
0.581208
-0.125539
0.094814
-0.428608
-0.104801
0.157732
0.161649
0.109260
-0.052175
0.134866
0.856292
-0.162754
0.598418
-0.140009
-0.200190
0.829235
0.581208
-0.125539
0.094814
-0.428608
-0.104801
0.157732
0.161649
0.109260
-0.052175
0.134866
0.856292
-0.162754
