-11.767365
-0.745429
13.100785
-35.505150
-15.158033
28.198452
20.031473
9.598927
-16.853523
9.971884
5.364392
-24.450525
26.337746
-14.314292
-20.964983
-8.698243
1.692501
-3.070824
-14.827999
15.853771
19.213032
-21.216223
-1.240462
-1.873926
-12.308310
-2.561008
1.395200
19.611242
-0.263485
9.738357
-15.062455
5.668074
-1.809202
0.704345
-2.753799
-3.887518
3.583770
5.659385
-4.963475
0.867109
3.717087
-0.703561
-5.837277
-4.039162
-0.882993
-6.327718
-1.035819
-4.602119
3.160221
4.739184
-8.205481
-37.225128
-0.333546
30.176931
-17.515707
6.490395
18.816280
1.462369
-9.839600
-28.215059
-13.183689
-13.154161
19.654270
-4.557669
-2.009953
-2.738219
110.031906
-40.247581
-139.097351
-40.637245
-26.423975
192.407028
83.409698
-144.265381
1.510349
-85.018570
-220.507172
-2.581474
153.503662
-49.142071
-0.760094
-0.967145
-85.567047
29.679508
104.508995
27.412800
13.837747
-138.584457
-58.524467
107.090904
1.582839
62.060139
159.196854
-0.235276
-109.105553
37.147381
0.324165
-0.398164
0.021995
-0.386281
-0.205507
0.599612
-0.308707
-0.043274
-0.032742
0.131254
-0.359333
-0.024984
-0.234034
0.032045
0.286256
0.436275
0.324165
-0.398164
0.021995
-0.386281
-0.205507
0.599612
-0.308707
-0.043274
-0.032742
0.131254
-0.359333
-0.024984
-0.234034
0.032045
0.286256
0.436275
0.324165
-0.398164
0.021995
-0.386281
-0.205507
0.599612
-0.308707
-0.043274
-0.032742
0.131254
-0.359333
-0.024984
-0.234034
0.032045
0.286256
0.436275
0.324165
-0.398164
0.021995
-0.386281
-0.205507
0.599612
-0.308707
-0.043274
-0.032742
0.131254
-0.359333
-0.024984
-0.234034
0.032045
0.286256
0.436275
0.324165
-0.398164
0.021995
-0.386281
-0.205507
0.599612
-0.308707
-0.043274
-0.032742
0.131254
-0.359333
-0.024984
-0.234034
0.032045
0.286256
0.436275
0.324165
-0.398164
0.021995
-0.386281
-0.205507
0.599612
-0.308707
-0.043274
-0.032742
0.131254
-0.359333
-0.024984
-0.234034
0.032045
0.286256
0.436275
0.324165
-0.398164
0.021995
-0.386281
-0.205507
0.599612
-0.308707
-0.043274
-0.032742
0.131254
-0.359333
-0.024984
-0.234034
0.032045
0.286256
0.436275
0.324165
-0.398164
0.021995
-0.386281
-0.205507
0.599612
-0.308707
-0.043274
-0.032742
0.131254
-0.359333
-0.024984
-0.234034
0.032045
0.286256
0.436275
0.324165
-0.398164
0.021995
-0.386281
-0.205507
0.599612
-0.308707
-0.043274
-0.032742
0.131254
-0.359333
-0.024984
-0.234034
0.032045
0.286256
0.436275
0.324165
-0.398164
0.021995
-0.386281
-0.205507
0.599612
-0.308707
-0.043274
-0.032742
0.131254
-0.359333
-0.024984
-0.234034
0.032045
0.286256
0.436275
0.324165
-0.398164
0.021995
-0.386281
-0.205507
0.599612
-0.308707
-0.043274
-0.032742
0.131254
-0.359333
-0.024984
-0.234034
0.032045
0.286256
0.436275
0.324165
-0.398164
0.021995
-0.386281
-0.205507
0.599612
-0.308707
-0.043274
-0.032742
0.131254
-0.359333
-0.024984
-0.234034
0.032045
0.286256
0.436275
0.324165
-0.398164
0.021995
-0.386281
-0.205507
0.599612
-0.308707
-0.043274
-0.032742
0.131254
-0.359333
-0.024984
-0.234034
0.032045
0.286256
0.436275
0.324165
-0.398164
0.021995
-0.386281
-0.205507
0.599612
-0.308707
-0.043274
-0.032742
0.131254
-0.359333
-0.024984
-0.234034
0.032045
0.286256
0.436275
