-0.624553
0.208133
0.600671
3.796728
3.011805
-6.250391
3.825241
4.860471
-1.236005
-2.661415
0.530236
4.102716
-4.930077
3.464024
-1.987044
0.861750
0.067750
2.754040
-74.760742
54.928745
150.650711
8.703301
-23.074537
-205.760803
-59.843178
202.163269
17.539700
96.067291
251.807114
-94.153427
-135.614517
106.235657
-0.139606
-1.901322
4.948170
-2.562593
-14.299177
-3.843525
-5.192526
19.158600
11.050011
-17.480169
4.682207
-12.234026
-18.708330
6.915560
17.354382
-7.156828
2.405681
-1.334944
53.503727
-38.730385
-105.744629
-4.901604
14.424359
143.282303
40.824959
-141.881668
-14.250564
-64.750282
-177.948578
62.314381
93.312889
-72.014915
-0.504106
0.302112
-0.245266
-0.967140
-0.582488
0.320299
-0.023686
0.215912
-0.441974
0.344253
-0.024343
-0.077429
1.057196
-0.172344
-0.529221
0.008377
-0.504106
0.302112
-0.245266
-0.967140
-0.582488
0.320299
-0.023686
0.215912
-0.441974
0.344253
-0.024343
-0.077429
1.057196
-0.172344
-0.529221
0.008377
-0.504106
0.302112
-0.245266
-0.967140
-0.582488
0.320299
-0.023686
0.215912
-0.441974
0.344253
-0.024343
-0.077429
1.057196
-0.172344
-0.529221
0.008377
-0.504106
0.302112
-0.245266
-0.967140
-0.582488
0.320299
-0.023686
0.215912
-0.441974
0.344253
-0.024343
-0.077429
1.057196
-0.172344
-0.529221
0.008377
-0.504106
0.302112
-0.245266
-0.967140
-0.582488
0.320299
-0.023686
0.215912
-0.441974
0.344253
-0.024343
-0.077429
1.057196
-0.172344
-0.529221
0.008377
-0.504106
0.302112
-0.245266
-0.967140
-0.582488
0.320299
-0.023686
0.215912
-0.441974
0.344253
-0.024343
-0.077429
1.057196
-0.172344
-0.529221
0.008377
-0.504106
0.302112
-0.245266
-0.967140
-0.582488
0.320299
-0.023686
0.215912
-0.441974
0.344253
-0.024343
-0.077429
1.057196
-0.172344
-0.529221
0.008377
-0.504106
0.302112
-0.245266
-0.967140
-0.582488
0.320299
-0.023686
0.215912
-0.441974
0.344253
-0.024343
-0.077429
1.057196
-0.172344
-0.529221
0.008377
-0.504106
0.302112
-0.245266
-0.967140
-0.582488
0.320299
-0.023686
0.215912
-0.441974
0.344253
-0.024343
-0.077429
1.057196
-0.172344
-0.529221
0.008377
-0.504106
0.302112
-0.245266
-0.967140
-0.582488
0.320299
-0.023686
0.215912
-0.441974
0.344253
-0.024343
-0.077429
1.057196
-0.172344
-0.529221
0.008377
-0.504106
0.302112
-0.245266
-0.967140
-0.582488
0.320299
-0.023686
0.215912
-0.441974
0.344253
-0.024343
-0.077429
1.057196
-0.172344
-0.529221
0.008377
-0.504106
0.302112
-0.245266
-0.967140
-0.582488
0.320299
-0.023686
0.215912
-0.441974
0.344253
-0.024343
-0.077429
1.057196
-0.172344
-0.529221
0.008377
-0.504106
0.302112
-0.245266
-0.967140
-0.582488
0.320299
-0.023686
0.215912
-0.441974
0.344253
-0.024343
-0.077429
1.057196
-0.172344
-0.529221
0.008377
-0.504106
0.302112
-0.245266
-0.967140
-0.582488
0.320299
-0.023686
0.215912
-0.441974
0.344253
-0.024343
-0.077429
1.057196
-0.172344
-0.529221
0.008377
-0.504106
0.302112
-0.245266
-0.967140
-0.582488
0.320299
-0.023686
0.215912
-0.441974
0.344253
-0.024343
-0.077429
1.057196
-0.172344
-0.529221
0.008377
-0.504106
0.302112
-0.245266
-0.967140
-0.582488
0.320299
-0.023686
0.215912
-0.441974
0.344253
-0.024343
-0.077429
1.057196
-0.172344
-0.529221
0.008377
