-0.499842
0.835957
4.195357
-2.440213
-5.541409
4.703118
0.132315
-4.035564
-0.869175
4.497374
5.240326
-6.101898
5.266886
-1.662370
3.266844
0.265504
-4.322496
2.481221
35.670055
7.195667
-25.923670
-12.990409
1.300010
-23.591122
-6.387209
25.126204
33.138962
4.782421
15.383545
-9.964335
6.724427
18.278687
0.780015
2.685067
-99.759895
24.175175
139.956177
59.427883
83.690971
-159.825134
-140.040527
97.240723
-41.400318
69.327621
235.156982
54.618996
-161.886658
4.189004
-1.865851
-3.367613
88.292717
-22.018892
-120.618057
-49.993107
-73.472443
133.037766
116.825958
-76.605347
37.206329
-58.449005
-193.587097
-46.896957
134.374985
-4.967957
1.136417
-0.309181
0.240842
0.168258
-0.183034
-0.225696
0.267539
0.192937
0.428573
-0.464185
0.317513
0.287175
-0.240354
0.483031
0.168904
-0.814060
1.136417
-0.309181
0.240842
0.168258
-0.183034
-0.225696
0.267539
0.192937
0.428573
-0.464185
0.317513
0.287175
-0.240354
0.483031
0.168904
-0.814060
1.136417
-0.309181
0.240842
0.168258
-0.183034
-0.225696
0.267539
0.192937
0.428573
-0.464185
0.317513
0.287175
-0.240354
0.483031
0.168904
-0.814060
1.136417
-0.309181
0.240842
0.168258
-0.183034
-0.225696
0.267539
0.192937
0.428573
-0.464185
0.317513
0.287175
-0.240354
0.483031
0.168904
-0.814060
1.136417
-0.309181
0.240842
0.168258
-0.183034
-0.225696
0.267539
0.192937
0.428573
-0.464185
0.317513
0.287175
-0.240354
0.483031
0.168904
-0.814060
1.136417
-0.309181
0.240842
0.168258
-0.183034
-0.225696
0.267539
0.192937
0.428573
-0.464185
0.317513
0.287175
-0.240354
0.483031
0.168904
-0.814060
1.136417
-0.309181
0.240842
0.168258
-0.183034
-0.225696
0.267539
0.192937
0.428573
-0.464185
0.317513
0.287175
-0.240354
0.483031
0.168904
-0.814060
1.136417
-0.309181
0.240842
0.168258
-0.183034
-0.225696
0.267539
0.192937
0.428573
-0.464185
0.317513
0.287175
-0.240354
0.483031
0.168904
-0.814060
1.136417
-0.309181
0.240842
0.168258
-0.183034
-0.225696
0.267539
0.192937
0.428573
-0.464185
0.317513
0.287175
-0.240354
0.483031
0.168904
-0.814060
1.136417
-0.309181
0.240842
0.168258
-0.183034
-0.225696
0.267539
0.192937
0.428573
-0.464185
0.317513
0.287175
-0.240354
0.483031
0.168904
-0.814060
1.136417
-0.309181
0.240842
0.168258
-0.183034
-0.225696
0.267539
0.192937
0.428573
-0.464185
0.317513
0.287175
-0.240354
0.483031
0.168904
-0.814060
1.136417
-0.309181
0.240842
0.168258
-0.183034
-0.225696
0.267539
0.192937
0.428573
-0.464185
0.317513
0.287175
-0.240354
0.483031
0.168904
-0.814060
1.136417
-0.309181
0.240842
0.168258
-0.183034
-0.225696
0.267539
0.192937
0.428573
-0.464185
0.317513
0.287175
-0.240354
0.483031
0.168904
-0.814060
1.136417
-0.309181
0.240842
0.168258
-0.183034
-0.225696
0.267539
0.192937
0.428573
-0.464185
0.317513
0.287175
-0.240354
0.483031
0.168904
-0.814060
1.136417
-0.309181
0.240842
0.168258
-0.183034
-0.225696
0.267539
0.192937
0.428573
-0.464185
0.317513
0.287175
-0.240354
0.483031
0.168904
-0.814060
1.136417
-0.309181
0.240842
0.168258
-0.183034
-0.225696
0.267539
0.192937
0.428573
-0.464185
0.317513
0.287175
-0.240354
0.483031
0.168904
-0.814060
