-1.486169
2.280296
-37.093971
7.321807
36.709557
12.957339
16.594616
14.177633
-6.049146
-27.259520
-41.165665
8.646429
-23.721813
13.605143
-11.012482
-14.086180
-0.652212
-0.477437
-9.638353
-2.303647
11.389618
-4.372908
-6.532271
-1.845055
5.831585
2.096542
4.169723
-6.823130
4.057546
-4.287537
-4.389836
-4.653222
-1.796054
-1.853471
106.824707
2.981548
-127.640442
-99.484024
-138.941727
209.844360
179.118469
-141.180069
44.892620
-97.382698
-268.790833
-87.439529
201.431747
7.805375
-0.569824
1.261436
-6.748394
-0.208523
9.138627
8.285990
9.950542
-17.183466
-12.136579
9.418298
-3.604857
8.649753
18.308590
9.173429
-11.113837
-4.922719
-0.935044
0.261904
-48.445908
-4.965246
53.900311
44.043762
60.293873
-85.281334
-74.415222
60.729736
-14.912670
39.152340
117.268639
33.356865
-84.524879
0.234428
2.504433
2.850046
-23.925533
-2.788342
32.455738
24.390684
33.084457
-46.099148
-43.020283
33.995285
-11.246906
22.311247
62.607254
21.389631
-53.837799
-1.538884
-0.118457
0.380412
0.016915
0.447220
-0.321808
0.407738
0.366380
0.027730
0.241215
-0.099303
0.273697
0.069891
0.573779
0.091234
0.102888
-0.105712
-0.118457
0.380412
0.016915
0.447220
-0.321808
0.407738
0.366380
0.027730
0.241215
-0.099303
0.273697
0.069891
0.573779
0.091234
0.102888
-0.105712
-0.118457
0.380412
0.016915
0.447220
-0.321808
0.407738
0.366380
0.027730
0.241215
-0.099303
0.273697
0.069891
0.573779
0.091234
0.102888
-0.105712
-0.118457
0.380412
0.016915
0.447220
-0.321808
0.407738
0.366380
0.027730
0.241215
-0.099303
0.273697
0.069891
0.573779
0.091234
0.102888
-0.105712
-0.118457
0.380412
0.016915
0.447220
-0.321808
0.407738
0.366380
0.027730
0.241215
-0.099303
0.273697
0.069891
0.573779
0.091234
0.102888
-0.105712
-0.118457
0.380412
0.016915
0.447220
-0.321808
0.407738
0.366380
0.027730
0.241215
-0.099303
0.273697
0.069891
0.573779
0.091234
0.102888
-0.105712
-0.118457
0.380412
0.016915
0.447220
-0.321808
0.407738
0.366380
0.027730
0.241215
-0.099303
0.273697
0.069891
0.573779
0.091234
0.102888
-0.105712
-0.118457
0.380412
0.016915
0.447220
-0.321808
0.407738
0.366380
0.027730
0.241215
-0.099303
0.273697
0.069891
0.573779
0.091234
0.102888
-0.105712
-0.118457
0.380412
0.016915
0.447220
-0.321808
0.407738
0.366380
0.027730
0.241215
-0.099303
0.273697
0.069891
0.573779
0.091234
0.102888
-0.105712
-0.118457
0.380412
0.016915
0.447220
-0.321808
0.407738
0.366380
0.027730
0.241215
-0.099303
0.273697
0.069891
0.573779
0.091234
0.102888
-0.105712
-0.118457
0.380412
0.016915
0.447220
-0.321808
0.407738
0.366380
0.027730
0.241215
-0.099303
0.273697
0.069891
0.573779
0.091234
0.102888
-0.105712
-0.118457
0.380412
0.016915
0.447220
-0.321808
0.407738
0.366380
0.027730
0.241215
-0.099303
0.273697
0.069891
0.573779
0.091234
0.102888
-0.105712
-0.118457
0.380412
0.016915
0.447220
-0.321808
0.407738
0.366380
0.027730
0.241215
-0.099303
0.273697
0.069891
0.573779
0.091234
0.102888
-0.105712
-0.118457
0.380412
0.016915
0.447220
-0.321808
0.407738
0.366380
0.027730
0.241215
-0.099303
0.273697
0.069891
0.573779
0.091234
0.102888
-0.105712
