-3.169780
-0.345029
-4.566428
1.812373
-4.767663
-0.910900
-3.293446
-6.797520
-3.595083
12.127180
14.324072
3.180014
6.223146
3.989931
0.760342
14.153883
-0.454597
-1.334579
-8.274087
-1.870037
5.956364
5.620222
3.039534
3.928188
-0.751227
-3.550758
-5.385666
-1.648923
-1.290156
2.334137
-0.223310
-5.117059
0.632226
-0.600672
24.764498
71.268776
30.703794
-70.185661
215.669830
-27.721127
-28.520205
-69.659058
-33.765961
-53.024929
103.318451
159.175903
-61.490253
-26.232414
0.057509
0.071284
6.986505
1.265368
-4.972297
-4.258893
-2.871505
-3.461070
0.389677
4.209114
5.196510
2.312505
1.520307
-3.603420
0.006910
5.201456
-0.673162
1.502717
-0.935241
-7.166880
-5.531955
7.681561
-29.684843
-3.911365
1.217389
6.995343
4.924510
2.931698
-7.570016
-23.406639
9.265493
4.807122
-1.623880
-0.015145
-14.178095
-41.268627
-18.748137
42.640163
-127.012794
12.968685
15.424071
42.115406
19.191996
33.931099
-62.186394
-97.576569
32.947273
18.557474
0.507636
0.211873
0.124108
-0.379357
0.365382
0.371843
-0.706939
-0.534436
-0.198928
0.025393
-0.913679
-0.099591
-0.489065
-0.332242
-0.063301
0.127831
0.507636
0.211873
0.124108
-0.379357
0.365382
0.371843
-0.706939
-0.534436
-0.198928
0.025393
-0.913679
-0.099591
-0.489065
-0.332242
-0.063301
0.127831
0.507636
0.211873
0.124108
-0.379357
0.365382
0.371843
-0.706939
-0.534436
-0.198928
0.025393
-0.913679
-0.099591
-0.489065
-0.332242
-0.063301
0.127831
0.507636
0.211873
0.124108
-0.379357
0.365382
0.371843
-0.706939
-0.534436
-0.198928
0.025393
-0.913679
-0.099591
-0.489065
-0.332242
-0.063301
0.127831
0.507636
0.211873
0.124108
-0.379357
0.365382
0.371843
-0.706939
-0.534436
-0.198928
0.025393
-0.913679
-0.099591
-0.489065
-0.332242
-0.063301
0.127831
0.507636
0.211873
0.124108
-0.379357
0.365382
0.371843
-0.706939
-0.534436
-0.198928
0.025393
-0.913679
-0.099591
-0.489065
-0.332242
-0.063301
0.127831
0.507636
0.211873
0.124108
-0.379357
0.365382
0.371843
-0.706939
-0.534436
-0.198928
0.025393
-0.913679
-0.099591
-0.489065
-0.332242
-0.063301
0.127831
0.507636
0.211873
0.124108
-0.379357
0.365382
0.371843
-0.706939
-0.534436
-0.198928
0.025393
-0.913679
-0.099591
-0.489065
-0.332242
-0.063301
0.127831
0.507636
0.211873
0.124108
-0.379357
0.365382
0.371843
-0.706939
-0.534436
-0.198928
0.025393
-0.913679
-0.099591
-0.489065
-0.332242
-0.063301
0.127831
0.507636
0.211873
0.124108
-0.379357
0.365382
0.371843
-0.706939
-0.534436
-0.198928
0.025393
-0.913679
-0.099591
-0.489065
-0.332242
-0.063301
0.127831
0.507636
0.211873
0.124108
-0.379357
0.365382
0.371843
-0.706939
-0.534436
-0.198928
0.025393
-0.913679
-0.099591
-0.489065
-0.332242
-0.063301
0.127831
0.507636
0.211873
0.124108
-0.379357
0.365382
0.371843
-0.706939
-0.534436
-0.198928
0.025393
-0.913679
-0.099591
-0.489065
-0.332242
-0.063301
0.127831
0.507636
0.211873
0.124108
-0.379357
0.365382
0.371843
-0.706939
-0.534436
-0.198928
0.025393
-0.913679
-0.099591
-0.489065
-0.332242
-0.063301
0.127831
0.507636
0.211873
0.124108
-0.379357
0.365382
0.371843
-0.706939
-0.534436
-0.198928
0.025393
-0.913679
-0.099591
-0.489065
-0.332242
-0.063301
0.127831
