43.439331
4.782271
11301.591797
-6073.455566
1177.616089
-3247.786133
3444.795410
-3730.833984
-7049.170898
4172.635254
2864.329834
9806.153320
1560.527710
5287.991211
-10524.840820
10838.347656
0.895087
-0.538677
84.963676
86.697647
-31.070881
-17.135826
-0.957865
23.439650
57.744270
19.599125
24.373463
-125.532982
38.590736
24.878448
-36.215107
-98.306725
0.247417
-1.614427
-39.244442
-42.474522
14.523997
9.672450
0.939949
-11.105538
-30.430712
-11.249850
-15.816212
61.579910
-17.497948
-11.195111
14.950247
45.891079
-23.027462
-2.244556
-5451.032227
3093.064697
-542.203186
1591.210205
-1650.679810
1869.679810
3410.606689
-2108.109863
-1490.885254
-4760.554199
-815.521179
-2564.290039
5034.677246
-5402.743652
-3.689589
-2.710804
-710.023071
272.167389
-94.023857
182.086578
-234.100891
196.554810
446.300812
-197.027802
-98.390030
-602.634033
-54.259010
-320.713379
699.810913
-566.754639
-9.177872
1.163253
-2031.607666
1283.067383
-178.421906
625.724182
-592.023010
731.511841
1251.756470
-871.835388
-667.676025
-1791.493164
-360.252350
-969.063232
1820.462036
-2164.131348
-3.740575
-0.433180
-506.104767
247.156906
-59.790215
140.396301
-155.674316
155.811432
314.320953
-169.550201
-111.040894
-432.871643
-57.284386
-234.307556
480.039001
-457.454071
0.123790
-0.005156
2.261369
0.241033
0.523845
-0.271872
0.290109
-0.494573
-1.614806
-0.474439
-0.804589
1.864915
-0.049261
0.719743
-2.876682
-0.323346
0.123790
-0.005156
2.261369
0.241033
0.523845
-0.271872
0.290109
-0.494573
-1.614806
-0.474439
-0.804589
1.864915
-0.049261
0.719743
-2.876682
-0.323346
0.123790
-0.005156
2.261369
0.241033
0.523845
-0.271872
0.290109
-0.494573
-1.614806
-0.474439
-0.804589
1.864915
-0.049261
0.719743
-2.876682
-0.323346
0.123790
-0.005156
2.261369
0.241033
0.523845
-0.271872
0.290109
-0.494573
-1.614806
-0.474439
-0.804589
1.864915
-0.049261
0.719743
-2.876682
-0.323346
0.123790
-0.005156
2.261369
0.241033
0.523845
-0.271872
0.290109
-0.494573
-1.614806
-0.474439
-0.804589
1.864915
-0.049261
0.719743
-2.876682
-0.323346
0.123790
-0.005156
2.261369
0.241033
0.523845
-0.271872
0.290109
-0.494573
-1.614806
-0.474439
-0.804589
1.864915
-0.049261
0.719743
-2.876682
-0.323346
0.123790
-0.005156
2.261369
0.241033
0.523845
-0.271872
0.290109
-0.494573
-1.614806
-0.474439
-0.804589
1.864915
-0.049261
0.719743
-2.876682
-0.323346
0.123790
-0.005156
2.261369
0.241033
0.523845
-0.271872
0.290109
-0.494573
-1.614806
-0.474439
-0.804589
1.864915
-0.049261
0.719743
-2.876682
-0.323346
0.123790
-0.005156
2.261369
0.241033
0.523845
-0.271872
0.290109
-0.494573
-1.614806
-0.474439
-0.804589
1.864915
-0.049261
0.719743
-2.876682
-0.323346
0.123790
-0.005156
2.261369
0.241033
0.523845
-0.271872
0.290109
-0.494573
-1.614806
-0.474439
-0.804589
1.864915
-0.049261
0.719743
-2.876682
-0.323346
0.123790
-0.005156
2.261369
0.241033
0.523845
-0.271872
0.290109
-0.494573
-1.614806
-0.474439
-0.804589
1.864915
-0.049261
0.719743
-2.876682
-0.323346
0.123790
-0.005156
2.261369
0.241033
0.523845
-0.271872
0.290109
-0.494573
-1.614806
-0.474439
-0.804589
1.864915
-0.049261
0.719743
-2.876682
-0.323346
0.123790
-0.005156
2.261369
0.241033
0.523845
-0.271872
0.290109
-0.494573
-1.614806
-0.474439
-0.804589
1.864915
-0.049261
0.719743
-2.876682
-0.323346
