1.269134
-1.233595
6.944960
-3.297148
-7.594711
2.442445
-5.046594
-1.139921
3.426465
4.334426
3.994480
-7.102940
-0.462871
-4.197545
5.026478
3.831859
-2.433161
-0.247935
-81.664528
-14.816461
227.216736
8.029585
-258.105804
344.808228
-259.172882
-173.089874
-148.032715
50.622398
-244.037994
-143.281876
121.038307
130.339462
4.071603
2.044261
6.917336
-4.314303
-14.555414
4.820126
13.874981
-27.317478
17.924007
12.169254
9.960130
-2.567803
19.574070
7.591487
-13.650391
-7.972378
1.506466
-1.470525
47.681778
11.099658
-129.706207
-6.639551
147.332733
-188.856827
143.731339
96.678307
82.665207
-27.723484
136.374588
86.851120
-60.962502
-73.151253
2.443746
3.737439
11.446901
2.127547
-32.153618
-2.363605
41.298897
-51.658833
40.495289
30.744377
21.067066
-7.211086
35.097195
21.673498
-19.197643
-22.170048
-0.995155
0.099622
-0.234587
0.259811
-0.055684
0.402694
-0.139018
0.318269
0.162978
-0.156635
0.155692
-0.015061
0.292371
-0.187571
-0.329785
-0.212253
-0.995155
0.099622
-0.234587
0.259811
-0.055684
0.402694
-0.139018
0.318269
0.162978
-0.156635
0.155692
-0.015061
0.292371
-0.187571
-0.329785
-0.212253
-0.995155
0.099622
-0.234587
0.259811
-0.055684
0.402694
-0.139018
0.318269
0.162978
-0.156635
0.155692
-0.015061
0.292371
-0.187571
-0.329785
-0.212253
-0.995155
0.099622
-0.234587
0.259811
-0.055684
0.402694
-0.139018
0.318269
0.162978
-0.156635
0.155692
-0.015061
0.292371
-0.187571
-0.329785
-0.212253
-0.995155
0.099622
-0.234587
0.259811
-0.055684
0.402694
-0.139018
0.318269
0.162978
-0.156635
0.155692
-0.015061
0.292371
-0.187571
-0.329785
-0.212253
-0.995155
0.099622
-0.234587
0.259811
-0.055684
0.402694
-0.139018
0.318269
0.162978
-0.156635
0.155692
-0.015061
0.292371
-0.187571
-0.329785
-0.212253
-0.995155
0.099622
-0.234587
0.259811
-0.055684
0.402694
-0.139018
0.318269
0.162978
-0.156635
0.155692
-0.015061
0.292371
-0.187571
-0.329785
-0.212253
-0.995155
0.099622
-0.234587
0.259811
-0.055684
0.402694
-0.139018
0.318269
0.162978
-0.156635
0.155692
-0.015061
0.292371
-0.187571
-0.329785
-0.212253
-0.995155
0.099622
-0.234587
0.259811
-0.055684
0.402694
-0.139018
0.318269
0.162978
-0.156635
0.155692
-0.015061
0.292371
-0.187571
-0.329785
-0.212253
-0.995155
0.099622
-0.234587
0.259811
-0.055684
0.402694
-0.139018
0.318269
0.162978
-0.156635
0.155692
-0.015061
0.292371
-0.187571
-0.329785
-0.212253
-0.995155
0.099622
-0.234587
0.259811
-0.055684
0.402694
-0.139018
0.318269
0.162978
-0.156635
0.155692
-0.015061
0.292371
-0.187571
-0.329785
-0.212253
-0.995155
0.099622
-0.234587
0.259811
-0.055684
0.402694
-0.139018
0.318269
0.162978
-0.156635
0.155692
-0.015061
0.292371
-0.187571
-0.329785
-0.212253
-0.995155
0.099622
-0.234587
0.259811
-0.055684
0.402694
-0.139018
0.318269
0.162978
-0.156635
0.155692
-0.015061
0.292371
-0.187571
-0.329785
-0.212253
-0.995155
0.099622
-0.234587
0.259811
-0.055684
0.402694
-0.139018
0.318269
0.162978
-0.156635
0.155692
-0.015061
0.292371
-0.187571
-0.329785
-0.212253
-0.995155
0.099622
-0.234587
0.259811
-0.055684
0.402694
-0.139018
0.318269
0.162978
-0.156635
0.155692
-0.015061
0.292371
-0.187571
-0.329785
-0.212253
