-0.060045
-4.433187
-15.632863
-19.367693
12.334994
32.602791
-5.968095
18.749405
-0.976275
-23.200212
-26.034445
-22.352501
-11.810291
5.612179
3.427071
-24.712740
0.268443
0.142685
3.926184
5.711378
-10.308842
-3.494602
5.572703
5.789397
0.385608
-2.871533
-6.788086
4.143153
-7.577308
-1.502457
1.010667
10.809166
3.037768
0.024204
58.233521
-27.716837
-153.299728
148.449554
-56.267292
-410.343445
359.958893
68.100235
143.784271
-145.150772
276.529541
-88.978989
-125.292366
-59.513271
-3.000435
1.681968
-4.632785
-0.512665
6.898343
-8.031662
9.135101
30.070364
-26.093067
-5.630258
-13.731738
11.135421
-16.268316
5.561121
9.417190
1.607687
-0.930400
-0.458574
-24.118170
11.692493
64.887367
-65.127090
23.862982
180.055893
-159.429688
-29.539474
-58.072174
64.128578
-119.941010
38.668766
49.850101
29.000584
-2.644452
-1.119188
-13.768410
9.965578
35.650562
-35.094044
7.258934
93.045021
-77.367607
-15.460386
-30.831959
32.101418
-65.433792
19.662546
33.110966
15.582285
0.019925
0.484476
-0.475345
0.147009
0.512639
0.112389
-0.371943
0.742640
0.082012
0.214742
-0.546611
0.690848
0.254938
-0.389709
-0.774155
0.168037
0.019925
0.484476
-0.475345
0.147009
0.512639
0.112389
-0.371943
0.742640
0.082012
0.214742
-0.546611
0.690848
0.254938
-0.389709
-0.774155
0.168037
0.019925
0.484476
-0.475345
0.147009
0.512639
0.112389
-0.371943
0.742640
0.082012
0.214742
-0.546611
0.690848
0.254938
-0.389709
-0.774155
0.168037
0.019925
0.484476
-0.475345
0.147009
0.512639
0.112389
-0.371943
0.742640
0.082012
0.214742
-0.546611
0.690848
0.254938
-0.389709
-0.774155
0.168037
0.019925
0.484476
-0.475345
0.147009
0.512639
0.112389
-0.371943
0.742640
0.082012
0.214742
-0.546611
0.690848
0.254938
-0.389709
-0.774155
0.168037
0.019925
0.484476
-0.475345
0.147009
0.512639
0.112389
-0.371943
0.742640
0.082012
0.214742
-0.546611
0.690848
0.254938
-0.389709
-0.774155
0.168037
0.019925
0.484476
-0.475345
0.147009
0.512639
0.112389
-0.371943
0.742640
0.082012
0.214742
-0.546611
0.690848
0.254938
-0.389709
-0.774155
0.168037
0.019925
0.484476
-0.475345
0.147009
0.512639
0.112389
-0.371943
0.742640
0.082012
0.214742
-0.546611
0.690848
0.254938
-0.389709
-0.774155
0.168037
0.019925
0.484476
-0.475345
0.147009
0.512639
0.112389
-0.371943
0.742640
0.082012
0.214742
-0.546611
0.690848
0.254938
-0.389709
-0.774155
0.168037
0.019925
0.484476
-0.475345
0.147009
0.512639
0.112389
-0.371943
0.742640
0.082012
0.214742
-0.546611
0.690848
0.254938
-0.389709
-0.774155
0.168037
0.019925
0.484476
-0.475345
0.147009
0.512639
0.112389
-0.371943
0.742640
0.082012
0.214742
-0.546611
0.690848
0.254938
-0.389709
-0.774155
0.168037
0.019925
0.484476
-0.475345
0.147009
0.512639
0.112389
-0.371943
0.742640
0.082012
0.214742
-0.546611
0.690848
0.254938
-0.389709
-0.774155
0.168037
0.019925
0.484476
-0.475345
0.147009
0.512639
0.112389
-0.371943
0.742640
0.082012
0.214742
-0.546611
0.690848
0.254938
-0.389709
-0.774155
0.168037
0.019925
0.484476
-0.475345
0.147009
0.512639
0.112389
-0.371943
0.742640
0.082012
0.214742
-0.546611
0.690848
0.254938
-0.389709
-0.774155
0.168037
