-4.585883
-0.491607
20.268616
3.860116
7.115828
8.536799
-4.585513
9.947886
19.889055
-31.645597
-19.523067
-27.540451
-10.663908
-0.992836
14.849651
-38.222179
0.465259
0.343748
2.292280
0.966000
4.911916
-2.057745
1.760850
1.183448
3.546448
-11.726018
-12.938358
-1.109586
-7.688091
-1.750782
-0.243090
-11.745615
2.936177
2.942966
-16.497480
20.494799
22.687311
-20.101229
20.503254
0.295731
-22.442513
-5.153680
-8.747624
24.064501
13.549017
21.645750
-14.820837
-5.965639
0.496660
1.300329
-57.422810
-21.482960
114.540123
95.262360
-415.360626
199.953583
-82.418510
-337.257996
-155.038147
-84.555161
-106.571182
-228.815567
57.040173
118.249634
-0.875756
0.833768
4.948857
-3.109044
-8.321787
-8.237868
23.991367
-4.267672
1.028918
20.968292
8.198864
4.872279
1.656941
11.555911
-0.872323
-5.490925
-0.695080
-3.220675
25.410091
12.247004
-49.621723
-35.203243
157.709869
-81.290497
35.001415
127.057777
62.408413
31.404301
40.570515
87.778854
-20.821056
-48.937492
-0.772155
1.487660
1.105356
-0.214742
-2.225650
-5.597712
30.848047
-11.161745
3.545036
21.372671
6.061026
4.962436
5.488526
11.962274
-5.111236
-6.815874
1.573686
1.167837
14.653698
5.143477
-28.350729
-24.897448
105.950272
-59.221386
24.663221
88.865570
41.247387
24.434654
32.719238
59.517551
-17.618219
-27.946087
-0.155518
0.393249
-0.249351
0.471768
-0.143565
-0.079827
0.078614
-0.144742
0.269205
-0.266128
-0.015267
-0.110664
-0.613899
-0.342245
-0.255355
-0.019390
-0.155518
0.393249
-0.249351
0.471768
-0.143565
-0.079827
0.078614
-0.144742
0.269205
-0.266128
-0.015267
-0.110664
-0.613899
-0.342245
-0.255355
-0.019390
-0.155518
0.393249
-0.249351
0.471768
-0.143565
-0.079827
0.078614
-0.144742
0.269205
-0.266128
-0.015267
-0.110664
-0.613899
-0.342245
-0.255355
-0.019390
-0.155518
0.393249
-0.249351
0.471768
-0.143565
-0.079827
0.078614
-0.144742
0.269205
-0.266128
-0.015267
-0.110664
-0.613899
-0.342245
-0.255355
-0.019390
-0.155518
0.393249
-0.249351
0.471768
-0.143565
-0.079827
0.078614
-0.144742
0.269205
-0.266128
-0.015267
-0.110664
-0.613899
-0.342245
-0.255355
-0.019390
-0.155518
0.393249
-0.249351
0.471768
-0.143565
-0.079827
0.078614
-0.144742
0.269205
-0.266128
-0.015267
-0.110664
-0.613899
-0.342245
-0.255355
-0.019390
-0.155518
0.393249
-0.249351
0.471768
-0.143565
-0.079827
0.078614
-0.144742
0.269205
-0.266128
-0.015267
-0.110664
-0.613899
-0.342245
-0.255355
-0.019390
-0.155518
0.393249
-0.249351
0.471768
-0.143565
-0.079827
0.078614
-0.144742
0.269205
-0.266128
-0.015267
-0.110664
-0.613899
-0.342245
-0.255355
-0.019390
-0.155518
0.393249
-0.249351
0.471768
-0.143565
-0.079827
0.078614
-0.144742
0.269205
-0.266128
-0.015267
-0.110664
-0.613899
-0.342245
-0.255355
-0.019390
-0.155518
0.393249
-0.249351
0.471768
-0.143565
-0.079827
0.078614
-0.144742
0.269205
-0.266128
-0.015267
-0.110664
-0.613899
-0.342245
-0.255355
-0.019390
-0.155518
0.393249
-0.249351
0.471768
-0.143565
-0.079827
0.078614
-0.144742
0.269205
-0.266128
-0.015267
-0.110664
-0.613899
-0.342245
-0.255355
-0.019390
-0.155518
0.393249
-0.249351
0.471768
-0.143565
-0.079827
0.078614
-0.144742
0.269205
-0.266128
-0.015267
-0.110664
-0.613899
-0.342245
-0.255355
-0.019390
