-1.545266
2.296974
5.491343
6.239016
-6.143787
-0.400406
6.521898
2.540290
1.310835
-4.145499
-3.528181
7.553617
-9.969511
0.819459
2.449553
13.016368
-0.822014
-0.184062
7.068193
-3.761139
-7.052642
3.332305
-5.373789
-5.396537
3.338751
3.367437
4.643468
-4.753713
2.190734
-3.881165
4.566800
3.828583
-1.789358
-0.847356
133.828613
371.775879
337.529724
-313.760956
424.443237
-12.423144
-413.347046
178.605255
-306.078796
222.637985
767.287476
63.043755
-484.445465
399.424103
-1.603706
-1.047391
-12.125226
-15.882334
-12.029866
19.048243
-18.175100
7.768458
21.600746
-15.626571
14.360344
-13.969920
-43.222134
3.199132
20.683310
-24.745300
1.503679
0.667463
-81.660690
-240.397705
-219.786926
198.264389
-277.942108
-1.013173
265.874420
-109.131470
198.876892
-139.651016
-490.994843
-48.456184
314.798676
-253.259888
2.385786
2.327317
-6.115828
-44.368992
-40.596588
26.776295
-44.180641
-5.705068
46.695526
-11.451427
32.912197
-20.553406
-82.636513
-20.017580
55.714546
-31.391516
0.547961
-0.151271
-0.457116
0.258983
-0.365116
0.199028
-0.336551
0.312806
0.119183
-0.277046
0.826477
0.039927
-0.550380
-0.566533
0.566184
0.182643
0.547961
-0.151271
-0.457116
0.258983
-0.365116
0.199028
-0.336551
0.312806
0.119183
-0.277046
0.826477
0.039927
-0.550380
-0.566533
0.566184
0.182643
0.547961
-0.151271
-0.457116
0.258983
-0.365116
0.199028
-0.336551
0.312806
0.119183
-0.277046
0.826477
0.039927
-0.550380
-0.566533
0.566184
0.182643
0.547961
-0.151271
-0.457116
0.258983
-0.365116
0.199028
-0.336551
0.312806
0.119183
-0.277046
0.826477
0.039927
-0.550380
-0.566533
0.566184
0.182643
0.547961
-0.151271
-0.457116
0.258983
-0.365116
0.199028
-0.336551
0.312806
0.119183
-0.277046
0.826477
0.039927
-0.550380
-0.566533
0.566184
0.182643
0.547961
-0.151271
-0.457116
0.258983
-0.365116
0.199028
-0.336551
0.312806
0.119183
-0.277046
0.826477
0.039927
-0.550380
-0.566533
0.566184
0.182643
0.547961
-0.151271
-0.457116
0.258983
-0.365116
0.199028
-0.336551
0.312806
0.119183
-0.277046
0.826477
0.039927
-0.550380
-0.566533
0.566184
0.182643
0.547961
-0.151271
-0.457116
0.258983
-0.365116
0.199028
-0.336551
0.312806
0.119183
-0.277046
0.826477
0.039927
-0.550380
-0.566533
0.566184
0.182643
0.547961
-0.151271
-0.457116
0.258983
-0.365116
0.199028
-0.336551
0.312806
0.119183
-0.277046
0.826477
0.039927
-0.550380
-0.566533
0.566184
0.182643
0.547961
-0.151271
-0.457116
0.258983
-0.365116
0.199028
-0.336551
0.312806
0.119183
-0.277046
0.826477
0.039927
-0.550380
-0.566533
0.566184
0.182643
0.547961
-0.151271
-0.457116
0.258983
-0.365116
0.199028
-0.336551
0.312806
0.119183
-0.277046
0.826477
0.039927
-0.550380
-0.566533
0.566184
0.182643
0.547961
-0.151271
-0.457116
0.258983
-0.365116
0.199028
-0.336551
0.312806
0.119183
-0.277046
0.826477
0.039927
-0.550380
-0.566533
0.566184
0.182643
0.547961
-0.151271
-0.457116
0.258983
-0.365116
0.199028
-0.336551
0.312806
0.119183
-0.277046
0.826477
0.039927
-0.550380
-0.566533
0.566184
0.182643
0.547961
-0.151271
-0.457116
0.258983
-0.365116
0.199028
-0.336551
0.312806
0.119183
-0.277046
0.826477
0.039927
-0.550380
-0.566533
0.566184
0.182643
