-1.444606
4.186581
2.769234
-6.014825
-3.022104
-7.813711
0.154119
-2.992202
-12.349046
2.850306
4.835859
9.642075
-1.622016
11.715575
-12.806329
5.795290
-2.483086
2.049036
-6.080882
19.528427
14.030421
-21.107557
-0.690204
-3.509801
-12.194087
-8.673475
-3.680249
10.812764
-0.439387
3.400944
-6.608169
8.458887
0.302685
1.279093
6.007465
-0.845430
-7.845463
-0.360453
-1.875379
-4.746929
1.925088
4.725480
6.337914
-4.091589
2.895676
-2.934619
3.996474
4.499577
-2.044804
1.052103
178.086578
327.336517
276.046600
-382.468506
374.447113
-101.691986
-353.314056
247.099945
-249.327042
253.485886
747.338989
-63.741138
-409.972717
476.044067
0.023561
-0.546858
-5.454798
1.269535
7.158266
-0.013905
1.969011
4.664438
-2.746294
-3.893036
-5.337374
3.959280
-2.912634
2.886744
-4.032512
-3.938412
0.107426
-1.520293
-20.967201
-19.571798
-9.365549
33.599358
-18.444384
19.714972
14.738940
-22.251711
7.708566
-27.324011
-37.897522
20.829102
7.510628
-41.421490
1.918711
-3.817845
-141.856155
-262.589447
-213.196243
304.898834
-296.166962
87.411446
275.993164
-197.394211
197.249756
-203.789383
-588.087524
60.678467
318.561401
-384.120392
-1.167328
0.186750
0.257903
-16.557257
-21.537750
10.451718
-20.379038
-6.887907
22.406595
-3.535177
18.026093
-2.135593
-40.995857
-13.472000
31.786203
-10.542408
-0.021001
0.119493
0.332751
0.304638
0.064489
0.063582
0.005169
-0.173780
-0.189739
0.159298
0.196899
-0.075736
0.025559
-0.818709
-0.046164
0.574554
-0.021001
0.119493
0.332751
0.304638
0.064489
0.063582
0.005169
-0.173780
-0.189739
0.159298
0.196899
-0.075736
0.025559
-0.818709
-0.046164
0.574554
-0.021001
0.119493
0.332751
0.304638
0.064489
0.063582
0.005169
-0.173780
-0.189739
0.159298
0.196899
-0.075736
0.025559
-0.818709
-0.046164
0.574554
-0.021001
0.119493
0.332751
0.304638
0.064489
0.063582
0.005169
-0.173780
-0.189739
0.159298
0.196899
-0.075736
0.025559
-0.818709
-0.046164
0.574554
-0.021001
0.119493
0.332751
0.304638
0.064489
0.063582
0.005169
-0.173780
-0.189739
0.159298
0.196899
-0.075736
0.025559
-0.818709
-0.046164
0.574554
-0.021001
0.119493
0.332751
0.304638
0.064489
0.063582
0.005169
-0.173780
-0.189739
0.159298
0.196899
-0.075736
0.025559
-0.818709
-0.046164
0.574554
-0.021001
0.119493
0.332751
0.304638
0.064489
0.063582
0.005169
-0.173780
-0.189739
0.159298
0.196899
-0.075736
0.025559
-0.818709
-0.046164
0.574554
-0.021001
0.119493
0.332751
0.304638
0.064489
0.063582
0.005169
-0.173780
-0.189739
0.159298
0.196899
-0.075736
0.025559
-0.818709
-0.046164
0.574554
-0.021001
0.119493
0.332751
0.304638
0.064489
0.063582
0.005169
-0.173780
-0.189739
0.159298
0.196899
-0.075736
0.025559
-0.818709
-0.046164
0.574554
-0.021001
0.119493
0.332751
0.304638
0.064489
0.063582
0.005169
-0.173780
-0.189739
0.159298
0.196899
-0.075736
0.025559
-0.818709
-0.046164
0.574554
-0.021001
0.119493
0.332751
0.304638
0.064489
0.063582
0.005169
-0.173780
-0.189739
0.159298
0.196899
-0.075736
0.025559
-0.818709
-0.046164
0.574554
-0.021001
0.119493
0.332751
0.304638
0.064489
0.063582
0.005169
-0.173780
-0.189739
0.159298
0.196899
-0.075736
0.025559
-0.818709
-0.046164
0.574554
