0.732812
1.092452
-1.419479
7.330899
5.607724
-5.787410
2.280115
-2.355613
-4.716883
0.914356
-3.040087
6.364243
4.033952
1.167858
-5.223346
-1.392453
-0.429379
0.426049
-0.255219
-3.424088
1.820531
-3.772683
4.737598
-4.187437
-10.820029
0.092224
-3.918538
11.387062
-5.827821
7.113005
-13.860093
4.322041
-0.154224
-0.346480
-357.815094
282.315887
475.756683
219.688660
55.663883
263.823303
-339.814941
-294.032928
-275.114166
-162.283035
282.659698
656.007813
-576.344177
-236.425827
-0.280122
0.905504
12.069235
-12.192085
-21.066795
-10.742188
-2.138340
-8.703662
17.531773
15.446240
12.998037
8.027937
-7.720376
-30.897804
26.668331
10.520843
2.812873
-2.400115
148.754166
-109.973465
-189.711716
-88.680626
-15.091802
-104.649139
134.006622
121.062416
108.925056
61.850380
-108.736870
-264.101501
228.819824
98.300247
-1.003123
2.082603
22.676344
-19.042610
-34.263447
-13.538072
-6.359461
-20.665298
21.517899
18.374733
18.742159
15.571528
-18.774151
-42.463631
43.082996
15.081406
-1.208527
-0.822622
91.244980
-74.615204
-117.765800
-57.471783
-17.107578
-67.007149
82.875862
77.423615
68.691986
43.497211
-71.212700
-165.067368
144.464081
62.439220
-0.380741
-0.036088
0.162960
-0.504480
-0.461914
0.420271
-0.695585
-0.240052
-0.120801
0.556071
-0.145277
0.228766
0.442525
0.221827
0.276541
-0.514467
-0.380741
-0.036088
0.162960
-0.504480
-0.461914
0.420271
-0.695585
-0.240052
-0.120801
0.556071
-0.145277
0.228766
0.442525
0.221827
0.276541
-0.514467
-0.380741
-0.036088
0.162960
-0.504480
-0.461914
0.420271
-0.695585
-0.240052
-0.120801
0.556071
-0.145277
0.228766
0.442525
0.221827
0.276541
-0.514467
-0.380741
-0.036088
0.162960
-0.504480
-0.461914
0.420271
-0.695585
-0.240052
-0.120801
0.556071
-0.145277
0.228766
0.442525
0.221827
0.276541
-0.514467
-0.380741
-0.036088
0.162960
-0.504480
-0.461914
0.420271
-0.695585
-0.240052
-0.120801
0.556071
-0.145277
0.228766
0.442525
0.221827
0.276541
-0.514467
-0.380741
-0.036088
0.162960
-0.504480
-0.461914
0.420271
-0.695585
-0.240052
-0.120801
0.556071
-0.145277
0.228766
0.442525
0.221827
0.276541
-0.514467
-0.380741
-0.036088
0.162960
-0.504480
-0.461914
0.420271
-0.695585
-0.240052
-0.120801
0.556071
-0.145277
0.228766
0.442525
0.221827
0.276541
-0.514467
-0.380741
-0.036088
0.162960
-0.504480
-0.461914
0.420271
-0.695585
-0.240052
-0.120801
0.556071
-0.145277
0.228766
0.442525
0.221827
0.276541
-0.514467
-0.380741
-0.036088
0.162960
-0.504480
-0.461914
0.420271
-0.695585
-0.240052
-0.120801
0.556071
-0.145277
0.228766
0.442525
0.221827
0.276541
-0.514467
-0.380741
-0.036088
0.162960
-0.504480
-0.461914
0.420271
-0.695585
-0.240052
-0.120801
0.556071
-0.145277
0.228766
0.442525
0.221827
0.276541
-0.514467
-0.380741
-0.036088
0.162960
-0.504480
-0.461914
0.420271
-0.695585
-0.240052
-0.120801
0.556071
-0.145277
0.228766
0.442525
0.221827
0.276541
-0.514467
-0.380741
-0.036088
0.162960
-0.504480
-0.461914
0.420271
-0.695585
-0.240052
-0.120801
0.556071
-0.145277
0.228766
0.442525
0.221827
0.276541
-0.514467
-0.380741
-0.036088
0.162960
-0.504480
-0.461914
0.420271
-0.695585
-0.240052
-0.120801
0.556071
-0.145277
0.228766
0.442525
0.221827
0.276541
-0.514467
