0.730820
0.174941
-6.757202
-1.036896
6.477823
5.539785
3.698031
3.130354
-2.316019
-4.813807
-5.568769
0.112231
-1.193138
4.263111
-0.109494
-4.813998
-2.244466
0.107598
5.117592
2.032822
6.929040
-0.469232
3.577863
1.132258
0.560619
-14.593199
-13.545356
-2.196875
-8.322906
-2.305937
-1.593011
-13.613274
1.845980
-2.724606
-404.256104
-42.634293
167.456512
461.062500
-127.349724
303.257477
-27.894524
-428.780609
-58.300125
-357.931580
-337.790558
547.999451
-147.109146
-669.290527
-1.252053
3.125106
146.937592
23.435478
-55.806107
-171.840317
48.874615
-103.453697
0.708517
154.117966
9.020066
131.115189
130.401016
-196.756683
40.201817
242.885529
2.560522
-2.414371
17.847391
1.243979
-10.458344
-22.810135
-0.543413
-17.491055
8.930008
19.230341
6.170039
16.102482
11.324325
-28.479322
16.059689
29.698137
-0.205517
1.173352
30.561583
-2.824508
-16.826328
-30.731150
4.030274
-23.036985
3.026838
25.407883
9.800711
25.690617
15.906290
-37.365536
17.490402
41.611431
-1.320283
0.635179
115.395630
20.288763
-40.254772
-133.687149
42.302464
-84.332428
1.613329
126.492584
17.574614
99.597588
105.047600
-146.772888
29.145622
196.433762
0.631140
0.252476
-0.581567
0.569494
0.521445
-0.072494
0.277039
-0.354640
0.228448
0.310385
0.126349
-0.201876
-0.481111
0.192663
-0.273182
0.687831
0.631140
0.252476
-0.581567
0.569494
0.521445
-0.072494
0.277039
-0.354640
0.228448
0.310385
0.126349
-0.201876
-0.481111
0.192663
-0.273182
0.687831
0.631140
0.252476
-0.581567
0.569494
0.521445
-0.072494
0.277039
-0.354640
0.228448
0.310385
0.126349
-0.201876
-0.481111
0.192663
-0.273182
0.687831
0.631140
0.252476
-0.581567
0.569494
0.521445
-0.072494
0.277039
-0.354640
0.228448
0.310385
0.126349
-0.201876
-0.481111
0.192663
-0.273182
0.687831
0.631140
0.252476
-0.581567
0.569494
0.521445
-0.072494
0.277039
-0.354640
0.228448
0.310385
0.126349
-0.201876
-0.481111
0.192663
-0.273182
0.687831
0.631140
0.252476
-0.581567
0.569494
0.521445
-0.072494
0.277039
-0.354640
0.228448
0.310385
0.126349
-0.201876
-0.481111
0.192663
-0.273182
0.687831
0.631140
0.252476
-0.581567
0.569494
0.521445
-0.072494
0.277039
-0.354640
0.228448
0.310385
0.126349
-0.201876
-0.481111
0.192663
-0.273182
0.687831
0.631140
0.252476
-0.581567
0.569494
0.521445
-0.072494
0.277039
-0.354640
0.228448
0.310385
0.126349
-0.201876
-0.481111
0.192663
-0.273182
0.687831
0.631140
0.252476
-0.581567
0.569494
0.521445
-0.072494
0.277039
-0.354640
0.228448
0.310385
0.126349
-0.201876
-0.481111
0.192663
-0.273182
0.687831
0.631140
0.252476
-0.581567
0.569494
0.521445
-0.072494
0.277039
-0.354640
0.228448
0.310385
0.126349
-0.201876
-0.481111
0.192663
-0.273182
0.687831
0.631140
0.252476
-0.581567
0.569494
0.521445
-0.072494
0.277039
-0.354640
0.228448
0.310385
0.126349
-0.201876
-0.481111
0.192663
-0.273182
0.687831
0.631140
0.252476
-0.581567
0.569494
0.521445
-0.072494
0.277039
-0.354640
0.228448
0.310385
0.126349
-0.201876
-0.481111
0.192663
-0.273182
0.687831
0.631140
0.252476
-0.581567
0.569494
0.521445
-0.072494
0.277039
-0.354640
0.228448
0.310385
0.126349
-0.201876
-0.481111
0.192663
-0.273182
0.687831
