39.105377
-8.988237
9276.337891
-9441.273438
586.981445
-3967.600342
1663.278809
-4186.202637
-5683.816895
5708.440918
5156.919434
8947.529297
2638.412354
4268.367188
-7078.884766
13013.796875
1.672171
-1.134201
58.464592
115.539345
-29.186211
-28.504251
-7.908814
17.518730
49.484627
36.643944
53.692261
-113.902092
24.342985
28.240444
-5.988187
-102.370003
-14.916836
1.656735
-3374.644775
3149.592773
-266.504425
1374.937866
-636.247192
1437.648193
2062.654541
-1902.970703
-1667.109253
-3190.693115
-857.430786
-1523.130249
2652.159424
-4429.975098
-1.602369
3.956248
-554.843201
607.297485
-26.518572
245.835709
-94.619820
259.492706
338.532623
-364.641693
-338.176453
-540.340454
-172.490295
-258.391968
407.510620
-812.735535
-3.328610
-1.375825
-474.387939
500.688202
-23.413738
206.014740
-81.116737
217.607864
294.328888
-304.691345
-279.128693
-462.885193
-142.535080
-221.029312
358.762604
-685.009705
-9.742718
1.450142
-2885.718262
2642.249756
-235.428833
1162.362061
-560.952820
1209.811157
1771.279663
-1598.685059
-1381.210449
-2727.003906
-710.041687
-1305.595703
2299.927979
-3737.476563
-0.073190
-0.412810
3.229109
0.232063
1.165560
-1.167919
1.224857
-0.417460
-2.636456
0.158777
-0.016492
3.151264
0.111929
1.029768
-3.077520
1.574011
-0.073190
-0.412810
3.229109
0.232063
1.165560
-1.167919
1.224857
-0.417460
-2.636456
0.158777
-0.016492
3.151264
0.111929
1.029768
-3.077520
1.574011
-0.073190
-0.412810
3.229109
0.232063
1.165560
-1.167919
1.224857
-0.417460
-2.636456
0.158777
-0.016492
3.151264
0.111929
1.029768
-3.077520
1.574011
-0.073190
-0.412810
3.229109
0.232063
1.165560
-1.167919
1.224857
-0.417460
-2.636456
0.158777
-0.016492
3.151264
0.111929
1.029768
-3.077520
1.574011
-0.073190
-0.412810
3.229109
0.232063
1.165560
-1.167919
1.224857
-0.417460
-2.636456
0.158777
-0.016492
3.151264
0.111929
1.029768
-3.077520
1.574011
-0.073190
-0.412810
3.229109
0.232063
1.165560
-1.167919
1.224857
-0.417460
-2.636456
0.158777
-0.016492
3.151264
0.111929
1.029768
-3.077520
1.574011
-0.073190
-0.412810
3.229109
0.232063
1.165560
-1.167919
1.224857
-0.417460
-2.636456
0.158777
-0.016492
3.151264
0.111929
1.029768
-3.077520
1.574011
-0.073190
-0.412810
3.229109
0.232063
1.165560
-1.167919
1.224857
-0.417460
-2.636456
0.158777
-0.016492
3.151264
0.111929
1.029768
-3.077520
1.574011
-0.073190
-0.412810
3.229109
0.232063
1.165560
-1.167919
1.224857
-0.417460
-2.636456
0.158777
-0.016492
3.151264
0.111929
1.029768
-3.077520
1.574011
-0.073190
-0.412810
3.229109
0.232063
1.165560
-1.167919
1.224857
-0.417460
-2.636456
0.158777
-0.016492
3.151264
0.111929
1.029768
-3.077520
1.574011
-0.073190
-0.412810
3.229109
0.232063
1.165560
-1.167919
1.224857
-0.417460
-2.636456
0.158777
-0.016492
3.151264
0.111929
1.029768
-3.077520
1.574011
-0.073190
-0.412810
3.229109
0.232063
1.165560
-1.167919
1.224857
-0.417460
-2.636456
0.158777
-0.016492
3.151264
0.111929
1.029768
-3.077520
1.574011
-0.073190
-0.412810
3.229109
0.232063
1.165560
-1.167919
1.224857
-0.417460
-2.636456
0.158777
-0.016492
3.151264
0.111929
1.029768
-3.077520
1.574011
-0.073190
-0.412810
3.229109
0.232063
1.165560
-1.167919
1.224857
-0.417460
-2.636456
0.158777
-0.016492
3.151264
0.111929
1.029768
-3.077520
1.574011
