0.801757
0.856497
30.000944
19.539816
-19.456507
-28.726320
0.159717
-24.380253
-4.103585
19.063566
30.067656
4.536202
3.270939
-9.627662
-0.374532
21.290579
-0.096867
-0.654962
1.465673
3.807004
3.993234
3.056957
0.485729
2.190166
14.058394
-8.828585
-9.783565
-9.296510
-4.513030
-5.419383
6.721860
-11.102315
1.031802
2.023699
397.750092
138.976791
-70.812195
-503.502106
170.210205
-244.003372
47.021942
386.752960
15.910152
312.989288
316.139587
-580.059631
118.538010
660.139038
-2.371588
0.719363
-171.070984
-53.981846
34.998299
214.277222
-76.778885
110.354836
-18.398281
-164.927155
-4.562999
-137.037674
-139.399902
255.156723
-55.931881
-282.984344
2.223782
-4.714410
-26.680037
-14.145472
-1.304323
41.287132
-14.517328
15.084116
3.878355
-28.270266
4.659999
-20.686556
-25.125320
35.548359
0.493950
-51.477634
0.048740
-0.397119
-15.519857
-8.292966
-0.468930
20.178886
-9.347047
10.306858
1.294824
-14.403613
1.243045
-12.783618
-19.377213
23.665682
-1.069409
-27.055195
0.327527
-0.639331
-91.523834
-26.095102
22.587826
112.645195
-32.006546
55.321480
-17.563307
-90.113548
-8.455234
-69.964592
-63.621471
135.469620
-34.815334
-148.669647
0.114274
-0.157650
-0.500832
0.222038
-0.069143
-0.053399
0.052574
0.176508
0.706193
-0.303600
-0.166873
0.153778
-0.287367
0.237254
0.300215
0.340288
0.114274
-0.157650
-0.500832
0.222038
-0.069143
-0.053399
0.052574
0.176508
0.706193
-0.303600
-0.166873
0.153778
-0.287367
0.237254
0.300215
0.340288
0.114274
-0.157650
-0.500832
0.222038
-0.069143
-0.053399
0.052574
0.176508
0.706193
-0.303600
-0.166873
0.153778
-0.287367
0.237254
0.300215
0.340288
0.114274
-0.157650
-0.500832
0.222038
-0.069143
-0.053399
0.052574
0.176508
0.706193
-0.303600
-0.166873
0.153778
-0.287367
0.237254
0.300215
0.340288
0.114274
-0.157650
-0.500832
0.222038
-0.069143
-0.053399
0.052574
0.176508
0.706193
-0.303600
-0.166873
0.153778
-0.287367
0.237254
0.300215
0.340288
0.114274
-0.157650
-0.500832
0.222038
-0.069143
-0.053399
0.052574
0.176508
0.706193
-0.303600
-0.166873
0.153778
-0.287367
0.237254
0.300215
0.340288
0.114274
-0.157650
-0.500832
0.222038
-0.069143
-0.053399
0.052574
0.176508
0.706193
-0.303600
-0.166873
0.153778
-0.287367
0.237254
0.300215
0.340288
0.114274
-0.157650
-0.500832
0.222038
-0.069143
-0.053399
0.052574
0.176508
0.706193
-0.303600
-0.166873
0.153778
-0.287367
0.237254
0.300215
0.340288
0.114274
-0.157650
-0.500832
0.222038
-0.069143
-0.053399
0.052574
0.176508
0.706193
-0.303600
-0.166873
0.153778
-0.287367
0.237254
0.300215
0.340288
0.114274
-0.157650
-0.500832
0.222038
-0.069143
-0.053399
0.052574
0.176508
0.706193
-0.303600
-0.166873
0.153778
-0.287367
0.237254
0.300215
0.340288
0.114274
-0.157650
-0.500832
0.222038
-0.069143
-0.053399
0.052574
0.176508
0.706193
-0.303600
-0.166873
0.153778
-0.287367
0.237254
0.300215
0.340288
0.114274
-0.157650
-0.500832
0.222038
-0.069143
-0.053399
0.052574
0.176508
0.706193
-0.303600
-0.166873
0.153778
-0.287367
0.237254
0.300215
0.340288
0.114274
-0.157650
-0.500832
0.222038
-0.069143
-0.053399
0.052574
0.176508
0.706193
-0.303600
-0.166873
0.153778
-0.287367
0.237254
0.300215
0.340288
