2.958469
-2.573688
11.408129
-14.389029
-20.425337
16.890987
8.123200
4.147448
8.557820
13.291019
8.911824
-12.567407
0.196470
-4.162618
9.306144
-3.581665
1.161186
-1.953730
7.522299
-6.222220
-3.620121
8.282244
5.348971
-3.149864
-6.212491
-0.051969
7.571362
2.981694
1.453943
8.059583
11.399951
-2.149178
-0.449631
0.161904
-145.283981
-307.998077
330.977539
490.591034
620.579834
-353.399170
-360.774933
-21.391630
-249.322128
95.073494
445.924530
581.780823
-511.160522
-122.327118
-0.260567
-0.925573
5.650410
11.248999
-17.610376
-25.007635
-29.406731
17.576929
20.036259
4.172421
12.717744
-6.998834
-18.493702
-24.050077
26.116722
9.233706
1.391161
0.198213
115.733124
244.301056
-259.664337
-383.609406
-489.302277
277.669647
283.276245
16.419857
195.883484
-72.051788
-349.204437
-457.868805
401.898560
93.943176
-0.205053
2.540583
6.526548
16.136301
-19.387846
-28.482286
-37.788231
17.349197
22.660666
2.548213
15.240439
-6.594686
-27.315115
-34.317299
32.407352
9.190187
-0.298278
-0.215316
0.014617
-0.039068
-0.135612
-0.531488
0.094301
0.645376
0.367753
0.289847
-0.412082
-0.262047
-0.164361
0.268244
0.380181
0.404999
-0.298278
-0.215316
0.014617
-0.039068
-0.135612
-0.531488
0.094301
0.645376
0.367753
0.289847
-0.412082
-0.262047
-0.164361
0.268244
0.380181
0.404999
-0.298278
-0.215316
0.014617
-0.039068
-0.135612
-0.531488
0.094301
0.645376
0.367753
0.289847
-0.412082
-0.262047
-0.164361
0.268244
0.380181
0.404999
-0.298278
-0.215316
0.014617
-0.039068
-0.135612
-0.531488
0.094301
0.645376
0.367753
0.289847
-0.412082
-0.262047
-0.164361
0.268244
0.380181
0.404999
-0.298278
-0.215316
0.014617
-0.039068
-0.135612
-0.531488
0.094301
0.645376
0.367753
0.289847
-0.412082
-0.262047
-0.164361
0.268244
0.380181
0.404999
-0.298278
-0.215316
0.014617
-0.039068
-0.135612
-0.531488
0.094301
0.645376
0.367753
0.289847
-0.412082
-0.262047
-0.164361
0.268244
0.380181
0.404999
-0.298278
-0.215316
0.014617
-0.039068
-0.135612
-0.531488
0.094301
0.645376
0.367753
0.289847
-0.412082
-0.262047
-0.164361
0.268244
0.380181
0.404999
-0.298278
-0.215316
0.014617
-0.039068
-0.135612
-0.531488
0.094301
0.645376
0.367753
0.289847
-0.412082
-0.262047
-0.164361
0.268244
0.380181
0.404999
-0.298278
-0.215316
0.014617
-0.039068
-0.135612
-0.531488
0.094301
0.645376
0.367753
0.289847
-0.412082
-0.262047
-0.164361
0.268244
0.380181
0.404999
-0.298278
-0.215316
0.014617
-0.039068
-0.135612
-0.531488
0.094301
0.645376
0.367753
0.289847
-0.412082
-0.262047
-0.164361
0.268244
0.380181
0.404999
-0.298278
-0.215316
0.014617
-0.039068
-0.135612
-0.531488
0.094301
0.645376
0.367753
0.289847
-0.412082
-0.262047
-0.164361
0.268244
0.380181
0.404999
-0.298278
-0.215316
0.014617
-0.039068
-0.135612
-0.531488
0.094301
0.645376
0.367753
0.289847
-0.412082
-0.262047
-0.164361
0.268244
0.380181
0.404999
-0.298278
-0.215316
0.014617
-0.039068
-0.135612
-0.531488
0.094301
0.645376
0.367753
0.289847
-0.412082
-0.262047
-0.164361
0.268244
0.380181
0.404999
-0.298278
-0.215316
0.014617
-0.039068
-0.135612
-0.531488
0.094301
0.645376
0.367753
0.289847
-0.412082
-0.262047
-0.164361
0.268244
0.380181
0.404999
