0.686365
0.647063
-7.055478
1.975573
8.600960
1.599513
4.153337
2.300245
-3.863920
-3.474057
-7.630363
3.453148
2.000775
2.964855
-4.744236
-3.551255
1.921952
-2.781873
332.399719
142.729248
-625.915283
-146.672089
-256.953247
635.348145
253.437927
-129.614471
138.596741
-194.817139
-737.048096
-221.457474
449.917114
-266.742798
2.597275
-0.371301
-14.656039
-11.030629
25.412689
12.693135
18.624470
-24.949873
-11.715862
8.673453
-5.455872
3.956726
26.460833
11.735242
-20.304735
9.798113
0.043626
0.586595
-124.451828
-53.631657
234.040375
49.696381
92.340065
-243.616287
-93.111450
52.291359
-49.309219
73.559883
278.458099
73.647568
-164.449066
102.202019
-1.367377
2.045813
-24.345610
-12.068481
46.185699
16.785467
23.362848
-42.737118
-19.696796
8.114100
-13.450736
13.494750
52.738136
18.223539
-36.586918
19.172997
-1.888782
2.513250
-92.157051
-32.603985
171.704483
30.413755
58.866531
-172.847443
-67.204529
32.738590
-36.235870
56.074108
203.491501
59.655846
-118.474480
75.705315
-0.107223
0.310866
0.160984
-0.168240
-0.426784
0.042658
0.447080
0.224101
-0.941459
0.351227
0.118078
0.124742
-0.294714
-0.107876
0.019610
-0.188203
-0.107223
0.310866
0.160984
-0.168240
-0.426784
0.042658
0.447080
0.224101
-0.941459
0.351227
0.118078
0.124742
-0.294714
-0.107876
0.019610
-0.188203
-0.107223
0.310866
0.160984
-0.168240
-0.426784
0.042658
0.447080
0.224101
-0.941459
0.351227
0.118078
0.124742
-0.294714
-0.107876
0.019610
-0.188203
-0.107223
0.310866
0.160984
-0.168240
-0.426784
0.042658
0.447080
0.224101
-0.941459
0.351227
0.118078
0.124742
-0.294714
-0.107876
0.019610
-0.188203
-0.107223
0.310866
0.160984
-0.168240
-0.426784
0.042658
0.447080
0.224101
-0.941459
0.351227
0.118078
0.124742
-0.294714
-0.107876
0.019610
-0.188203
-0.107223
0.310866
0.160984
-0.168240
-0.426784
0.042658
0.447080
0.224101
-0.941459
0.351227
0.118078
0.124742
-0.294714
-0.107876
0.019610
-0.188203
-0.107223
0.310866
0.160984
-0.168240
-0.426784
0.042658
0.447080
0.224101
-0.941459
0.351227
0.118078
0.124742
-0.294714
-0.107876
0.019610
-0.188203
-0.107223
0.310866
0.160984
-0.168240
-0.426784
0.042658
0.447080
0.224101
-0.941459
0.351227
0.118078
0.124742
-0.294714
-0.107876
0.019610
-0.188203
-0.107223
0.310866
0.160984
-0.168240
-0.426784
0.042658
0.447080
0.224101
-0.941459
0.351227
0.118078
0.124742
-0.294714
-0.107876
0.019610
-0.188203
-0.107223
0.310866
0.160984
-0.168240
-0.426784
0.042658
0.447080
0.224101
-0.941459
0.351227
0.118078
0.124742
-0.294714
-0.107876
0.019610
-0.188203
-0.107223
0.310866
0.160984
-0.168240
-0.426784
0.042658
0.447080
0.224101
-0.941459
0.351227
0.118078
0.124742
-0.294714
-0.107876
0.019610
-0.188203
-0.107223
0.310866
0.160984
-0.168240
-0.426784
0.042658
0.447080
0.224101
-0.941459
0.351227
0.118078
0.124742
-0.294714
-0.107876
0.019610
-0.188203
-0.107223
0.310866
0.160984
-0.168240
-0.426784
0.042658
0.447080
0.224101
-0.941459
0.351227
0.118078
0.124742
-0.294714
-0.107876
0.019610
-0.188203
-0.107223
0.310866
0.160984
-0.168240
-0.426784
0.042658
0.447080
0.224101
-0.941459
0.351227
0.118078
0.124742
-0.294714
-0.107876
0.019610
-0.188203
