-0.328325
0.690106
-4.074244
-17.702637
-0.735174
21.380440
5.437407
-2.154136
12.859531
0.599730
-2.044523
-14.000244
-1.263792
-5.545030
2.543660
-6.544430
0.076893
1.225328
-11.894273
-3.996149
8.805600
-2.583140
-4.696295
-0.659361
4.489784
5.566112
-0.299825
-9.991450
6.335073
-4.235365
-6.946454
-7.659257
-1.181562
-1.437819
385.522003
92.445938
-549.518433
-45.431252
37.358509
712.504700
82.285286
-185.599564
21.550879
-227.126312
-628.155640
-24.883963
350.446167
-299.182861
-0.402137
0.259289
-130.878571
-29.387506
186.463089
13.516623
-11.906481
-238.027527
-27.653332
63.144943
-9.986027
77.099411
206.736237
3.639337
-117.140099
101.895851
3.090175
-0.696633
-13.437441
-4.259279
25.180387
0.371675
-2.703231
-34.421501
-1.873095
10.598178
3.031291
9.041647
29.492357
2.380607
-15.748306
12.516731
1.459861
2.676191
-26.353638
-8.702471
39.525978
4.995087
0.397573
-50.358410
-6.584202
13.503350
-4.862314
14.496068
40.839771
4.275598
-24.372074
20.476364
-0.954264
-0.370046
-120.304688
-27.135992
168.506546
11.925226
-18.779284
-217.886398
-22.548956
55.441566
-4.061670
70.430809
193.837845
5.648489
-104.005722
95.476822
-0.580603
0.518646
0.194428
0.035020
0.403083
-0.498657
-0.607168
-0.416648
0.142433
-0.165394
-0.123824
-0.294056
0.173421
-0.393212
0.517566
0.019257
-0.580603
0.518646
0.194428
0.035020
0.403083
-0.498657
-0.607168
-0.416648
0.142433
-0.165394
-0.123824
-0.294056
0.173421
-0.393212
0.517566
0.019257
-0.580603
0.518646
0.194428
0.035020
0.403083
-0.498657
-0.607168
-0.416648
0.142433
-0.165394
-0.123824
-0.294056
0.173421
-0.393212
0.517566
0.019257
-0.580603
0.518646
0.194428
0.035020
0.403083
-0.498657
-0.607168
-0.416648
0.142433
-0.165394
-0.123824
-0.294056
0.173421
-0.393212
0.517566
0.019257
-0.580603
0.518646
0.194428
0.035020
0.403083
-0.498657
-0.607168
-0.416648
0.142433
-0.165394
-0.123824
-0.294056
0.173421
-0.393212
0.517566
0.019257
-0.580603
0.518646
0.194428
0.035020
0.403083
-0.498657
-0.607168
-0.416648
0.142433
-0.165394
-0.123824
-0.294056
0.173421
-0.393212
0.517566
0.019257
-0.580603
0.518646
0.194428
0.035020
0.403083
-0.498657
-0.607168
-0.416648
0.142433
-0.165394
-0.123824
-0.294056
0.173421
-0.393212
0.517566
0.019257
-0.580603
0.518646
0.194428
0.035020
0.403083
-0.498657
-0.607168
-0.416648
0.142433
-0.165394
-0.123824
-0.294056
0.173421
-0.393212
0.517566
0.019257
-0.580603
0.518646
0.194428
0.035020
0.403083
-0.498657
-0.607168
-0.416648
0.142433
-0.165394
-0.123824
-0.294056
0.173421
-0.393212
0.517566
0.019257
-0.580603
0.518646
0.194428
0.035020
0.403083
-0.498657
-0.607168
-0.416648
0.142433
-0.165394
-0.123824
-0.294056
0.173421
-0.393212
0.517566
0.019257
-0.580603
0.518646
0.194428
0.035020
0.403083
-0.498657
-0.607168
-0.416648
0.142433
-0.165394
-0.123824
-0.294056
0.173421
-0.393212
0.517566
0.019257
-0.580603
0.518646
0.194428
0.035020
0.403083
-0.498657
-0.607168
-0.416648
0.142433
-0.165394
-0.123824
-0.294056
0.173421
-0.393212
0.517566
0.019257
-0.580603
0.518646
0.194428
0.035020
0.403083
-0.498657
-0.607168
-0.416648
0.142433
-0.165394
-0.123824
-0.294056
0.173421
-0.393212
0.517566
0.019257
