-1.187021
0.699736
5.980982
-0.992551
-7.645655
2.672237
-2.947530
-4.383747
5.032859
4.568799
5.665760
-5.460810
2.204081
-4.218029
2.949197
2.634657
-0.012529
-1.274648
-0.385030
-3.726330
3.318500
-1.957766
4.360360
-0.415007
-7.937939
-6.158943
-10.044472
8.702575
-7.288624
4.342003
-11.798027
-5.580273
4.419070
-3.198658
40.112144
318.949921
-142.250580
-408.591797
-527.896118
249.078598
122.739189
23.632273
173.714310
-17.463614
-121.908607
-526.790283
373.166779
151.310333
-0.557415
1.867134
-8.088614
-15.434028
13.635912
19.599665
24.471050
-23.516579
-4.003369
2.696426
-10.600543
0.291821
12.904202
19.184805
-19.362085
0.358811
-2.785578
0.983653
-32.817215
-260.339386
116.960724
331.729370
424.055298
-202.087433
-98.362984
-19.009264
-138.982086
17.556334
104.136475
424.092346
-304.528198
-123.258667
0.693195
-0.363237
0.047765
0.446729
-0.143024
0.152941
0.379508
0.009310
0.528202
-0.522626
0.041451
-0.330326
-0.055596
-0.369598
0.064989
-0.104312
0.693195
-0.363237
0.047765
0.446729
-0.143024
0.152941
0.379508
0.009310
0.528202
-0.522626
0.041451
-0.330326
-0.055596
-0.369598
0.064989
-0.104312
0.693195
-0.363237
0.047765
0.446729
-0.143024
0.152941
0.379508
0.009310
0.528202
-0.522626
0.041451
-0.330326
-0.055596
-0.369598
0.064989
-0.104312
0.693195
-0.363237
0.047765
0.446729
-0.143024
0.152941
0.379508
0.009310
0.528202
-0.522626
0.041451
-0.330326
-0.055596
-0.369598
0.064989
-0.104312
0.693195
-0.363237
0.047765
0.446729
-0.143024
0.152941
0.379508
0.009310
0.528202
-0.522626
0.041451
-0.330326
-0.055596
-0.369598
0.064989
-0.104312
0.693195
-0.363237
0.047765
0.446729
-0.143024
0.152941
0.379508
0.009310
0.528202
-0.522626
0.041451
-0.330326
-0.055596
-0.369598
0.064989
-0.104312
0.693195
-0.363237
0.047765
0.446729
-0.143024
0.152941
0.379508
0.009310
0.528202
-0.522626
0.041451
-0.330326
-0.055596
-0.369598
0.064989
-0.104312
0.693195
-0.363237
0.047765
0.446729
-0.143024
0.152941
0.379508
0.009310
0.528202
-0.522626
0.041451
-0.330326
-0.055596
-0.369598
0.064989
-0.104312
0.693195
-0.363237
0.047765
0.446729
-0.143024
0.152941
0.379508
0.009310
0.528202
-0.522626
0.041451
-0.330326
-0.055596
-0.369598
0.064989
-0.104312
0.693195
-0.363237
0.047765
0.446729
-0.143024
0.152941
0.379508
0.009310
0.528202
-0.522626
0.041451
-0.330326
-0.055596
-0.369598
0.064989
-0.104312
0.693195
-0.363237
0.047765
0.446729
-0.143024
0.152941
0.379508
0.009310
0.528202
-0.522626
0.041451
-0.330326
-0.055596
-0.369598
0.064989
-0.104312
0.693195
-0.363237
0.047765
0.446729
-0.143024
0.152941
0.379508
0.009310
0.528202
-0.522626
0.041451
-0.330326
-0.055596
-0.369598
0.064989
-0.104312
0.693195
-0.363237
0.047765
0.446729
-0.143024
0.152941
0.379508
0.009310
0.528202
-0.522626
0.041451
-0.330326
-0.055596
-0.369598
0.064989
-0.104312
0.693195
-0.363237
0.047765
0.446729
-0.143024
0.152941
0.379508
0.009310
0.528202
-0.522626
0.041451
-0.330326
-0.055596
-0.369598
0.064989
-0.104312
0.693195
-0.363237
0.047765
0.446729
-0.143024
0.152941
0.379508
0.009310
0.528202
-0.522626
0.041451
-0.330326
-0.055596
-0.369598
0.064989
-0.104312
