11.321165
-3.582469
31.329926
8.076588
-38.518486
-11.164051
-18.667021
28.656002
-20.735498
-8.425751
25.661175
-9.707135
16.999775
17.482771
7.054947
-16.574003
-2.390921
-0.864679
-54.220898
-56.583065
215.992447
18.444973
98.221230
-147.844589
-81.254265
7.066598
-23.216270
60.433273
134.662689
147.886551
-184.646912
42.415268
0.956801
-1.966277
21.696096
19.104080
-81.870979
-6.037313
-32.953697
57.970501
26.416037
-4.602479
7.303321
-20.610054
-52.601212
-54.782654
64.378410
-14.414630
2.433246
2.429364
18.660006
10.828601
-62.415550
-0.789777
-26.111736
40.602066
23.053596
-0.694154
6.876839
-20.585854
-37.219513
-36.100925
51.406380
-14.204977
0.010112
0.183246
0.146534
-0.222986
-0.059581
0.589615
0.326581
0.042820
0.110911
-0.125700
0.239150
-0.392446
0.457133
-0.410822
-0.364739
-0.797567
0.010112
0.183246
0.146534
-0.222986
-0.059581
0.589615
0.326581
0.042820
0.110911
-0.125700
0.239150
-0.392446
0.457133
-0.410822
-0.364739
-0.797567
0.010112
0.183246
0.146534
-0.222986
-0.059581
0.589615
0.326581
0.042820
0.110911
-0.125700
0.239150
-0.392446
0.457133
-0.410822
-0.364739
-0.797567
0.010112
0.183246
0.146534
-0.222986
-0.059581
0.589615
0.326581
0.042820
0.110911
-0.125700
0.239150
-0.392446
0.457133
-0.410822
-0.364739
-0.797567
0.010112
0.183246
0.146534
-0.222986
-0.059581
0.589615
0.326581
0.042820
0.110911
-0.125700
0.239150
-0.392446
0.457133
-0.410822
-0.364739
-0.797567
0.010112
0.183246
0.146534
-0.222986
-0.059581
0.589615
0.326581
0.042820
0.110911
-0.125700
0.239150
-0.392446
0.457133
-0.410822
-0.364739
-0.797567
0.010112
0.183246
0.146534
-0.222986
-0.059581
0.589615
0.326581
0.042820
0.110911
-0.125700
0.239150
-0.392446
0.457133
-0.410822
-0.364739
-0.797567
0.010112
0.183246
0.146534
-0.222986
-0.059581
0.589615
0.326581
0.042820
0.110911
-0.125700
0.239150
-0.392446
0.457133
-0.410822
-0.364739
-0.797567
0.010112
0.183246
0.146534
-0.222986
-0.059581
0.589615
0.326581
0.042820
0.110911
-0.125700
0.239150
-0.392446
0.457133
-0.410822
-0.364739
-0.797567
0.010112
0.183246
0.146534
-0.222986
-0.059581
0.589615
0.326581
0.042820
0.110911
-0.125700
0.239150
-0.392446
0.457133
-0.410822
-0.364739
-0.797567
0.010112
0.183246
0.146534
-0.222986
-0.059581
0.589615
0.326581
0.042820
0.110911
-0.125700
0.239150
-0.392446
0.457133
-0.410822
-0.364739
-0.797567
0.010112
0.183246
0.146534
-0.222986
-0.059581
0.589615
0.326581
0.042820
0.110911
-0.125700
0.239150
-0.392446
0.457133
-0.410822
-0.364739
-0.797567
0.010112
0.183246
0.146534
-0.222986
-0.059581
0.589615
0.326581
0.042820
0.110911
-0.125700
0.239150
-0.392446
0.457133
-0.410822
-0.364739
-0.797567
0.010112
0.183246
0.146534
-0.222986
-0.059581
0.589615
0.326581
0.042820
0.110911
-0.125700
0.239150
-0.392446
0.457133
-0.410822
-0.364739
-0.797567
0.010112
0.183246
0.146534
-0.222986
-0.059581
0.589615
0.326581
0.042820
0.110911
-0.125700
0.239150
-0.392446
0.457133
-0.410822
-0.364739
-0.797567
0.010112
0.183246
0.146534
-0.222986
-0.059581
0.589615
0.326581
0.042820
0.110911
-0.125700
0.239150
-0.392446
0.457133
-0.410822
-0.364739
-0.797567
