0.263304
-1.599003
-46.972076
-21.866854
-2.870117
-83.359985
-135.405685
-43.828693
28.895071
-3.025718
34.845970
-32.250523
54.243786
1.907533
31.326824
72.256042
0.318964
0.560659
3.141061
8.271151
-6.430492
-6.555879
2.224115
5.112444
2.331921
-4.794267
-4.678863
6.753407
-7.242709
-4.993188
-2.565002
7.729976
-0.619419
-4.815963
8.166272
33.776485
1.972663
-46.666290
-34.625519
-8.644116
-2.925081
-16.839424
5.370788
25.691704
-15.870513
24.916790
15.653905
-2.025320
-1.597052
-0.323502
1.652620
1.585098
3.493827
-0.148772
6.251351
4.234969
-3.252513
-11.239268
-11.790030
4.592982
-9.531525
0.968951
-5.579240
-6.416492
-1.114131
0.701788
21.641022
10.992903
-0.832826
41.667000
63.396576
19.748907
-14.510482
-0.228864
-16.293337
16.359135
-26.141829
0.374376
-15.671152
-35.698227
-2.427147
1.578248
9.290022
2.072422
-0.851198
17.829229
28.173166
12.956910
-8.451355
2.831839
-9.307679
5.185135
-6.274349
-4.356710
-6.664733
-14.302600
0.648336
-0.460374
0.233731
-0.108529
-0.009158
0.583509
0.420791
0.150569
-0.843304
-0.090496
0.221313
0.152184
-0.031654
-0.070058
0.046986
0.631417
0.648336
-0.460374
0.233731
-0.108529
-0.009158
0.583509
0.420791
0.150569
-0.843304
-0.090496
0.221313
0.152184
-0.031654
-0.070058
0.046986
0.631417
0.648336
-0.460374
0.233731
-0.108529
-0.009158
0.583509
0.420791
0.150569
-0.843304
-0.090496
0.221313
0.152184
-0.031654
-0.070058
0.046986
0.631417
0.648336
-0.460374
0.233731
-0.108529
-0.009158
0.583509
0.420791
0.150569
-0.843304
-0.090496
0.221313
0.152184
-0.031654
-0.070058
0.046986
0.631417
0.648336
-0.460374
0.233731
-0.108529
-0.009158
0.583509
0.420791
0.150569
-0.843304
-0.090496
0.221313
0.152184
-0.031654
-0.070058
0.046986
0.631417
0.648336
-0.460374
0.233731
-0.108529
-0.009158
0.583509
0.420791
0.150569
-0.843304
-0.090496
0.221313
0.152184
-0.031654
-0.070058
0.046986
0.631417
0.648336
-0.460374
0.233731
-0.108529
-0.009158
0.583509
0.420791
0.150569
-0.843304
-0.090496
0.221313
0.152184
-0.031654
-0.070058
0.046986
0.631417
0.648336
-0.460374
0.233731
-0.108529
-0.009158
0.583509
0.420791
0.150569
-0.843304
-0.090496
0.221313
0.152184
-0.031654
-0.070058
0.046986
0.631417
0.648336
-0.460374
0.233731
-0.108529
-0.009158
0.583509
0.420791
0.150569
-0.843304
-0.090496
0.221313
0.152184
-0.031654
-0.070058
0.046986
0.631417
0.648336
-0.460374
0.233731
-0.108529
-0.009158
0.583509
0.420791
0.150569
-0.843304
-0.090496
0.221313
0.152184
-0.031654
-0.070058
0.046986
0.631417
0.648336
-0.460374
0.233731
-0.108529
-0.009158
0.583509
0.420791
0.150569
-0.843304
-0.090496
0.221313
0.152184
-0.031654
-0.070058
0.046986
0.631417
0.648336
-0.460374
0.233731
-0.108529
-0.009158
0.583509
0.420791
0.150569
-0.843304
-0.090496
0.221313
0.152184
-0.031654
-0.070058
0.046986
0.631417
0.648336
-0.460374
0.233731
-0.108529
-0.009158
0.583509
0.420791
0.150569
-0.843304
-0.090496
0.221313
0.152184
-0.031654
-0.070058
0.046986
0.631417
0.648336
-0.460374
0.233731
-0.108529
-0.009158
0.583509
0.420791
0.150569
-0.843304
-0.090496
0.221313
0.152184
-0.031654
-0.070058
0.046986
0.631417
