-1.182169
-2.458225
-4.196665
6.476971
2.141315
-8.816954
-4.745157
2.779027
4.168875
0.414684
-5.082245
-3.900288
-0.595803
-7.458895
-13.393232
-1.912401
-0.780849
-1.126107
1.103726
52.546345
-68.854965
12.648749
-4.578506
119.331566
16.863016
-42.359562
-34.113884
-40.989460
-33.786968
-61.871170
81.535690
-50.922226
0.558192
-0.425060
-2.697483
-45.459003
60.049423
-13.873752
2.984018
-106.196907
-15.211323
39.760960
32.102940
39.394020
30.745441
53.418922
-73.658546
45.175995
-0.240357
0.347765
-0.331848
-0.068516
-0.163060
0.089649
0.774820
0.513033
-0.454348
-0.021950
-0.353720
0.192272
0.573212
0.189121
0.022657
-0.190839
-0.240357
0.347765
-0.331848
-0.068516
-0.163060
0.089649
0.774820
0.513033
-0.454348
-0.021950
-0.353720
0.192272
0.573212
0.189121
0.022657
-0.190839
-0.240357
0.347765
-0.331848
-0.068516
-0.163060
0.089649
0.774820
0.513033
-0.454348
-0.021950
-0.353720
0.192272
0.573212
0.189121
0.022657
-0.190839
-0.240357
0.347765
-0.331848
-0.068516
-0.163060
0.089649
0.774820
0.513033
-0.454348
-0.021950
-0.353720
0.192272
0.573212
0.189121
0.022657
-0.190839
-0.240357
0.347765
-0.331848
-0.068516
-0.163060
0.089649
0.774820
0.513033
-0.454348
-0.021950
-0.353720
0.192272
0.573212
0.189121
0.022657
-0.190839
-0.240357
0.347765
-0.331848
-0.068516
-0.163060
0.089649
0.774820
0.513033
-0.454348
-0.021950
-0.353720
0.192272
0.573212
0.189121
0.022657
-0.190839
-0.240357
0.347765
-0.331848
-0.068516
-0.163060
0.089649
0.774820
0.513033
-0.454348
-0.021950
-0.353720
0.192272
0.573212
0.189121
0.022657
-0.190839
-0.240357
0.347765
-0.331848
-0.068516
-0.163060
0.089649
0.774820
0.513033
-0.454348
-0.021950
-0.353720
0.192272
0.573212
0.189121
0.022657
-0.190839
-0.240357
0.347765
-0.331848
-0.068516
-0.163060
0.089649
0.774820
0.513033
-0.454348
-0.021950
-0.353720
0.192272
0.573212
0.189121
0.022657
-0.190839
-0.240357
0.347765
-0.331848
-0.068516
-0.163060
0.089649
0.774820
0.513033
-0.454348
-0.021950
-0.353720
0.192272
0.573212
0.189121
0.022657
-0.190839
-0.240357
0.347765
-0.331848
-0.068516
-0.163060
0.089649
0.774820
0.513033
-0.454348
-0.021950
-0.353720
0.192272
0.573212
0.189121
0.022657
-0.190839
-0.240357
0.347765
-0.331848
-0.068516
-0.163060
0.089649
0.774820
0.513033
-0.454348
-0.021950
-0.353720
0.192272
0.573212
0.189121
0.022657
-0.190839
-0.240357
0.347765
-0.331848
-0.068516
-0.163060
0.089649
0.774820
0.513033
-0.454348
-0.021950
-0.353720
0.192272
0.573212
0.189121
0.022657
-0.190839
-0.240357
0.347765
-0.331848
-0.068516
-0.163060
0.089649
0.774820
0.513033
-0.454348
-0.021950
-0.353720
0.192272
0.573212
0.189121
0.022657
-0.190839
-0.240357
0.347765
-0.331848
-0.068516
-0.163060
0.089649
0.774820
0.513033
-0.454348
-0.021950
-0.353720
0.192272
0.573212
0.189121
0.022657
-0.190839
-0.240357
0.347765
-0.331848
-0.068516
-0.163060
0.089649
0.774820
0.513033
-0.454348
-0.021950
-0.353720
0.192272
0.573212
0.189121
0.022657
-0.190839
-0.240357
0.347765
-0.331848
-0.068516
-0.163060
0.089649
0.774820
0.513033
-0.454348
-0.021950
-0.353720
0.192272
0.573212
0.189121
0.022657
-0.190839
