-0.220066
1.322181
-1.326738
2.358905
-1.938376
-7.512641
2.992203
2.187102
-3.055856
0.872341
4.839902
6.004909
-0.186227
5.502717
-3.253343
3.387084
-1.352073
0.679085
20.348209
56.262283
-94.722153
41.336376
6.633236
143.507660
22.048748
-51.049335
-41.837540
-44.818085
-74.334892
-68.863083
99.235893
-88.437042
2.142087
0.922877
-2.676574
1.893839
-1.345820
2.670205
-4.151000
-0.513221
9.314698
7.846353
9.098741
-8.604888
6.057283
-4.330459
11.047626
4.624072
-4.747457
1.878098
-14.711352
-34.727940
7.756261
32.787254
37.724171
-0.736081
1.718516
20.795216
-8.253798
-19.791693
3.346606
-29.223721
-14.789389
9.038897
-0.293901
-1.768414
-7.782979
-17.674816
31.946163
-13.249205
-4.773547
-46.365532
-10.393911
15.967531
14.617766
16.058767
28.069977
20.602816
-32.875648
26.829737
1.110454
0.135550
-5.885826
-18.755688
29.315418
-15.191690
-2.558146
-41.742710
-6.944176
17.479639
11.640144
11.363495
21.105528
23.580166
-31.367661
25.976381
0.545966
-0.402134
-0.216205
-0.267903
-0.109996
0.177452
-0.251473
0.555132
-0.497715
0.193558
-0.658451
0.259879
0.106332
0.532430
-0.160505
0.379564
0.545966
-0.402134
-0.216205
-0.267903
-0.109996
0.177452
-0.251473
0.555132
-0.497715
0.193558
-0.658451
0.259879
0.106332
0.532430
-0.160505
0.379564
0.545966
-0.402134
-0.216205
-0.267903
-0.109996
0.177452
-0.251473
0.555132
-0.497715
0.193558
-0.658451
0.259879
0.106332
0.532430
-0.160505
0.379564
0.545966
-0.402134
-0.216205
-0.267903
-0.109996
0.177452
-0.251473
0.555132
-0.497715
0.193558
-0.658451
0.259879
0.106332
0.532430
-0.160505
0.379564
0.545966
-0.402134
-0.216205
-0.267903
-0.109996
0.177452
-0.251473
0.555132
-0.497715
0.193558
-0.658451
0.259879
0.106332
0.532430
-0.160505
0.379564
0.545966
-0.402134
-0.216205
-0.267903
-0.109996
0.177452
-0.251473
0.555132
-0.497715
0.193558
-0.658451
0.259879
0.106332
0.532430
-0.160505
0.379564
0.545966
-0.402134
-0.216205
-0.267903
-0.109996
0.177452
-0.251473
0.555132
-0.497715
0.193558
-0.658451
0.259879
0.106332
0.532430
-0.160505
0.379564
0.545966
-0.402134
-0.216205
-0.267903
-0.109996
0.177452
-0.251473
0.555132
-0.497715
0.193558
-0.658451
0.259879
0.106332
0.532430
-0.160505
0.379564
0.545966
-0.402134
-0.216205
-0.267903
-0.109996
0.177452
-0.251473
0.555132
-0.497715
0.193558
-0.658451
0.259879
0.106332
0.532430
-0.160505
0.379564
0.545966
-0.402134
-0.216205
-0.267903
-0.109996
0.177452
-0.251473
0.555132
-0.497715
0.193558
-0.658451
0.259879
0.106332
0.532430
-0.160505
0.379564
0.545966
-0.402134
-0.216205
-0.267903
-0.109996
0.177452
-0.251473
0.555132
-0.497715
0.193558
-0.658451
0.259879
0.106332
0.532430
-0.160505
0.379564
0.545966
-0.402134
-0.216205
-0.267903
-0.109996
0.177452
-0.251473
0.555132
-0.497715
0.193558
-0.658451
0.259879
0.106332
0.532430
-0.160505
0.379564
0.545966
-0.402134
-0.216205
-0.267903
-0.109996
0.177452
-0.251473
0.555132
-0.497715
0.193558
-0.658451
0.259879
0.106332
0.532430
-0.160505
0.379564
0.545966
-0.402134
-0.216205
-0.267903
-0.109996
0.177452
-0.251473
0.555132
-0.497715
0.193558
-0.658451
0.259879
0.106332
0.532430
-0.160505
0.379564
