14.456082
-4.340399
-1.372054
7.529335
-7.377670
2.394924
-10.396688
13.997451
-35.714947
11.574684
-33.858749
23.079716
-52.603878
43.041080
1.350021
-5.533908
1.640291
-4.344086
23.802952
-24.757685
-9.344488
18.503643
21.979723
13.955523
10.509063
-13.030688
25.103502
-38.932648
83.550903
-38.240948
-12.367683
-16.529150
-2.005570
2.223948
45.164745
28.103088
-22.894627
71.029877
99.052139
98.015228
-25.136860
-37.662727
-50.138191
-2.379780
-54.730289
1.172473
6.385121
-113.366096
3.632735
-1.744385
-21.566954
-8.511281
11.407928
-36.971207
-47.149792
-47.222294
10.920979
16.956667
25.312521
5.731174
24.871656
-2.038170
1.672780
54.530037
-0.721729
1.937128
-9.736382
-7.175630
5.196563
-12.792778
-21.202442
-19.538061
4.366022
10.754888
10.249980
-1.001547
12.679191
2.551586
-3.173363
21.850479
0.021898
0.077076
0.673091
-0.445161
-0.550348
0.359144
-0.258525
-0.122392
-0.101825
0.075163
-0.147522
0.521160
-0.272511
-0.244654
-0.298677
-0.744256
0.021898
0.077076
0.673091
-0.445161
-0.550348
0.359144
-0.258525
-0.122392
-0.101825
0.075163
-0.147522
0.521160
-0.272511
-0.244654
-0.298677
-0.744256
0.021898
0.077076
0.673091
-0.445161
-0.550348
0.359144
-0.258525
-0.122392
-0.101825
0.075163
-0.147522
0.521160
-0.272511
-0.244654
-0.298677
-0.744256
0.021898
0.077076
0.673091
-0.445161
-0.550348
0.359144
-0.258525
-0.122392
-0.101825
0.075163
-0.147522
0.521160
-0.272511
-0.244654
-0.298677
-0.744256
0.021898
0.077076
0.673091
-0.445161
-0.550348
0.359144
-0.258525
-0.122392
-0.101825
0.075163
-0.147522
0.521160
-0.272511
-0.244654
-0.298677
-0.744256
0.021898
0.077076
0.673091
-0.445161
-0.550348
0.359144
-0.258525
-0.122392
-0.101825
0.075163
-0.147522
0.521160
-0.272511
-0.244654
-0.298677
-0.744256
0.021898
0.077076
0.673091
-0.445161
-0.550348
0.359144
-0.258525
-0.122392
-0.101825
0.075163
-0.147522
0.521160
-0.272511
-0.244654
-0.298677
-0.744256
0.021898
0.077076
0.673091
-0.445161
-0.550348
0.359144
-0.258525
-0.122392
-0.101825
0.075163
-0.147522
0.521160
-0.272511
-0.244654
-0.298677
-0.744256
0.021898
0.077076
0.673091
-0.445161
-0.550348
0.359144
-0.258525
-0.122392
-0.101825
0.075163
-0.147522
0.521160
-0.272511
-0.244654
-0.298677
-0.744256
0.021898
0.077076
0.673091
-0.445161
-0.550348
0.359144
-0.258525
-0.122392
-0.101825
0.075163
-0.147522
0.521160
-0.272511
-0.244654
-0.298677
-0.744256
0.021898
0.077076
0.673091
-0.445161
-0.550348
0.359144
-0.258525
-0.122392
-0.101825
0.075163
-0.147522
0.521160
-0.272511
-0.244654
-0.298677
-0.744256
0.021898
0.077076
0.673091
-0.445161
-0.550348
0.359144
-0.258525
-0.122392
-0.101825
0.075163
-0.147522
0.521160
-0.272511
-0.244654
-0.298677
-0.744256
0.021898
0.077076
0.673091
-0.445161
-0.550348
0.359144
-0.258525
-0.122392
-0.101825
0.075163
-0.147522
0.521160
-0.272511
-0.244654
-0.298677
-0.744256
0.021898
0.077076
0.673091
-0.445161
-0.550348
0.359144
-0.258525
-0.122392
-0.101825
0.075163
-0.147522
0.521160
-0.272511
-0.244654
-0.298677
-0.744256
0.021898
0.077076
0.673091
-0.445161
-0.550348
0.359144
-0.258525
-0.122392
-0.101825
0.075163
-0.147522
0.521160
-0.272511
-0.244654
-0.298677
-0.744256
