-8.634110
-1.370589
32.794376
8.771588
-30.885603
-18.193657
-27.156036
24.260010
-16.812538
-2.750954
25.666088
2.751854
13.997324
18.267214
5.624331
-18.033968
-1.659246
-4.547007
-21.065222
-7.840843
26.792334
19.978539
5.342616
29.884474
-4.108345
-20.879593
-28.598042
-2.290612
-18.300303
9.073420
-9.155588
-19.780899
0.377413
-0.467841
2.091762
-1.465737
-5.310852
6.333384
-0.344948
-4.242383
2.394776
2.103035
0.036659
-5.978338
4.905650
-3.735244
2.740560
-0.216656
0.644266
-1.727021
20.731649
62.465984
-108.976051
6.113772
-24.387039
135.309784
33.848049
-43.402164
-25.487465
-47.280392
-52.533432
-74.109024
104.786530
-60.663395
0.471709
3.505071
-8.221491
-28.838789
43.708202
-1.478822
8.357005
-59.313671
-12.999378
20.812622
13.887521
19.517805
24.748196
28.966070
-42.433697
25.569014
-3.688823
-1.981428
-4.512135
-12.754107
24.800062
-1.400343
4.218878
-32.533298
-6.957922
7.526520
5.162247
10.558537
12.822047
17.884619
-26.666727
16.745100
-0.114277
0.113819
0.280550
0.005549
-0.506881
-0.207028
-0.126927
0.384629
-0.101095
-0.297256
-0.049816
0.112066
0.063362
-0.100577
-0.385235
-0.353155
-0.114277
0.113819
0.280550
0.005549
-0.506881
-0.207028
-0.126927
0.384629
-0.101095
-0.297256
-0.049816
0.112066
0.063362
-0.100577
-0.385235
-0.353155
-0.114277
0.113819
0.280550
0.005549
-0.506881
-0.207028
-0.126927
0.384629
-0.101095
-0.297256
-0.049816
0.112066
0.063362
-0.100577
-0.385235
-0.353155
-0.114277
0.113819
0.280550
0.005549
-0.506881
-0.207028
-0.126927
0.384629
-0.101095
-0.297256
-0.049816
0.112066
0.063362
-0.100577
-0.385235
-0.353155
-0.114277
0.113819
0.280550
0.005549
-0.506881
-0.207028
-0.126927
0.384629
-0.101095
-0.297256
-0.049816
0.112066
0.063362
-0.100577
-0.385235
-0.353155
-0.114277
0.113819
0.280550
0.005549
-0.506881
-0.207028
-0.126927
0.384629
-0.101095
-0.297256
-0.049816
0.112066
0.063362
-0.100577
-0.385235
-0.353155
-0.114277
0.113819
0.280550
0.005549
-0.506881
-0.207028
-0.126927
0.384629
-0.101095
-0.297256
-0.049816
0.112066
0.063362
-0.100577
-0.385235
-0.353155
-0.114277
0.113819
0.280550
0.005549
-0.506881
-0.207028
-0.126927
0.384629
-0.101095
-0.297256
-0.049816
0.112066
0.063362
-0.100577
-0.385235
-0.353155
-0.114277
0.113819
0.280550
0.005549
-0.506881
-0.207028
-0.126927
0.384629
-0.101095
-0.297256
-0.049816
0.112066
0.063362
-0.100577
-0.385235
-0.353155
-0.114277
0.113819
0.280550
0.005549
-0.506881
-0.207028
-0.126927
0.384629
-0.101095
-0.297256
-0.049816
0.112066
0.063362
-0.100577
-0.385235
-0.353155
-0.114277
0.113819
0.280550
0.005549
-0.506881
-0.207028
-0.126927
0.384629
-0.101095
-0.297256
-0.049816
0.112066
0.063362
-0.100577
-0.385235
-0.353155
-0.114277
0.113819
0.280550
0.005549
-0.506881
-0.207028
-0.126927
0.384629
-0.101095
-0.297256
-0.049816
0.112066
0.063362
-0.100577
-0.385235
-0.353155
-0.114277
0.113819
0.280550
0.005549
-0.506881
-0.207028
-0.126927
0.384629
-0.101095
-0.297256
-0.049816
0.112066
0.063362
-0.100577
-0.385235
-0.353155
-0.114277
0.113819
0.280550
0.005549
-0.506881
-0.207028
-0.126927
0.384629
-0.101095
-0.297256
-0.049816
0.112066
0.063362
-0.100577
-0.385235
-0.353155
