5.337031
0.218959
-6.360717
-48.837753
9.925764
28.351187
17.313038
-5.897938
-11.980360
13.379228
-8.540661
-17.562263
16.415129
-8.912107
-15.804379
10.477684
-0.413693
1.994104
102.364197
7.696119
-30.047483
6.113185
13.455462
10.169345
48.014660
-24.280504
-59.515015
-94.616150
36.552670
-11.043239
-77.657257
-42.896786
21.688683
27.509918
10784.694336
2504.545898
2808.032471
-1552.129517
3998.682373
-505.638672
-6521.856934
-1421.644043
-3836.129883
7763.315918
-2054.951172
3851.612793
-12664.812500
935.292847
2.636021
-1.244696
-91.647079
-7.506732
29.501925
-2.229929
-9.400923
-9.345061
-41.472897
19.181139
47.565281
80.250763
-33.471195
6.952784
65.766052
37.003597
-3.046215
0.099801
-437.812531
148.731949
-58.047825
115.660179
-128.278427
103.214890
255.322449
-90.882751
-38.321457
-352.960022
-13.236255
-179.446548
413.593231
-306.885651
-0.217584
-2.818348
-288.245514
-294.763397
-115.504753
-10.833641
-138.021210
-65.268082
171.237045
173.634857
268.068481
-158.917816
137.856842
-80.233978
405.033997
225.878098
-21.086637
-22.082806
-9251.002930
-2097.674561
-2405.259033
1343.059570
-3418.701416
455.025818
5602.320313
1193.485474
3263.837891
-6669.395508
1744.875854
-3312.439453
10862.171875
-866.151367
-0.441338
-1.097429
-0.200956
-0.597389
-0.022684
-0.386840
-0.535708
-0.482576
0.147988
0.692972
0.924978
-0.298952
0.011192
0.332074
0.948071
0.924222
-0.441338
-1.097429
-0.200956
-0.597389
-0.022684
-0.386840
-0.535708
-0.482576
0.147988
0.692972
0.924978
-0.298952
0.011192
0.332074
0.948071
0.924222
-0.441338
-1.097429
-0.200956
-0.597389
-0.022684
-0.386840
-0.535708
-0.482576
0.147988
0.692972
0.924978
-0.298952
0.011192
0.332074
0.948071
0.924222
-0.441338
-1.097429
-0.200956
-0.597389
-0.022684
-0.386840
-0.535708
-0.482576
0.147988
0.692972
0.924978
-0.298952
0.011192
0.332074
0.948071
0.924222
-0.441338
-1.097429
-0.200956
-0.597389
-0.022684
-0.386840
-0.535708
-0.482576
0.147988
0.692972
0.924978
-0.298952
0.011192
0.332074
0.948071
0.924222
-0.441338
-1.097429
-0.200956
-0.597389
-0.022684
-0.386840
-0.535708
-0.482576
0.147988
0.692972
0.924978
-0.298952
0.011192
0.332074
0.948071
0.924222
-0.441338
-1.097429
-0.200956
-0.597389
-0.022684
-0.386840
-0.535708
-0.482576
0.147988
0.692972
0.924978
-0.298952
0.011192
0.332074
0.948071
0.924222
-0.441338
-1.097429
-0.200956
-0.597389
-0.022684
-0.386840
-0.535708
-0.482576
0.147988
0.692972
0.924978
-0.298952
0.011192
0.332074
0.948071
0.924222
-0.441338
-1.097429
-0.200956
-0.597389
-0.022684
-0.386840
-0.535708
-0.482576
0.147988
0.692972
0.924978
-0.298952
0.011192
0.332074
0.948071
0.924222
-0.441338
-1.097429
-0.200956
-0.597389
-0.022684
-0.386840
-0.535708
-0.482576
0.147988
0.692972
0.924978
-0.298952
0.011192
0.332074
0.948071
0.924222
-0.441338
-1.097429
-0.200956
-0.597389
-0.022684
-0.386840
-0.535708
-0.482576
0.147988
0.692972
0.924978
-0.298952
0.011192
0.332074
0.948071
0.924222
-0.441338
-1.097429
-0.200956
-0.597389
-0.022684
-0.386840
-0.535708
-0.482576
0.147988
0.692972
0.924978
-0.298952
0.011192
0.332074
0.948071
0.924222
-0.441338
-1.097429
-0.200956
-0.597389
-0.022684
-0.386840
-0.535708
-0.482576
0.147988
0.692972
0.924978
-0.298952
0.011192
0.332074
0.948071
0.924222
