1.354868
-0.500685
-8.338606
-37.954853
1.052284
87.124680
-12.640855
-62.857903
43.106686
53.910397
-1.982768
-15.692030
30.247211
-90.760162
-18.000484
-22.798052
-0.723345
1.064898
4.384708
13.573424
0.818981
-29.896379
4.645902
19.680790
-16.753563
-19.569700
-0.778923
9.429030
-11.365898
28.730297
6.572092
4.250685
-2.389294
1.781596
4.149993
8.451797
1.065936
-23.296019
5.978418
18.091885
-14.853943
-16.071447
2.839649
7.045837
-7.371427
26.676306
4.096129
7.333097
-0.193306
0.636965
-0.550379
0.028902
0.192647
0.159245
0.395791
0.176308
-0.635898
0.233125
-0.206538
0.142204
0.173434
-0.048983
-0.013027
0.401208
-0.193306
0.636965
-0.550379
0.028902
0.192647
0.159245
0.395791
0.176308
-0.635898
0.233125
-0.206538
0.142204
0.173434
-0.048983
-0.013027
0.401208
-0.193306
0.636965
-0.550379
0.028902
0.192647
0.159245
0.395791
0.176308
-0.635898
0.233125
-0.206538
0.142204
0.173434
-0.048983
-0.013027
0.401208
-0.193306
0.636965
-0.550379
0.028902
0.192647
0.159245
0.395791
0.176308
-0.635898
0.233125
-0.206538
0.142204
0.173434
-0.048983
-0.013027
0.401208
-0.193306
0.636965
-0.550379
0.028902
0.192647
0.159245
0.395791
0.176308
-0.635898
0.233125
-0.206538
0.142204
0.173434
-0.048983
-0.013027
0.401208
-0.193306
0.636965
-0.550379
0.028902
0.192647
0.159245
0.395791
0.176308
-0.635898
0.233125
-0.206538
0.142204
0.173434
-0.048983
-0.013027
0.401208
-0.193306
0.636965
-0.550379
0.028902
0.192647
0.159245
0.395791
0.176308
-0.635898
0.233125
-0.206538
0.142204
0.173434
-0.048983
-0.013027
0.401208
-0.193306
0.636965
-0.550379
0.028902
0.192647
0.159245
0.395791
0.176308
-0.635898
0.233125
-0.206538
0.142204
0.173434
-0.048983
-0.013027
0.401208
-0.193306
0.636965
-0.550379
0.028902
0.192647
0.159245
0.395791
0.176308
-0.635898
0.233125
-0.206538
0.142204
0.173434
-0.048983
-0.013027
0.401208
-0.193306
0.636965
-0.550379
0.028902
0.192647
0.159245
0.395791
0.176308
-0.635898
0.233125
-0.206538
0.142204
0.173434
-0.048983
-0.013027
0.401208
-0.193306
0.636965
-0.550379
0.028902
0.192647
0.159245
0.395791
0.176308
-0.635898
0.233125
-0.206538
0.142204
0.173434
-0.048983
-0.013027
0.401208
-0.193306
0.636965
-0.550379
0.028902
0.192647
0.159245
0.395791
0.176308
-0.635898
0.233125
-0.206538
0.142204
0.173434
-0.048983
-0.013027
0.401208
-0.193306
0.636965
-0.550379
0.028902
0.192647
0.159245
0.395791
0.176308
-0.635898
0.233125
-0.206538
0.142204
0.173434
-0.048983
-0.013027
0.401208
-0.193306
0.636965
-0.550379
0.028902
0.192647
0.159245
0.395791
0.176308
-0.635898
0.233125
-0.206538
0.142204
0.173434
-0.048983
-0.013027
0.401208
-0.193306
0.636965
-0.550379
0.028902
0.192647
0.159245
0.395791
0.176308
-0.635898
0.233125
-0.206538
0.142204
0.173434
-0.048983
-0.013027
0.401208
-0.193306
0.636965
-0.550379
0.028902
0.192647
0.159245
0.395791
0.176308
-0.635898
0.233125
-0.206538
0.142204
0.173434
-0.048983
-0.013027
0.401208
-0.193306
0.636965
-0.550379
0.028902
0.192647
0.159245
0.395791
0.176308
-0.635898
0.233125
-0.206538
0.142204
0.173434
-0.048983
-0.013027
0.401208
