0.014354
-0.461341
6.963894
-3.102124
-5.701921
-2.920034
-4.070082
-3.375178
1.071079
5.704054
5.226532
1.105459
-0.225449
-3.573478
0.853981
5.035156
2.088823
1.436736
-33.344418
18.991497
90.071106
-31.933710
-63.676094
11.893838
41.472656
-47.058918
-17.828781
13.953211
-84.858261
-12.086416
-31.864014
29.488432
1.791117
-0.972270
-5.835167
0.199109
5.806359
4.136846
3.330575
1.758724
-2.439821
-3.705593
-5.437466
-1.611450
1.393734
3.373301
-0.804556
-4.248050
-3.325624
0.977317
19.117260
-11.258865
-47.180248
19.091341
32.138660
-5.957983
-23.881680
22.508350
8.422712
-6.899999
43.391891
7.029729
11.099537
-16.452726
-0.404232
0.028756
-0.067988
-0.106803
-0.103224
-0.337121
0.669222
0.562731
-0.051631
0.112102
0.015641
-0.037309
-0.023294
0.578763
0.293676
0.283337
-0.404232
0.028756
-0.067988
-0.106803
-0.103224
-0.337121
0.669222
0.562731
-0.051631
0.112102
0.015641
-0.037309
-0.023294
0.578763
0.293676
0.283337
-0.404232
0.028756
-0.067988
-0.106803
-0.103224
-0.337121
0.669222
0.562731
-0.051631
0.112102
0.015641
-0.037309
-0.023294
0.578763
0.293676
0.283337
-0.404232
0.028756
-0.067988
-0.106803
-0.103224
-0.337121
0.669222
0.562731
-0.051631
0.112102
0.015641
-0.037309
-0.023294
0.578763
0.293676
0.283337
-0.404232
0.028756
-0.067988
-0.106803
-0.103224
-0.337121
0.669222
0.562731
-0.051631
0.112102
0.015641
-0.037309
-0.023294
0.578763
0.293676
0.283337
-0.404232
0.028756
-0.067988
-0.106803
-0.103224
-0.337121
0.669222
0.562731
-0.051631
0.112102
0.015641
-0.037309
-0.023294
0.578763
0.293676
0.283337
-0.404232
0.028756
-0.067988
-0.106803
-0.103224
-0.337121
0.669222
0.562731
-0.051631
0.112102
0.015641
-0.037309
-0.023294
0.578763
0.293676
0.283337
-0.404232
0.028756
-0.067988
-0.106803
-0.103224
-0.337121
0.669222
0.562731
-0.051631
0.112102
0.015641
-0.037309
-0.023294
0.578763
0.293676
0.283337
-0.404232
0.028756
-0.067988
-0.106803
-0.103224
-0.337121
0.669222
0.562731
-0.051631
0.112102
0.015641
-0.037309
-0.023294
0.578763
0.293676
0.283337
-0.404232
0.028756
-0.067988
-0.106803
-0.103224
-0.337121
0.669222
0.562731
-0.051631
0.112102
0.015641
-0.037309
-0.023294
0.578763
0.293676
0.283337
-0.404232
0.028756
-0.067988
-0.106803
-0.103224
-0.337121
0.669222
0.562731
-0.051631
0.112102
0.015641
-0.037309
-0.023294
0.578763
0.293676
0.283337
-0.404232
0.028756
-0.067988
-0.106803
-0.103224
-0.337121
0.669222
0.562731
-0.051631
0.112102
0.015641
-0.037309
-0.023294
0.578763
0.293676
0.283337
-0.404232
0.028756
-0.067988
-0.106803
-0.103224
-0.337121
0.669222
0.562731
-0.051631
0.112102
0.015641
-0.037309
-0.023294
0.578763
0.293676
0.283337
-0.404232
0.028756
-0.067988
-0.106803
-0.103224
-0.337121
0.669222
0.562731
-0.051631
0.112102
0.015641
-0.037309
-0.023294
0.578763
0.293676
0.283337
-0.404232
0.028756
-0.067988
-0.106803
-0.103224
-0.337121
0.669222
0.562731
-0.051631
0.112102
0.015641
-0.037309
-0.023294
0.578763
0.293676
0.283337
-0.404232
0.028756
-0.067988
-0.106803
-0.103224
-0.337121
0.669222
0.562731
-0.051631
0.112102
0.015641
-0.037309
-0.023294
0.578763
0.293676
0.283337
