0.462689
-0.292131
-1.872306
7.033126
4.744577
-8.675419
5.269625
0.519361
-4.984849
0.920289
-1.600486
9.132932
1.860132
4.240865
-5.198655
0.613172
3.301113
-1.739338
-0.499763
1.981159
-0.133932
4.408120
-2.564193
3.949203
11.884052
-4.646131
-3.314485
-12.665761
1.009519
-8.515772
7.401028
-7.369359
1.285945
1.143585
14.501218
47.091610
-9.125690
-88.596626
-40.399597
85.375114
21.154354
-67.939339
16.285719
-5.604514
-74.982536
49.609901
31.065943
34.126133
0.059349
2.250494
-2.245819
-18.600473
4.027315
35.022888
17.222797
-37.992695
-6.813543
27.704439
-3.827001
0.854383
31.627293
-17.568348
-8.230874
-14.008360
-1.585646
-2.283226
-3.154418
-10.953228
2.302761
18.790438
9.789980
-19.694595
-4.876241
16.509138
-4.591575
3.659346
13.130179
-10.464055
-7.405265
-9.787395
-1.151879
-0.315917
-0.048366
0.404506
-0.185701
0.430828
0.482061
-0.535738
-0.035010
-0.173425
0.255349
-0.015108
0.301727
0.327686
0.492450
0.315206
-1.151879
-0.315917
-0.048366
0.404506
-0.185701
0.430828
0.482061
-0.535738
-0.035010
-0.173425
0.255349
-0.015108
0.301727
0.327686
0.492450
0.315206
-1.151879
-0.315917
-0.048366
0.404506
-0.185701
0.430828
0.482061
-0.535738
-0.035010
-0.173425
0.255349
-0.015108
0.301727
0.327686
0.492450
0.315206
-1.151879
-0.315917
-0.048366
0.404506
-0.185701
0.430828
0.482061
-0.535738
-0.035010
-0.173425
0.255349
-0.015108
0.301727
0.327686
0.492450
0.315206
-1.151879
-0.315917
-0.048366
0.404506
-0.185701
0.430828
0.482061
-0.535738
-0.035010
-0.173425
0.255349
-0.015108
0.301727
0.327686
0.492450
0.315206
-1.151879
-0.315917
-0.048366
0.404506
-0.185701
0.430828
0.482061
-0.535738
-0.035010
-0.173425
0.255349
-0.015108
0.301727
0.327686
0.492450
0.315206
-1.151879
-0.315917
-0.048366
0.404506
-0.185701
0.430828
0.482061
-0.535738
-0.035010
-0.173425
0.255349
-0.015108
0.301727
0.327686
0.492450
0.315206
-1.151879
-0.315917
-0.048366
0.404506
-0.185701
0.430828
0.482061
-0.535738
-0.035010
-0.173425
0.255349
-0.015108
0.301727
0.327686
0.492450
0.315206
-1.151879
-0.315917
-0.048366
0.404506
-0.185701
0.430828
0.482061
-0.535738
-0.035010
-0.173425
0.255349
-0.015108
0.301727
0.327686
0.492450
0.315206
-1.151879
-0.315917
-0.048366
0.404506
-0.185701
0.430828
0.482061
-0.535738
-0.035010
-0.173425
0.255349
-0.015108
0.301727
0.327686
0.492450
0.315206
-1.151879
-0.315917
-0.048366
0.404506
-0.185701
0.430828
0.482061
-0.535738
-0.035010
-0.173425
0.255349
-0.015108
0.301727
0.327686
0.492450
0.315206
-1.151879
-0.315917
-0.048366
0.404506
-0.185701
0.430828
0.482061
-0.535738
-0.035010
-0.173425
0.255349
-0.015108
0.301727
0.327686
0.492450
0.315206
-1.151879
-0.315917
-0.048366
0.404506
-0.185701
0.430828
0.482061
-0.535738
-0.035010
-0.173425
0.255349
-0.015108
0.301727
0.327686
0.492450
0.315206
-1.151879
-0.315917
-0.048366
0.404506
-0.185701
0.430828
0.482061
-0.535738
-0.035010
-0.173425
0.255349
-0.015108
0.301727
0.327686
0.492450
0.315206
-1.151879
-0.315917
-0.048366
0.404506
-0.185701
0.430828
0.482061
-0.535738
-0.035010
-0.173425
0.255349
-0.015108
0.301727
0.327686
0.492450
0.315206
