-3.349832
-0.992769
-0.895298
-45.584229
-18.089493
101.452194
27.972963
-59.478634
4.233685
50.384098
-2.251795
-22.326759
61.768250
-34.378803
-13.878124
-41.178440
1.303471
-0.257712
5.985358
-4.141567
-6.848356
-1.236230
-4.826170
-3.265506
4.332134
1.516706
6.028008
-1.140554
-1.579749
-3.294029
2.932831
2.192637
2.733368
2.034805
-1.401891
20.615770
10.316919
-48.508713
-12.234563
30.120014
-1.113111
-28.476074
-4.030554
11.107506
-31.184895
13.171223
4.925385
21.662985
2.433264
1.395413
-1.168958
11.569802
6.326395
-20.106390
-5.891398
10.163504
0.056460
-8.681356
5.754787
7.816828
-16.208042
7.249332
2.101911
6.696806
-0.215902
-0.150640
0.018926
-0.020932
-0.353819
0.198074
-0.288778
0.684730
-0.102439
-0.340510
-0.367845
-0.621342
0.102242
-0.024534
0.280112
0.508081
-0.215902
-0.150640
0.018926
-0.020932
-0.353819
0.198074
-0.288778
0.684730
-0.102439
-0.340510
-0.367845
-0.621342
0.102242
-0.024534
0.280112
0.508081
-0.215902
-0.150640
0.018926
-0.020932
-0.353819
0.198074
-0.288778
0.684730
-0.102439
-0.340510
-0.367845
-0.621342
0.102242
-0.024534
0.280112
0.508081
-0.215902
-0.150640
0.018926
-0.020932
-0.353819
0.198074
-0.288778
0.684730
-0.102439
-0.340510
-0.367845
-0.621342
0.102242
-0.024534
0.280112
0.508081
-0.215902
-0.150640
0.018926
-0.020932
-0.353819
0.198074
-0.288778
0.684730
-0.102439
-0.340510
-0.367845
-0.621342
0.102242
-0.024534
0.280112
0.508081
-0.215902
-0.150640
0.018926
-0.020932
-0.353819
0.198074
-0.288778
0.684730
-0.102439
-0.340510
-0.367845
-0.621342
0.102242
-0.024534
0.280112
0.508081
-0.215902
-0.150640
0.018926
-0.020932
-0.353819
0.198074
-0.288778
0.684730
-0.102439
-0.340510
-0.367845
-0.621342
0.102242
-0.024534
0.280112
0.508081
-0.215902
-0.150640
0.018926
-0.020932
-0.353819
0.198074
-0.288778
0.684730
-0.102439
-0.340510
-0.367845
-0.621342
0.102242
-0.024534
0.280112
0.508081
-0.215902
-0.150640
0.018926
-0.020932
-0.353819
0.198074
-0.288778
0.684730
-0.102439
-0.340510
-0.367845
-0.621342
0.102242
-0.024534
0.280112
0.508081
-0.215902
-0.150640
0.018926
-0.020932
-0.353819
0.198074
-0.288778
0.684730
-0.102439
-0.340510
-0.367845
-0.621342
0.102242
-0.024534
0.280112
0.508081
-0.215902
-0.150640
0.018926
-0.020932
-0.353819
0.198074
-0.288778
0.684730
-0.102439
-0.340510
-0.367845
-0.621342
0.102242
-0.024534
0.280112
0.508081
-0.215902
-0.150640
0.018926
-0.020932
-0.353819
0.198074
-0.288778
0.684730
-0.102439
-0.340510
-0.367845
-0.621342
0.102242
-0.024534
0.280112
0.508081
-0.215902
-0.150640
0.018926
-0.020932
-0.353819
0.198074
-0.288778
0.684730
-0.102439
-0.340510
-0.367845
-0.621342
0.102242
-0.024534
0.280112
0.508081
-0.215902
-0.150640
0.018926
-0.020932
-0.353819
0.198074
-0.288778
0.684730
-0.102439
-0.340510
-0.367845
-0.621342
0.102242
-0.024534
0.280112
0.508081
-0.215902
-0.150640
0.018926
-0.020932
-0.353819
0.198074
-0.288778
0.684730
-0.102439
-0.340510
-0.367845
-0.621342
0.102242
-0.024534
0.280112
0.508081
-0.215902
-0.150640
0.018926
-0.020932
-0.353819
0.198074
-0.288778
0.684730
-0.102439
-0.340510
-0.367845
-0.621342
0.102242
-0.024534
0.280112
0.508081
