-4.509602
1.403701
-22.424799
20.715981
100.787773
153.783966
257.077057
204.721085
31.108717
-258.727112
-113.616600
-130.885513
-37.239208
377.943054
-89.513275
-170.664978
-0.727412
-0.381964
-1.936512
9.070682
7.214212
-5.446011
5.651618
-4.554931
-5.350360
1.369838
-1.873941
7.153879
1.161428
0.105875
-4.567750
-0.409010
-1.220074
12.499179
34.671070
-13.627394
-31.445282
12.441561
6.091404
32.287014
-16.367638
1.748382
19.637846
-11.804705
25.656818
-4.610714
-6.031711
-18.266527
3.046260
-0.456343
9.070374
-9.381332
-41.454277
-60.056126
-96.942589
-78.910294
-15.440941
99.178726
46.109909
48.601036
17.403967
-143.502487
30.038000
65.700981
2.952303
0.230381
1.978036
0.491893
-7.456459
-8.642097
-18.369629
-11.236686
1.073824
16.635054
10.431537
7.986082
0.444294
-22.458382
7.656991
13.253375
-0.674176
0.532030
6.472843
-2.761447
-25.001741
-39.698208
-69.350266
-54.717922
-8.531966
66.621086
28.177912
37.110905
14.073098
-104.261581
21.921236
42.580181
0.851273
0.111381
0.241348
0.570161
0.040967
-0.003986
-0.499844
0.279376
0.106450
0.259964
0.075108
0.229746
-0.411400
-0.383512
0.520532
0.103978
0.851273
0.111381
0.241348
0.570161
0.040967
-0.003986
-0.499844
0.279376
0.106450
0.259964
0.075108
0.229746
-0.411400
-0.383512
0.520532
0.103978
0.851273
0.111381
0.241348
0.570161
0.040967
-0.003986
-0.499844
0.279376
0.106450
0.259964
0.075108
0.229746
-0.411400
-0.383512
0.520532
0.103978
0.851273
0.111381
0.241348
0.570161
0.040967
-0.003986
-0.499844
0.279376
0.106450
0.259964
0.075108
0.229746
-0.411400
-0.383512
0.520532
0.103978
0.851273
0.111381
0.241348
0.570161
0.040967
-0.003986
-0.499844
0.279376
0.106450
0.259964
0.075108
0.229746
-0.411400
-0.383512
0.520532
0.103978
0.851273
0.111381
0.241348
0.570161
0.040967
-0.003986
-0.499844
0.279376
0.106450
0.259964
0.075108
0.229746
-0.411400
-0.383512
0.520532
0.103978
0.851273
0.111381
0.241348
0.570161
0.040967
-0.003986
-0.499844
0.279376
0.106450
0.259964
0.075108
0.229746
-0.411400
-0.383512
0.520532
0.103978
0.851273
0.111381
0.241348
0.570161
0.040967
-0.003986
-0.499844
0.279376
0.106450
0.259964
0.075108
0.229746
-0.411400
-0.383512
0.520532
0.103978
0.851273
0.111381
0.241348
0.570161
0.040967
-0.003986
-0.499844
0.279376
0.106450
0.259964
0.075108
0.229746
-0.411400
-0.383512
0.520532
0.103978
0.851273
0.111381
0.241348
0.570161
0.040967
-0.003986
-0.499844
0.279376
0.106450
0.259964
0.075108
0.229746
-0.411400
-0.383512
0.520532
0.103978
0.851273
0.111381
0.241348
0.570161
0.040967
-0.003986
-0.499844
0.279376
0.106450
0.259964
0.075108
0.229746
-0.411400
-0.383512
0.520532
0.103978
0.851273
0.111381
0.241348
0.570161
0.040967
-0.003986
-0.499844
0.279376
0.106450
0.259964
0.075108
0.229746
-0.411400
-0.383512
0.520532
0.103978
0.851273
0.111381
0.241348
0.570161
0.040967
-0.003986
-0.499844
0.279376
0.106450
0.259964
0.075108
0.229746
-0.411400
-0.383512
0.520532
0.103978
0.851273
0.111381
0.241348
0.570161
0.040967
-0.003986
-0.499844
0.279376
0.106450
0.259964
0.075108
0.229746
-0.411400
-0.383512
0.520532
0.103978
