0.207700
-0.199061
0.289568
6.531073
1.188445
-6.811032
6.691281
-1.347522
-3.676044
2.917623
3.257075
6.939531
5.071414
4.116271
-3.545285
2.256449
-1.816362
0.256555
-2.924283
4.300632
0.347665
4.460248
-3.641218
0.933973
11.671236
5.648730
5.937458
-7.673687
4.205965
-9.068640
11.084014
4.930424
-0.493363
0.163479
7.464968
1.803756
-9.509322
1.854683
8.610192
3.466276
-1.699469
-4.443253
-0.759748
7.376918
-5.423479
4.157191
4.935683
10.850340
-2.087304
-1.223371
-46.387779
3.164461
183.744751
127.160408
322.014282
23.681753
-144.678238
-230.879959
-158.845734
-50.041847
179.649551
342.774994
-173.863663
-98.261292
2.682577
1.997622
21.940775
2.475584
-79.479561
-60.994274
-142.984970
-15.612207
65.986473
103.654678
72.260628
23.056034
-81.608803
-149.322021
79.119057
47.021553
0.748947
-0.036978
4.595199
-0.274860
-15.100890
-6.846638
-20.437101
6.430755
8.700509
13.929466
9.581205
0.984828
-10.088999
-20.943165
12.607719
2.479665
-0.152422
-0.438295
10.270257
-4.255613
-40.462914
-29.890450
-69.538170
-8.809011
29.176422
50.618294
34.038975
12.884547
-35.641487
-76.502403
36.172520
25.971603
-0.712154
0.953817
0.054436
0.413433
-0.278580
-0.206002
0.608417
-0.101966
0.281771
0.121539
0.405275
0.049389
-0.531007
0.302253
-0.014503
0.262501
-0.712154
0.953817
0.054436
0.413433
-0.278580
-0.206002
0.608417
-0.101966
0.281771
0.121539
0.405275
0.049389
-0.531007
0.302253
-0.014503
0.262501
-0.712154
0.953817
0.054436
0.413433
-0.278580
-0.206002
0.608417
-0.101966
0.281771
0.121539
0.405275
0.049389
-0.531007
0.302253
-0.014503
0.262501
-0.712154
0.953817
0.054436
0.413433
-0.278580
-0.206002
0.608417
-0.101966
0.281771
0.121539
0.405275
0.049389
-0.531007
0.302253
-0.014503
0.262501
-0.712154
0.953817
0.054436
0.413433
-0.278580
-0.206002
0.608417
-0.101966
0.281771
0.121539
0.405275
0.049389
-0.531007
0.302253
-0.014503
0.262501
-0.712154
0.953817
0.054436
0.413433
-0.278580
-0.206002
0.608417
-0.101966
0.281771
0.121539
0.405275
0.049389
-0.531007
0.302253
-0.014503
0.262501
-0.712154
0.953817
0.054436
0.413433
-0.278580
-0.206002
0.608417
-0.101966
0.281771
0.121539
0.405275
0.049389
-0.531007
0.302253
-0.014503
0.262501
-0.712154
0.953817
0.054436
0.413433
-0.278580
-0.206002
0.608417
-0.101966
0.281771
0.121539
0.405275
0.049389
-0.531007
0.302253
-0.014503
0.262501
-0.712154
0.953817
0.054436
0.413433
-0.278580
-0.206002
0.608417
-0.101966
0.281771
0.121539
0.405275
0.049389
-0.531007
0.302253
-0.014503
0.262501
-0.712154
0.953817
0.054436
0.413433
-0.278580
-0.206002
0.608417
-0.101966
0.281771
0.121539
0.405275
0.049389
-0.531007
0.302253
-0.014503
0.262501
-0.712154
0.953817
0.054436
0.413433
-0.278580
-0.206002
0.608417
-0.101966
0.281771
0.121539
0.405275
0.049389
-0.531007
0.302253
-0.014503
0.262501
-0.712154
0.953817
0.054436
0.413433
-0.278580
-0.206002
0.608417
-0.101966
0.281771
0.121539
0.405275
0.049389
-0.531007
0.302253
-0.014503
0.262501
-0.712154
0.953817
0.054436
0.413433
-0.278580
-0.206002
0.608417
-0.101966
0.281771
0.121539
0.405275
0.049389
-0.531007
0.302253
-0.014503
0.262501
