2.060214
2.497348
-34.406982
9.882866
180.867554
48.756824
245.987961
-88.114700
-176.274063
-142.308655
-137.849319
9.420199
234.706161
200.191788
-155.677292
-35.573025
-1.540882
-2.977179
31.715919
-7.049741
-164.999573
-44.880039
-224.748718
79.766159
165.216949
133.923676
126.273170
-10.281184
-216.503372
-184.783829
147.572632
30.203814
0.388753
0.374391
0.299146
0.384975
0.281805
0.087711
0.222024
0.179568
0.009574
-0.280042
0.161473
0.143062
0.200520
0.029820
-0.158243
-0.081936
0.388753
0.374391
0.299146
0.384975
0.281805
0.087711
0.222024
0.179568
0.009574
-0.280042
0.161473
0.143062
0.200520
0.029820
-0.158243
-0.081936
0.388753
0.374391
0.299146
0.384975
0.281805
0.087711
0.222024
0.179568
0.009574
-0.280042
0.161473
0.143062
0.200520
0.029820
-0.158243
-0.081936
0.388753
0.374391
0.299146
0.384975
0.281805
0.087711
0.222024
0.179568
0.009574
-0.280042
0.161473
0.143062
0.200520
0.029820
-0.158243
-0.081936
0.388753
0.374391
0.299146
0.384975
0.281805
0.087711
0.222024
0.179568
0.009574
-0.280042
0.161473
0.143062
0.200520
0.029820
-0.158243
-0.081936
0.388753
0.374391
0.299146
0.384975
0.281805
0.087711
0.222024
0.179568
0.009574
-0.280042
0.161473
0.143062
0.200520
0.029820
-0.158243
-0.081936
0.388753
0.374391
0.299146
0.384975
0.281805
0.087711
0.222024
0.179568
0.009574
-0.280042
0.161473
0.143062
0.200520
0.029820
-0.158243
-0.081936
0.388753
0.374391
0.299146
0.384975
0.281805
0.087711
0.222024
0.179568
0.009574
-0.280042
0.161473
0.143062
0.200520
0.029820
-0.158243
-0.081936
0.388753
0.374391
0.299146
0.384975
0.281805
0.087711
0.222024
0.179568
0.009574
-0.280042
0.161473
0.143062
0.200520
0.029820
-0.158243
-0.081936
0.388753
0.374391
0.299146
0.384975
0.281805
0.087711
0.222024
0.179568
0.009574
-0.280042
0.161473
0.143062
0.200520
0.029820
-0.158243
-0.081936
0.388753
0.374391
0.299146
0.384975
0.281805
0.087711
0.222024
0.179568
0.009574
-0.280042
0.161473
0.143062
0.200520
0.029820
-0.158243
-0.081936
0.388753
0.374391
0.299146
0.384975
0.281805
0.087711
0.222024
0.179568
0.009574
-0.280042
0.161473
0.143062
0.200520
0.029820
-0.158243
-0.081936
0.388753
0.374391
0.299146
0.384975
0.281805
0.087711
0.222024
0.179568
0.009574
-0.280042
0.161473
0.143062
0.200520
0.029820
-0.158243
-0.081936
0.388753
0.374391
0.299146
0.384975
0.281805
0.087711
0.222024
0.179568
0.009574
-0.280042
0.161473
0.143062
0.200520
0.029820
-0.158243
-0.081936
0.388753
0.374391
0.299146
0.384975
0.281805
0.087711
0.222024
0.179568
0.009574
-0.280042
0.161473
0.143062
0.200520
0.029820
-0.158243
-0.081936
0.388753
0.374391
0.299146
0.384975
0.281805
0.087711
0.222024
0.179568
0.009574
-0.280042
0.161473
0.143062
0.200520
0.029820
-0.158243
-0.081936
0.388753
0.374391
0.299146
0.384975
0.281805
0.087711
0.222024
0.179568
0.009574
-0.280042
0.161473
0.143062
0.200520
0.029820
-0.158243
-0.081936
0.388753
0.374391
0.299146
0.384975
0.281805
0.087711
0.222024
0.179568
0.009574
-0.280042
0.161473
0.143062
0.200520
0.029820
-0.158243
-0.081936
