0.480489
0.153697
-3.244148
3.688837
5.715658
-0.630398
-0.863781
3.886851
0.418147
-3.161068
-7.796591
3.233956
-5.699691
-1.918776
-2.857904
-1.245373
24.159107
0.373406
-30.926281
-8.963299
28.126842
20.075768
23.605968
-20.170139
18.050652
13.161332
-28.038433
-8.037133
-14.152326
-22.907120
-10.063045
10.881605
0.265218
0.412831
5.698001
10.682645
-8.373788
-5.330185
1.368841
5.553420
-1.066214
-5.187227
-3.626534
6.715288
-7.245861
-0.147891
-2.844458
11.567850
2.922806
-0.282401
36.054729
-84.617149
-107.471748
115.267876
-195.720139
-23.757517
134.787140
-14.027038
90.577217
-79.676773
-132.260391
-56.431828
154.034012
-103.747650
1.342759
1.103126
-25.286650
52.786167
68.779854
-69.972382
129.454529
14.647846
-83.268631
9.441920
-63.064804
46.576576
86.133949
36.128593
-99.530548
64.909882
-4.341393
0.462241
-2.833843
11.273423
11.508157
-12.752028
20.704523
4.246076
-12.840040
-2.720008
-10.627760
6.550501
12.252188
4.477358
-13.504267
9.694913
-0.023537
0.226300
-0.594526
0.110566
-0.324715
-0.176837
1.167154
0.211830
0.098716
-0.405119
-0.481459
0.143231
-0.837474
0.046265
0.422717
0.374729
-0.023537
0.226300
-0.594526
0.110566
-0.324715
-0.176837
1.167154
0.211830
0.098716
-0.405119
-0.481459
0.143231
-0.837474
0.046265
0.422717
0.374729
-0.023537
0.226300
-0.594526
0.110566
-0.324715
-0.176837
1.167154
0.211830
0.098716
-0.405119
-0.481459
0.143231
-0.837474
0.046265
0.422717
0.374729
-0.023537
0.226300
-0.594526
0.110566
-0.324715
-0.176837
1.167154
0.211830
0.098716
-0.405119
-0.481459
0.143231
-0.837474
0.046265
0.422717
0.374729
-0.023537
0.226300
-0.594526
0.110566
-0.324715
-0.176837
1.167154
0.211830
0.098716
-0.405119
-0.481459
0.143231
-0.837474
0.046265
0.422717
0.374729
-0.023537
0.226300
-0.594526
0.110566
-0.324715
-0.176837
1.167154
0.211830
0.098716
-0.405119
-0.481459
0.143231
-0.837474
0.046265
0.422717
0.374729
-0.023537
0.226300
-0.594526
0.110566
-0.324715
-0.176837
1.167154
0.211830
0.098716
-0.405119
-0.481459
0.143231
-0.837474
0.046265
0.422717
0.374729
-0.023537
0.226300
-0.594526
0.110566
-0.324715
-0.176837
1.167154
0.211830
0.098716
-0.405119
-0.481459
0.143231
-0.837474
0.046265
0.422717
0.374729
-0.023537
0.226300
-0.594526
0.110566
-0.324715
-0.176837
1.167154
0.211830
0.098716
-0.405119
-0.481459
0.143231
-0.837474
0.046265
0.422717
0.374729
-0.023537
0.226300
-0.594526
0.110566
-0.324715
-0.176837
1.167154
0.211830
0.098716
-0.405119
-0.481459
0.143231
-0.837474
0.046265
0.422717
0.374729
-0.023537
0.226300
-0.594526
0.110566
-0.324715
-0.176837
1.167154
0.211830
0.098716
-0.405119
-0.481459
0.143231
-0.837474
0.046265
0.422717
0.374729
-0.023537
0.226300
-0.594526
0.110566
-0.324715
-0.176837
1.167154
0.211830
0.098716
-0.405119
-0.481459
0.143231
-0.837474
0.046265
0.422717
0.374729
-0.023537
0.226300
-0.594526
0.110566
-0.324715
-0.176837
1.167154
0.211830
0.098716
-0.405119
-0.481459
0.143231
-0.837474
0.046265
0.422717
0.374729
-0.023537
0.226300
-0.594526
0.110566
-0.324715
-0.176837
1.167154
0.211830
0.098716
-0.405119
-0.481459
0.143231
-0.837474
0.046265
0.422717
0.374729
