-1.090622
-1.556238
-61.291119
-64.662598
50.901314
143.530151
-88.084862
173.018509
47.600769
-143.011963
-35.038326
-122.520302
-108.579391
112.052872
-38.886200
-189.576996
-0.926440
0.764765
8.388181
9.920132
-2.455820
-19.758768
13.315329
-24.835457
-8.273013
14.815554
1.434504
12.657065
13.095416
-14.429685
3.462260
22.532894
1.133686
1.251849
32.999187
35.177574
-26.668888
-83.886185
52.724884
-102.797318
-27.229891
88.633232
22.622112
74.447609
65.517838
-69.319130
20.142790
117.026268
0.080977
0.689261
0.700444
-0.261369
0.005661
0.023444
-0.729290
-0.713019
-0.639199
0.167432
0.124518
-0.282411
-0.071300
-0.401347
-0.113197
0.173505
0.080977
0.689261
0.700444
-0.261369
0.005661
0.023444
-0.729290
-0.713019
-0.639199
0.167432
0.124518
-0.282411
-0.071300
-0.401347
-0.113197
0.173505
0.080977
0.689261
0.700444
-0.261369
0.005661
0.023444
-0.729290
-0.713019
-0.639199
0.167432
0.124518
-0.282411
-0.071300
-0.401347
-0.113197
0.173505
0.080977
0.689261
0.700444
-0.261369
0.005661
0.023444
-0.729290
-0.713019
-0.639199
0.167432
0.124518
-0.282411
-0.071300
-0.401347
-0.113197
0.173505
0.080977
0.689261
0.700444
-0.261369
0.005661
0.023444
-0.729290
-0.713019
-0.639199
0.167432
0.124518
-0.282411
-0.071300
-0.401347
-0.113197
0.173505
0.080977
0.689261
0.700444
-0.261369
0.005661
0.023444
-0.729290
-0.713019
-0.639199
0.167432
0.124518
-0.282411
-0.071300
-0.401347
-0.113197
0.173505
0.080977
0.689261
0.700444
-0.261369
0.005661
0.023444
-0.729290
-0.713019
-0.639199
0.167432
0.124518
-0.282411
-0.071300
-0.401347
-0.113197
0.173505
0.080977
0.689261
0.700444
-0.261369
0.005661
0.023444
-0.729290
-0.713019
-0.639199
0.167432
0.124518
-0.282411
-0.071300
-0.401347
-0.113197
0.173505
0.080977
0.689261
0.700444
-0.261369
0.005661
0.023444
-0.729290
-0.713019
-0.639199
0.167432
0.124518
-0.282411
-0.071300
-0.401347
-0.113197
0.173505
0.080977
0.689261
0.700444
-0.261369
0.005661
0.023444
-0.729290
-0.713019
-0.639199
0.167432
0.124518
-0.282411
-0.071300
-0.401347
-0.113197
0.173505
0.080977
0.689261
0.700444
-0.261369
0.005661
0.023444
-0.729290
-0.713019
-0.639199
0.167432
0.124518
-0.282411
-0.071300
-0.401347
-0.113197
0.173505
0.080977
0.689261
0.700444
-0.261369
0.005661
0.023444
-0.729290
-0.713019
-0.639199
0.167432
0.124518
-0.282411
-0.071300
-0.401347
-0.113197
0.173505
0.080977
0.689261
0.700444
-0.261369
0.005661
0.023444
-0.729290
-0.713019
-0.639199
0.167432
0.124518
-0.282411
-0.071300
-0.401347
-0.113197
0.173505
0.080977
0.689261
0.700444
-0.261369
0.005661
0.023444
-0.729290
-0.713019
-0.639199
0.167432
0.124518
-0.282411
-0.071300
-0.401347
-0.113197
0.173505
0.080977
0.689261
0.700444
-0.261369
0.005661
0.023444
-0.729290
-0.713019
-0.639199
0.167432
0.124518
-0.282411
-0.071300
-0.401347
-0.113197
0.173505
0.080977
0.689261
0.700444
-0.261369
0.005661
0.023444
-0.729290
-0.713019
-0.639199
0.167432
0.124518
-0.282411
-0.071300
-0.401347
-0.113197
0.173505
0.080977
0.689261
0.700444
-0.261369
0.005661
0.023444
-0.729290
-0.713019
-0.639199
0.167432
0.124518
-0.282411
-0.071300
-0.401347
-0.113197
0.173505
