4.590984
-20.282303
-37.415810
17.648323
27.922012
-14.519099
-7.600042
-19.693186
19.009933
8.818064
-13.747232
9.434142
-21.760338
-7.274513
14.013572
11.647734
8.888440
-32.768349
-3391.934814
-9573.660156
-2408.949707
-1305.018311
-2247.082764
-3166.744385
1881.473999
5905.701660
7708.643555
-504.224976
3999.513184
-212.359085
6762.957031
9974.185547
-1.771590
-0.712937
-57.250355
71.067406
13.074231
-28.807072
-16.429983
0.124861
-8.036711
50.250561
95.698517
-1.586655
-7.910607
29.495544
68.536865
-39.917648
0.130444
1.828027
56.156284
-73.430038
-10.954480
26.714891
19.021912
-0.474332
6.059739
-47.041874
-92.755905
0.305328
11.805960
-29.943697
-70.698929
43.585190
-10.250345
28.628790
3279.896729
9252.847656
2324.854248
1265.548584
2166.391357
3056.049316
-1803.073853
-5704.237793
-7455.558105
482.141510
-3860.848389
193.837036
-6515.599121
-9637.542969
-0.081306
-0.045353
-0.270082
1.786838
-0.265787
-0.257581
-0.056973
0.465162
0.112253
-0.497746
-0.861885
-0.355124
-0.384122
0.473744
0.255008
-1.219892
-0.081306
-0.045353
-0.270082
1.786838
-0.265787
-0.257581
-0.056973
0.465162
0.112253
-0.497746
-0.861885
-0.355124
-0.384122
0.473744
0.255008
-1.219892
-0.081306
-0.045353
-0.270082
1.786838
-0.265787
-0.257581
-0.056973
0.465162
0.112253
-0.497746
-0.861885
-0.355124
-0.384122
0.473744
0.255008
-1.219892
-0.081306
-0.045353
-0.270082
1.786838
-0.265787
-0.257581
-0.056973
0.465162
0.112253
-0.497746
-0.861885
-0.355124
-0.384122
0.473744
0.255008
-1.219892
-0.081306
-0.045353
-0.270082
1.786838
-0.265787
-0.257581
-0.056973
0.465162
0.112253
-0.497746
-0.861885
-0.355124
-0.384122
0.473744
0.255008
-1.219892
-0.081306
-0.045353
-0.270082
1.786838
-0.265787
-0.257581
-0.056973
0.465162
0.112253
-0.497746
-0.861885
-0.355124
-0.384122
0.473744
0.255008
-1.219892
-0.081306
-0.045353
-0.270082
1.786838
-0.265787
-0.257581
-0.056973
0.465162
0.112253
-0.497746
-0.861885
-0.355124
-0.384122
0.473744
0.255008
-1.219892
-0.081306
-0.045353
-0.270082
1.786838
-0.265787
-0.257581
-0.056973
0.465162
0.112253
-0.497746
-0.861885
-0.355124
-0.384122
0.473744
0.255008
-1.219892
-0.081306
-0.045353
-0.270082
1.786838
-0.265787
-0.257581
-0.056973
0.465162
0.112253
-0.497746
-0.861885
-0.355124
-0.384122
0.473744
0.255008
-1.219892
-0.081306
-0.045353
-0.270082
1.786838
-0.265787
-0.257581
-0.056973
0.465162
0.112253
-0.497746
-0.861885
-0.355124
-0.384122
0.473744
0.255008
-1.219892
-0.081306
-0.045353
-0.270082
1.786838
-0.265787
-0.257581
-0.056973
0.465162
0.112253
-0.497746
-0.861885
-0.355124
-0.384122
0.473744
0.255008
-1.219892
-0.081306
-0.045353
-0.270082
1.786838
-0.265787
-0.257581
-0.056973
0.465162
0.112253
-0.497746
-0.861885
-0.355124
-0.384122
0.473744
0.255008
-1.219892
-0.081306
-0.045353
-0.270082
1.786838
-0.265787
-0.257581
-0.056973
0.465162
0.112253
-0.497746
-0.861885
-0.355124
-0.384122
0.473744
0.255008
-1.219892
-0.081306
-0.045353
-0.270082
1.786838
-0.265787
-0.257581
-0.056973
0.465162
0.112253
-0.497746
-0.861885
-0.355124
-0.384122
0.473744
0.255008
-1.219892
-0.081306
-0.045353
-0.270082
1.786838
-0.265787
-0.257581
-0.056973
0.465162
0.112253
-0.497746
-0.861885
-0.355124
-0.384122
0.473744
0.255008
-1.219892
