1.772358
0.175028
130.603546
-52.083218
-174.915039
-97.484192
63.890846
-60.967495
18.139658
-32.846359
24.776512
60.003872
-68.786194
-119.800003
109.921387
77.233688
-0.268792
1.035409
9.069347
5.358740
-10.081028
-3.765909
2.919452
5.330194
-2.734486
-3.170014
-0.356196
7.606476
-8.062697
0.421879
2.079864
8.860329
-3.816147
1.170606
-14.458312
13.456684
31.019531
3.828881
20.492233
7.337740
-21.390028
-16.297213
-27.735420
20.657549
5.232251
14.573707
-15.768908
-14.048429
0.066762
2.293068
-106.649277
44.113937
145.551254
80.593628
-49.399364
50.376507
-14.389396
28.254841
-22.872686
-51.669487
57.573544
98.010376
-93.009987
-66.332924
-0.242989
-0.801600
0.125267
0.873217
0.214840
-0.309939
-0.140972
-0.010567
0.500289
-0.379972
0.463540
0.271406
0.071345
-0.549128
0.335230
-0.294764
-0.242989
-0.801600
0.125267
0.873217
0.214840
-0.309939
-0.140972
-0.010567
0.500289
-0.379972
0.463540
0.271406
0.071345
-0.549128
0.335230
-0.294764
-0.242989
-0.801600
0.125267
0.873217
0.214840
-0.309939
-0.140972
-0.010567
0.500289
-0.379972
0.463540
0.271406
0.071345
-0.549128
0.335230
-0.294764
-0.242989
-0.801600
0.125267
0.873217
0.214840
-0.309939
-0.140972
-0.010567
0.500289
-0.379972
0.463540
0.271406
0.071345
-0.549128
0.335230
-0.294764
-0.242989
-0.801600
0.125267
0.873217
0.214840
-0.309939
-0.140972
-0.010567
0.500289
-0.379972
0.463540
0.271406
0.071345
-0.549128
0.335230
-0.294764
-0.242989
-0.801600
0.125267
0.873217
0.214840
-0.309939
-0.140972
-0.010567
0.500289
-0.379972
0.463540
0.271406
0.071345
-0.549128
0.335230
-0.294764
-0.242989
-0.801600
0.125267
0.873217
0.214840
-0.309939
-0.140972
-0.010567
0.500289
-0.379972
0.463540
0.271406
0.071345
-0.549128
0.335230
-0.294764
-0.242989
-0.801600
0.125267
0.873217
0.214840
-0.309939
-0.140972
-0.010567
0.500289
-0.379972
0.463540
0.271406
0.071345
-0.549128
0.335230
-0.294764
-0.242989
-0.801600
0.125267
0.873217
0.214840
-0.309939
-0.140972
-0.010567
0.500289
-0.379972
0.463540
0.271406
0.071345
-0.549128
0.335230
-0.294764
-0.242989
-0.801600
0.125267
0.873217
0.214840
-0.309939
-0.140972
-0.010567
0.500289
-0.379972
0.463540
0.271406
0.071345
-0.549128
0.335230
-0.294764
-0.242989
-0.801600
0.125267
0.873217
0.214840
-0.309939
-0.140972
-0.010567
0.500289
-0.379972
0.463540
0.271406
0.071345
-0.549128
0.335230
-0.294764
-0.242989
-0.801600
0.125267
0.873217
0.214840
-0.309939
-0.140972
-0.010567
0.500289
-0.379972
0.463540
0.271406
0.071345
-0.549128
0.335230
-0.294764
-0.242989
-0.801600
0.125267
0.873217
0.214840
-0.309939
-0.140972
-0.010567
0.500289
-0.379972
0.463540
0.271406
0.071345
-0.549128
0.335230
-0.294764
-0.242989
-0.801600
0.125267
0.873217
0.214840
-0.309939
-0.140972
-0.010567
0.500289
-0.379972
0.463540
0.271406
0.071345
-0.549128
0.335230
-0.294764
-0.242989
-0.801600
0.125267
0.873217
0.214840
-0.309939
-0.140972
-0.010567
0.500289
-0.379972
0.463540
0.271406
0.071345
-0.549128
0.335230
-0.294764
-0.242989
-0.801600
0.125267
0.873217
0.214840
-0.309939
-0.140972
-0.010567
0.500289
-0.379972
0.463540
0.271406
0.071345
-0.549128
0.335230
-0.294764
