-3.116388
3.874438
-180.613434
67.870674
187.400482
65.952660
-67.090775
61.305393
-29.723026
11.955825
-38.997932
-76.454552
94.913765
91.207771
-126.708313
-84.472267
2.976969
-1.732609
24.378849
-7.345118
-22.901175
-10.745453
6.786364
-6.773597
4.564682
-0.578807
7.161804
8.780542
-15.475161
-10.711754
13.414488
9.560317
-0.501127
-2.379475
108.165146
-38.394436
-112.071365
-37.518147
43.795349
-40.232590
17.532133
-11.410584
21.731297
48.011364
-62.307423
-58.128517
78.178329
51.898087
-0.805082
-0.714101
-0.231387
-0.483766
-0.335538
0.341767
0.519894
0.795565
-0.643690
-0.145034
-0.040171
-0.082904
0.245094
-0.649562
-0.524917
-0.051338
-0.805082
-0.714101
-0.231387
-0.483766
-0.335538
0.341767
0.519894
0.795565
-0.643690
-0.145034
-0.040171
-0.082904
0.245094
-0.649562
-0.524917
-0.051338
-0.805082
-0.714101
-0.231387
-0.483766
-0.335538
0.341767
0.519894
0.795565
-0.643690
-0.145034
-0.040171
-0.082904
0.245094
-0.649562
-0.524917
-0.051338
-0.805082
-0.714101
-0.231387
-0.483766
-0.335538
0.341767
0.519894
0.795565
-0.643690
-0.145034
-0.040171
-0.082904
0.245094
-0.649562
-0.524917
-0.051338
-0.805082
-0.714101
-0.231387
-0.483766
-0.335538
0.341767
0.519894
0.795565
-0.643690
-0.145034
-0.040171
-0.082904
0.245094
-0.649562
-0.524917
-0.051338
-0.805082
-0.714101
-0.231387
-0.483766
-0.335538
0.341767
0.519894
0.795565
-0.643690
-0.145034
-0.040171
-0.082904
0.245094
-0.649562
-0.524917
-0.051338
-0.805082
-0.714101
-0.231387
-0.483766
-0.335538
0.341767
0.519894
0.795565
-0.643690
-0.145034
-0.040171
-0.082904
0.245094
-0.649562
-0.524917
-0.051338
-0.805082
-0.714101
-0.231387
-0.483766
-0.335538
0.341767
0.519894
0.795565
-0.643690
-0.145034
-0.040171
-0.082904
0.245094
-0.649562
-0.524917
-0.051338
-0.805082
-0.714101
-0.231387
-0.483766
-0.335538
0.341767
0.519894
0.795565
-0.643690
-0.145034
-0.040171
-0.082904
0.245094
-0.649562
-0.524917
-0.051338
-0.805082
-0.714101
-0.231387
-0.483766
-0.335538
0.341767
0.519894
0.795565
-0.643690
-0.145034
-0.040171
-0.082904
0.245094
-0.649562
-0.524917
-0.051338
-0.805082
-0.714101
-0.231387
-0.483766
-0.335538
0.341767
0.519894
0.795565
-0.643690
-0.145034
-0.040171
-0.082904
0.245094
-0.649562
-0.524917
-0.051338
-0.805082
-0.714101
-0.231387
-0.483766
-0.335538
0.341767
0.519894
0.795565
-0.643690
-0.145034
-0.040171
-0.082904
0.245094
-0.649562
-0.524917
-0.051338
-0.805082
-0.714101
-0.231387
-0.483766
-0.335538
0.341767
0.519894
0.795565
-0.643690
-0.145034
-0.040171
-0.082904
0.245094
-0.649562
-0.524917
-0.051338
-0.805082
-0.714101
-0.231387
-0.483766
-0.335538
0.341767
0.519894
0.795565
-0.643690
-0.145034
-0.040171
-0.082904
0.245094
-0.649562
-0.524917
-0.051338
-0.805082
-0.714101
-0.231387
-0.483766
-0.335538
0.341767
0.519894
0.795565
-0.643690
-0.145034
-0.040171
-0.082904
0.245094
-0.649562
-0.524917
-0.051338
-0.805082
-0.714101
-0.231387
-0.483766
-0.335538
0.341767
0.519894
0.795565
-0.643690
-0.145034
-0.040171
-0.082904
0.245094
-0.649562
-0.524917
-0.051338
-0.805082
-0.714101
-0.231387
-0.483766
-0.335538
0.341767
0.519894
0.795565
-0.643690
-0.145034
-0.040171
-0.082904
0.245094
-0.649562
-0.524917
-0.051338
