-0.648296
-0.044771
3.435762
-4.950970
-4.830592
4.811676
-5.340548
-1.519556
5.373175
2.968559
3.228701
-8.291729
-0.937141
-4.649398
3.916899
1.441934
1.661674
0.999794
-0.926923
-3.264558
4.074162
-2.468667
2.010509
-2.887964
-11.362237
-4.834043
-5.033534
11.251820
-4.217765
3.241610
-14.139678
0.376182
0.363238
0.396916
-130.946503
147.517258
218.538544
-34.209629
39.474751
106.122238
-32.190857
26.125662
-72.990707
-29.871794
152.885574
73.253159
-170.889069
-8.379710
0.462328
-0.548554
105.257896
-119.821800
-178.823227
24.985987
-33.016502
-85.297745
24.259729
-20.962345
60.860306
23.598036
-124.507492
-61.145462
140.804932
7.179778
-0.302874
0.444131
-0.140940
0.099999
-0.272364
0.265313
-0.872605
-0.059756
-0.384060
-0.377512
-0.252581
0.265874
-0.027162
-0.611564
0.029017
0.048245
-0.302874
0.444131
-0.140940
0.099999
-0.272364
0.265313
-0.872605
-0.059756
-0.384060
-0.377512
-0.252581
0.265874
-0.027162
-0.611564
0.029017
0.048245
-0.302874
0.444131
-0.140940
0.099999
-0.272364
0.265313
-0.872605
-0.059756
-0.384060
-0.377512
-0.252581
0.265874
-0.027162
-0.611564
0.029017
0.048245
-0.302874
0.444131
-0.140940
0.099999
-0.272364
0.265313
-0.872605
-0.059756
-0.384060
-0.377512
-0.252581
0.265874
-0.027162
-0.611564
0.029017
0.048245
-0.302874
0.444131
-0.140940
0.099999
-0.272364
0.265313
-0.872605
-0.059756
-0.384060
-0.377512
-0.252581
0.265874
-0.027162
-0.611564
0.029017
0.048245
-0.302874
0.444131
-0.140940
0.099999
-0.272364
0.265313
-0.872605
-0.059756
-0.384060
-0.377512
-0.252581
0.265874
-0.027162
-0.611564
0.029017
0.048245
-0.302874
0.444131
-0.140940
0.099999
-0.272364
0.265313
-0.872605
-0.059756
-0.384060
-0.377512
-0.252581
0.265874
-0.027162
-0.611564
0.029017
0.048245
-0.302874
0.444131
-0.140940
0.099999
-0.272364
0.265313
-0.872605
-0.059756
-0.384060
-0.377512
-0.252581
0.265874
-0.027162
-0.611564
0.029017
0.048245
-0.302874
0.444131
-0.140940
0.099999
-0.272364
0.265313
-0.872605
-0.059756
-0.384060
-0.377512
-0.252581
0.265874
-0.027162
-0.611564
0.029017
0.048245
-0.302874
0.444131
-0.140940
0.099999
-0.272364
0.265313
-0.872605
-0.059756
-0.384060
-0.377512
-0.252581
0.265874
-0.027162
-0.611564
0.029017
0.048245
-0.302874
0.444131
-0.140940
0.099999
-0.272364
0.265313
-0.872605
-0.059756
-0.384060
-0.377512
-0.252581
0.265874
-0.027162
-0.611564
0.029017
0.048245
-0.302874
0.444131
-0.140940
0.099999
-0.272364
0.265313
-0.872605
-0.059756
-0.384060
-0.377512
-0.252581
0.265874
-0.027162
-0.611564
0.029017
0.048245
-0.302874
0.444131
-0.140940
0.099999
-0.272364
0.265313
-0.872605
-0.059756
-0.384060
-0.377512
-0.252581
0.265874
-0.027162
-0.611564
0.029017
0.048245
-0.302874
0.444131
-0.140940
0.099999
-0.272364
0.265313
-0.872605
-0.059756
-0.384060
-0.377512
-0.252581
0.265874
-0.027162
-0.611564
0.029017
0.048245
-0.302874
0.444131
-0.140940
0.099999
-0.272364
0.265313
-0.872605
-0.059756
-0.384060
-0.377512
-0.252581
0.265874
-0.027162
-0.611564
0.029017
0.048245
-0.302874
0.444131
-0.140940
0.099999
-0.272364
0.265313
-0.872605
-0.059756
-0.384060
-0.377512
-0.252581
0.265874
-0.027162
-0.611564
0.029017
0.048245
