21.403969
4.961998
22.910954
37.686325
-7.965706
-23.827839
-36.539124
1.857438
1.712863
-8.244483
22.085136
24.516596
-17.553907
13.044294
8.404553
-6.540772
0.968474
2.288316
4.371531
2.966310
1.332131
1.795280
-2.524768
4.381917
11.203279
-4.556451
-0.919637
-13.516879
-0.983711
-6.306001
10.999004
-7.464478
-0.053020
-0.162064
6.237948
9.389042
-10.783021
-2.768762
4.818707
5.784271
-1.429726
-6.398525
-6.472726
9.238700
-5.573662
-2.837224
1.454802
10.564959
1.227822
1.917850
60.692486
-160.610992
-185.418579
92.376785
-73.884636
-83.691200
10.828755
-28.328821
84.241447
2.685268
-157.167725
-5.542830
162.807343
-44.888790
1.878965
-1.131670
-53.852398
142.369583
168.167969
-83.917534
64.740074
79.197723
-10.168553
22.550785
-79.320168
-5.114059
146.030182
6.299994
-149.202103
39.195000
-0.537047
-0.495301
0.246672
-0.157102
-0.174859
0.015538
0.180727
0.141547
-0.320766
0.177992
-0.289499
-0.203988
0.323441
0.001129
0.436176
0.109564
-0.537047
-0.495301
0.246672
-0.157102
-0.174859
0.015538
0.180727
0.141547
-0.320766
0.177992
-0.289499
-0.203988
0.323441
0.001129
0.436176
0.109564
-0.537047
-0.495301
0.246672
-0.157102
-0.174859
0.015538
0.180727
0.141547
-0.320766
0.177992
-0.289499
-0.203988
0.323441
0.001129
0.436176
0.109564
-0.537047
-0.495301
0.246672
-0.157102
-0.174859
0.015538
0.180727
0.141547
-0.320766
0.177992
-0.289499
-0.203988
0.323441
0.001129
0.436176
0.109564
-0.537047
-0.495301
0.246672
-0.157102
-0.174859
0.015538
0.180727
0.141547
-0.320766
0.177992
-0.289499
-0.203988
0.323441
0.001129
0.436176
0.109564
-0.537047
-0.495301
0.246672
-0.157102
-0.174859
0.015538
0.180727
0.141547
-0.320766
0.177992
-0.289499
-0.203988
0.323441
0.001129
0.436176
0.109564
-0.537047
-0.495301
0.246672
-0.157102
-0.174859
0.015538
0.180727
0.141547
-0.320766
0.177992
-0.289499
-0.203988
0.323441
0.001129
0.436176
0.109564
-0.537047
-0.495301
0.246672
-0.157102
-0.174859
0.015538
0.180727
0.141547
-0.320766
0.177992
-0.289499
-0.203988
0.323441
0.001129
0.436176
0.109564
-0.537047
-0.495301
0.246672
-0.157102
-0.174859
0.015538
0.180727
0.141547
-0.320766
0.177992
-0.289499
-0.203988
0.323441
0.001129
0.436176
0.109564
-0.537047
-0.495301
0.246672
-0.157102
-0.174859
0.015538
0.180727
0.141547
-0.320766
0.177992
-0.289499
-0.203988
0.323441
0.001129
0.436176
0.109564
-0.537047
-0.495301
0.246672
-0.157102
-0.174859
0.015538
0.180727
0.141547
-0.320766
0.177992
-0.289499
-0.203988
0.323441
0.001129
0.436176
0.109564
-0.537047
-0.495301
0.246672
-0.157102
-0.174859
0.015538
0.180727
0.141547
-0.320766
0.177992
-0.289499
-0.203988
0.323441
0.001129
0.436176
0.109564
-0.537047
-0.495301
0.246672
-0.157102
-0.174859
0.015538
0.180727
0.141547
-0.320766
0.177992
-0.289499
-0.203988
0.323441
0.001129
0.436176
0.109564
-0.537047
-0.495301
0.246672
-0.157102
-0.174859
0.015538
0.180727
0.141547
-0.320766
0.177992
-0.289499
-0.203988
0.323441
0.001129
0.436176
0.109564
-0.537047
-0.495301
0.246672
-0.157102
-0.174859
0.015538
0.180727
0.141547
-0.320766
0.177992
-0.289499
-0.203988
0.323441
0.001129
0.436176
0.109564
