-1.648438
-0.401228
9.540106
13.235201
-3.657220
-17.549742
-7.129253
-1.755195
-10.236570
6.425448
2.492964
15.347156
1.254462
0.766211
-3.662695
11.247513
-2.552659
-3.119378
-201.256882
5.047510
188.957321
165.337891
-82.776115
72.878082
-29.764105
41.529095
-17.454031
-82.945518
70.430801
138.250351
-127.642990
-146.100784
2.316759
0.831794
71.838341
-0.885586
-68.328400
-62.841595
32.064930
-24.618446
12.909066
-11.896252
6.893865
29.377911
-24.779837
-51.849838
44.485214
57.686623
1.361845
3.088831
58.941837
-0.183889
-52.020008
-48.256004
23.252790
-24.159313
12.014633
-14.768257
0.945660
24.818918
-15.383353
-39.375191
37.500767
39.916718
0.004713
0.444718
0.155071
-0.026458
-0.286148
-0.403800
-0.668084
-0.102888
-0.531676
0.328072
0.328266
0.635217
0.104961
-0.302469
-0.065249
0.249082
0.004713
0.444718
0.155071
-0.026458
-0.286148
-0.403800
-0.668084
-0.102888
-0.531676
0.328072
0.328266
0.635217
0.104961
-0.302469
-0.065249
0.249082
0.004713
0.444718
0.155071
-0.026458
-0.286148
-0.403800
-0.668084
-0.102888
-0.531676
0.328072
0.328266
0.635217
0.104961
-0.302469
-0.065249
0.249082
0.004713
0.444718
0.155071
-0.026458
-0.286148
-0.403800
-0.668084
-0.102888
-0.531676
0.328072
0.328266
0.635217
0.104961
-0.302469
-0.065249
0.249082
0.004713
0.444718
0.155071
-0.026458
-0.286148
-0.403800
-0.668084
-0.102888
-0.531676
0.328072
0.328266
0.635217
0.104961
-0.302469
-0.065249
0.249082
0.004713
0.444718
0.155071
-0.026458
-0.286148
-0.403800
-0.668084
-0.102888
-0.531676
0.328072
0.328266
0.635217
0.104961
-0.302469
-0.065249
0.249082
0.004713
0.444718
0.155071
-0.026458
-0.286148
-0.403800
-0.668084
-0.102888
-0.531676
0.328072
0.328266
0.635217
0.104961
-0.302469
-0.065249
0.249082
0.004713
0.444718
0.155071
-0.026458
-0.286148
-0.403800
-0.668084
-0.102888
-0.531676
0.328072
0.328266
0.635217
0.104961
-0.302469
-0.065249
0.249082
0.004713
0.444718
0.155071
-0.026458
-0.286148
-0.403800
-0.668084
-0.102888
-0.531676
0.328072
0.328266
0.635217
0.104961
-0.302469
-0.065249
0.249082
0.004713
0.444718
0.155071
-0.026458
-0.286148
-0.403800
-0.668084
-0.102888
-0.531676
0.328072
0.328266
0.635217
0.104961
-0.302469
-0.065249
0.249082
0.004713
0.444718
0.155071
-0.026458
-0.286148
-0.403800
-0.668084
-0.102888
-0.531676
0.328072
0.328266
0.635217
0.104961
-0.302469
-0.065249
0.249082
0.004713
0.444718
0.155071
-0.026458
-0.286148
-0.403800
-0.668084
-0.102888
-0.531676
0.328072
0.328266
0.635217
0.104961
-0.302469
-0.065249
0.249082
0.004713
0.444718
0.155071
-0.026458
-0.286148
-0.403800
-0.668084
-0.102888
-0.531676
0.328072
0.328266
0.635217
0.104961
-0.302469
-0.065249
0.249082
0.004713
0.444718
0.155071
-0.026458
-0.286148
-0.403800
-0.668084
-0.102888
-0.531676
0.328072
0.328266
0.635217
0.104961
-0.302469
-0.065249
0.249082
0.004713
0.444718
0.155071
-0.026458
-0.286148
-0.403800
-0.668084
-0.102888
-0.531676
0.328072
0.328266
0.635217
0.104961
-0.302469
-0.065249
0.249082
0.004713
0.444718
0.155071
-0.026458
-0.286148
-0.403800
-0.668084
-0.102888
-0.531676
0.328072
0.328266
0.635217
0.104961
-0.302469
-0.065249
0.249082
