2.534475
1.358243
67.940842
-83.610931
-213.258469
130.436813
-212.116104
169.152115
177.988892
-156.707977
62.179005
-134.443771
-314.224091
89.673698
233.751923
-171.938202
1.159085
0.141965
6.099268
3.863384
-3.517141
-5.497470
2.921879
-6.125667
-1.514394
6.845629
8.037625
2.714764
4.813416
-1.489225
-0.913817
5.059605
-1.153923
1.122613
-3.728253
-2.340144
-2.511345
-0.478977
-5.054329
-4.654187
0.047864
12.833527
11.553555
2.262118
4.740378
2.214534
2.288057
12.184196
-1.042027
-0.811057
-3.610527
-10.252340
7.574903
9.462778
0.327476
-6.273849
-2.180350
5.590033
6.969224
-2.959135
4.995302
3.846590
5.126287
-10.545262
-0.754508
-1.800677
-27.148182
31.765429
85.168335
-52.946358
82.809486
-68.750504
-69.114487
69.153290
-22.054184
51.395294
127.944435
-40.473629
-91.566231
67.160660
-0.967733
0.745389
-3.178335
6.736136
14.067893
-11.073907
13.031593
-11.564143
-10.738811
5.228784
-4.636418
9.450602
14.371856
-5.451918
-13.002831
12.569796
-0.807404
1.426452
-12.239959
22.202805
48.274220
-36.651585
52.038773
-43.856800
-41.305645
41.670536
-14.201275
31.838755
79.103729
-21.659512
-55.470192
47.800110
-0.171075
0.167237
-0.417576
-0.601267
0.683423
-0.195471
0.306232
0.196183
0.068826
-0.071377
0.533384
0.003465
-0.495722
0.085280
0.048976
0.153866
-0.171075
0.167237
-0.417576
-0.601267
0.683423
-0.195471
0.306232
0.196183
0.068826
-0.071377
0.533384
0.003465
-0.495722
0.085280
0.048976
0.153866
-0.171075
0.167237
-0.417576
-0.601267
0.683423
-0.195471
0.306232
0.196183
0.068826
-0.071377
0.533384
0.003465
-0.495722
0.085280
0.048976
0.153866
-0.171075
0.167237
-0.417576
-0.601267
0.683423
-0.195471
0.306232
0.196183
0.068826
-0.071377
0.533384
0.003465
-0.495722
0.085280
0.048976
0.153866
-0.171075
0.167237
-0.417576
-0.601267
0.683423
-0.195471
0.306232
0.196183
0.068826
-0.071377
0.533384
0.003465
-0.495722
0.085280
0.048976
0.153866
-0.171075
0.167237
-0.417576
-0.601267
0.683423
-0.195471
0.306232
0.196183
0.068826
-0.071377
0.533384
0.003465
-0.495722
0.085280
0.048976
0.153866
-0.171075
0.167237
-0.417576
-0.601267
0.683423
-0.195471
0.306232
0.196183
0.068826
-0.071377
0.533384
0.003465
-0.495722
0.085280
0.048976
0.153866
-0.171075
0.167237
-0.417576
-0.601267
0.683423
-0.195471
0.306232
0.196183
0.068826
-0.071377
0.533384
0.003465
-0.495722
0.085280
0.048976
0.153866
-0.171075
0.167237
-0.417576
-0.601267
0.683423
-0.195471
0.306232
0.196183
0.068826
-0.071377
0.533384
0.003465
-0.495722
0.085280
0.048976
0.153866
-0.171075
0.167237
-0.417576
-0.601267
0.683423
-0.195471
0.306232
0.196183
0.068826
-0.071377
0.533384
0.003465
-0.495722
0.085280
0.048976
0.153866
-0.171075
0.167237
-0.417576
-0.601267
0.683423
-0.195471
0.306232
0.196183
0.068826
-0.071377
0.533384
0.003465
-0.495722
0.085280
0.048976
0.153866
-0.171075
0.167237
-0.417576
-0.601267
0.683423
-0.195471
0.306232
0.196183
0.068826
-0.071377
0.533384
0.003465
-0.495722
0.085280
0.048976
0.153866
-0.171075
0.167237
-0.417576
-0.601267
0.683423
-0.195471
0.306232
0.196183
0.068826
-0.071377
0.533384
0.003465
-0.495722
0.085280
0.048976
0.153866
