1.118164
-0.144134
5.791878
-21.847080
-15.550299
24.133503
0.948318
3.356517
8.175756
-0.879993
-4.358138
-18.509607
-1.758996
0.541556
5.511183
-10.580861
-4.393370
2.700179
19.035870
-18.000916
-30.486908
9.743140
-29.920425
-2.386842
26.925646
3.675622
22.757650
-19.866924
-7.855400
-19.262430
21.116949
9.001441
-1.574572
1.955740
-12.851380
2.821636
10.569782
-6.058967
-5.806273
1.542114
4.533709
0.139603
-5.618185
-3.831575
0.967809
-7.692286
-9.809160
-2.546770
-0.320603
-1.401744
0.999286
-3.057269
1.527266
-2.452729
4.108279
-3.985278
-10.652222
-0.700706
-2.762839
11.937635
-2.966466
6.283025
-13.738331
3.787320
-0.925681
-3.134555
-110.115173
-29.149206
198.627914
137.411133
264.631561
117.461586
-218.548584
-103.535667
-159.973175
6.375077
211.885315
231.363464
-251.507736
-141.972610
1.574202
3.771322
43.308811
11.815040
-80.175926
-54.343765
-107.720062
-51.052486
90.525719
46.918766
62.902870
-3.953799
-79.572929
-102.586647
100.284004
60.677124
1.440173
-2.371739
6.407100
2.222414
-13.740071
-8.087235
-15.624437
-4.478244
10.234111
2.156630
8.327271
1.313187
-18.599062
-11.737558
16.894842
7.878037
-0.789507
-0.392547
23.128958
7.762527
-43.288719
-35.186378
-62.311260
-34.857117
51.708851
26.290632
40.385029
0.452640
-47.455132
-55.378010
59.045826
40.220280
-0.189372
-1.001538
0.192568
0.068255
-0.019100
0.499687
-0.167908
-0.847084
-0.122896
-0.107426
-0.794754
0.126006
-0.247066
-0.623382
-0.365725
-0.121428
-0.189372
-1.001538
0.192568
0.068255
-0.019100
0.499687
-0.167908
-0.847084
-0.122896
-0.107426
-0.794754
0.126006
-0.247066
-0.623382
-0.365725
-0.121428
-0.189372
-1.001538
0.192568
0.068255
-0.019100
0.499687
-0.167908
-0.847084
-0.122896
-0.107426
-0.794754
0.126006
-0.247066
-0.623382
-0.365725
-0.121428
-0.189372
-1.001538
0.192568
0.068255
-0.019100
0.499687
-0.167908
-0.847084
-0.122896
-0.107426
-0.794754
0.126006
-0.247066
-0.623382
-0.365725
-0.121428
-0.189372
-1.001538
0.192568
0.068255
-0.019100
0.499687
-0.167908
-0.847084
-0.122896
-0.107426
-0.794754
0.126006
-0.247066
-0.623382
-0.365725
-0.121428
-0.189372
-1.001538
0.192568
0.068255
-0.019100
0.499687
-0.167908
-0.847084
-0.122896
-0.107426
-0.794754
0.126006
-0.247066
-0.623382
-0.365725
-0.121428
-0.189372
-1.001538
0.192568
0.068255
-0.019100
0.499687
-0.167908
-0.847084
-0.122896
-0.107426
-0.794754
0.126006
-0.247066
-0.623382
-0.365725
-0.121428
-0.189372
-1.001538
0.192568
0.068255
-0.019100
0.499687
-0.167908
-0.847084
-0.122896
-0.107426
-0.794754
0.126006
-0.247066
-0.623382
-0.365725
-0.121428
-0.189372
-1.001538
0.192568
0.068255
-0.019100
0.499687
-0.167908
-0.847084
-0.122896
-0.107426
-0.794754
0.126006
-0.247066
-0.623382
-0.365725
-0.121428
-0.189372
-1.001538
0.192568
0.068255
-0.019100
0.499687
-0.167908
-0.847084
-0.122896
-0.107426
-0.794754
0.126006
-0.247066
-0.623382
-0.365725
-0.121428
-0.189372
-1.001538
0.192568
0.068255
-0.019100
0.499687
-0.167908
-0.847084
-0.122896
-0.107426
-0.794754
0.126006
-0.247066
-0.623382
-0.365725
-0.121428
-0.189372
-1.001538
0.192568
0.068255
-0.019100
0.499687
-0.167908
-0.847084
-0.122896
-0.107426
-0.794754
0.126006
-0.247066
-0.623382
-0.365725
-0.121428
