-1.188092
-1.110246
6.609992
-4.503920
-7.594707
8.699928
7.864161
-2.284652
-2.144896
2.016460
5.765575
6.623098
-1.129678
5.163821
9.947316
3.451999
0.641655
0.667009
-87.880188
11.155277
217.920212
65.844185
256.834137
23.050301
-191.886765
-26.157625
-116.448296
46.072350
245.879822
149.515839
-240.915070
-35.449944
1.240892
0.065867
66.607491
-5.127936
-167.694244
-51.702236
-197.641434
-19.825518
144.012772
24.366377
91.690651
-32.538883
-187.007462
-117.838287
185.750977
31.760225
-0.495017
0.776942
0.427869
-0.275230
0.203357
-0.438814
-0.467212
0.330138
-0.156084
0.146393
-0.608429
0.146198
0.261999
0.407169
-0.318409
0.231464
-0.495017
0.776942
0.427869
-0.275230
0.203357
-0.438814
-0.467212
0.330138
-0.156084
0.146393
-0.608429
0.146198
0.261999
0.407169
-0.318409
0.231464
-0.495017
0.776942
0.427869
-0.275230
0.203357
-0.438814
-0.467212
0.330138
-0.156084
0.146393
-0.608429
0.146198
0.261999
0.407169
-0.318409
0.231464
-0.495017
0.776942
0.427869
-0.275230
0.203357
-0.438814
-0.467212
0.330138
-0.156084
0.146393
-0.608429
0.146198
0.261999
0.407169
-0.318409
0.231464
-0.495017
0.776942
0.427869
-0.275230
0.203357
-0.438814
-0.467212
0.330138
-0.156084
0.146393
-0.608429
0.146198
0.261999
0.407169
-0.318409
0.231464
-0.495017
0.776942
0.427869
-0.275230
0.203357
-0.438814
-0.467212
0.330138
-0.156084
0.146393
-0.608429
0.146198
0.261999
0.407169
-0.318409
0.231464
-0.495017
0.776942
0.427869
-0.275230
0.203357
-0.438814
-0.467212
0.330138
-0.156084
0.146393
-0.608429
0.146198
0.261999
0.407169
-0.318409
0.231464
-0.495017
0.776942
0.427869
-0.275230
0.203357
-0.438814
-0.467212
0.330138
-0.156084
0.146393
-0.608429
0.146198
0.261999
0.407169
-0.318409
0.231464
-0.495017
0.776942
0.427869
-0.275230
0.203357
-0.438814
-0.467212
0.330138
-0.156084
0.146393
-0.608429
0.146198
0.261999
0.407169
-0.318409
0.231464
-0.495017
0.776942
0.427869
-0.275230
0.203357
-0.438814
-0.467212
0.330138
-0.156084
0.146393
-0.608429
0.146198
0.261999
0.407169
-0.318409
0.231464
-0.495017
0.776942
0.427869
-0.275230
0.203357
-0.438814
-0.467212
0.330138
-0.156084
0.146393
-0.608429
0.146198
0.261999
0.407169
-0.318409
0.231464
-0.495017
0.776942
0.427869
-0.275230
0.203357
-0.438814
-0.467212
0.330138
-0.156084
0.146393
-0.608429
0.146198
0.261999
0.407169
-0.318409
0.231464
-0.495017
0.776942
0.427869
-0.275230
0.203357
-0.438814
-0.467212
0.330138
-0.156084
0.146393
-0.608429
0.146198
0.261999
0.407169
-0.318409
0.231464
-0.495017
0.776942
0.427869
-0.275230
0.203357
-0.438814
-0.467212
0.330138
-0.156084
0.146393
-0.608429
0.146198
0.261999
0.407169
-0.318409
0.231464
-0.495017
0.776942
0.427869
-0.275230
0.203357
-0.438814
-0.467212
0.330138
-0.156084
0.146393
-0.608429
0.146198
0.261999
0.407169
-0.318409
0.231464
-0.495017
0.776942
0.427869
-0.275230
0.203357
-0.438814
-0.467212
0.330138
-0.156084
0.146393
-0.608429
0.146198
0.261999
0.407169
-0.318409
0.231464
-0.495017
0.776942
0.427869
-0.275230
0.203357
-0.438814
-0.467212
0.330138
-0.156084
0.146393
-0.608429
0.146198
0.261999
0.407169
-0.318409
0.231464
