-24.917421
-13.802265
-5665.108398
-2448.721680
50.489822
3437.721924
-5611.320313
1833.733398
3564.492188
-840.404846
5232.215820
-2587.793457
120.576462
139.991928
2036.783813
4792.679688
-1.383560
0.651640
-59.363079
7.865366
19.991009
30.566690
-9.750530
-22.956978
-28.839506
-5.242543
68.352829
28.865377
2.323778
-0.192558
24.352413
-26.777958
0.173819
0.130381
23.111059
-5.521986
-10.607273
-12.201097
3.431937
8.476828
9.624980
1.166123
-29.094126
-7.419658
0.412064
-0.787226
-10.151596
11.291699
9.269860
6.138559
2227.036377
1139.025513
46.254066
-1397.474609
2383.931152
-596.218689
-1369.685913
344.972687
-2150.894043
819.465393
-42.278667
-129.549500
-651.845215
-2019.918335
4.734490
4.037080
1324.229980
742.704895
89.668602
-847.373413
1382.433105
-310.313965
-950.904236
44.283932
-1372.038818
563.422607
-36.304066
5.207521
-412.198273
-1217.073730
-0.533830
-3.652525
139.017303
38.201649
-13.258323
-79.581406
120.099922
-58.879574
-81.891632
29.475559
-109.802055
77.804665
-5.676947
-1.163639
-59.907108
-98.845650
1.587713
0.840527
371.307251
69.355240
-50.122444
-198.845627
307.978821
-184.044662
-197.005753
97.543037
-281.614441
218.449783
-5.084414
-4.028975
-184.771103
-257.708313
4.909707
0.559841
318.894623
90.762421
-23.310158
-176.833313
278.911499
-134.779114
-198.267746
61.806953
-262.853638
184.639069
-6.374758
1.176497
-144.955673
-236.457687
-0.241738
1.047022
-0.401435
-1.202136
-0.847632
0.865750
-1.065942
-0.099366
0.734569
0.441154
1.001816
-0.134441
0.089912
0.348653
-0.227732
1.312970
-0.241738
1.047022
-0.401435
-1.202136
-0.847632
0.865750
-1.065942
-0.099366
0.734569
0.441154
1.001816
-0.134441
0.089912
0.348653
-0.227732
1.312970
-0.241738
1.047022
-0.401435
-1.202136
-0.847632
0.865750
-1.065942
-0.099366
0.734569
0.441154
1.001816
-0.134441
0.089912
0.348653
-0.227732
1.312970
-0.241738
1.047022
-0.401435
-1.202136
-0.847632
0.865750
-1.065942
-0.099366
0.734569
0.441154
1.001816
-0.134441
0.089912
0.348653
-0.227732
1.312970
-0.241738
1.047022
-0.401435
-1.202136
-0.847632
0.865750
-1.065942
-0.099366
0.734569
0.441154
1.001816
-0.134441
0.089912
0.348653
-0.227732
1.312970
-0.241738
1.047022
-0.401435
-1.202136
-0.847632
0.865750
-1.065942
-0.099366
0.734569
0.441154
1.001816
-0.134441
0.089912
0.348653
-0.227732
1.312970
-0.241738
1.047022
-0.401435
-1.202136
-0.847632
0.865750
-1.065942
-0.099366
0.734569
0.441154
1.001816
-0.134441
0.089912
0.348653
-0.227732
1.312970
-0.241738
1.047022
-0.401435
-1.202136
-0.847632
0.865750
-1.065942
-0.099366
0.734569
0.441154
1.001816
-0.134441
0.089912
0.348653
-0.227732
1.312970
-0.241738
1.047022
-0.401435
-1.202136
-0.847632
0.865750
-1.065942
-0.099366
0.734569
0.441154
1.001816
-0.134441
0.089912
0.348653
-0.227732
1.312970
-0.241738
1.047022
-0.401435
-1.202136
-0.847632
0.865750
-1.065942
-0.099366
0.734569
0.441154
1.001816
-0.134441
0.089912
0.348653
-0.227732
1.312970
-0.241738
1.047022
-0.401435
-1.202136
-0.847632
0.865750
-1.065942
-0.099366
0.734569
0.441154
1.001816
-0.134441
0.089912
0.348653
-0.227732
1.312970
-0.241738
1.047022
-0.401435
-1.202136
-0.847632
0.865750
-1.065942
-0.099366
0.734569
0.441154
1.001816
-0.134441
0.089912
0.348653
-0.227732
1.312970
