1.877498
-2.283665
-45.804752
-67.594017
-91.278175
179.874268
-74.650604
90.524178
-29.163942
-43.587784
-1.999080
-60.568317
-190.756348
118.942772
65.771439
-154.980316
-1.108162
-3.118419
0.474340
6.736620
16.113350
-11.505000
8.071001
-5.883894
4.045110
4.912608
-3.573285
4.094104
21.593948
-9.773964
-12.579286
13.862934
-1.141299
3.378902
31.956133
45.385376
66.138977
-128.368958
54.323944
-63.991550
21.914705
33.491787
3.666057
44.460388
141.656418
-83.974800
-51.977715
109.699577
-1.145608
-0.182608
-0.730829
0.816827
0.450609
-0.289387
0.435017
-1.026884
0.037275
-0.048592
0.374241
0.321178
-0.328644
-0.129482
0.307419
0.379094
-1.145608
-0.182608
-0.730829
0.816827
0.450609
-0.289387
0.435017
-1.026884
0.037275
-0.048592
0.374241
0.321178
-0.328644
-0.129482
0.307419
0.379094
-1.145608
-0.182608
-0.730829
0.816827
0.450609
-0.289387
0.435017
-1.026884
0.037275
-0.048592
0.374241
0.321178
-0.328644
-0.129482
0.307419
0.379094
-1.145608
-0.182608
-0.730829
0.816827
0.450609
-0.289387
0.435017
-1.026884
0.037275
-0.048592
0.374241
0.321178
-0.328644
-0.129482
0.307419
0.379094
-1.145608
-0.182608
-0.730829
0.816827
0.450609
-0.289387
0.435017
-1.026884
0.037275
-0.048592
0.374241
0.321178
-0.328644
-0.129482
0.307419
0.379094
-1.145608
-0.182608
-0.730829
0.816827
0.450609
-0.289387
0.435017
-1.026884
0.037275
-0.048592
0.374241
0.321178
-0.328644
-0.129482
0.307419
0.379094
-1.145608
-0.182608
-0.730829
0.816827
0.450609
-0.289387
0.435017
-1.026884
0.037275
-0.048592
0.374241
0.321178
-0.328644
-0.129482
0.307419
0.379094
-1.145608
-0.182608
-0.730829
0.816827
0.450609
-0.289387
0.435017
-1.026884
0.037275
-0.048592
0.374241
0.321178
-0.328644
-0.129482
0.307419
0.379094
-1.145608
-0.182608
-0.730829
0.816827
0.450609
-0.289387
0.435017
-1.026884
0.037275
-0.048592
0.374241
0.321178
-0.328644
-0.129482
0.307419
0.379094
-1.145608
-0.182608
-0.730829
0.816827
0.450609
-0.289387
0.435017
-1.026884
0.037275
-0.048592
0.374241
0.321178
-0.328644
-0.129482
0.307419
0.379094
-1.145608
-0.182608
-0.730829
0.816827
0.450609
-0.289387
0.435017
-1.026884
0.037275
-0.048592
0.374241
0.321178
-0.328644
-0.129482
0.307419
0.379094
-1.145608
-0.182608
-0.730829
0.816827
0.450609
-0.289387
0.435017
-1.026884
0.037275
-0.048592
0.374241
0.321178
-0.328644
-0.129482
0.307419
0.379094
-1.145608
-0.182608
-0.730829
0.816827
0.450609
-0.289387
0.435017
-1.026884
0.037275
-0.048592
0.374241
0.321178
-0.328644
-0.129482
0.307419
0.379094
-1.145608
-0.182608
-0.730829
0.816827
0.450609
-0.289387
0.435017
-1.026884
0.037275
-0.048592
0.374241
0.321178
-0.328644
-0.129482
0.307419
0.379094
-1.145608
-0.182608
-0.730829
0.816827
0.450609
-0.289387
0.435017
-1.026884
0.037275
-0.048592
0.374241
0.321178
-0.328644
-0.129482
0.307419
0.379094
-1.145608
-0.182608
-0.730829
0.816827
0.450609
-0.289387
0.435017
-1.026884
0.037275
-0.048592
0.374241
0.321178
-0.328644
-0.129482
0.307419
0.379094
-1.145608
-0.182608
-0.730829
0.816827
0.450609
-0.289387
0.435017
-1.026884
0.037275
-0.048592
0.374241
0.321178
-0.328644
-0.129482
0.307419
0.379094
