1.726534
4.356823
5.067175
53.100719
156.366531
-76.993820
84.527618
-20.097572
11.739449
35.844696
-24.553041
33.067940
197.720276
20.516096
-111.667358
63.813087
-1.125805
-0.876637
-5.750892
-52.558105
-152.978195
77.524834
-78.549728
19.447783
-12.360595
-35.508121
21.964613
-30.722212
-195.426514
-24.068754
106.955154
-60.251614
0.221252
0.261153
0.523471
-0.034313
-0.534716
-0.120640
0.446728
0.236919
0.435940
-0.264093
0.535394
-0.123704
-0.041647
0.015819
0.114305
0.165093
0.221252
0.261153
0.523471
-0.034313
-0.534716
-0.120640
0.446728
0.236919
0.435940
-0.264093
0.535394
-0.123704
-0.041647
0.015819
0.114305
0.165093
0.221252
0.261153
0.523471
-0.034313
-0.534716
-0.120640
0.446728
0.236919
0.435940
-0.264093
0.535394
-0.123704
-0.041647
0.015819
0.114305
0.165093
0.221252
0.261153
0.523471
-0.034313
-0.534716
-0.120640
0.446728
0.236919
0.435940
-0.264093
0.535394
-0.123704
-0.041647
0.015819
0.114305
0.165093
0.221252
0.261153
0.523471
-0.034313
-0.534716
-0.120640
0.446728
0.236919
0.435940
-0.264093
0.535394
-0.123704
-0.041647
0.015819
0.114305
0.165093
0.221252
0.261153
0.523471
-0.034313
-0.534716
-0.120640
0.446728
0.236919
0.435940
-0.264093
0.535394
-0.123704
-0.041647
0.015819
0.114305
0.165093
0.221252
0.261153
0.523471
-0.034313
-0.534716
-0.120640
0.446728
0.236919
0.435940
-0.264093
0.535394
-0.123704
-0.041647
0.015819
0.114305
0.165093
0.221252
0.261153
0.523471
-0.034313
-0.534716
-0.120640
0.446728
0.236919
0.435940
-0.264093
0.535394
-0.123704
-0.041647
0.015819
0.114305
0.165093
0.221252
0.261153
0.523471
-0.034313
-0.534716
-0.120640
0.446728
0.236919
0.435940
-0.264093
0.535394
-0.123704
-0.041647
0.015819
0.114305
0.165093
0.221252
0.261153
0.523471
-0.034313
-0.534716
-0.120640
0.446728
0.236919
0.435940
-0.264093
0.535394
-0.123704
-0.041647
0.015819
0.114305
0.165093
0.221252
0.261153
0.523471
-0.034313
-0.534716
-0.120640
0.446728
0.236919
0.435940
-0.264093
0.535394
-0.123704
-0.041647
0.015819
0.114305
0.165093
0.221252
0.261153
0.523471
-0.034313
-0.534716
-0.120640
0.446728
0.236919
0.435940
-0.264093
0.535394
-0.123704
-0.041647
0.015819
0.114305
0.165093
0.221252
0.261153
0.523471
-0.034313
-0.534716
-0.120640
0.446728
0.236919
0.435940
-0.264093
0.535394
-0.123704
-0.041647
0.015819
0.114305
0.165093
0.221252
0.261153
0.523471
-0.034313
-0.534716
-0.120640
0.446728
0.236919
0.435940
-0.264093
0.535394
-0.123704
-0.041647
0.015819
0.114305
0.165093
0.221252
0.261153
0.523471
-0.034313
-0.534716
-0.120640
0.446728
0.236919
0.435940
-0.264093
0.535394
-0.123704
-0.041647
0.015819
0.114305
0.165093
0.221252
0.261153
0.523471
-0.034313
-0.534716
-0.120640
0.446728
0.236919
0.435940
-0.264093
0.535394
-0.123704
-0.041647
0.015819
0.114305
0.165093
0.221252
0.261153
0.523471
-0.034313
-0.534716
-0.120640
0.446728
0.236919
0.435940
-0.264093
0.535394
-0.123704
-0.041647
0.015819
0.114305
0.165093
0.221252
0.261153
0.523471
-0.034313
-0.534716
-0.120640
0.446728
0.236919
0.435940
-0.264093
0.535394
-0.123704
-0.041647
0.015819
0.114305
0.165093
