-0.837319
-4.358822
3.466216
3.491109
2.285196
0.899318
-1.683866
5.427725
3.481393
-10.784664
-9.956749
-6.125955
-5.657441
-5.303207
6.192618
-10.033520
-0.633874
1.618173
-11.690258
100.241875
198.040985
-19.776880
106.560173
36.911469
-9.827915
24.001381
-38.502583
23.926270
172.369705
137.642227
-166.473495
14.199848
-4.064647
-2.679908
7.757911
-44.982082
-92.942795
3.370909
-49.785145
-18.539165
5.926812
-15.815184
18.471640
-10.621825
-77.922218
-66.680069
78.819176
-7.095764
-1.316273
-3.770662
2.926090
-17.987589
-39.524525
3.633886
-22.619801
-8.787048
1.553734
-4.811825
6.744595
-2.912930
-32.297871
-31.794853
34.618935
-0.158996
0.163790
0.584855
0.102429
0.909962
-0.113210
0.029166
-0.136601
-0.013019
0.044356
-0.017465
0.334411
0.336220
0.379393
0.856575
0.818415
0.310623
0.163790
0.584855
0.102429
0.909962
-0.113210
0.029166
-0.136601
-0.013019
0.044356
-0.017465
0.334411
0.336220
0.379393
0.856575
0.818415
0.310623
0.163790
0.584855
0.102429
0.909962
-0.113210
0.029166
-0.136601
-0.013019
0.044356
-0.017465
0.334411
0.336220
0.379393
0.856575
0.818415
0.310623
0.163790
0.584855
0.102429
0.909962
-0.113210
0.029166
-0.136601
-0.013019
0.044356
-0.017465
0.334411
0.336220
0.379393
0.856575
0.818415
0.310623
0.163790
0.584855
0.102429
0.909962
-0.113210
0.029166
-0.136601
-0.013019
0.044356
-0.017465
0.334411
0.336220
0.379393
0.856575
0.818415
0.310623
0.163790
0.584855
0.102429
0.909962
-0.113210
0.029166
-0.136601
-0.013019
0.044356
-0.017465
0.334411
0.336220
0.379393
0.856575
0.818415
0.310623
0.163790
0.584855
0.102429
0.909962
-0.113210
0.029166
-0.136601
-0.013019
0.044356
-0.017465
0.334411
0.336220
0.379393
0.856575
0.818415
0.310623
0.163790
0.584855
0.102429
0.909962
-0.113210
0.029166
-0.136601
-0.013019
0.044356
-0.017465
0.334411
0.336220
0.379393
0.856575
0.818415
0.310623
0.163790
0.584855
0.102429
0.909962
-0.113210
0.029166
-0.136601
-0.013019
0.044356
-0.017465
0.334411
0.336220
0.379393
0.856575
0.818415
0.310623
0.163790
0.584855
0.102429
0.909962
-0.113210
0.029166
-0.136601
-0.013019
0.044356
-0.017465
0.334411
0.336220
0.379393
0.856575
0.818415
0.310623
0.163790
0.584855
0.102429
0.909962
-0.113210
0.029166
-0.136601
-0.013019
0.044356
-0.017465
0.334411
0.336220
0.379393
0.856575
0.818415
0.310623
0.163790
0.584855
0.102429
0.909962
-0.113210
0.029166
-0.136601
-0.013019
0.044356
-0.017465
0.334411
0.336220
0.379393
0.856575
0.818415
0.310623
0.163790
0.584855
0.102429
0.909962
-0.113210
0.029166
-0.136601
-0.013019
0.044356
-0.017465
0.334411
0.336220
0.379393
0.856575
0.818415
0.310623
0.163790
0.584855
0.102429
0.909962
-0.113210
0.029166
-0.136601
-0.013019
0.044356
-0.017465
0.334411
0.336220
0.379393
0.856575
0.818415
0.310623
0.163790
0.584855
0.102429
0.909962
-0.113210
0.029166
-0.136601
-0.013019
0.044356
-0.017465
0.334411
0.336220
0.379393
0.856575
0.818415
0.310623
0.163790
0.584855
0.102429
0.909962
-0.113210
0.029166
-0.136601
-0.013019
0.044356
-0.017465
0.334411
0.336220
0.379393
0.856575
0.818415
0.310623
