-0.523678
-0.632276
4.447131
3.032875
-1.323593
-5.746587
-0.414299
-6.956009
-1.550579
7.407232
4.327266
4.716286
2.234616
-2.103768
-1.137186
2.810581
-1.290614
0.492879
-1.718007
1.566942
2.709221
4.202903
-5.272392
3.744218
13.999696
-0.545339
-0.026270
-11.219688
0.550297
-8.574382
10.308365
-2.266827
-1.853553
-1.204714
-73.154366
42.270840
145.518585
174.505447
67.554733
112.319565
-33.383339
12.935804
-64.454834
-23.673002
22.574596
251.164185
-143.700027
-129.419464
-1.934968
0.759367
29.482311
-13.758889
-56.058182
-66.230339
-25.403013
-43.982170
10.448152
-5.976623
22.732929
7.181832
-12.055737
-88.569824
55.495392
49.282940
2.653985
-0.412250
21.226690
-14.555882
-40.664421
-48.102512
-20.072111
-30.482203
10.410973
-1.732189
18.904518
2.280250
-4.909501
-71.460236
36.041763
31.978266
0.249995
0.112944
-0.030969
0.507271
-0.416270
0.047813
0.183235
-0.174406
0.314124
0.000316
-0.234385
0.075020
0.232702
0.445734
0.588761
0.028460
0.249995
0.112944
-0.030969
0.507271
-0.416270
0.047813
0.183235
-0.174406
0.314124
0.000316
-0.234385
0.075020
0.232702
0.445734
0.588761
0.028460
0.249995
0.112944
-0.030969
0.507271
-0.416270
0.047813
0.183235
-0.174406
0.314124
0.000316
-0.234385
0.075020
0.232702
0.445734
0.588761
0.028460
0.249995
0.112944
-0.030969
0.507271
-0.416270
0.047813
0.183235
-0.174406
0.314124
0.000316
-0.234385
0.075020
0.232702
0.445734
0.588761
0.028460
0.249995
0.112944
-0.030969
0.507271
-0.416270
0.047813
0.183235
-0.174406
0.314124
0.000316
-0.234385
0.075020
0.232702
0.445734
0.588761
0.028460
0.249995
0.112944
-0.030969
0.507271
-0.416270
0.047813
0.183235
-0.174406
0.314124
0.000316
-0.234385
0.075020
0.232702
0.445734
0.588761
0.028460
0.249995
0.112944
-0.030969
0.507271
-0.416270
0.047813
0.183235
-0.174406
0.314124
0.000316
-0.234385
0.075020
0.232702
0.445734
0.588761
0.028460
0.249995
0.112944
-0.030969
0.507271
-0.416270
0.047813
0.183235
-0.174406
0.314124
0.000316
-0.234385
0.075020
0.232702
0.445734
0.588761
0.028460
0.249995
0.112944
-0.030969
0.507271
-0.416270
0.047813
0.183235
-0.174406
0.314124
0.000316
-0.234385
0.075020
0.232702
0.445734
0.588761
0.028460
0.249995
0.112944
-0.030969
0.507271
-0.416270
0.047813
0.183235
-0.174406
0.314124
0.000316
-0.234385
0.075020
0.232702
0.445734
0.588761
0.028460
0.249995
0.112944
-0.030969
0.507271
-0.416270
0.047813
0.183235
-0.174406
0.314124
0.000316
-0.234385
0.075020
0.232702
0.445734
0.588761
0.028460
0.249995
0.112944
-0.030969
0.507271
-0.416270
0.047813
0.183235
-0.174406
0.314124
0.000316
-0.234385
0.075020
0.232702
0.445734
0.588761
0.028460
0.249995
0.112944
-0.030969
0.507271
-0.416270
0.047813
0.183235
-0.174406
0.314124
0.000316
-0.234385
0.075020
0.232702
0.445734
0.588761
0.028460
0.249995
0.112944
-0.030969
0.507271
-0.416270
0.047813
0.183235
-0.174406
0.314124
0.000316
-0.234385
0.075020
0.232702
0.445734
0.588761
0.028460
0.249995
0.112944
-0.030969
0.507271
-0.416270
0.047813
0.183235
-0.174406
0.314124
0.000316
-0.234385
0.075020
0.232702
0.445734
0.588761
0.028460
