-8.032570
-1.348752
48.126682
9.924339
-25.473326
-3.139126
-4.164723
15.465444
-14.035002
-5.879852
19.342413
-3.464851
10.983956
18.785545
-7.650196
-22.466856
8.117461
-28.503834
747.905273
-6583.099609
-3054.791260
1055.639648
-2962.183838
-4159.839844
683.988586
3615.531982
4353.290039
4818.331055
462.522827
338.467499
-4144.264160
3675.435791
-0.307252
2.924651
-13.635481
59.801567
32.026424
-11.011475
-19.909624
3.585919
1.409026
27.678005
47.901394
-62.263733
3.067822
5.373510
-13.237815
-36.186634
0.543318
-2.672671
13.445537
-55.360455
-27.895575
9.317077
17.825747
-4.154260
0.594379
-23.314192
-43.330635
57.043648
-3.451852
-1.895931
10.584445
31.514357
-7.315261
25.155703
-688.320190
5984.195801
2766.576904
-950.351746
2689.284180
3792.372070
-623.421387
-3268.317383
-3956.623779
-4375.569824
-416.900574
-304.561829
3760.759033
-3328.593506
-0.969765
-0.064427
1.382777
-1.484419
-0.550094
-0.163118
0.332296
-1.947484
-0.379490
0.596385
-0.138914
1.602772
0.057145
0.214927
-1.826298
-0.118869
-0.969765
-0.064427
1.382777
-1.484419
-0.550094
-0.163118
0.332296
-1.947484
-0.379490
0.596385
-0.138914
1.602772
0.057145
0.214927
-1.826298
-0.118869
-0.969765
-0.064427
1.382777
-1.484419
-0.550094
-0.163118
0.332296
-1.947484
-0.379490
0.596385
-0.138914
1.602772
0.057145
0.214927
-1.826298
-0.118869
-0.969765
-0.064427
1.382777
-1.484419
-0.550094
-0.163118
0.332296
-1.947484
-0.379490
0.596385
-0.138914
1.602772
0.057145
0.214927
-1.826298
-0.118869
-0.969765
-0.064427
1.382777
-1.484419
-0.550094
-0.163118
0.332296
-1.947484
-0.379490
0.596385
-0.138914
1.602772
0.057145
0.214927
-1.826298
-0.118869
-0.969765
-0.064427
1.382777
-1.484419
-0.550094
-0.163118
0.332296
-1.947484
-0.379490
0.596385
-0.138914
1.602772
0.057145
0.214927
-1.826298
-0.118869
-0.969765
-0.064427
1.382777
-1.484419
-0.550094
-0.163118
0.332296
-1.947484
-0.379490
0.596385
-0.138914
1.602772
0.057145
0.214927
-1.826298
-0.118869
-0.969765
-0.064427
1.382777
-1.484419
-0.550094
-0.163118
0.332296
-1.947484
-0.379490
0.596385
-0.138914
1.602772
0.057145
0.214927
-1.826298
-0.118869
-0.969765
-0.064427
1.382777
-1.484419
-0.550094
-0.163118
0.332296
-1.947484
-0.379490
0.596385
-0.138914
1.602772
0.057145
0.214927
-1.826298
-0.118869
-0.969765
-0.064427
1.382777
-1.484419
-0.550094
-0.163118
0.332296
-1.947484
-0.379490
0.596385
-0.138914
1.602772
0.057145
0.214927
-1.826298
-0.118869
-0.969765
-0.064427
1.382777
-1.484419
-0.550094
-0.163118
0.332296
-1.947484
-0.379490
0.596385
-0.138914
1.602772
0.057145
0.214927
-1.826298
-0.118869
-0.969765
-0.064427
1.382777
-1.484419
-0.550094
-0.163118
0.332296
-1.947484
-0.379490
0.596385
-0.138914
1.602772
0.057145
0.214927
-1.826298
-0.118869
-0.969765
-0.064427
1.382777
-1.484419
-0.550094
-0.163118
0.332296
-1.947484
-0.379490
0.596385
-0.138914
1.602772
0.057145
0.214927
-1.826298
-0.118869
-0.969765
-0.064427
1.382777
-1.484419
-0.550094
-0.163118
0.332296
-1.947484
-0.379490
0.596385
-0.138914
1.602772
0.057145
0.214927
-1.826298
-0.118869
-0.969765
-0.064427
1.382777
-1.484419
-0.550094
-0.163118
0.332296
-1.947484
-0.379490
0.596385
-0.138914
1.602772
0.057145
0.214927
-1.826298
-0.118869
