-1.206538
0.040335
-5.082413
3.221797
2.619539
1.404403
3.610301
5.128500
-5.244814
-4.685757
-4.379146
1.929282
3.099728
6.983652
-1.462984
-3.078347
1.417947
-2.463097
-73.238472
7.532520
47.416676
202.515259
10.720893
88.112831
-27.530403
9.360255
-21.084719
-32.815144
-86.187820
216.824310
-57.847347
-149.412994
-3.029729
-3.056486
25.243315
-3.036366
-16.510685
-71.919365
-0.970636
-32.993439
8.836660
-2.249929
6.175957
11.864426
32.174641
-82.858688
21.170523
56.801548
1.999705
1.731802
23.571405
-7.288233
-20.460001
-51.178238
-9.376327
-18.775730
5.570687
-4.132333
3.884642
6.819844
26.399120
-62.170662
11.580256
38.314281
0.002546
0.199865
-0.962610
-0.855995
0.606817
0.455407
0.933217
0.121311
0.287140
-0.208809
-0.721810
-0.041971
-0.094263
-1.462149
-0.414535
0.418361
0.002546
0.199865
-0.962610
-0.855995
0.606817
0.455407
0.933217
0.121311
0.287140
-0.208809
-0.721810
-0.041971
-0.094263
-1.462149
-0.414535
0.418361
0.002546
0.199865
-0.962610
-0.855995
0.606817
0.455407
0.933217
0.121311
0.287140
-0.208809
-0.721810
-0.041971
-0.094263
-1.462149
-0.414535
0.418361
0.002546
0.199865
-0.962610
-0.855995
0.606817
0.455407
0.933217
0.121311
0.287140
-0.208809
-0.721810
-0.041971
-0.094263
-1.462149
-0.414535
0.418361
0.002546
0.199865
-0.962610
-0.855995
0.606817
0.455407
0.933217
0.121311
0.287140
-0.208809
-0.721810
-0.041971
-0.094263
-1.462149
-0.414535
0.418361
0.002546
0.199865
-0.962610
-0.855995
0.606817
0.455407
0.933217
0.121311
0.287140
-0.208809
-0.721810
-0.041971
-0.094263
-1.462149
-0.414535
0.418361
0.002546
0.199865
-0.962610
-0.855995
0.606817
0.455407
0.933217
0.121311
0.287140
-0.208809
-0.721810
-0.041971
-0.094263
-1.462149
-0.414535
0.418361
0.002546
0.199865
-0.962610
-0.855995
0.606817
0.455407
0.933217
0.121311
0.287140
-0.208809
-0.721810
-0.041971
-0.094263
-1.462149
-0.414535
0.418361
0.002546
0.199865
-0.962610
-0.855995
0.606817
0.455407
0.933217
0.121311
0.287140
-0.208809
-0.721810
-0.041971
-0.094263
-1.462149
-0.414535
0.418361
0.002546
0.199865
-0.962610
-0.855995
0.606817
0.455407
0.933217
0.121311
0.287140
-0.208809
-0.721810
-0.041971
-0.094263
-1.462149
-0.414535
0.418361
0.002546
0.199865
-0.962610
-0.855995
0.606817
0.455407
0.933217
0.121311
0.287140
-0.208809
-0.721810
-0.041971
-0.094263
-1.462149
-0.414535
0.418361
0.002546
0.199865
-0.962610
-0.855995
0.606817
0.455407
0.933217
0.121311
0.287140
-0.208809
-0.721810
-0.041971
-0.094263
-1.462149
-0.414535
0.418361
0.002546
0.199865
-0.962610
-0.855995
0.606817
0.455407
0.933217
0.121311
0.287140
-0.208809
-0.721810
-0.041971
-0.094263
-1.462149
-0.414535
0.418361
0.002546
0.199865
-0.962610
-0.855995
0.606817
0.455407
0.933217
0.121311
0.287140
-0.208809
-0.721810
-0.041971
-0.094263
-1.462149
-0.414535
0.418361
0.002546
0.199865
-0.962610
-0.855995
0.606817
0.455407
0.933217
0.121311
0.287140
-0.208809
-0.721810
-0.041971
-0.094263
-1.462149
-0.414535
0.418361
0.002546
0.199865
-0.962610
-0.855995
0.606817
0.455407
0.933217
0.121311
0.287140
-0.208809
-0.721810
-0.041971
-0.094263
-1.462149
-0.414535
0.418361
