0.963462
0.191444
5.754463
1.986799
-2.702679
-0.651835
-3.096703
-3.241973
-4.571358
3.784741
0.754782
0.274644
-1.336661
-2.467393
2.204556
3.422025
1.409350
-1.525883
-113.089188
-44.253887
-135.352188
20.853592
139.423126
62.461735
-87.466881
-74.286179
-22.231283
75.715981
128.684204
100.542648
143.733719
-58.614689
0.243708
-0.226503
-3.632891
5.508639
-3.920638
5.932686
4.194000
-1.888579
-4.477609
-1.611636
2.718346
6.214292
3.471009
-0.497342
3.196873
-3.599477
0.516065
1.548416
44.652660
15.214884
52.591347
-10.611306
-54.041595
-21.196877
39.200878
29.739126
8.597364
-30.803686
-57.076801
-35.657948
-60.518883
24.565605
-1.084447
1.276291
27.815657
6.611162
34.303585
-7.306328
-39.133461
-13.876897
22.303606
14.740068
5.793525
-16.677902
-32.241051
-24.089943
-33.032307
17.786520
0.087196
1.132071
-0.081138
-0.437971
0.296831
-0.198776
-0.288429
1.307963
-0.687737
-0.291997
-0.222766
-0.214168
0.965851
-0.473414
0.089334
-0.567263
0.087196
1.132071
-0.081138
-0.437971
0.296831
-0.198776
-0.288429
1.307963
-0.687737
-0.291997
-0.222766
-0.214168
0.965851
-0.473414
0.089334
-0.567263
0.087196
1.132071
-0.081138
-0.437971
0.296831
-0.198776
-0.288429
1.307963
-0.687737
-0.291997
-0.222766
-0.214168
0.965851
-0.473414
0.089334
-0.567263
0.087196
1.132071
-0.081138
-0.437971
0.296831
-0.198776
-0.288429
1.307963
-0.687737
-0.291997
-0.222766
-0.214168
0.965851
-0.473414
0.089334
-0.567263
0.087196
1.132071
-0.081138
-0.437971
0.296831
-0.198776
-0.288429
1.307963
-0.687737
-0.291997
-0.222766
-0.214168
0.965851
-0.473414
0.089334
-0.567263
0.087196
1.132071
-0.081138
-0.437971
0.296831
-0.198776
-0.288429
1.307963
-0.687737
-0.291997
-0.222766
-0.214168
0.965851
-0.473414
0.089334
-0.567263
0.087196
1.132071
-0.081138
-0.437971
0.296831
-0.198776
-0.288429
1.307963
-0.687737
-0.291997
-0.222766
-0.214168
0.965851
-0.473414
0.089334
-0.567263
0.087196
1.132071
-0.081138
-0.437971
0.296831
-0.198776
-0.288429
1.307963
-0.687737
-0.291997
-0.222766
-0.214168
0.965851
-0.473414
0.089334
-0.567263
0.087196
1.132071
-0.081138
-0.437971
0.296831
-0.198776
-0.288429
1.307963
-0.687737
-0.291997
-0.222766
-0.214168
0.965851
-0.473414
0.089334
-0.567263
0.087196
1.132071
-0.081138
-0.437971
0.296831
-0.198776
-0.288429
1.307963
-0.687737
-0.291997
-0.222766
-0.214168
0.965851
-0.473414
0.089334
-0.567263
0.087196
1.132071
-0.081138
-0.437971
0.296831
-0.198776
-0.288429
1.307963
-0.687737
-0.291997
-0.222766
-0.214168
0.965851
-0.473414
0.089334
-0.567263
0.087196
1.132071
-0.081138
-0.437971
0.296831
-0.198776
-0.288429
1.307963
-0.687737
-0.291997
-0.222766
-0.214168
0.965851
-0.473414
0.089334
-0.567263
0.087196
1.132071
-0.081138
-0.437971
0.296831
-0.198776
-0.288429
1.307963
-0.687737
-0.291997
-0.222766
-0.214168
0.965851
-0.473414
0.089334
-0.567263
0.087196
1.132071
-0.081138
-0.437971
0.296831
-0.198776
-0.288429
1.307963
-0.687737
-0.291997
-0.222766
-0.214168
0.965851
-0.473414
0.089334
-0.567263
0.087196
1.132071
-0.081138
-0.437971
0.296831
-0.198776
-0.288429
1.307963
-0.687737
-0.291997
-0.222766
-0.214168
0.965851
-0.473414
0.089334
-0.567263
