-1.706021
0.472133
2.920090
-20.913275
-10.969316
-28.373903
3.795175
-3.970635
5.809920
2.594374
-18.306925
9.369760
-9.152849
-4.334798
2.923824
6.695734
-1.481385
-0.135534
5.498278
4.160867
6.499918
2.938176
-1.250208
-1.727291
0.804646
5.086163
3.960804
-2.638563
0.927417
-5.684100
-3.721148
-0.542262
0.875416
-1.728079
69.016335
96.713501
129.192841
74.748787
-92.438980
-147.157394
35.634075
114.992096
75.456619
-55.177486
-46.481670
-162.800827
-176.690567
-40.177326
-0.063635
1.755986
-34.675797
-45.090096
-55.422642
-32.741680
44.766750
68.426170
-17.272211
-49.116192
-33.975510
26.996769
22.891184
69.603813
77.178360
13.040226
-0.860539
1.100083
-12.987639
-18.098734
-31.062061
-15.125525
21.726892
26.243448
-8.507727
-26.432659
-17.065247
12.689116
11.209888
34.913456
41.987015
9.595951
0.791952
-0.595830
0.069621
0.707661
-0.048865
0.027251
0.041500
-0.322098
0.097006
-0.662068
0.436390
0.330374
0.098449
0.236516
0.358441
0.048515
0.791952
-0.595830
0.069621
0.707661
-0.048865
0.027251
0.041500
-0.322098
0.097006
-0.662068
0.436390
0.330374
0.098449
0.236516
0.358441
0.048515
0.791952
-0.595830
0.069621
0.707661
-0.048865
0.027251
0.041500
-0.322098
0.097006
-0.662068
0.436390
0.330374
0.098449
0.236516
0.358441
0.048515
0.791952
-0.595830
0.069621
0.707661
-0.048865
0.027251
0.041500
-0.322098
0.097006
-0.662068
0.436390
0.330374
0.098449
0.236516
0.358441
0.048515
0.791952
-0.595830
0.069621
0.707661
-0.048865
0.027251
0.041500
-0.322098
0.097006
-0.662068
0.436390
0.330374
0.098449
0.236516
0.358441
0.048515
0.791952
-0.595830
0.069621
0.707661
-0.048865
0.027251
0.041500
-0.322098
0.097006
-0.662068
0.436390
0.330374
0.098449
0.236516
0.358441
0.048515
0.791952
-0.595830
0.069621
0.707661
-0.048865
0.027251
0.041500
-0.322098
0.097006
-0.662068
0.436390
0.330374
0.098449
0.236516
0.358441
0.048515
0.791952
-0.595830
0.069621
0.707661
-0.048865
0.027251
0.041500
-0.322098
0.097006
-0.662068
0.436390
0.330374
0.098449
0.236516
0.358441
0.048515
0.791952
-0.595830
0.069621
0.707661
-0.048865
0.027251
0.041500
-0.322098
0.097006
-0.662068
0.436390
0.330374
0.098449
0.236516
0.358441
0.048515
0.791952
-0.595830
0.069621
0.707661
-0.048865
0.027251
0.041500
-0.322098
0.097006
-0.662068
0.436390
0.330374
0.098449
0.236516
0.358441
0.048515
0.791952
-0.595830
0.069621
0.707661
-0.048865
0.027251
0.041500
-0.322098
0.097006
-0.662068
0.436390
0.330374
0.098449
0.236516
0.358441
0.048515
0.791952
-0.595830
0.069621
0.707661
-0.048865
0.027251
0.041500
-0.322098
0.097006
-0.662068
0.436390
0.330374
0.098449
0.236516
0.358441
0.048515
0.791952
-0.595830
0.069621
0.707661
-0.048865
0.027251
0.041500
-0.322098
0.097006
-0.662068
0.436390
0.330374
0.098449
0.236516
0.358441
0.048515
0.791952
-0.595830
0.069621
0.707661
-0.048865
0.027251
0.041500
-0.322098
0.097006
-0.662068
0.436390
0.330374
0.098449
0.236516
0.358441
0.048515
0.791952
-0.595830
0.069621
0.707661
-0.048865
0.027251
0.041500
-0.322098
0.097006
-0.662068
0.436390
0.330374
0.098449
0.236516
0.358441
0.048515
