-0.749973
4.083398
-12.972578
-12.100212
-18.204145
-5.268928
-4.448251
-0.520023
10.773582
-7.362572
-11.821650
7.111049
-0.657918
0.967175
10.918143
-1.358993
-0.626912
0.629781
4.369505
4.929564
5.296652
2.246314
-0.385034
-5.959119
-2.258685
5.057146
2.303015
-5.191878
2.251146
-3.199024
-5.951351
-1.839837
-0.716425
-2.473587
2.164046
-119.419060
-63.336662
-134.758713
-10.299029
171.414902
36.221725
-113.432892
-78.379211
11.206334
-48.234402
142.400177
113.431084
115.903305
-1.416311
2.505044
-1.319718
41.256580
19.477331
49.178200
6.006759
-66.003242
-9.495823
41.932770
26.106327
-7.571170
17.578617
-54.841347
-40.676514
-42.708252
3.528598
-1.830912
-1.541905
33.563522
16.000494
38.659363
-1.623845
-50.391449
-7.233319
26.307949
20.580528
-2.988300
15.723500
-36.375061
-30.607304
-30.226955
0.500262
-0.491348
0.017783
-0.006177
0.293376
0.056235
-0.297632
-0.224733
0.239938
-0.180137
-0.039205
-0.009930
-0.213867
-0.254142
0.214895
0.436323
0.500262
-0.491348
0.017783
-0.006177
0.293376
0.056235
-0.297632
-0.224733
0.239938
-0.180137
-0.039205
-0.009930
-0.213867
-0.254142
0.214895
0.436323
0.500262
-0.491348
0.017783
-0.006177
0.293376
0.056235
-0.297632
-0.224733
0.239938
-0.180137
-0.039205
-0.009930
-0.213867
-0.254142
0.214895
0.436323
0.500262
-0.491348
0.017783
-0.006177
0.293376
0.056235
-0.297632
-0.224733
0.239938
-0.180137
-0.039205
-0.009930
-0.213867
-0.254142
0.214895
0.436323
0.500262
-0.491348
0.017783
-0.006177
0.293376
0.056235
-0.297632
-0.224733
0.239938
-0.180137
-0.039205
-0.009930
-0.213867
-0.254142
0.214895
0.436323
0.500262
-0.491348
0.017783
-0.006177
0.293376
0.056235
-0.297632
-0.224733
0.239938
-0.180137
-0.039205
-0.009930
-0.213867
-0.254142
0.214895
0.436323
0.500262
-0.491348
0.017783
-0.006177
0.293376
0.056235
-0.297632
-0.224733
0.239938
-0.180137
-0.039205
-0.009930
-0.213867
-0.254142
0.214895
0.436323
0.500262
-0.491348
0.017783
-0.006177
0.293376
0.056235
-0.297632
-0.224733
0.239938
-0.180137
-0.039205
-0.009930
-0.213867
-0.254142
0.214895
0.436323
0.500262
-0.491348
0.017783
-0.006177
0.293376
0.056235
-0.297632
-0.224733
0.239938
-0.180137
-0.039205
-0.009930
-0.213867
-0.254142
0.214895
0.436323
0.500262
-0.491348
0.017783
-0.006177
0.293376
0.056235
-0.297632
-0.224733
0.239938
-0.180137
-0.039205
-0.009930
-0.213867
-0.254142
0.214895
0.436323
0.500262
-0.491348
0.017783
-0.006177
0.293376
0.056235
-0.297632
-0.224733
0.239938
-0.180137
-0.039205
-0.009930
-0.213867
-0.254142
0.214895
0.436323
0.500262
-0.491348
0.017783
-0.006177
0.293376
0.056235
-0.297632
-0.224733
0.239938
-0.180137
-0.039205
-0.009930
-0.213867
-0.254142
0.214895
0.436323
0.500262
-0.491348
0.017783
-0.006177
0.293376
0.056235
-0.297632
-0.224733
0.239938
-0.180137
-0.039205
-0.009930
-0.213867
-0.254142
0.214895
0.436323
0.500262
-0.491348
0.017783
-0.006177
0.293376
0.056235
-0.297632
-0.224733
0.239938
-0.180137
-0.039205
-0.009930
-0.213867
-0.254142
0.214895
0.436323
0.500262
-0.491348
0.017783
-0.006177
0.293376
0.056235
-0.297632
-0.224733
0.239938
-0.180137
-0.039205
-0.009930
-0.213867
-0.254142
0.214895
0.436323
