-1.512421
-1.294023
-8.012836
0.919364
-4.941763
2.226725
3.294643
6.881793
-0.956478
-8.048736
0.991800
8.641029
0.313079
3.583877
5.753775
-1.003642
-0.339344
1.217904
4.906925
1.796610
-2.528090
-0.468011
-3.002263
-4.923205
-2.538253
2.946256
0.137296
-0.122253
-1.284546
-1.458821
0.963517
3.301321
-0.572355
-1.368552
24.212379
-7.359447
-15.480629
12.596629
-24.554226
-7.256834
4.469676
26.985542
2.473654
-2.895073
-17.448727
0.850425
12.294724
6.420237
1.537360
0.221124
-53.372387
-73.615532
-106.062523
-65.143318
74.850410
134.711609
-10.434688
-102.546844
-64.918633
28.540443
20.299179
141.722427
145.523697
34.746246
-0.754040
-1.095395
48.625744
65.915596
95.380188
59.664623
-71.446991
-122.139351
7.920086
92.678810
57.389893
-29.914804
-18.067297
-126.605835
-131.963089
-27.721714
-0.050436
0.141065
0.004321
0.114948
-0.812285
-0.523762
-0.642067
0.056193
-0.119118
-0.140573
0.441343
-0.015304
0.108770
-0.751015
0.481727
0.439336
-0.050436
0.141065
0.004321
0.114948
-0.812285
-0.523762
-0.642067
0.056193
-0.119118
-0.140573
0.441343
-0.015304
0.108770
-0.751015
0.481727
0.439336
-0.050436
0.141065
0.004321
0.114948
-0.812285
-0.523762
-0.642067
0.056193
-0.119118
-0.140573
0.441343
-0.015304
0.108770
-0.751015
0.481727
0.439336
-0.050436
0.141065
0.004321
0.114948
-0.812285
-0.523762
-0.642067
0.056193
-0.119118
-0.140573
0.441343
-0.015304
0.108770
-0.751015
0.481727
0.439336
-0.050436
0.141065
0.004321
0.114948
-0.812285
-0.523762
-0.642067
0.056193
-0.119118
-0.140573
0.441343
-0.015304
0.108770
-0.751015
0.481727
0.439336
-0.050436
0.141065
0.004321
0.114948
-0.812285
-0.523762
-0.642067
0.056193
-0.119118
-0.140573
0.441343
-0.015304
0.108770
-0.751015
0.481727
0.439336
-0.050436
0.141065
0.004321
0.114948
-0.812285
-0.523762
-0.642067
0.056193
-0.119118
-0.140573
0.441343
-0.015304
0.108770
-0.751015
0.481727
0.439336
-0.050436
0.141065
0.004321
0.114948
-0.812285
-0.523762
-0.642067
0.056193
-0.119118
-0.140573
0.441343
-0.015304
0.108770
-0.751015
0.481727
0.439336
-0.050436
0.141065
0.004321
0.114948
-0.812285
-0.523762
-0.642067
0.056193
-0.119118
-0.140573
0.441343
-0.015304
0.108770
-0.751015
0.481727
0.439336
-0.050436
0.141065
0.004321
0.114948
-0.812285
-0.523762
-0.642067
0.056193
-0.119118
-0.140573
0.441343
-0.015304
0.108770
-0.751015
0.481727
0.439336
-0.050436
0.141065
0.004321
0.114948
-0.812285
-0.523762
-0.642067
0.056193
-0.119118
-0.140573
0.441343
-0.015304
0.108770
-0.751015
0.481727
0.439336
-0.050436
0.141065
0.004321
0.114948
-0.812285
-0.523762
-0.642067
0.056193
-0.119118
-0.140573
0.441343
-0.015304
0.108770
-0.751015
0.481727
0.439336
-0.050436
0.141065
0.004321
0.114948
-0.812285
-0.523762
-0.642067
0.056193
-0.119118
-0.140573
0.441343
-0.015304
0.108770
-0.751015
0.481727
0.439336
-0.050436
0.141065
0.004321
0.114948
-0.812285
-0.523762
-0.642067
0.056193
-0.119118
-0.140573
0.441343
-0.015304
0.108770
-0.751015
0.481727
0.439336
-0.050436
0.141065
0.004321
0.114948
-0.812285
-0.523762
-0.642067
0.056193
-0.119118
-0.140573
0.441343
-0.015304
0.108770
-0.751015
0.481727
0.439336
