0.430568
-1.185342
-8.085219
2.109536
-5.759910
0.474704
4.337067
1.015171
-4.114705
-5.631168
0.631657
5.177659
4.891144
2.756486
5.390759
-2.510903
-2.256963
2.029283
30.976015
-14.910544
-11.558922
4.678188
-24.307173
-0.904339
-2.243045
24.549078
-3.181792
-5.991503
-13.733655
-0.393550
19.987946
6.857244
1.706448
0.956561
1.397529
7.702295
9.383194
-0.724031
7.416068
3.704916
2.606763
-3.932473
3.708893
5.357329
-9.571415
1.670949
-12.359642
-5.923326
0.602062
-0.112434
-0.781999
-3.861651
0.058414
2.309201
-1.201699
3.114101
4.259438
0.971350
-0.193508
-1.854328
-0.996673
2.880760
1.774956
-2.636763
-1.799835
0.282033
38.365791
-89.858917
1.979591
-131.080414
-88.914116
144.613327
86.327911
-65.125946
-73.261391
-33.612415
-101.028374
96.261032
37.563080
145.461075
1.328645
0.145381
-28.910545
61.168011
-2.360987
88.570084
65.346497
-97.180763
-58.573631
48.117878
50.320278
22.340027
71.613579
-68.552429
-31.724798
-102.255066
-0.147958
-0.282429
0.058735
0.600020
0.004450
-0.204364
0.272324
-0.292311
-0.104050
-0.163207
-0.064807
-0.206133
0.079544
0.159850
-0.008794
0.784123
-0.147958
-0.282429
0.058735
0.600020
0.004450
-0.204364
0.272324
-0.292311
-0.104050
-0.163207
-0.064807
-0.206133
0.079544
0.159850
-0.008794
0.784123
-0.147958
-0.282429
0.058735
0.600020
0.004450
-0.204364
0.272324
-0.292311
-0.104050
-0.163207
-0.064807
-0.206133
0.079544
0.159850
-0.008794
0.784123
-0.147958
-0.282429
0.058735
0.600020
0.004450
-0.204364
0.272324
-0.292311
-0.104050
-0.163207
-0.064807
-0.206133
0.079544
0.159850
-0.008794
0.784123
-0.147958
-0.282429
0.058735
0.600020
0.004450
-0.204364
0.272324
-0.292311
-0.104050
-0.163207
-0.064807
-0.206133
0.079544
0.159850
-0.008794
0.784123
-0.147958
-0.282429
0.058735
0.600020
0.004450
-0.204364
0.272324
-0.292311
-0.104050
-0.163207
-0.064807
-0.206133
0.079544
0.159850
-0.008794
0.784123
-0.147958
-0.282429
0.058735
0.600020
0.004450
-0.204364
0.272324
-0.292311
-0.104050
-0.163207
-0.064807
-0.206133
0.079544
0.159850
-0.008794
0.784123
-0.147958
-0.282429
0.058735
0.600020
0.004450
-0.204364
0.272324
-0.292311
-0.104050
-0.163207
-0.064807
-0.206133
0.079544
0.159850
-0.008794
0.784123
-0.147958
-0.282429
0.058735
0.600020
0.004450
-0.204364
0.272324
-0.292311
-0.104050
-0.163207
-0.064807
-0.206133
0.079544
0.159850
-0.008794
0.784123
-0.147958
-0.282429
0.058735
0.600020
0.004450
-0.204364
0.272324
-0.292311
-0.104050
-0.163207
-0.064807
-0.206133
0.079544
0.159850
-0.008794
0.784123
-0.147958
-0.282429
0.058735
0.600020
0.004450
-0.204364
0.272324
-0.292311
-0.104050
-0.163207
-0.064807
-0.206133
0.079544
0.159850
-0.008794
0.784123
-0.147958
-0.282429
0.058735
0.600020
0.004450
-0.204364
0.272324
-0.292311
-0.104050
-0.163207
-0.064807
-0.206133
0.079544
0.159850
-0.008794
0.784123
-0.147958
-0.282429
0.058735
0.600020
0.004450
-0.204364
0.272324
-0.292311
-0.104050
-0.163207
-0.064807
-0.206133
0.079544
0.159850
-0.008794
0.784123
-0.147958
-0.282429
0.058735
0.600020
0.004450
-0.204364
0.272324
-0.292311
-0.104050
-0.163207
-0.064807
-0.206133
0.079544
0.159850
-0.008794
0.784123
