0.285865
-1.837815
-1.054988
21.202034
6.143353
20.120293
-1.286397
4.570023
-12.625378
-8.093603
8.271646
4.897032
3.423859
2.126603
-7.285065
-8.766497
0.173222
0.605707
-2.338370
8.271881
8.300622
7.990771
-1.861911
8.687691
2.264552
-2.150889
-2.118743
5.565655
-5.360971
-5.281348
1.093879
-8.533422
-0.401186
0.515820
-4.141232
-3.050028
2.884508
1.863885
2.478295
4.411368
5.057060
-2.548116
-1.510122
-0.837742
0.914969
2.497668
0.731162
-2.045021
0.821806
0.663683
-79.403465
-66.235016
-139.149765
-42.135406
121.034981
139.883957
-43.843838
-114.584122
-56.361015
61.862713
63.151409
144.717865
161.634720
-3.105550
-2.658844
-2.005888
8.680612
7.717260
15.350654
8.394828
-19.539000
-16.259619
6.692319
13.592078
8.257926
-7.513910
-9.555252
-16.174940
-17.742495
2.746342
-1.836091
-0.134889
51.418114
42.262955
93.522614
24.514923
-79.302254
-85.506927
29.927761
72.080879
34.110928
-38.457867
-40.608864
-95.081764
-102.398170
2.538977
0.840132
0.207718
0.017743
-0.003274
-0.186937
-0.147347
0.157644
0.380002
-0.606475
-0.412401
0.459383
-0.352689
-0.306520
0.084691
0.078331
0.086473
0.840132
0.207718
0.017743
-0.003274
-0.186937
-0.147347
0.157644
0.380002
-0.606475
-0.412401
0.459383
-0.352689
-0.306520
0.084691
0.078331
0.086473
0.840132
0.207718
0.017743
-0.003274
-0.186937
-0.147347
0.157644
0.380002
-0.606475
-0.412401
0.459383
-0.352689
-0.306520
0.084691
0.078331
0.086473
0.840132
0.207718
0.017743
-0.003274
-0.186937
-0.147347
0.157644
0.380002
-0.606475
-0.412401
0.459383
-0.352689
-0.306520
0.084691
0.078331
0.086473
0.840132
0.207718
0.017743
-0.003274
-0.186937
-0.147347
0.157644
0.380002
-0.606475
-0.412401
0.459383
-0.352689
-0.306520
0.084691
0.078331
0.086473
0.840132
0.207718
0.017743
-0.003274
-0.186937
-0.147347
0.157644
0.380002
-0.606475
-0.412401
0.459383
-0.352689
-0.306520
0.084691
0.078331
0.086473
0.840132
0.207718
0.017743
-0.003274
-0.186937
-0.147347
0.157644
0.380002
-0.606475
-0.412401
0.459383
-0.352689
-0.306520
0.084691
0.078331
0.086473
0.840132
0.207718
0.017743
-0.003274
-0.186937
-0.147347
0.157644
0.380002
-0.606475
-0.412401
0.459383
-0.352689
-0.306520
0.084691
0.078331
0.086473
0.840132
0.207718
0.017743
-0.003274
-0.186937
-0.147347
0.157644
0.380002
-0.606475
-0.412401
0.459383
-0.352689
-0.306520
0.084691
0.078331
0.086473
0.840132
0.207718
0.017743
-0.003274
-0.186937
-0.147347
0.157644
0.380002
-0.606475
-0.412401
0.459383
-0.352689
-0.306520
0.084691
0.078331
0.086473
0.840132
0.207718
0.017743
-0.003274
-0.186937
-0.147347
0.157644
0.380002
-0.606475
-0.412401
0.459383
-0.352689
-0.306520
0.084691
0.078331
0.086473
0.840132
0.207718
0.017743
-0.003274
-0.186937
-0.147347
0.157644
0.380002
-0.606475
-0.412401
0.459383
-0.352689
-0.306520
0.084691
0.078331
0.086473
0.840132
0.207718
0.017743
-0.003274
-0.186937
-0.147347
0.157644
0.380002
-0.606475
-0.412401
0.459383
-0.352689
-0.306520
0.084691
0.078331
0.086473
0.840132
0.207718
0.017743
-0.003274
-0.186937
-0.147347
0.157644
0.380002
-0.606475
-0.412401
0.459383
-0.352689
-0.306520
0.084691
0.078331
0.086473
