-27.465069
9.216803
-2.883731
45.681549
2.775021
-24.348406
-12.267677
-5.490455
10.862660
-11.188559
6.408002
18.276491
-24.865477
5.417814
18.907541
-1.325316
-17.099836
31.570662
-2317.411865
7807.703125
3774.247559
-313.388092
2911.188965
5625.218750
-149.884186
-4483.337891
-3873.548584
-6617.891113
-549.127930
-376.418427
5494.819824
-3177.166016
0.430356
-2.750499
-3.200372
-82.719040
-30.846666
23.820549
24.866657
-5.402427
-6.679398
-32.485538
-43.512379
87.473328
-0.319053
-7.478678
23.323490
37.377331
-0.772263
3.850990
0.185834
29.668617
11.041890
-6.330784
-7.479816
2.915256
2.942078
11.245780
16.445221
-32.770332
-0.241311
-1.483264
-9.483557
-13.875761
4.984215
-11.920208
928.110229
-2831.387695
-1384.916260
76.108681
-994.251953
-2090.408691
11.492869
1634.080322
1351.460815
2457.839111
194.258850
148.005920
-2048.462646
1109.565186
3.364241
-1.920788
83.642403
-407.915161
-195.624435
32.181717
-175.013794
-265.802185
28.388403
227.477936
225.635681
315.971375
33.397270
18.556318
-262.250702
183.648056
-1.564624
-2.328207
53.138199
-191.654510
-94.645210
6.460886
-74.273361
-135.534607
3.842868
105.812447
98.005051
161.719650
12.920508
10.475451
-133.429123
77.016258
2.793196
-2.220622
100.606194
-509.731201
-236.158112
47.220505
-221.026672
-337.946777
39.640877
282.449493
287.561005
393.373749
35.462162
18.232460
-326.966888
238.085144
6.044556
-6.019956
755.363586
-2154.590820
-1056.156982
32.360252
-743.592468
-1620.662720
-25.374731
1264.601196
987.373169
1915.059570
149.389145
106.513802
-1583.201538
811.461853
0.603454
-0.280965
-1.615420
1.556857
1.204175
0.276487
0.044620
1.526637
1.258712
-0.916906
0.634269
-1.945981
0.284669
0.014901
1.873444
0.561486
0.603454
-0.280965
-1.615420
1.556857
1.204175
0.276487
0.044620
1.526637
1.258712
-0.916906
0.634269
-1.945981
0.284669
0.014901
1.873444
0.561486
0.603454
-0.280965
-1.615420
1.556857
1.204175
0.276487
0.044620
1.526637
1.258712
-0.916906
0.634269
-1.945981
0.284669
0.014901
1.873444
0.561486
0.603454
-0.280965
-1.615420
1.556857
1.204175
0.276487
0.044620
1.526637
1.258712
-0.916906
0.634269
-1.945981
0.284669
0.014901
1.873444
0.561486
0.603454
-0.280965
-1.615420
1.556857
1.204175
0.276487
0.044620
1.526637
1.258712
-0.916906
0.634269
-1.945981
0.284669
0.014901
1.873444
0.561486
0.603454
-0.280965
-1.615420
1.556857
1.204175
0.276487
0.044620
1.526637
1.258712
-0.916906
0.634269
-1.945981
0.284669
0.014901
1.873444
0.561486
0.603454
-0.280965
-1.615420
1.556857
1.204175
0.276487
0.044620
1.526637
1.258712
-0.916906
0.634269
-1.945981
0.284669
0.014901
1.873444
0.561486
0.603454
-0.280965
-1.615420
1.556857
1.204175
0.276487
0.044620
1.526637
1.258712
-0.916906
0.634269
-1.945981
0.284669
0.014901
1.873444
0.561486
0.603454
-0.280965
-1.615420
1.556857
1.204175
0.276487
0.044620
1.526637
1.258712
-0.916906
0.634269
-1.945981
0.284669
0.014901
1.873444
0.561486
0.603454
-0.280965
-1.615420
1.556857
1.204175
0.276487
0.044620
1.526637
1.258712
-0.916906
0.634269
-1.945981
0.284669
0.014901
1.873444
0.561486
0.603454
-0.280965
-1.615420
1.556857
1.204175
0.276487
0.044620
1.526637
1.258712
-0.916906
0.634269
-1.945981
0.284669
0.014901
1.873444
0.561486
