-0.911059
1.055022
-27.596340
65.747482
86.931419
-91.643898
101.044205
-38.684765
-80.385094
65.407120
4.466229
96.191551
157.061264
-24.338236
-110.723526
109.784752
-4.517628
-4.236525
-25.036892
-30.035172
6.601748
23.660904
-12.229344
26.304565
9.276003
-18.245632
-26.414665
-20.702702
-11.179032
0.015976
4.575393
-25.341450
-2.922738
2.180898
37.551735
-13.588366
-27.875179
15.891982
5.933429
27.638119
-14.485694
9.682857
21.957319
-23.204197
24.939539
8.780996
-11.056342
-23.152411
1.195171
-2.060251
-10.565397
16.400515
19.136448
-19.835835
-8.234022
-5.499222
-5.703003
-15.496467
-7.769428
17.252472
-0.591978
15.191376
-11.693812
-1.258580
1.166144
1.143282
20.372004
-49.953789
-65.432785
68.936928
-79.003044
28.341311
60.578613
-50.643818
-5.884639
-71.386276
-115.842392
16.853188
82.281036
-83.248520
0.322557
-0.404879
-0.490833
-0.263708
-0.345535
-0.336235
-0.033397
-0.741518
-0.263583
-0.366941
0.667173
-0.220780
0.203743
0.440838
-0.245845
0.078688
0.322557
-0.404879
-0.490833
-0.263708
-0.345535
-0.336235
-0.033397
-0.741518
-0.263583
-0.366941
0.667173
-0.220780
0.203743
0.440838
-0.245845
0.078688
0.322557
-0.404879
-0.490833
-0.263708
-0.345535
-0.336235
-0.033397
-0.741518
-0.263583
-0.366941
0.667173
-0.220780
0.203743
0.440838
-0.245845
0.078688
0.322557
-0.404879
-0.490833
-0.263708
-0.345535
-0.336235
-0.033397
-0.741518
-0.263583
-0.366941
0.667173
-0.220780
0.203743
0.440838
-0.245845
0.078688
0.322557
-0.404879
-0.490833
-0.263708
-0.345535
-0.336235
-0.033397
-0.741518
-0.263583
-0.366941
0.667173
-0.220780
0.203743
0.440838
-0.245845
0.078688
0.322557
-0.404879
-0.490833
-0.263708
-0.345535
-0.336235
-0.033397
-0.741518
-0.263583
-0.366941
0.667173
-0.220780
0.203743
0.440838
-0.245845
0.078688
0.322557
-0.404879
-0.490833
-0.263708
-0.345535
-0.336235
-0.033397
-0.741518
-0.263583
-0.366941
0.667173
-0.220780
0.203743
0.440838
-0.245845
0.078688
0.322557
-0.404879
-0.490833
-0.263708
-0.345535
-0.336235
-0.033397
-0.741518
-0.263583
-0.366941
0.667173
-0.220780
0.203743
0.440838
-0.245845
0.078688
0.322557
-0.404879
-0.490833
-0.263708
-0.345535
-0.336235
-0.033397
-0.741518
-0.263583
-0.366941
0.667173
-0.220780
0.203743
0.440838
-0.245845
0.078688
0.322557
-0.404879
-0.490833
-0.263708
-0.345535
-0.336235
-0.033397
-0.741518
-0.263583
-0.366941
0.667173
-0.220780
0.203743
0.440838
-0.245845
0.078688
0.322557
-0.404879
-0.490833
-0.263708
-0.345535
-0.336235
-0.033397
-0.741518
-0.263583
-0.366941
0.667173
-0.220780
0.203743
0.440838
-0.245845
0.078688
0.322557
-0.404879
-0.490833
-0.263708
-0.345535
-0.336235
-0.033397
-0.741518
-0.263583
-0.366941
0.667173
-0.220780
0.203743
0.440838
-0.245845
0.078688
0.322557
-0.404879
-0.490833
-0.263708
-0.345535
-0.336235
-0.033397
-0.741518
-0.263583
-0.366941
0.667173
-0.220780
0.203743
0.440838
-0.245845
0.078688
0.322557
-0.404879
-0.490833
-0.263708
-0.345535
-0.336235
-0.033397
-0.741518
-0.263583
-0.366941
0.667173
-0.220780
0.203743
0.440838
-0.245845
0.078688
0.322557
-0.404879
-0.490833
-0.263708
-0.345535
-0.336235
-0.033397
-0.741518
-0.263583
-0.366941
0.667173
-0.220780
0.203743
0.440838
-0.245845
0.078688
