8.691727
20.822960
-40.315483
6.776305
30.600468
-12.356571
-1.603594
-29.886797
9.845618
6.293996
-25.155155
12.216890
-26.815187
-2.330501
5.358438
23.090246
0.822277
-2.451513
-5.816464
-23.009655
4.008665
25.849142
1.811546
-4.841527
15.354148
-1.595351
-7.034884
-17.501656
-6.551895
-1.912947
6.810501
-11.207760
5.301682
0.195713
-5.569372
-73.249825
-37.405857
111.909050
-70.655312
55.518925
38.807117
-83.721130
-25.888941
-84.820374
-128.886795
74.383995
60.386227
-128.575012
-2.368468
-1.061820
3.303841
72.528801
40.275387
-109.086533
67.772118
-53.312500
-36.035721
82.186424
26.055815
79.872192
125.290512
-72.821014
-59.256321
122.508034
0.232678
-0.137495
-0.153812
0.110584
0.060751
0.078916
0.399528
-0.055683
-0.047859
-0.377380
0.356584
-0.237283
0.228828
0.149670
0.614601
0.045344
0.232678
-0.137495
-0.153812
0.110584
0.060751
0.078916
0.399528
-0.055683
-0.047859
-0.377380
0.356584
-0.237283
0.228828
0.149670
0.614601
0.045344
0.232678
-0.137495
-0.153812
0.110584
0.060751
0.078916
0.399528
-0.055683
-0.047859
-0.377380
0.356584
-0.237283
0.228828
0.149670
0.614601
0.045344
0.232678
-0.137495
-0.153812
0.110584
0.060751
0.078916
0.399528
-0.055683
-0.047859
-0.377380
0.356584
-0.237283
0.228828
0.149670
0.614601
0.045344
0.232678
-0.137495
-0.153812
0.110584
0.060751
0.078916
0.399528
-0.055683
-0.047859
-0.377380
0.356584
-0.237283
0.228828
0.149670
0.614601
0.045344
0.232678
-0.137495
-0.153812
0.110584
0.060751
0.078916
0.399528
-0.055683
-0.047859
-0.377380
0.356584
-0.237283
0.228828
0.149670
0.614601
0.045344
0.232678
-0.137495
-0.153812
0.110584
0.060751
0.078916
0.399528
-0.055683
-0.047859
-0.377380
0.356584
-0.237283
0.228828
0.149670
0.614601
0.045344
0.232678
-0.137495
-0.153812
0.110584
0.060751
0.078916
0.399528
-0.055683
-0.047859
-0.377380
0.356584
-0.237283
0.228828
0.149670
0.614601
0.045344
0.232678
-0.137495
-0.153812
0.110584
0.060751
0.078916
0.399528
-0.055683
-0.047859
-0.377380
0.356584
-0.237283
0.228828
0.149670
0.614601
0.045344
0.232678
-0.137495
-0.153812
0.110584
0.060751
0.078916
0.399528
-0.055683
-0.047859
-0.377380
0.356584
-0.237283
0.228828
0.149670
0.614601
0.045344
0.232678
-0.137495
-0.153812
0.110584
0.060751
0.078916
0.399528
-0.055683
-0.047859
-0.377380
0.356584
-0.237283
0.228828
0.149670
0.614601
0.045344
0.232678
-0.137495
-0.153812
0.110584
0.060751
0.078916
0.399528
-0.055683
-0.047859
-0.377380
0.356584
-0.237283
0.228828
0.149670
0.614601
0.045344
0.232678
-0.137495
-0.153812
0.110584
0.060751
0.078916
0.399528
-0.055683
-0.047859
-0.377380
0.356584
-0.237283
0.228828
0.149670
0.614601
0.045344
0.232678
-0.137495
-0.153812
0.110584
0.060751
0.078916
0.399528
-0.055683
-0.047859
-0.377380
0.356584
-0.237283
0.228828
0.149670
0.614601
0.045344
0.232678
-0.137495
-0.153812
0.110584
0.060751
0.078916
0.399528
-0.055683
-0.047859
-0.377380
0.356584
-0.237283
0.228828
0.149670
0.614601
0.045344
0.232678
-0.137495
-0.153812
0.110584
0.060751
0.078916
0.399528
-0.055683
-0.047859
-0.377380
0.356584
-0.237283
0.228828
0.149670
0.614601
0.045344
