-11.788142
-16.824236
-40.027027
-15.904224
24.113440
15.948954
4.521714
-9.392084
0.409681
11.396236
-18.049978
-3.569520
2.504741
-26.915089
-7.532029
11.205881
-0.572487
1.536354
61.968117
-41.877117
-34.428741
-15.471524
18.931335
14.509821
20.842083
-23.111750
-91.512642
15.173317
0.268094
-3.200627
-12.059551
41.022003
16.856300
31.486748
4744.493164
6121.767090
1830.639404
-3274.919189
5808.240234
945.315918
-3482.867432
-2321.238525
-7411.605469
-732.063843
-608.330200
96.845726
703.184143
-6140.219727
1.126784
-1.098312
-33.818123
25.723392
16.028742
10.445198
-11.120341
-4.986467
-12.828594
12.898269
54.689728
-10.011618
-0.225560
1.545266
7.111176
-24.257507
-9.618757
-16.413996
-2699.234131
-3494.545898
-1046.668213
1865.636963
-3311.461426
-546.805664
1983.084229
1319.972900
4223.114746
423.217621
346.016052
-53.210918
-397.207458
3502.805664
-4.517620
-1.144650
-171.357498
-152.056183
-34.914349
104.744843
-172.420914
2.711538
112.947517
47.201473
215.243393
-16.286131
19.507053
-5.467255
13.479308
176.794342
1.116302
-7.013664
-677.149841
-898.329285
-273.575836
473.097839
-837.446472
-148.349136
501.065796
347.231110
1072.519897
118.745773
89.034981
-16.595840
-119.833534
891.141541
-1.996182
-3.982905
-339.603607
-376.585724
-100.326927
223.130432
-385.848907
-36.985100
238.412537
137.250000
487.172516
13.763600
39.712112
-8.963402
-17.600071
401.001709
0.178794
0.455122
-0.225964
2.486855
1.291493
-0.314028
0.798040
1.035778
-0.535061
-1.513367
-1.437856
-1.244883
-0.223001
0.048845
1.391294
-0.799341
0.178794
0.455122
-0.225964
2.486855
1.291493
-0.314028
0.798040
1.035778
-0.535061
-1.513367
-1.437856
-1.244883
-0.223001
0.048845
1.391294
-0.799341
0.178794
0.455122
-0.225964
2.486855
1.291493
-0.314028
0.798040
1.035778
-0.535061
-1.513367
-1.437856
-1.244883
-0.223001
0.048845
1.391294
-0.799341
0.178794
0.455122
-0.225964
2.486855
1.291493
-0.314028
0.798040
1.035778
-0.535061
-1.513367
-1.437856
-1.244883
-0.223001
0.048845
1.391294
-0.799341
0.178794
0.455122
-0.225964
2.486855
1.291493
-0.314028
0.798040
1.035778
-0.535061
-1.513367
-1.437856
-1.244883
-0.223001
0.048845
1.391294
-0.799341
0.178794
0.455122
-0.225964
2.486855
1.291493
-0.314028
0.798040
1.035778
-0.535061
-1.513367
-1.437856
-1.244883
-0.223001
0.048845
1.391294
-0.799341
0.178794
0.455122
-0.225964
2.486855
1.291493
-0.314028
0.798040
1.035778
-0.535061
-1.513367
-1.437856
-1.244883
-0.223001
0.048845
1.391294
-0.799341
0.178794
0.455122
-0.225964
2.486855
1.291493
-0.314028
0.798040
1.035778
-0.535061
-1.513367
-1.437856
-1.244883
-0.223001
0.048845
1.391294
-0.799341
0.178794
0.455122
-0.225964
2.486855
1.291493
-0.314028
0.798040
1.035778
-0.535061
-1.513367
-1.437856
-1.244883
-0.223001
0.048845
1.391294
-0.799341
0.178794
0.455122
-0.225964
2.486855
1.291493
-0.314028
0.798040
1.035778
-0.535061
-1.513367
-1.437856
-1.244883
-0.223001
0.048845
1.391294
-0.799341
0.178794
0.455122
-0.225964
2.486855
1.291493
-0.314028
0.798040
1.035778
-0.535061
-1.513367
-1.437856
-1.244883
-0.223001
0.048845
1.391294
-0.799341
0.178794
0.455122
-0.225964
2.486855
1.291493
-0.314028
0.798040
1.035778
-0.535061
-1.513367
-1.437856
-1.244883
-0.223001
0.048845
1.391294
-0.799341
