0.042549
-1.351992
2.911028
4.217630
-0.269467
6.591426
-1.028478
2.091580
9.160238
2.915873
2.598102
-15.011807
0.290825
-6.305719
13.649396
-2.660232
0.766156
2.021375
-18.961681
-13.019289
22.773605
23.221256
4.068176
-4.685717
11.865783
-10.063912
-17.901445
-0.991600
-6.767603
-0.039303
-5.555940
-11.682184
-1.132925
-1.675196
30.980862
36.821537
-34.735855
-111.689514
-153.721313
-222.441666
128.093964
249.110840
99.957703
65.218628
18.439722
-249.639328
61.824997
190.977493
0.711651
0.757608
-20.711266
-29.095415
23.202124
90.514084
119.644142
178.655273
-100.594528
-201.044525
-81.161232
-51.646046
-15.743977
199.321869
-49.316021
-154.943359
0.576956
0.330981
0.000541
0.043468
-0.200374
0.524717
-0.793037
0.564030
-0.519161
0.320870
-0.152982
0.137918
0.198578
0.330361
0.172096
-0.133332
0.576956
0.330981
0.000541
0.043468
-0.200374
0.524717
-0.793037
0.564030
-0.519161
0.320870
-0.152982
0.137918
0.198578
0.330361
0.172096
-0.133332
0.576956
0.330981
0.000541
0.043468
-0.200374
0.524717
-0.793037
0.564030
-0.519161
0.320870
-0.152982
0.137918
0.198578
0.330361
0.172096
-0.133332
0.576956
0.330981
0.000541
0.043468
-0.200374
0.524717
-0.793037
0.564030
-0.519161
0.320870
-0.152982
0.137918
0.198578
0.330361
0.172096
-0.133332
0.576956
0.330981
0.000541
0.043468
-0.200374
0.524717
-0.793037
0.564030
-0.519161
0.320870
-0.152982
0.137918
0.198578
0.330361
0.172096
-0.133332
0.576956
0.330981
0.000541
0.043468
-0.200374
0.524717
-0.793037
0.564030
-0.519161
0.320870
-0.152982
0.137918
0.198578
0.330361
0.172096
-0.133332
0.576956
0.330981
0.000541
0.043468
-0.200374
0.524717
-0.793037
0.564030
-0.519161
0.320870
-0.152982
0.137918
0.198578
0.330361
0.172096
-0.133332
0.576956
0.330981
0.000541
0.043468
-0.200374
0.524717
-0.793037
0.564030
-0.519161
0.320870
-0.152982
0.137918
0.198578
0.330361
0.172096
-0.133332
0.576956
0.330981
0.000541
0.043468
-0.200374
0.524717
-0.793037
0.564030
-0.519161
0.320870
-0.152982
0.137918
0.198578
0.330361
0.172096
-0.133332
0.576956
0.330981
0.000541
0.043468
-0.200374
0.524717
-0.793037
0.564030
-0.519161
0.320870
-0.152982
0.137918
0.198578
0.330361
0.172096
-0.133332
0.576956
0.330981
0.000541
0.043468
-0.200374
0.524717
-0.793037
0.564030
-0.519161
0.320870
-0.152982
0.137918
0.198578
0.330361
0.172096
-0.133332
0.576956
0.330981
0.000541
0.043468
-0.200374
0.524717
-0.793037
0.564030
-0.519161
0.320870
-0.152982
0.137918
0.198578
0.330361
0.172096
-0.133332
0.576956
0.330981
0.000541
0.043468
-0.200374
0.524717
-0.793037
0.564030
-0.519161
0.320870
-0.152982
0.137918
0.198578
0.330361
0.172096
-0.133332
0.576956
0.330981
0.000541
0.043468
-0.200374
0.524717
-0.793037
0.564030
-0.519161
0.320870
-0.152982
0.137918
0.198578
0.330361
0.172096
-0.133332
0.576956
0.330981
0.000541
0.043468
-0.200374
0.524717
-0.793037
0.564030
-0.519161
0.320870
-0.152982
0.137918
0.198578
0.330361
0.172096
-0.133332
0.576956
0.330981
0.000541
0.043468
-0.200374
0.524717
-0.793037
0.564030
-0.519161
0.320870
-0.152982
0.137918
0.198578
0.330361
0.172096
-0.133332
