-0.965835
2.163081
12.522075
15.662548
-9.918719
-20.133743
-1.391297
2.298941
-16.304493
4.358022
8.657879
11.836772
2.156578
1.741555
4.191799
11.640938
0.345312
-0.199060
-1.014000
7.682853
3.639312
-7.810883
4.290915
0.198451
-5.330289
-0.760929
-0.367504
8.704638
1.519593
5.473248
-4.776469
2.224404
-0.902348
-2.812344
-72.397614
91.513580
152.954514
-52.965588
178.476929
-87.016853
-153.405884
163.708267
7.369314
111.509979
183.003326
29.692455
-147.913086
76.837463
-1.410227
-1.044627
1.844194
-6.391234
-3.459191
6.372070
-4.658049
-1.771686
2.814273
-0.441963
-0.113720
-8.265665
-1.692726
-3.223325
3.776953
-2.322573
2.522386
2.114711
64.229927
-73.940155
-128.184830
43.675282
-150.853043
71.474388
130.144363
-137.810516
-5.664562
-92.439484
-159.236298
-23.247606
128.663651
-64.552704
-0.083269
-0.202801
-0.142591
0.088976
-0.023126
-0.002298
-0.407351
0.792978
-0.390323
-0.327315
-0.094045
0.474679
0.002688
0.167717
-0.000677
-0.080294
-0.083269
-0.202801
-0.142591
0.088976
-0.023126
-0.002298
-0.407351
0.792978
-0.390323
-0.327315
-0.094045
0.474679
0.002688
0.167717
-0.000677
-0.080294
-0.083269
-0.202801
-0.142591
0.088976
-0.023126
-0.002298
-0.407351
0.792978
-0.390323
-0.327315
-0.094045
0.474679
0.002688
0.167717
-0.000677
-0.080294
-0.083269
-0.202801
-0.142591
0.088976
-0.023126
-0.002298
-0.407351
0.792978
-0.390323
-0.327315
-0.094045
0.474679
0.002688
0.167717
-0.000677
-0.080294
-0.083269
-0.202801
-0.142591
0.088976
-0.023126
-0.002298
-0.407351
0.792978
-0.390323
-0.327315
-0.094045
0.474679
0.002688
0.167717
-0.000677
-0.080294
-0.083269
-0.202801
-0.142591
0.088976
-0.023126
-0.002298
-0.407351
0.792978
-0.390323
-0.327315
-0.094045
0.474679
0.002688
0.167717
-0.000677
-0.080294
-0.083269
-0.202801
-0.142591
0.088976
-0.023126
-0.002298
-0.407351
0.792978
-0.390323
-0.327315
-0.094045
0.474679
0.002688
0.167717
-0.000677
-0.080294
-0.083269
-0.202801
-0.142591
0.088976
-0.023126
-0.002298
-0.407351
0.792978
-0.390323
-0.327315
-0.094045
0.474679
0.002688
0.167717
-0.000677
-0.080294
-0.083269
-0.202801
-0.142591
0.088976
-0.023126
-0.002298
-0.407351
0.792978
-0.390323
-0.327315
-0.094045
0.474679
0.002688
0.167717
-0.000677
-0.080294
-0.083269
-0.202801
-0.142591
0.088976
-0.023126
-0.002298
-0.407351
0.792978
-0.390323
-0.327315
-0.094045
0.474679
0.002688
0.167717
-0.000677
-0.080294
-0.083269
-0.202801
-0.142591
0.088976
-0.023126
-0.002298
-0.407351
0.792978
-0.390323
-0.327315
-0.094045
0.474679
0.002688
0.167717
-0.000677
-0.080294
-0.083269
-0.202801
-0.142591
0.088976
-0.023126
-0.002298
-0.407351
0.792978
-0.390323
-0.327315
-0.094045
0.474679
0.002688
0.167717
-0.000677
-0.080294
-0.083269
-0.202801
-0.142591
0.088976
-0.023126
-0.002298
-0.407351
0.792978
-0.390323
-0.327315
-0.094045
0.474679
0.002688
0.167717
-0.000677
-0.080294
-0.083269
-0.202801
-0.142591
0.088976
-0.023126
-0.002298
-0.407351
0.792978
-0.390323
-0.327315
-0.094045
0.474679
0.002688
0.167717
-0.000677
-0.080294
-0.083269
-0.202801
-0.142591
0.088976
-0.023126
-0.002298
-0.407351
0.792978
-0.390323
-0.327315
-0.094045
0.474679
0.002688
0.167717
-0.000677
-0.080294
