-2.301874
0.673979
5.355783
-3.981583
-7.528265
4.446367
-4.285527
-4.072951
3.845111
4.873827
6.063875
-6.427222
2.536243
-6.422794
4.023538
2.085415
-3.517941
-1.126613
-1.548983
19.451609
2.582190
-24.748077
-4.355464
2.936691
-10.317651
-9.424028
-0.901031
12.517590
2.021557
4.853267
-1.119099
8.102182
-1.021063
0.243226
14.121051
-123.835007
-97.485199
137.296295
-97.767128
165.618027
31.457314
-222.330490
-69.867233
-79.405197
-173.163971
89.776085
80.317001
-146.228241
0.316568
0.768528
-16.370584
111.290878
94.279007
-129.376648
88.859001
-157.569977
-29.916191
207.221024
61.240658
75.847252
157.765640
-83.352150
-73.864403
141.247833
0.191668
-0.526529
0.593157
0.376426
0.185810
-0.354046
-0.061348
-0.199107
-0.418195
0.353009
0.542021
0.398767
-0.469956
0.329798
-0.307116
-0.190525
0.191668
-0.526529
0.593157
0.376426
0.185810
-0.354046
-0.061348
-0.199107
-0.418195
0.353009
0.542021
0.398767
-0.469956
0.329798
-0.307116
-0.190525
0.191668
-0.526529
0.593157
0.376426
0.185810
-0.354046
-0.061348
-0.199107
-0.418195
0.353009
0.542021
0.398767
-0.469956
0.329798
-0.307116
-0.190525
0.191668
-0.526529
0.593157
0.376426
0.185810
-0.354046
-0.061348
-0.199107
-0.418195
0.353009
0.542021
0.398767
-0.469956
0.329798
-0.307116
-0.190525
0.191668
-0.526529
0.593157
0.376426
0.185810
-0.354046
-0.061348
-0.199107
-0.418195
0.353009
0.542021
0.398767
-0.469956
0.329798
-0.307116
-0.190525
0.191668
-0.526529
0.593157
0.376426
0.185810
-0.354046
-0.061348
-0.199107
-0.418195
0.353009
0.542021
0.398767
-0.469956
0.329798
-0.307116
-0.190525
0.191668
-0.526529
0.593157
0.376426
0.185810
-0.354046
-0.061348
-0.199107
-0.418195
0.353009
0.542021
0.398767
-0.469956
0.329798
-0.307116
-0.190525
0.191668
-0.526529
0.593157
0.376426
0.185810
-0.354046
-0.061348
-0.199107
-0.418195
0.353009
0.542021
0.398767
-0.469956
0.329798
-0.307116
-0.190525
0.191668
-0.526529
0.593157
0.376426
0.185810
-0.354046
-0.061348
-0.199107
-0.418195
0.353009
0.542021
0.398767
-0.469956
0.329798
-0.307116
-0.190525
0.191668
-0.526529
0.593157
0.376426
0.185810
-0.354046
-0.061348
-0.199107
-0.418195
0.353009
0.542021
0.398767
-0.469956
0.329798
-0.307116
-0.190525
0.191668
-0.526529
0.593157
0.376426
0.185810
-0.354046
-0.061348
-0.199107
-0.418195
0.353009
0.542021
0.398767
-0.469956
0.329798
-0.307116
-0.190525
0.191668
-0.526529
0.593157
0.376426
0.185810
-0.354046
-0.061348
-0.199107
-0.418195
0.353009
0.542021
0.398767
-0.469956
0.329798
-0.307116
-0.190525
0.191668
-0.526529
0.593157
0.376426
0.185810
-0.354046
-0.061348
-0.199107
-0.418195
0.353009
0.542021
0.398767
-0.469956
0.329798
-0.307116
-0.190525
0.191668
-0.526529
0.593157
0.376426
0.185810
-0.354046
-0.061348
-0.199107
-0.418195
0.353009
0.542021
0.398767
-0.469956
0.329798
-0.307116
-0.190525
0.191668
-0.526529
0.593157
0.376426
0.185810
-0.354046
-0.061348
-0.199107
-0.418195
0.353009
0.542021
0.398767
-0.469956
0.329798
-0.307116
-0.190525
0.191668
-0.526529
0.593157
0.376426
0.185810
-0.354046
-0.061348
-0.199107
-0.418195
0.353009
0.542021
0.398767
-0.469956
0.329798
-0.307116
-0.190525
