0.366884
-0.989737
7.878493
-3.174384
-10.613244
-1.627717
-4.500421
0.122111
2.268299
4.346590
8.086816
-3.343491
-0.942454
-3.002745
3.791494
3.603386
3.100111
-1.460288
-3.630413
-6.952498
9.233409
2.209561
-5.091860
-6.697814
0.334378
2.706175
3.031487
-5.275470
5.082808
-0.387925
0.379652
-11.961343
-0.251887
-1.756777
-106.557121
-43.763557
96.268806
134.804398
147.111572
152.113800
-213.896042
-102.369591
-116.503082
45.813324
44.485924
192.081543
-120.211258
-123.956543
-2.864671
-0.232847
81.757370
26.739202
-75.466736
-101.636078
-116.305351
-114.697815
161.239578
76.660172
84.551811
-37.410164
-34.454617
-144.876511
90.320724
92.408180
1.190619
-0.198384
0.489176
0.090279
-0.779646
-0.130332
0.228840
-0.026876
0.135804
-0.310738
0.095278
-0.484435
0.133128
0.227500
0.327807
0.280898
1.190619
-0.198384
0.489176
0.090279
-0.779646
-0.130332
0.228840
-0.026876
0.135804
-0.310738
0.095278
-0.484435
0.133128
0.227500
0.327807
0.280898
1.190619
-0.198384
0.489176
0.090279
-0.779646
-0.130332
0.228840
-0.026876
0.135804
-0.310738
0.095278
-0.484435
0.133128
0.227500
0.327807
0.280898
1.190619
-0.198384
0.489176
0.090279
-0.779646
-0.130332
0.228840
-0.026876
0.135804
-0.310738
0.095278
-0.484435
0.133128
0.227500
0.327807
0.280898
1.190619
-0.198384
0.489176
0.090279
-0.779646
-0.130332
0.228840
-0.026876
0.135804
-0.310738
0.095278
-0.484435
0.133128
0.227500
0.327807
0.280898
1.190619
-0.198384
0.489176
0.090279
-0.779646
-0.130332
0.228840
-0.026876
0.135804
-0.310738
0.095278
-0.484435
0.133128
0.227500
0.327807
0.280898
1.190619
-0.198384
0.489176
0.090279
-0.779646
-0.130332
0.228840
-0.026876
0.135804
-0.310738
0.095278
-0.484435
0.133128
0.227500
0.327807
0.280898
1.190619
-0.198384
0.489176
0.090279
-0.779646
-0.130332
0.228840
-0.026876
0.135804
-0.310738
0.095278
-0.484435
0.133128
0.227500
0.327807
0.280898
1.190619
-0.198384
0.489176
0.090279
-0.779646
-0.130332
0.228840
-0.026876
0.135804
-0.310738
0.095278
-0.484435
0.133128
0.227500
0.327807
0.280898
1.190619
-0.198384
0.489176
0.090279
-0.779646
-0.130332
0.228840
-0.026876
0.135804
-0.310738
0.095278
-0.484435
0.133128
0.227500
0.327807
0.280898
1.190619
-0.198384
0.489176
0.090279
-0.779646
-0.130332
0.228840
-0.026876
0.135804
-0.310738
0.095278
-0.484435
0.133128
0.227500
0.327807
0.280898
1.190619
-0.198384
0.489176
0.090279
-0.779646
-0.130332
0.228840
-0.026876
0.135804
-0.310738
0.095278
-0.484435
0.133128
0.227500
0.327807
0.280898
1.190619
-0.198384
0.489176
0.090279
-0.779646
-0.130332
0.228840
-0.026876
0.135804
-0.310738
0.095278
-0.484435
0.133128
0.227500
0.327807
0.280898
1.190619
-0.198384
0.489176
0.090279
-0.779646
-0.130332
0.228840
-0.026876
0.135804
-0.310738
0.095278
-0.484435
0.133128
0.227500
0.327807
0.280898
1.190619
-0.198384
0.489176
0.090279
-0.779646
-0.130332
0.228840
-0.026876
0.135804
-0.310738
0.095278
-0.484435
0.133128
0.227500
0.327807
0.280898
1.190619
-0.198384
0.489176
0.090279
-0.779646
-0.130332
0.228840
-0.026876
0.135804
-0.310738
0.095278
-0.484435
0.133128
0.227500
0.327807
0.280898
