-6.254206
2.984730
40.081619
-9.799008
-25.498884
-4.383668
-4.792294
6.968459
0.645158
-5.929755
17.386744
-9.711717
15.794024
23.973942
3.319935
-17.628338
-31.009455
14.493969
-6788.239258
3530.089844
2955.076660
2325.867188
-1811.885010
5670.099121
3082.188232
-3178.663330
1772.505127
-7497.657227
-221.817245
-811.811584
5991.812988
1418.794067
-0.848019
0.077477
-50.656490
-52.349739
-8.445635
38.699070
9.854292
-22.526527
-27.436987
-19.695396
28.305939
91.582314
-8.505987
-3.760682
42.579189
10.242258
2.889007
2.011038
24.004702
24.196392
3.811826
-18.595163
-6.807384
10.813467
14.057067
13.744144
-11.921663
-46.442841
3.721869
3.201152
-19.138260
-2.841530
16.115179
-9.946287
3365.619873
-1872.818970
-1522.174561
-1132.457764
830.177673
-2880.659180
-1508.209961
1645.661255
-788.913391
3798.109619
118.790039
405.720795
-3039.386719
-632.458557
2.973918
0.299995
266.859802
-137.833740
-116.091637
-91.211800
70.616425
-221.242004
-120.564682
123.922287
-70.414940
295.624512
8.880769
36.653378
-233.252823
-53.969933
-0.233106
1.215032
471.041718
-171.255676
-168.521530
-173.740784
167.171188
-349.137085
-227.170334
179.132233
-181.673035
467.251556
9.173039
53.353111
-373.350464
-144.772751
2.439145
-1.169969
1158.756470
-763.399231
-578.591125
-364.499207
222.493088
-1063.091919
-496.320313
632.256409
-175.913086
1390.596924
55.533310
140.096603
-1106.483521
-140.633774
0.279121
0.728473
-0.413189
-0.242216
0.186765
0.323009
-0.212702
0.070690
0.536698
-0.132847
0.431961
-0.406599
0.462955
-0.332800
0.564514
0.075103
0.279121
0.728473
-0.413189
-0.242216
0.186765
0.323009
-0.212702
0.070690
0.536698
-0.132847
0.431961
-0.406599
0.462955
-0.332800
0.564514
0.075103
0.279121
0.728473
-0.413189
-0.242216
0.186765
0.323009
-0.212702
0.070690
0.536698
-0.132847
0.431961
-0.406599
0.462955
-0.332800
0.564514
0.075103
0.279121
0.728473
-0.413189
-0.242216
0.186765
0.323009
-0.212702
0.070690
0.536698
-0.132847
0.431961
-0.406599
0.462955
-0.332800
0.564514
0.075103
0.279121
0.728473
-0.413189
-0.242216
0.186765
0.323009
-0.212702
0.070690
0.536698
-0.132847
0.431961
-0.406599
0.462955
-0.332800
0.564514
0.075103
0.279121
0.728473
-0.413189
-0.242216
0.186765
0.323009
-0.212702
0.070690
0.536698
-0.132847
0.431961
-0.406599
0.462955
-0.332800
0.564514
0.075103
0.279121
0.728473
-0.413189
-0.242216
0.186765
0.323009
-0.212702
0.070690
0.536698
-0.132847
0.431961
-0.406599
0.462955
-0.332800
0.564514
0.075103
0.279121
0.728473
-0.413189
-0.242216
0.186765
0.323009
-0.212702
0.070690
0.536698
-0.132847
0.431961
-0.406599
0.462955
-0.332800
0.564514
0.075103
0.279121
0.728473
-0.413189
-0.242216
0.186765
0.323009
-0.212702
0.070690
0.536698
-0.132847
0.431961
-0.406599
0.462955
-0.332800
0.564514
0.075103
0.279121
0.728473
-0.413189
-0.242216
0.186765
0.323009
-0.212702
0.070690
0.536698
-0.132847
0.431961
-0.406599
0.462955
-0.332800
0.564514
0.075103
0.279121
0.728473
-0.413189
-0.242216
0.186765
0.323009
-0.212702
0.070690
0.536698
-0.132847
0.431961
-0.406599
0.462955
-0.332800
0.564514
0.075103
0.279121
0.728473
-0.413189
-0.242216
0.186765
0.323009
-0.212702
0.070690
0.536698
-0.132847
0.431961
-0.406599
0.462955
-0.332800
0.564514
0.075103
