-2.205344
-2.569567
-18.626371
14.284632
39.210358
-4.401907
17.529314
12.948071
-16.999481
-19.296928
-31.076662
21.447323
-1.734023
19.288069
-12.668458
-12.800497
0.220188
-0.330077
1.359269
2.416817
-7.571591
-6.245182
2.994283
-2.558927
-0.884014
1.099539
7.236155
-0.240303
1.768234
6.028331
0.760832
3.344639
0.173409
-1.573192
-2.757835
1.020684
-2.325315
5.621909
-3.599858
2.098938
10.042881
5.296340
8.071167
-9.295685
5.814826
-7.215151
11.768469
3.384881
-0.928599
0.078700
-9.441953
-6.598717
18.648762
22.421757
11.795767
-2.336167
4.384668
-8.853969
-17.770180
0.035960
-4.724258
0.447365
-8.739525
-10.784974
2.273651
-2.291179
-15.884220
103.309906
108.849243
-134.005844
90.304474
-156.228912
-31.263954
199.238571
50.953884
73.267563
171.992249
-89.564636
-77.101295
145.117035
1.113747
0.327966
14.228286
-99.809891
-107.957207
132.921356
-86.292458
150.685883
36.479080
-194.117661
-50.182476
-72.862144
-168.683807
86.184326
74.403183
-142.697556
0.158927
-0.170258
-0.298968
-0.038258
-0.330489
-0.562633
-0.058852
0.513876
0.003001
-0.256250
0.418226
0.136497
-0.031502
0.339617
0.045630
0.216892
0.158927
-0.170258
-0.298968
-0.038258
-0.330489
-0.562633
-0.058852
0.513876
0.003001
-0.256250
0.418226
0.136497
-0.031502
0.339617
0.045630
0.216892
0.158927
-0.170258
-0.298968
-0.038258
-0.330489
-0.562633
-0.058852
0.513876
0.003001
-0.256250
0.418226
0.136497
-0.031502
0.339617
0.045630
0.216892
0.158927
-0.170258
-0.298968
-0.038258
-0.330489
-0.562633
-0.058852
0.513876
0.003001
-0.256250
0.418226
0.136497
-0.031502
0.339617
0.045630
0.216892
0.158927
-0.170258
-0.298968
-0.038258
-0.330489
-0.562633
-0.058852
0.513876
0.003001
-0.256250
0.418226
0.136497
-0.031502
0.339617
0.045630
0.216892
0.158927
-0.170258
-0.298968
-0.038258
-0.330489
-0.562633
-0.058852
0.513876
0.003001
-0.256250
0.418226
0.136497
-0.031502
0.339617
0.045630
0.216892
0.158927
-0.170258
-0.298968
-0.038258
-0.330489
-0.562633
-0.058852
0.513876
0.003001
-0.256250
0.418226
0.136497
-0.031502
0.339617
0.045630
0.216892
0.158927
-0.170258
-0.298968
-0.038258
-0.330489
-0.562633
-0.058852
0.513876
0.003001
-0.256250
0.418226
0.136497
-0.031502
0.339617
0.045630
0.216892
0.158927
-0.170258
-0.298968
-0.038258
-0.330489
-0.562633
-0.058852
0.513876
0.003001
-0.256250
0.418226
0.136497
-0.031502
0.339617
0.045630
0.216892
0.158927
-0.170258
-0.298968
-0.038258
-0.330489
-0.562633
-0.058852
0.513876
0.003001
-0.256250
0.418226
0.136497
-0.031502
0.339617
0.045630
0.216892
0.158927
-0.170258
-0.298968
-0.038258
-0.330489
-0.562633
-0.058852
0.513876
0.003001
-0.256250
0.418226
0.136497
-0.031502
0.339617
0.045630
0.216892
0.158927
-0.170258
-0.298968
-0.038258
-0.330489
-0.562633
-0.058852
0.513876
0.003001
-0.256250
0.418226
0.136497
-0.031502
0.339617
0.045630
0.216892
0.158927
-0.170258
-0.298968
-0.038258
-0.330489
-0.562633
-0.058852
0.513876
0.003001
-0.256250
0.418226
0.136497
-0.031502
0.339617
0.045630
0.216892
0.158927
-0.170258
-0.298968
-0.038258
-0.330489
-0.562633
-0.058852
0.513876
0.003001
-0.256250
0.418226
0.136497
-0.031502
0.339617
0.045630
0.216892
