0.619545
1.468279
5.683394
6.137709
-6.146866
-8.024612
3.038696
-3.510246
-3.229989
5.284246
6.541709
3.588780
5.605462
2.050258
-0.912052
5.420609
0.120083
1.425341
-47.361294
2.285155
109.442818
52.290146
55.564960
112.782692
-38.137493
-205.993759
-109.966942
-37.129463
9.606405
164.040009
-104.509514
-95.735191
-5.482126
-0.185240
-7.158069
-21.462875
-8.888144
43.806465
-0.190471
7.869549
6.932916
-23.691660
-5.047872
-36.166245
-4.343898
7.985316
15.693176
-11.097418
0.396774
0.245842
-4.872178
5.377043
-1.962385
-9.154784
-4.035148
7.369082
2.709034
-0.568328
-8.455427
-0.467386
-1.006798
-5.413157
-11.412707
4.849209
0.524929
0.342623
-1.232403
1.240232
-6.030166
-0.610606
-1.734427
1.433461
5.694518
8.061199
13.810360
-7.893363
7.498788
-3.534961
11.338808
5.179855
1.087513
-0.270132
20.783548
-0.941146
-54.513325
-23.545721
-28.438633
-55.514053
24.123320
106.279503
55.646484
18.180325
-10.949553
-87.375320
56.543774
46.798759
-2.396938
0.682620
10.165933
0.174126
-22.147982
-5.212302
-15.571225
-17.484352
11.887506
35.743572
20.272964
7.915648
-6.464246
-30.155224
21.541134
14.538744
-0.118929
-0.356714
-0.045930
-0.137443
-0.319054
-0.309984
0.091720
0.023525
-0.867203
0.120857
0.471975
-0.404822
0.096703
0.336950
0.189253
0.435611
-0.118929
-0.356714
-0.045930
-0.137443
-0.319054
-0.309984
0.091720
0.023525
-0.867203
0.120857
0.471975
-0.404822
0.096703
0.336950
0.189253
0.435611
-0.118929
-0.356714
-0.045930
-0.137443
-0.319054
-0.309984
0.091720
0.023525
-0.867203
0.120857
0.471975
-0.404822
0.096703
0.336950
0.189253
0.435611
-0.118929
-0.356714
-0.045930
-0.137443
-0.319054
-0.309984
0.091720
0.023525
-0.867203
0.120857
0.471975
-0.404822
0.096703
0.336950
0.189253
0.435611
-0.118929
-0.356714
-0.045930
-0.137443
-0.319054
-0.309984
0.091720
0.023525
-0.867203
0.120857
0.471975
-0.404822
0.096703
0.336950
0.189253
0.435611
-0.118929
-0.356714
-0.045930
-0.137443
-0.319054
-0.309984
0.091720
0.023525
-0.867203
0.120857
0.471975
-0.404822
0.096703
0.336950
0.189253
0.435611
-0.118929
-0.356714
-0.045930
-0.137443
-0.319054
-0.309984
0.091720
0.023525
-0.867203
0.120857
0.471975
-0.404822
0.096703
0.336950
0.189253
0.435611
-0.118929
-0.356714
-0.045930
-0.137443
-0.319054
-0.309984
0.091720
0.023525
-0.867203
0.120857
0.471975
-0.404822
0.096703
0.336950
0.189253
0.435611
-0.118929
-0.356714
-0.045930
-0.137443
-0.319054
-0.309984
0.091720
0.023525
-0.867203
0.120857
0.471975
-0.404822
0.096703
0.336950
0.189253
0.435611
-0.118929
-0.356714
-0.045930
-0.137443
-0.319054
-0.309984
0.091720
0.023525
-0.867203
0.120857
0.471975
-0.404822
0.096703
0.336950
0.189253
0.435611
-0.118929
-0.356714
-0.045930
-0.137443
-0.319054
-0.309984
0.091720
0.023525
-0.867203
0.120857
0.471975
-0.404822
0.096703
0.336950
0.189253
0.435611
-0.118929
-0.356714
-0.045930
-0.137443
-0.319054
-0.309984
0.091720
0.023525
-0.867203
0.120857
0.471975
-0.404822
0.096703
0.336950
0.189253
0.435611
-0.118929
-0.356714
-0.045930
-0.137443
-0.319054
-0.309984
0.091720
0.023525
-0.867203
0.120857
0.471975
-0.404822
0.096703
0.336950
0.189253
0.435611
