2.243313
-2.001068
29.874710
-2.033121
-33.410896
-27.098967
-23.510258
-9.876513
18.028378
10.592590
32.912079
7.376654
-5.399864
-3.711357
14.738363
13.184807
-0.778074
1.014693
-5.481580
2.767220
7.935870
-2.818285
5.837729
4.540279
-4.195580
-3.679596
-4.920248
7.464484
-0.406011
4.788958
-4.453948
-2.361845
2.202976
0.132770
-9.958963
42.605652
76.295349
-67.943161
106.023918
-16.735636
-182.959259
-63.553406
-81.496445
81.965897
131.732666
54.387569
-104.804497
59.842960
1.086148
-0.433502
4.574961
-22.174667
-35.199154
32.589256
-41.115555
8.589566
83.284500
25.832064
34.758865
-38.710167
-56.141541
-20.494331
41.975586
-28.167273
-0.357573
0.815944
-3.271471
-12.061007
-14.859798
18.324768
-22.877520
7.114736
43.149574
13.318721
17.887123
-19.048834
-33.491081
-11.008480
24.826805
-11.292215
0.092206
1.031882
0.699603
-0.118981
-0.750831
-0.858549
-0.418557
-0.592156
-0.456591
-0.476705
-0.096787
0.091549
0.205433
0.188804
0.645536
-0.671270
0.092206
1.031882
0.699603
-0.118981
-0.750831
-0.858549
-0.418557
-0.592156
-0.456591
-0.476705
-0.096787
0.091549
0.205433
0.188804
0.645536
-0.671270
0.092206
1.031882
0.699603
-0.118981
-0.750831
-0.858549
-0.418557
-0.592156
-0.456591
-0.476705
-0.096787
0.091549
0.205433
0.188804
0.645536
-0.671270
0.092206
1.031882
0.699603
-0.118981
-0.750831
-0.858549
-0.418557
-0.592156
-0.456591
-0.476705
-0.096787
0.091549
0.205433
0.188804
0.645536
-0.671270
0.092206
1.031882
0.699603
-0.118981
-0.750831
-0.858549
-0.418557
-0.592156
-0.456591
-0.476705
-0.096787
0.091549
0.205433
0.188804
0.645536
-0.671270
0.092206
1.031882
0.699603
-0.118981
-0.750831
-0.858549
-0.418557
-0.592156
-0.456591
-0.476705
-0.096787
0.091549
0.205433
0.188804
0.645536
-0.671270
0.092206
1.031882
0.699603
-0.118981
-0.750831
-0.858549
-0.418557
-0.592156
-0.456591
-0.476705
-0.096787
0.091549
0.205433
0.188804
0.645536
-0.671270
0.092206
1.031882
0.699603
-0.118981
-0.750831
-0.858549
-0.418557
-0.592156
-0.456591
-0.476705
-0.096787
0.091549
0.205433
0.188804
0.645536
-0.671270
0.092206
1.031882
0.699603
-0.118981
-0.750831
-0.858549
-0.418557
-0.592156
-0.456591
-0.476705
-0.096787
0.091549
0.205433
0.188804
0.645536
-0.671270
0.092206
1.031882
0.699603
-0.118981
-0.750831
-0.858549
-0.418557
-0.592156
-0.456591
-0.476705
-0.096787
0.091549
0.205433
0.188804
0.645536
-0.671270
0.092206
1.031882
0.699603
-0.118981
-0.750831
-0.858549
-0.418557
-0.592156
-0.456591
-0.476705
-0.096787
0.091549
0.205433
0.188804
0.645536
-0.671270
0.092206
1.031882
0.699603
-0.118981
-0.750831
-0.858549
-0.418557
-0.592156
-0.456591
-0.476705
-0.096787
0.091549
0.205433
0.188804
0.645536
-0.671270
0.092206
1.031882
0.699603
-0.118981
-0.750831
-0.858549
-0.418557
-0.592156
-0.456591
-0.476705
-0.096787
0.091549
0.205433
0.188804
0.645536
-0.671270
0.092206
1.031882
0.699603
-0.118981
-0.750831
-0.858549
-0.418557
-0.592156
-0.456591
-0.476705
-0.096787
0.091549
0.205433
0.188804
0.645536
-0.671270
0.092206
1.031882
0.699603
-0.118981
-0.750831
-0.858549
-0.418557
-0.592156
-0.456591
-0.476705
-0.096787
0.091549
0.205433
0.188804
0.645536
-0.671270
