-5.413753
-24.519491
39.357113
24.300127
-22.169899
-13.981512
-15.533510
14.720604
-2.527697
-18.000864
29.170191
7.139960
-5.572806
19.847340
7.950849
-11.416731
2.081507
-2.229956
22.047712
1.049988
-26.807205
-9.291644
-1.555696
3.210773
-2.196204
14.588127
14.467767
5.350522
1.913715
-1.176388
6.862386
6.496269
-0.255389
-0.186756
8.027038
2.089304
-8.953035
-4.768542
-0.124153
-6.270205
-0.305432
5.121850
8.633886
-1.107521
3.186353
-0.457168
1.457526
4.215702
-0.832334
1.288554
24.500332
32.840500
-5.565540
-103.268860
56.879765
-74.199547
-172.000824
73.592926
-9.300998
116.591125
124.309898
-44.668152
-30.880243
116.410942
-0.102825
1.002723
-5.512678
-2.670064
5.929396
3.012054
0.582575
4.513496
1.647449
-5.711120
-6.653736
0.244892
-3.241480
1.774364
-1.135410
-3.270607
1.382227
-1.565914
-13.578368
-22.640751
4.899611
62.277252
-28.015488
43.895401
98.085541
-41.165569
1.076133
-68.577217
-69.772064
26.309679
12.801559
-62.153790
-2.413486
-1.009023
-5.249699
-5.662643
3.758447
15.577459
-6.408792
11.400125
23.004820
-8.419452
1.288022
-13.544032
-17.811104
5.173575
2.928453
-19.234787
-0.374039
-0.404506
0.024034
-0.514622
0.270147
0.143191
-0.099088
-0.227418
-0.950562
-0.250946
0.070312
0.371766
-0.585787
-0.416515
-0.567126
0.214967
-0.374039
-0.404506
0.024034
-0.514622
0.270147
0.143191
-0.099088
-0.227418
-0.950562
-0.250946
0.070312
0.371766
-0.585787
-0.416515
-0.567126
0.214967
-0.374039
-0.404506
0.024034
-0.514622
0.270147
0.143191
-0.099088
-0.227418
-0.950562
-0.250946
0.070312
0.371766
-0.585787
-0.416515
-0.567126
0.214967
-0.374039
-0.404506
0.024034
-0.514622
0.270147
0.143191
-0.099088
-0.227418
-0.950562
-0.250946
0.070312
0.371766
-0.585787
-0.416515
-0.567126
0.214967
-0.374039
-0.404506
0.024034
-0.514622
0.270147
0.143191
-0.099088
-0.227418
-0.950562
-0.250946
0.070312
0.371766
-0.585787
-0.416515
-0.567126
0.214967
-0.374039
-0.404506
0.024034
-0.514622
0.270147
0.143191
-0.099088
-0.227418
-0.950562
-0.250946
0.070312
0.371766
-0.585787
-0.416515
-0.567126
0.214967
-0.374039
-0.404506
0.024034
-0.514622
0.270147
0.143191
-0.099088
-0.227418
-0.950562
-0.250946
0.070312
0.371766
-0.585787
-0.416515
-0.567126
0.214967
-0.374039
-0.404506
0.024034
-0.514622
0.270147
0.143191
-0.099088
-0.227418
-0.950562
-0.250946
0.070312
0.371766
-0.585787
-0.416515
-0.567126
0.214967
-0.374039
-0.404506
0.024034
-0.514622
0.270147
0.143191
-0.099088
-0.227418
-0.950562
-0.250946
0.070312
0.371766
-0.585787
-0.416515
-0.567126
0.214967
-0.374039
-0.404506
0.024034
-0.514622
0.270147
0.143191
-0.099088
-0.227418
-0.950562
-0.250946
0.070312
0.371766
-0.585787
-0.416515
-0.567126
0.214967
-0.374039
-0.404506
0.024034
-0.514622
0.270147
0.143191
-0.099088
-0.227418
-0.950562
-0.250946
0.070312
0.371766
-0.585787
-0.416515
-0.567126
0.214967
-0.374039
-0.404506
0.024034
-0.514622
0.270147
0.143191
-0.099088
-0.227418
-0.950562
-0.250946
0.070312
0.371766
-0.585787
-0.416515
-0.567126
0.214967
-0.374039
-0.404506
0.024034
-0.514622
0.270147
0.143191
-0.099088
-0.227418
-0.950562
-0.250946
0.070312
0.371766
-0.585787
-0.416515
-0.567126
0.214967
