0.532993
0.139429
-0.023296
2.642502
0.314090
6.962149
-2.192472
4.388265
9.219712
-4.825948
-3.134218
-13.687303
0.478009
-8.385024
11.169876
-6.800494
0.020796
0.488821
-6.136439
-7.598065
6.485680
8.496569
-4.318851
4.242923
5.562560
-3.968785
-7.449651
-6.680767
-5.881263
-2.974713
1.286531
-4.685727
-2.018155
3.582826
-4.298011
19.020725
33.620071
-59.454346
83.625122
-25.042320
-184.191483
32.079906
-21.547470
98.402893
124.284348
14.762574
-60.203217
78.252380
1.886980
0.037493
1.105893
-10.194167
-15.358726
23.935898
-37.309349
13.176478
78.176476
-13.348981
8.901238
-46.094463
-52.082474
-4.614226
29.443487
-33.133698
2.034277
-3.291531
0.293527
-6.627557
-5.309326
13.767942
-21.822403
6.730278
38.687092
-9.266706
5.294265
-22.046661
-32.531872
1.282428
10.170424
-18.986570
-0.601232
-0.023799
-0.319043
-0.663867
-0.127342
0.066197
0.437405
0.832861
0.178350
0.297369
-0.892501
-0.764270
0.275198
0.592486
0.260272
0.067158
-0.601232
-0.023799
-0.319043
-0.663867
-0.127342
0.066197
0.437405
0.832861
0.178350
0.297369
-0.892501
-0.764270
0.275198
0.592486
0.260272
0.067158
-0.601232
-0.023799
-0.319043
-0.663867
-0.127342
0.066197
0.437405
0.832861
0.178350
0.297369
-0.892501
-0.764270
0.275198
0.592486
0.260272
0.067158
-0.601232
-0.023799
-0.319043
-0.663867
-0.127342
0.066197
0.437405
0.832861
0.178350
0.297369
-0.892501
-0.764270
0.275198
0.592486
0.260272
0.067158
-0.601232
-0.023799
-0.319043
-0.663867
-0.127342
0.066197
0.437405
0.832861
0.178350
0.297369
-0.892501
-0.764270
0.275198
0.592486
0.260272
0.067158
-0.601232
-0.023799
-0.319043
-0.663867
-0.127342
0.066197
0.437405
0.832861
0.178350
0.297369
-0.892501
-0.764270
0.275198
0.592486
0.260272
0.067158
-0.601232
-0.023799
-0.319043
-0.663867
-0.127342
0.066197
0.437405
0.832861
0.178350
0.297369
-0.892501
-0.764270
0.275198
0.592486
0.260272
0.067158
-0.601232
-0.023799
-0.319043
-0.663867
-0.127342
0.066197
0.437405
0.832861
0.178350
0.297369
-0.892501
-0.764270
0.275198
0.592486
0.260272
0.067158
-0.601232
-0.023799
-0.319043
-0.663867
-0.127342
0.066197
0.437405
0.832861
0.178350
0.297369
-0.892501
-0.764270
0.275198
0.592486
0.260272
0.067158
-0.601232
-0.023799
-0.319043
-0.663867
-0.127342
0.066197
0.437405
0.832861
0.178350
0.297369
-0.892501
-0.764270
0.275198
0.592486
0.260272
0.067158
-0.601232
-0.023799
-0.319043
-0.663867
-0.127342
0.066197
0.437405
0.832861
0.178350
0.297369
-0.892501
-0.764270
0.275198
0.592486
0.260272
0.067158
-0.601232
-0.023799
-0.319043
-0.663867
-0.127342
0.066197
0.437405
0.832861
0.178350
0.297369
-0.892501
-0.764270
0.275198
0.592486
0.260272
0.067158
-0.601232
-0.023799
-0.319043
-0.663867
-0.127342
0.066197
0.437405
0.832861
0.178350
0.297369
-0.892501
-0.764270
0.275198
0.592486
0.260272
0.067158
-0.601232
-0.023799
-0.319043
-0.663867
-0.127342
0.066197
0.437405
0.832861
0.178350
0.297369
-0.892501
-0.764270
0.275198
0.592486
0.260272
0.067158
-0.601232
-0.023799
-0.319043
-0.663867
-0.127342
0.066197
0.437405
0.832861
0.178350
0.297369
-0.892501
-0.764270
0.275198
0.592486
0.260272
0.067158
