-1.926006
-0.848854
15.050349
-6.935944
-22.308764
-0.021213
0.631862
8.130832
-0.237726
13.205943
10.870466
-1.955331
3.248552
-2.830523
6.768339
6.069653
-1.020671
-0.252633
-7.752110
-0.606203
10.559481
0.532248
-5.786225
-3.300684
0.992926
3.212434
-0.696017
-6.646656
4.886107
-4.726723
-7.638056
-8.981358
0.245519
-0.192431
-28.901472
9.957229
90.092018
-7.750956
95.436867
59.643269
-155.952621
-158.534378
-103.956856
36.358742
80.446152
132.825836
-110.497002
-7.746141
1.231354
-0.087380
7.871140
5.886876
-7.350251
-8.875087
2.758626
-4.392013
-3.716327
4.989853
9.436286
4.249632
6.016501
1.632656
-1.372468
4.307482
-0.714124
1.210000
8.167807
-7.846845
-31.232323
4.691865
-32.037796
-19.028109
52.978573
53.566067
37.628559
-16.179832
-26.424322
-42.856873
37.302509
4.054134
-0.725760
-0.685141
6.919188
-3.349675
-28.377514
3.429538
-29.219255
-15.047274
52.394066
44.889759
31.171473
-14.069519
-25.713970
-41.331154
33.857319
0.518554
-0.710047
-0.024585
0.340892
-0.081545
0.133014
0.217783
-0.271289
-0.510603
-0.361248
-0.234340
0.180979
0.564512
-0.173823
0.438349
0.041654
-0.037195
-0.710047
-0.024585
0.340892
-0.081545
0.133014
0.217783
-0.271289
-0.510603
-0.361248
-0.234340
0.180979
0.564512
-0.173823
0.438349
0.041654
-0.037195
-0.710047
-0.024585
0.340892
-0.081545
0.133014
0.217783
-0.271289
-0.510603
-0.361248
-0.234340
0.180979
0.564512
-0.173823
0.438349
0.041654
-0.037195
-0.710047
-0.024585
0.340892
-0.081545
0.133014
0.217783
-0.271289
-0.510603
-0.361248
-0.234340
0.180979
0.564512
-0.173823
0.438349
0.041654
-0.037195
-0.710047
-0.024585
0.340892
-0.081545
0.133014
0.217783
-0.271289
-0.510603
-0.361248
-0.234340
0.180979
0.564512
-0.173823
0.438349
0.041654
-0.037195
-0.710047
-0.024585
0.340892
-0.081545
0.133014
0.217783
-0.271289
-0.510603
-0.361248
-0.234340
0.180979
0.564512
-0.173823
0.438349
0.041654
-0.037195
-0.710047
-0.024585
0.340892
-0.081545
0.133014
0.217783
-0.271289
-0.510603
-0.361248
-0.234340
0.180979
0.564512
-0.173823
0.438349
0.041654
-0.037195
-0.710047
-0.024585
0.340892
-0.081545
0.133014
0.217783
-0.271289
-0.510603
-0.361248
-0.234340
0.180979
0.564512
-0.173823
0.438349
0.041654
-0.037195
-0.710047
-0.024585
0.340892
-0.081545
0.133014
0.217783
-0.271289
-0.510603
-0.361248
-0.234340
0.180979
0.564512
-0.173823
0.438349
0.041654
-0.037195
-0.710047
-0.024585
0.340892
-0.081545
0.133014
0.217783
-0.271289
-0.510603
-0.361248
-0.234340
0.180979
0.564512
-0.173823
0.438349
0.041654
-0.037195
-0.710047
-0.024585
0.340892
-0.081545
0.133014
0.217783
-0.271289
-0.510603
-0.361248
-0.234340
0.180979
0.564512
-0.173823
0.438349
0.041654
-0.037195
-0.710047
-0.024585
0.340892
-0.081545
0.133014
0.217783
-0.271289
-0.510603
-0.361248
-0.234340
0.180979
0.564512
-0.173823
0.438349
0.041654
-0.037195
-0.710047
-0.024585
0.340892
-0.081545
0.133014
0.217783
-0.271289
-0.510603
-0.361248
-0.234340
0.180979
0.564512
-0.173823
0.438349
0.041654
-0.037195
-0.710047
-0.024585
0.340892
-0.081545
0.133014
0.217783
-0.271289
-0.510603
-0.361248
-0.234340
0.180979
0.564512
-0.173823
0.438349
0.041654
-0.037195
