-6.757025
0.740365
-49.055882
-4.628999
27.320709
-0.613090
16.383038
-15.920280
1.651888
19.772598
-27.243616
7.081717
-8.283373
-21.472269
-7.172274
16.189419
0.015325
-1.215576
25.646254
-147.633743
-60.564537
80.506004
29.096033
-120.340660
-104.446686
-12.659612
4.065898
86.587715
-3.298553
41.331104
-23.331573
-19.995459
-1.140279
-2.151178
-12.737816
12.801169
21.086700
-14.829885
-2.669178
-3.545568
-4.253187
-10.776992
-8.770423
10.828552
-2.867088
3.684409
-4.169946
5.798899
-0.752668
-1.742169
-24.005449
140.083710
55.991146
-73.547302
-29.751312
113.537643
95.546761
10.138663
-6.279135
-79.389046
4.779419
-37.940289
22.024210
16.910561
1.040966
-0.370390
-0.531376
-0.205685
-0.381431
-0.008860
-0.084326
1.013753
0.197557
-0.414324
0.035602
-0.066214
-0.363118
-0.178724
0.308517
0.381089
1.040966
-0.370390
-0.531376
-0.205685
-0.381431
-0.008860
-0.084326
1.013753
0.197557
-0.414324
0.035602
-0.066214
-0.363118
-0.178724
0.308517
0.381089
1.040966
-0.370390
-0.531376
-0.205685
-0.381431
-0.008860
-0.084326
1.013753
0.197557
-0.414324
0.035602
-0.066214
-0.363118
-0.178724
0.308517
0.381089
1.040966
-0.370390
-0.531376
-0.205685
-0.381431
-0.008860
-0.084326
1.013753
0.197557
-0.414324
0.035602
-0.066214
-0.363118
-0.178724
0.308517
0.381089
1.040966
-0.370390
-0.531376
-0.205685
-0.381431
-0.008860
-0.084326
1.013753
0.197557
-0.414324
0.035602
-0.066214
-0.363118
-0.178724
0.308517
0.381089
1.040966
-0.370390
-0.531376
-0.205685
-0.381431
-0.008860
-0.084326
1.013753
0.197557
-0.414324
0.035602
-0.066214
-0.363118
-0.178724
0.308517
0.381089
1.040966
-0.370390
-0.531376
-0.205685
-0.381431
-0.008860
-0.084326
1.013753
0.197557
-0.414324
0.035602
-0.066214
-0.363118
-0.178724
0.308517
0.381089
1.040966
-0.370390
-0.531376
-0.205685
-0.381431
-0.008860
-0.084326
1.013753
0.197557
-0.414324
0.035602
-0.066214
-0.363118
-0.178724
0.308517
0.381089
1.040966
-0.370390
-0.531376
-0.205685
-0.381431
-0.008860
-0.084326
1.013753
0.197557
-0.414324
0.035602
-0.066214
-0.363118
-0.178724
0.308517
0.381089
1.040966
-0.370390
-0.531376
-0.205685
-0.381431
-0.008860
-0.084326
1.013753
0.197557
-0.414324
0.035602
-0.066214
-0.363118
-0.178724
0.308517
0.381089
1.040966
-0.370390
-0.531376
-0.205685
-0.381431
-0.008860
-0.084326
1.013753
0.197557
-0.414324
0.035602
-0.066214
-0.363118
-0.178724
0.308517
0.381089
1.040966
-0.370390
-0.531376
-0.205685
-0.381431
-0.008860
-0.084326
1.013753
0.197557
-0.414324
0.035602
-0.066214
-0.363118
-0.178724
0.308517
0.381089
1.040966
-0.370390
-0.531376
-0.205685
-0.381431
-0.008860
-0.084326
1.013753
0.197557
-0.414324
0.035602
-0.066214
-0.363118
-0.178724
0.308517
0.381089
1.040966
-0.370390
-0.531376
-0.205685
-0.381431
-0.008860
-0.084326
1.013753
0.197557
-0.414324
0.035602
-0.066214
-0.363118
-0.178724
0.308517
0.381089
1.040966
-0.370390
-0.531376
-0.205685
-0.381431
-0.008860
-0.084326
1.013753
0.197557
-0.414324
0.035602
-0.066214
-0.363118
-0.178724
0.308517
0.381089
1.040966
-0.370390
-0.531376
-0.205685
-0.381431
-0.008860
-0.084326
1.013753
0.197557
-0.414324
0.035602
-0.066214
-0.363118
-0.178724
0.308517
0.381089
