-0.633292
-1.156737
7.080026
-3.652115
-8.332861
3.359945
-2.978038
-3.819225
3.122310
2.976781
6.595603
-5.934381
1.231325
-3.495571
5.932144
3.202591
2.220379
1.438831
-130.396255
-94.650047
39.410446
106.752113
-111.247879
-61.196800
-49.486580
84.305962
102.817535
32.103230
15.726843
13.063926
-18.196684
-7.462084
-0.308325
-1.586871
112.062088
85.140221
-34.342316
-95.632668
95.480957
55.843998
41.786968
-70.588974
-88.168732
-29.288145
-11.249217
-12.743563
15.142684
6.908609
0.547228
0.005879
-0.050551
-0.462889
-0.145967
0.143011
-0.032137
-0.001097
0.111940
0.896328
-0.223683
-0.027813
0.008722
-0.298901
0.025069
-0.010921
0.547228
0.005879
-0.050551
-0.462889
-0.145967
0.143011
-0.032137
-0.001097
0.111940
0.896328
-0.223683
-0.027813
0.008722
-0.298901
0.025069
-0.010921
0.547228
0.005879
-0.050551
-0.462889
-0.145967
0.143011
-0.032137
-0.001097
0.111940
0.896328
-0.223683
-0.027813
0.008722
-0.298901
0.025069
-0.010921
0.547228
0.005879
-0.050551
-0.462889
-0.145967
0.143011
-0.032137
-0.001097
0.111940
0.896328
-0.223683
-0.027813
0.008722
-0.298901
0.025069
-0.010921
0.547228
0.005879
-0.050551
-0.462889
-0.145967
0.143011
-0.032137
-0.001097
0.111940
0.896328
-0.223683
-0.027813
0.008722
-0.298901
0.025069
-0.010921
0.547228
0.005879
-0.050551
-0.462889
-0.145967
0.143011
-0.032137
-0.001097
0.111940
0.896328
-0.223683
-0.027813
0.008722
-0.298901
0.025069
-0.010921
0.547228
0.005879
-0.050551
-0.462889
-0.145967
0.143011
-0.032137
-0.001097
0.111940
0.896328
-0.223683
-0.027813
0.008722
-0.298901
0.025069
-0.010921
0.547228
0.005879
-0.050551
-0.462889
-0.145967
0.143011
-0.032137
-0.001097
0.111940
0.896328
-0.223683
-0.027813
0.008722
-0.298901
0.025069
-0.010921
0.547228
0.005879
-0.050551
-0.462889
-0.145967
0.143011
-0.032137
-0.001097
0.111940
0.896328
-0.223683
-0.027813
0.008722
-0.298901
0.025069
-0.010921
0.547228
0.005879
-0.050551
-0.462889
-0.145967
0.143011
-0.032137
-0.001097
0.111940
0.896328
-0.223683
-0.027813
0.008722
-0.298901
0.025069
-0.010921
0.547228
0.005879
-0.050551
-0.462889
-0.145967
0.143011
-0.032137
-0.001097
0.111940
0.896328
-0.223683
-0.027813
0.008722
-0.298901
0.025069
-0.010921
0.547228
0.005879
-0.050551
-0.462889
-0.145967
0.143011
-0.032137
-0.001097
0.111940
0.896328
-0.223683
-0.027813
0.008722
-0.298901
0.025069
-0.010921
0.547228
0.005879
-0.050551
-0.462889
-0.145967
0.143011
-0.032137
-0.001097
0.111940
0.896328
-0.223683
-0.027813
0.008722
-0.298901
0.025069
-0.010921
0.547228
0.005879
-0.050551
-0.462889
-0.145967
0.143011
-0.032137
-0.001097
0.111940
0.896328
-0.223683
-0.027813
0.008722
-0.298901
0.025069
-0.010921
0.547228
0.005879
-0.050551
-0.462889
-0.145967
0.143011
-0.032137
-0.001097
0.111940
0.896328
-0.223683
-0.027813
0.008722
-0.298901
0.025069
-0.010921
0.547228
0.005879
-0.050551
-0.462889
-0.145967
0.143011
-0.032137
-0.001097
0.111940
0.896328
-0.223683
-0.027813
0.008722
-0.298901
0.025069
-0.010921
0.547228
0.005879
-0.050551
-0.462889
-0.145967
0.143011
-0.032137
-0.001097
0.111940
0.896328
-0.223683
-0.027813
0.008722
-0.298901
0.025069
-0.010921
