-1.161264
-1.153460
6.052443
-19.601292
-19.286083
11.976115
6.157728
-0.324562
12.029700
14.330215
12.527397
-11.270726
1.727584
3.738647
10.730927
-3.195630
0.417450
21.401480
16.374979
40.845455
-6.203365
-34.508686
-27.403011
1.897220
14.984271
-16.793859
13.145041
18.024576
-17.716743
28.459309
18.194548
-4.998962
-1.046791
-3.204226
-148.757553
-90.812187
57.945831
115.696823
-107.319611
-64.599319
-53.462433
88.799843
97.019646
29.098202
36.963318
23.129032
-32.725075
-3.525501
3.620648
0.062227
115.009789
64.103790
-48.004845
-88.612244
81.620720
47.711010
39.088604
-68.029373
-72.814240
-19.053635
-24.649843
-18.321775
20.535799
3.086096
-0.119057
-0.738581
-0.005376
-0.170727
-0.184726
0.256701
0.046022
0.004669
0.544287
0.006681
-0.645037
0.104617
0.315310
0.388299
0.197964
0.466092
-0.119057
-0.738581
-0.005376
-0.170727
-0.184726
0.256701
0.046022
0.004669
0.544287
0.006681
-0.645037
0.104617
0.315310
0.388299
0.197964
0.466092
-0.119057
-0.738581
-0.005376
-0.170727
-0.184726
0.256701
0.046022
0.004669
0.544287
0.006681
-0.645037
0.104617
0.315310
0.388299
0.197964
0.466092
-0.119057
-0.738581
-0.005376
-0.170727
-0.184726
0.256701
0.046022
0.004669
0.544287
0.006681
-0.645037
0.104617
0.315310
0.388299
0.197964
0.466092
-0.119057
-0.738581
-0.005376
-0.170727
-0.184726
0.256701
0.046022
0.004669
0.544287
0.006681
-0.645037
0.104617
0.315310
0.388299
0.197964
0.466092
-0.119057
-0.738581
-0.005376
-0.170727
-0.184726
0.256701
0.046022
0.004669
0.544287
0.006681
-0.645037
0.104617
0.315310
0.388299
0.197964
0.466092
-0.119057
-0.738581
-0.005376
-0.170727
-0.184726
0.256701
0.046022
0.004669
0.544287
0.006681
-0.645037
0.104617
0.315310
0.388299
0.197964
0.466092
-0.119057
-0.738581
-0.005376
-0.170727
-0.184726
0.256701
0.046022
0.004669
0.544287
0.006681
-0.645037
0.104617
0.315310
0.388299
0.197964
0.466092
-0.119057
-0.738581
-0.005376
-0.170727
-0.184726
0.256701
0.046022
0.004669
0.544287
0.006681
-0.645037
0.104617
0.315310
0.388299
0.197964
0.466092
-0.119057
-0.738581
-0.005376
-0.170727
-0.184726
0.256701
0.046022
0.004669
0.544287
0.006681
-0.645037
0.104617
0.315310
0.388299
0.197964
0.466092
-0.119057
-0.738581
-0.005376
-0.170727
-0.184726
0.256701
0.046022
0.004669
0.544287
0.006681
-0.645037
0.104617
0.315310
0.388299
0.197964
0.466092
-0.119057
-0.738581
-0.005376
-0.170727
-0.184726
0.256701
0.046022
0.004669
0.544287
0.006681
-0.645037
0.104617
0.315310
0.388299
0.197964
0.466092
-0.119057
-0.738581
-0.005376
-0.170727
-0.184726
0.256701
0.046022
0.004669
0.544287
0.006681
-0.645037
0.104617
0.315310
0.388299
0.197964
0.466092
-0.119057
-0.738581
-0.005376
-0.170727
-0.184726
0.256701
0.046022
0.004669
0.544287
0.006681
-0.645037
0.104617
0.315310
0.388299
0.197964
0.466092
-0.119057
-0.738581
-0.005376
-0.170727
-0.184726
0.256701
0.046022
0.004669
0.544287
0.006681
-0.645037
0.104617
0.315310
0.388299
0.197964
0.466092
-0.119057
-0.738581
-0.005376
-0.170727
-0.184726
0.256701
0.046022
0.004669
0.544287
0.006681
-0.645037
0.104617
0.315310
0.388299
0.197964
0.466092
