-0.933969
1.064979
-9.745247
13.555454
16.004276
-18.272770
-12.344438
-0.511661
-8.324860
-9.326752
-12.435111
10.904272
-0.922574
4.665884
-4.350227
-0.320756
1.430820
1.738342
-47.738991
155.624985
81.112297
-82.218925
-57.815948
121.840988
103.864822
33.513607
25.765703
-92.749329
-7.690532
-24.963350
23.101669
31.376165
-0.772639
1.428332
39.380089
-125.336197
-63.787090
62.690155
39.910118
-95.871887
-87.021652
-30.269756
-21.617861
72.248711
7.126319
24.298199
-17.819723
-27.490318
0.804789
0.363746
0.315813
0.124777
-0.177625
-0.168343
0.329073
-0.408034
0.076806
-0.371056
0.191371
-0.115024
0.245196
0.105108
-0.009804
-0.193641
0.804789
0.363746
0.315813
0.124777
-0.177625
-0.168343
0.329073
-0.408034
0.076806
-0.371056
0.191371
-0.115024
0.245196
0.105108
-0.009804
-0.193641
0.804789
0.363746
0.315813
0.124777
-0.177625
-0.168343
0.329073
-0.408034
0.076806
-0.371056
0.191371
-0.115024
0.245196
0.105108
-0.009804
-0.193641
0.804789
0.363746
0.315813
0.124777
-0.177625
-0.168343
0.329073
-0.408034
0.076806
-0.371056
0.191371
-0.115024
0.245196
0.105108
-0.009804
-0.193641
0.804789
0.363746
0.315813
0.124777
-0.177625
-0.168343
0.329073
-0.408034
0.076806
-0.371056
0.191371
-0.115024
0.245196
0.105108
-0.009804
-0.193641
0.804789
0.363746
0.315813
0.124777
-0.177625
-0.168343
0.329073
-0.408034
0.076806
-0.371056
0.191371
-0.115024
0.245196
0.105108
-0.009804
-0.193641
0.804789
0.363746
0.315813
0.124777
-0.177625
-0.168343
0.329073
-0.408034
0.076806
-0.371056
0.191371
-0.115024
0.245196
0.105108
-0.009804
-0.193641
0.804789
0.363746
0.315813
0.124777
-0.177625
-0.168343
0.329073
-0.408034
0.076806
-0.371056
0.191371
-0.115024
0.245196
0.105108
-0.009804
-0.193641
0.804789
0.363746
0.315813
0.124777
-0.177625
-0.168343
0.329073
-0.408034
0.076806
-0.371056
0.191371
-0.115024
0.245196
0.105108
-0.009804
-0.193641
0.804789
0.363746
0.315813
0.124777
-0.177625
-0.168343
0.329073
-0.408034
0.076806
-0.371056
0.191371
-0.115024
0.245196
0.105108
-0.009804
-0.193641
0.804789
0.363746
0.315813
0.124777
-0.177625
-0.168343
0.329073
-0.408034
0.076806
-0.371056
0.191371
-0.115024
0.245196
0.105108
-0.009804
-0.193641
0.804789
0.363746
0.315813
0.124777
-0.177625
-0.168343
0.329073
-0.408034
0.076806
-0.371056
0.191371
-0.115024
0.245196
0.105108
-0.009804
-0.193641
0.804789
0.363746
0.315813
0.124777
-0.177625
-0.168343
0.329073
-0.408034
0.076806
-0.371056
0.191371
-0.115024
0.245196
0.105108
-0.009804
-0.193641
0.804789
0.363746
0.315813
0.124777
-0.177625
-0.168343
0.329073
-0.408034
0.076806
-0.371056
0.191371
-0.115024
0.245196
0.105108
-0.009804
-0.193641
0.804789
0.363746
0.315813
0.124777
-0.177625
-0.168343
0.329073
-0.408034
0.076806
-0.371056
0.191371
-0.115024
0.245196
0.105108
-0.009804
-0.193641
0.804789
0.363746
0.315813
0.124777
-0.177625
-0.168343
0.329073
-0.408034
0.076806
-0.371056
0.191371
-0.115024
0.245196
0.105108
-0.009804
-0.193641
0.804789
0.363746
0.315813
0.124777
-0.177625
-0.168343
0.329073
-0.408034
0.076806
-0.371056
0.191371
-0.115024
0.245196
0.105108
-0.009804
-0.193641
