0.316242
-0.472286
0.362501
-3.692846
1.966030
-0.870034
-3.704039
-1.014764
1.692719
0.901764
1.897870
0.351456
-4.708026
1.792152
-1.164832
-0.689835
0.504222
4.489992
-12.962881
10.789491
20.058720
-6.086966
-1.902610
-3.161767
-2.537287
-14.209546
-13.467639
5.069783
-1.402563
4.639487
-6.575503
0.604282
2.682527
-0.216606
49.195969
145.889999
32.430038
-222.933243
-35.983730
36.270496
124.428551
90.356354
35.416351
-27.965626
-11.450150
-123.144386
106.785034
124.668785
1.205715
1.180111
7.342613
2.517658
-10.136464
-3.000928
-0.322158
-6.826935
-0.598329
5.395406
9.397705
0.033454
5.737335
-1.819596
1.705499
4.658963
-2.444469
0.792053
1.997236
2.993927
2.263699
2.510840
0.979886
5.619130
10.288085
-8.866529
-8.854511
-12.857945
-3.544196
-4.915161
7.491246
-9.734179
0.076130
3.764843
-18.966057
-55.778946
-10.374086
86.550690
13.454031
-14.462811
-50.428490
-37.144638
-10.474164
11.405671
-0.123682
52.620224
-40.055248
-50.819561
-2.373190
-2.133838
-16.386742
-40.933659
-7.263086
59.058781
8.282320
-9.364824
-31.665148
-20.712019
-10.653668
7.614713
5.608045
28.541418
-27.955978
-27.985903
0.390023
-0.283497
0.183906
-0.161173
-0.023823
-0.400102
-0.304907
0.074120
-0.328371
0.159635
0.473686
-0.061224
-0.233370
0.424823
-0.118198
-0.090789
0.390023
-0.283497
0.183906
-0.161173
-0.023823
-0.400102
-0.304907
0.074120
-0.328371
0.159635
0.473686
-0.061224
-0.233370
0.424823
-0.118198
-0.090789
0.390023
-0.283497
0.183906
-0.161173
-0.023823
-0.400102
-0.304907
0.074120
-0.328371
0.159635
0.473686
-0.061224
-0.233370
0.424823
-0.118198
-0.090789
0.390023
-0.283497
0.183906
-0.161173
-0.023823
-0.400102
-0.304907
0.074120
-0.328371
0.159635
0.473686
-0.061224
-0.233370
0.424823
-0.118198
-0.090789
0.390023
-0.283497
0.183906
-0.161173
-0.023823
-0.400102
-0.304907
0.074120
-0.328371
0.159635
0.473686
-0.061224
-0.233370
0.424823
-0.118198
-0.090789
0.390023
-0.283497
0.183906
-0.161173
-0.023823
-0.400102
-0.304907
0.074120
-0.328371
0.159635
0.473686
-0.061224
-0.233370
0.424823
-0.118198
-0.090789
0.390023
-0.283497
0.183906
-0.161173
-0.023823
-0.400102
-0.304907
0.074120
-0.328371
0.159635
0.473686
-0.061224
-0.233370
0.424823
-0.118198
-0.090789
0.390023
-0.283497
0.183906
-0.161173
-0.023823
-0.400102
-0.304907
0.074120
-0.328371
0.159635
0.473686
-0.061224
-0.233370
0.424823
-0.118198
-0.090789
0.390023
-0.283497
0.183906
-0.161173
-0.023823
-0.400102
-0.304907
0.074120
-0.328371
0.159635
0.473686
-0.061224
-0.233370
0.424823
-0.118198
-0.090789
0.390023
-0.283497
0.183906
-0.161173
-0.023823
-0.400102
-0.304907
0.074120
-0.328371
0.159635
0.473686
-0.061224
-0.233370
0.424823
-0.118198
-0.090789
0.390023
-0.283497
0.183906
-0.161173
-0.023823
-0.400102
-0.304907
0.074120
-0.328371
0.159635
0.473686
-0.061224
-0.233370
0.424823
-0.118198
-0.090789
0.390023
-0.283497
0.183906
-0.161173
-0.023823
-0.400102
-0.304907
0.074120
-0.328371
0.159635
0.473686
-0.061224
-0.233370
0.424823
-0.118198
-0.090789
0.390023
-0.283497
0.183906
-0.161173
-0.023823
-0.400102
-0.304907
0.074120
-0.328371
0.159635
0.473686
-0.061224
-0.233370
0.424823
-0.118198
-0.090789
