-2.458371
0.795331
-5.518563
-5.335783
7.749169
-2.539898
-6.949468
-4.611651
2.807358
4.345819
-0.404230
-6.801738
6.226632
-1.704209
-4.301801
-11.001780
-2.637604
0.307707
8.181947
-17.594816
-7.872869
21.941000
5.441578
-3.382812
12.654225
8.052963
3.880139
-16.910328
-2.182237
-1.418044
1.969970
-4.448187
-0.878844
-0.477110
-57.092682
120.309235
149.005005
-125.193619
-38.831669
11.449937
13.985107
143.422089
33.105606
14.398758
44.889011
-90.115372
-4.836833
151.172897
1.544359
0.130884
34.575287
-76.772888
-94.898148
79.252289
23.132620
-7.004361
-9.924265
-91.542137
-25.169731
-7.724432
-26.828268
60.450764
4.087742
-95.105423
-0.955359
0.870639
7.765325
-17.023224
-16.377968
15.752675
5.554900
-0.567317
-3.024117
-16.223999
-3.367697
-4.812749
-5.872056
9.373311
-3.261646
-20.499727
0.062412
-0.301985
-0.320044
0.148670
0.334101
0.328220
0.128533
0.435331
-0.032888
0.437281
-0.247155
0.189955
-0.018907
0.028753
0.617086
0.288101
0.062412
-0.301985
-0.320044
0.148670
0.334101
0.328220
0.128533
0.435331
-0.032888
0.437281
-0.247155
0.189955
-0.018907
0.028753
0.617086
0.288101
0.062412
-0.301985
-0.320044
0.148670
0.334101
0.328220
0.128533
0.435331
-0.032888
0.437281
-0.247155
0.189955
-0.018907
0.028753
0.617086
0.288101
0.062412
-0.301985
-0.320044
0.148670
0.334101
0.328220
0.128533
0.435331
-0.032888
0.437281
-0.247155
0.189955
-0.018907
0.028753
0.617086
0.288101
0.062412
-0.301985
-0.320044
0.148670
0.334101
0.328220
0.128533
0.435331
-0.032888
0.437281
-0.247155
0.189955
-0.018907
0.028753
0.617086
0.288101
0.062412
-0.301985
-0.320044
0.148670
0.334101
0.328220
0.128533
0.435331
-0.032888
0.437281
-0.247155
0.189955
-0.018907
0.028753
0.617086
0.288101
0.062412
-0.301985
-0.320044
0.148670
0.334101
0.328220
0.128533
0.435331
-0.032888
0.437281
-0.247155
0.189955
-0.018907
0.028753
0.617086
0.288101
0.062412
-0.301985
-0.320044
0.148670
0.334101
0.328220
0.128533
0.435331
-0.032888
0.437281
-0.247155
0.189955
-0.018907
0.028753
0.617086
0.288101
0.062412
-0.301985
-0.320044
0.148670
0.334101
0.328220
0.128533
0.435331
-0.032888
0.437281
-0.247155
0.189955
-0.018907
0.028753
0.617086
0.288101
0.062412
-0.301985
-0.320044
0.148670
0.334101
0.328220
0.128533
0.435331
-0.032888
0.437281
-0.247155
0.189955
-0.018907
0.028753
0.617086
0.288101
0.062412
-0.301985
-0.320044
0.148670
0.334101
0.328220
0.128533
0.435331
-0.032888
0.437281
-0.247155
0.189955
-0.018907
0.028753
0.617086
0.288101
0.062412
-0.301985
-0.320044
0.148670
0.334101
0.328220
0.128533
0.435331
-0.032888
0.437281
-0.247155
0.189955
-0.018907
0.028753
0.617086
0.288101
0.062412
-0.301985
-0.320044
0.148670
0.334101
0.328220
0.128533
0.435331
-0.032888
0.437281
-0.247155
0.189955
-0.018907
0.028753
0.617086
0.288101
0.062412
-0.301985
-0.320044
0.148670
0.334101
0.328220
0.128533
0.435331
-0.032888
0.437281
-0.247155
0.189955
-0.018907
0.028753
0.617086
0.288101
0.062412
-0.301985
-0.320044
0.148670
0.334101
0.328220
0.128533
0.435331
-0.032888
0.437281
-0.247155
0.189955
-0.018907
0.028753
0.617086
0.288101
