-1.290620
0.063557
8.642612
-14.275633
-19.167555
24.637068
7.057822
3.013970
10.222507
3.433450
1.868752
-14.065772
-8.526117
-8.717195
6.070771
-1.263266
-0.320451
-0.279449
-5.387525
0.002210
5.745741
1.243115
2.991424
2.382591
-1.285438
-4.304049
-5.868203
-0.500710
-0.652235
4.607792
-0.445071
-2.622563
0.659109
-3.192034
-92.425934
18.076101
154.613388
55.162449
74.561287
66.170799
-90.900993
33.153046
-46.940334
3.952422
103.602470
122.262489
-158.016724
-35.678127
1.659599
1.635245
10.392091
-9.644085
-18.596157
2.430615
-10.966778
-3.726465
7.945622
-8.084755
1.420173
-0.685914
-12.836877
-9.743277
15.671637
-3.043086
-0.509832
0.770253
54.849327
-12.925528
-97.188133
-32.903149
-48.676357
-41.482231
56.672459
-21.818880
29.734829
-2.287705
-67.646507
-75.163490
98.615768
20.810703
-0.674885
0.484298
0.113966
-0.370367
0.305924
0.683042
-0.469350
0.423401
-0.072548
0.093135
0.113028
-0.432784
-0.006608
-0.271636
-0.067098
-0.198103
-0.674885
0.484298
0.113966
-0.370367
0.305924
0.683042
-0.469350
0.423401
-0.072548
0.093135
0.113028
-0.432784
-0.006608
-0.271636
-0.067098
-0.198103
-0.674885
0.484298
0.113966
-0.370367
0.305924
0.683042
-0.469350
0.423401
-0.072548
0.093135
0.113028
-0.432784
-0.006608
-0.271636
-0.067098
-0.198103
-0.674885
0.484298
0.113966
-0.370367
0.305924
0.683042
-0.469350
0.423401
-0.072548
0.093135
0.113028
-0.432784
-0.006608
-0.271636
-0.067098
-0.198103
-0.674885
0.484298
0.113966
-0.370367
0.305924
0.683042
-0.469350
0.423401
-0.072548
0.093135
0.113028
-0.432784
-0.006608
-0.271636
-0.067098
-0.198103
-0.674885
0.484298
0.113966
-0.370367
0.305924
0.683042
-0.469350
0.423401
-0.072548
0.093135
0.113028
-0.432784
-0.006608
-0.271636
-0.067098
-0.198103
-0.674885
0.484298
0.113966
-0.370367
0.305924
0.683042
-0.469350
0.423401
-0.072548
0.093135
0.113028
-0.432784
-0.006608
-0.271636
-0.067098
-0.198103
-0.674885
0.484298
0.113966
-0.370367
0.305924
0.683042
-0.469350
0.423401
-0.072548
0.093135
0.113028
-0.432784
-0.006608
-0.271636
-0.067098
-0.198103
-0.674885
0.484298
0.113966
-0.370367
0.305924
0.683042
-0.469350
0.423401
-0.072548
0.093135
0.113028
-0.432784
-0.006608
-0.271636
-0.067098
-0.198103
-0.674885
0.484298
0.113966
-0.370367
0.305924
0.683042
-0.469350
0.423401
-0.072548
0.093135
0.113028
-0.432784
-0.006608
-0.271636
-0.067098
-0.198103
-0.674885
0.484298
0.113966
-0.370367
0.305924
0.683042
-0.469350
0.423401
-0.072548
0.093135
0.113028
-0.432784
-0.006608
-0.271636
-0.067098
-0.198103
-0.674885
0.484298
0.113966
-0.370367
0.305924
0.683042
-0.469350
0.423401
-0.072548
0.093135
0.113028
-0.432784
-0.006608
-0.271636
-0.067098
-0.198103
-0.674885
0.484298
0.113966
-0.370367
0.305924
0.683042
-0.469350
0.423401
-0.072548
0.093135
0.113028
-0.432784
-0.006608
-0.271636
-0.067098
-0.198103
-0.674885
0.484298
0.113966
-0.370367
0.305924
0.683042
-0.469350
0.423401
-0.072548
0.093135
0.113028
-0.432784
-0.006608
-0.271636
-0.067098
-0.198103
-0.674885
0.484298
0.113966
-0.370367
0.305924
0.683042
-0.469350
0.423401
-0.072548
0.093135
0.113028
-0.432784
-0.006608
-0.271636
-0.067098
-0.198103
