-2.158637
-2.134471
-15.778728
4.606691
25.143366
-2.713214
-6.418102
-2.081962
-0.189799
-13.039331
-14.338819
-1.377829
-2.584808
3.507019
-6.570891
-1.231157
0.267801
0.324871
2.174800
-6.460029
-2.405526
8.435289
-5.128611
-1.671102
7.148171
0.620411
1.073568
-7.986810
-1.485469
-4.289320
2.251705
-1.273677
0.041182
-0.667969
-1.228920
7.947876
-3.203137
-11.382137
-4.217731
9.467604
2.657215
-4.214181
-6.090108
2.683242
-5.189957
-3.132122
-7.521983
7.483386
0.027621
-2.227939
-35.453537
108.621742
103.679192
-126.957092
100.122047
-5.792075
-14.385772
82.194466
-21.444286
40.296471
167.338303
-32.789692
-110.431183
127.912483
-0.944394
-0.215793
-2.399993
6.591281
1.671043
-6.051808
4.566486
1.760957
-5.840346
-1.072721
-1.414438
5.750631
1.376696
2.190740
-3.251966
1.391805
-1.760933
1.762919
20.068260
-54.644848
-54.691204
61.776245
-50.244133
2.949345
4.317166
-43.974556
16.455090
-17.372873
-88.577805
19.962509
57.357681
-63.043911
-0.358650
2.398955
3.778116
-21.032179
-15.867787
25.049778
-18.677065
3.488476
1.626235
-12.399081
-0.627265
-8.739419
-25.285009
5.816929
17.073254
-23.867773
0.404334
0.687248
0.439154
1.117726
-0.466254
-0.527209
-0.467829
-0.426372
0.163110
-0.410107
0.440261
0.594519
-0.598187
0.492407
-0.095748
0.254444
0.404334
0.687248
0.439154
1.117726
-0.466254
-0.527209
-0.467829
-0.426372
0.163110
-0.410107
0.440261
0.594519
-0.598187
0.492407
-0.095748
0.254444
0.404334
0.687248
0.439154
1.117726
-0.466254
-0.527209
-0.467829
-0.426372
0.163110
-0.410107
0.440261
0.594519
-0.598187
0.492407
-0.095748
0.254444
0.404334
0.687248
0.439154
1.117726
-0.466254
-0.527209
-0.467829
-0.426372
0.163110
-0.410107
0.440261
0.594519
-0.598187
0.492407
-0.095748
0.254444
0.404334
0.687248
0.439154
1.117726
-0.466254
-0.527209
-0.467829
-0.426372
0.163110
-0.410107
0.440261
0.594519
-0.598187
0.492407
-0.095748
0.254444
0.404334
0.687248
0.439154
1.117726
-0.466254
-0.527209
-0.467829
-0.426372
0.163110
-0.410107
0.440261
0.594519
-0.598187
0.492407
-0.095748
0.254444
0.404334
0.687248
0.439154
1.117726
-0.466254
-0.527209
-0.467829
-0.426372
0.163110
-0.410107
0.440261
0.594519
-0.598187
0.492407
-0.095748
0.254444
0.404334
0.687248
0.439154
1.117726
-0.466254
-0.527209
-0.467829
-0.426372
0.163110
-0.410107
0.440261
0.594519
-0.598187
0.492407
-0.095748
0.254444
0.404334
0.687248
0.439154
1.117726
-0.466254
-0.527209
-0.467829
-0.426372
0.163110
-0.410107
0.440261
0.594519
-0.598187
0.492407
-0.095748
0.254444
0.404334
0.687248
0.439154
1.117726
-0.466254
-0.527209
-0.467829
-0.426372
0.163110
-0.410107
0.440261
0.594519
-0.598187
0.492407
-0.095748
0.254444
0.404334
0.687248
0.439154
1.117726
-0.466254
-0.527209
-0.467829
-0.426372
0.163110
-0.410107
0.440261
0.594519
-0.598187
0.492407
-0.095748
0.254444
0.404334
0.687248
0.439154
1.117726
-0.466254
-0.527209
-0.467829
-0.426372
0.163110
-0.410107
0.440261
0.594519
-0.598187
0.492407
-0.095748
0.254444
0.404334
0.687248
0.439154
1.117726
-0.466254
-0.527209
-0.467829
-0.426372
0.163110
-0.410107
0.440261
0.594519
-0.598187
0.492407
-0.095748
0.254444
