2.757726
0.822518
17.426247
131.615417
17.247759
-181.813553
61.053036
-58.402576
58.056866
86.903412
3.689722
41.262165
128.584137
-121.085114
-27.252705
171.468658
-1.125688
0.637012
-5.365499
-60.600281
-10.960322
77.612877
-29.819143
24.800150
-22.949600
-39.463802
-1.551821
-18.771179
-58.275509
49.559628
13.606058
-74.731903
-0.650248
-2.627605
-0.213576
-31.815153
-10.088515
39.495342
-14.902819
11.602922
-7.431659
-18.721298
-0.260512
-10.135572
-31.245529
22.811544
11.062981
-36.129280
-0.003639
0.508448
0.396150
-0.224208
-0.205666
0.020137
-0.066075
0.144514
-0.180420
-0.065558
-0.098174
-0.301397
0.227662
0.128639
-0.221476
0.233975
-0.003639
0.508448
0.396150
-0.224208
-0.205666
0.020137
-0.066075
0.144514
-0.180420
-0.065558
-0.098174
-0.301397
0.227662
0.128639
-0.221476
0.233975
-0.003639
0.508448
0.396150
-0.224208
-0.205666
0.020137
-0.066075
0.144514
-0.180420
-0.065558
-0.098174
-0.301397
0.227662
0.128639
-0.221476
0.233975
-0.003639
0.508448
0.396150
-0.224208
-0.205666
0.020137
-0.066075
0.144514
-0.180420
-0.065558
-0.098174
-0.301397
0.227662
0.128639
-0.221476
0.233975
-0.003639
0.508448
0.396150
-0.224208
-0.205666
0.020137
-0.066075
0.144514
-0.180420
-0.065558
-0.098174
-0.301397
0.227662
0.128639
-0.221476
0.233975
-0.003639
0.508448
0.396150
-0.224208
-0.205666
0.020137
-0.066075
0.144514
-0.180420
-0.065558
-0.098174
-0.301397
0.227662
0.128639
-0.221476
0.233975
-0.003639
0.508448
0.396150
-0.224208
-0.205666
0.020137
-0.066075
0.144514
-0.180420
-0.065558
-0.098174
-0.301397
0.227662
0.128639
-0.221476
0.233975
-0.003639
0.508448
0.396150
-0.224208
-0.205666
0.020137
-0.066075
0.144514
-0.180420
-0.065558
-0.098174
-0.301397
0.227662
0.128639
-0.221476
0.233975
-0.003639
0.508448
0.396150
-0.224208
-0.205666
0.020137
-0.066075
0.144514
-0.180420
-0.065558
-0.098174
-0.301397
0.227662
0.128639
-0.221476
0.233975
-0.003639
0.508448
0.396150
-0.224208
-0.205666
0.020137
-0.066075
0.144514
-0.180420
-0.065558
-0.098174
-0.301397
0.227662
0.128639
-0.221476
0.233975
-0.003639
0.508448
0.396150
-0.224208
-0.205666
0.020137
-0.066075
0.144514
-0.180420
-0.065558
-0.098174
-0.301397
0.227662
0.128639
-0.221476
0.233975
-0.003639
0.508448
0.396150
-0.224208
-0.205666
0.020137
-0.066075
0.144514
-0.180420
-0.065558
-0.098174
-0.301397
0.227662
0.128639
-0.221476
0.233975
-0.003639
0.508448
0.396150
-0.224208
-0.205666
0.020137
-0.066075
0.144514
-0.180420
-0.065558
-0.098174
-0.301397
0.227662
0.128639
-0.221476
0.233975
-0.003639
0.508448
0.396150
-0.224208
-0.205666
0.020137
-0.066075
0.144514
-0.180420
-0.065558
-0.098174
-0.301397
0.227662
0.128639
-0.221476
0.233975
-0.003639
0.508448
0.396150
-0.224208
-0.205666
0.020137
-0.066075
0.144514
-0.180420
-0.065558
-0.098174
-0.301397
0.227662
0.128639
-0.221476
0.233975
-0.003639
0.508448
0.396150
-0.224208
-0.205666
0.020137
-0.066075
0.144514
-0.180420
-0.065558
-0.098174
-0.301397
0.227662
0.128639
-0.221476
0.233975
-0.003639
0.508448
0.396150
-0.224208
-0.205666
0.020137
-0.066075
0.144514
-0.180420
-0.065558
-0.098174
-0.301397
0.227662
0.128639
-0.221476
0.233975
