0.676705
0.820769
2.314079
3.205473
-3.342131
-3.154476
7.386762
-0.447952
-2.284953
0.166016
5.576447
3.686971
0.420663
5.466009
-0.481994
5.368674
0.685127
-0.795559
118.215271
-42.505169
-163.017136
36.536842
-66.967484
-32.667892
53.449539
-83.164131
34.784191
-17.754932
-138.903412
-65.726059
162.646439
-30.990047
0.590530
0.245379
-56.317139
23.607355
79.089516
-23.733013
31.134489
13.574020
-25.430786
41.472805
-19.459410
11.049903
70.186569
34.309841
-80.660271
15.146897
1.340702
2.978578
-23.492407
9.703677
28.056858
-11.100839
11.698199
2.791040
-8.060083
17.113380
-6.144150
0.352526
30.449356
13.496883
-28.656744
8.350318
0.131144
-0.128128
-0.613068
-0.471053
0.081666
-0.011704
0.516167
0.398277
0.440784
0.326288
-0.291112
-0.667460
0.034084
-0.103303
0.361175
0.500499
0.131144
-0.128128
-0.613068
-0.471053
0.081666
-0.011704
0.516167
0.398277
0.440784
0.326288
-0.291112
-0.667460
0.034084
-0.103303
0.361175
0.500499
0.131144
-0.128128
-0.613068
-0.471053
0.081666
-0.011704
0.516167
0.398277
0.440784
0.326288
-0.291112
-0.667460
0.034084
-0.103303
0.361175
0.500499
0.131144
-0.128128
-0.613068
-0.471053
0.081666
-0.011704
0.516167
0.398277
0.440784
0.326288
-0.291112
-0.667460
0.034084
-0.103303
0.361175
0.500499
0.131144
-0.128128
-0.613068
-0.471053
0.081666
-0.011704
0.516167
0.398277
0.440784
0.326288
-0.291112
-0.667460
0.034084
-0.103303
0.361175
0.500499
0.131144
-0.128128
-0.613068
-0.471053
0.081666
-0.011704
0.516167
0.398277
0.440784
0.326288
-0.291112
-0.667460
0.034084
-0.103303
0.361175
0.500499
0.131144
-0.128128
-0.613068
-0.471053
0.081666
-0.011704
0.516167
0.398277
0.440784
0.326288
-0.291112
-0.667460
0.034084
-0.103303
0.361175
0.500499
0.131144
-0.128128
-0.613068
-0.471053
0.081666
-0.011704
0.516167
0.398277
0.440784
0.326288
-0.291112
-0.667460
0.034084
-0.103303
0.361175
0.500499
0.131144
-0.128128
-0.613068
-0.471053
0.081666
-0.011704
0.516167
0.398277
0.440784
0.326288
-0.291112
-0.667460
0.034084
-0.103303
0.361175
0.500499
0.131144
-0.128128
-0.613068
-0.471053
0.081666
-0.011704
0.516167
0.398277
0.440784
0.326288
-0.291112
-0.667460
0.034084
-0.103303
0.361175
0.500499
0.131144
-0.128128
-0.613068
-0.471053
0.081666
-0.011704
0.516167
0.398277
0.440784
0.326288
-0.291112
-0.667460
0.034084
-0.103303
0.361175
0.500499
0.131144
-0.128128
-0.613068
-0.471053
0.081666
-0.011704
0.516167
0.398277
0.440784
0.326288
-0.291112
-0.667460
0.034084
-0.103303
0.361175
0.500499
0.131144
-0.128128
-0.613068
-0.471053
0.081666
-0.011704
0.516167
0.398277
0.440784
0.326288
-0.291112
-0.667460
0.034084
-0.103303
0.361175
0.500499
0.131144
-0.128128
-0.613068
-0.471053
0.081666
-0.011704
0.516167
0.398277
0.440784
0.326288
-0.291112
-0.667460
0.034084
-0.103303
0.361175
0.500499
0.131144
-0.128128
-0.613068
-0.471053
0.081666
-0.011704
0.516167
0.398277
0.440784
0.326288
-0.291112
-0.667460
0.034084
-0.103303
0.361175
0.500499
0.131144
-0.128128
-0.613068
-0.471053
0.081666
-0.011704
0.516167
0.398277
0.440784
0.326288
-0.291112
-0.667460
0.034084
-0.103303
0.361175
0.500499
