1.505949
1.577469
9.226795
-1.992552
-4.868956
9.228531
8.412537
-1.928720
-4.548614
-0.688064
4.121416
6.531449
-3.968546
5.088374
11.055007
3.144284
-0.504971
-1.613196
-132.059998
-42.447170
160.165970
90.654884
33.766651
81.620041
-98.038460
14.320906
-46.956280
-17.809620
59.525684
172.455933
-153.709412
-95.707237
2.638005
2.552194
46.339798
12.948116
-54.639725
-30.252068
-12.438944
-26.310659
32.753418
-3.346210
18.950907
6.066146
-22.132105
-56.383495
52.820793
33.157627
-3.335759
-1.318807
40.152660
16.254179
-48.544540
-28.063082
-12.688726
-26.874619
26.454641
-5.956143
14.705804
10.293981
-18.384150
-51.180923
49.336407
28.141998
0.880373
-0.150570
0.063333
0.147112
-0.268131
-0.432999
-0.849835
0.290874
0.355673
0.181391
0.258952
0.152992
0.112844
0.076334
-0.277341
0.219816
0.880373
-0.150570
0.063333
0.147112
-0.268131
-0.432999
-0.849835
0.290874
0.355673
0.181391
0.258952
0.152992
0.112844
0.076334
-0.277341
0.219816
0.880373
-0.150570
0.063333
0.147112
-0.268131
-0.432999
-0.849835
0.290874
0.355673
0.181391
0.258952
0.152992
0.112844
0.076334
-0.277341
0.219816
0.880373
-0.150570
0.063333
0.147112
-0.268131
-0.432999
-0.849835
0.290874
0.355673
0.181391
0.258952
0.152992
0.112844
0.076334
-0.277341
0.219816
0.880373
-0.150570
0.063333
0.147112
-0.268131
-0.432999
-0.849835
0.290874
0.355673
0.181391
0.258952
0.152992
0.112844
0.076334
-0.277341
0.219816
0.880373
-0.150570
0.063333
0.147112
-0.268131
-0.432999
-0.849835
0.290874
0.355673
0.181391
0.258952
0.152992
0.112844
0.076334
-0.277341
0.219816
0.880373
-0.150570
0.063333
0.147112
-0.268131
-0.432999
-0.849835
0.290874
0.355673
0.181391
0.258952
0.152992
0.112844
0.076334
-0.277341
0.219816
0.880373
-0.150570
0.063333
0.147112
-0.268131
-0.432999
-0.849835
0.290874
0.355673
0.181391
0.258952
0.152992
0.112844
0.076334
-0.277341
0.219816
0.880373
-0.150570
0.063333
0.147112
-0.268131
-0.432999
-0.849835
0.290874
0.355673
0.181391
0.258952
0.152992
0.112844
0.076334
-0.277341
0.219816
0.880373
-0.150570
0.063333
0.147112
-0.268131
-0.432999
-0.849835
0.290874
0.355673
0.181391
0.258952
0.152992
0.112844
0.076334
-0.277341
0.219816
0.880373
-0.150570
0.063333
0.147112
-0.268131
-0.432999
-0.849835
0.290874
0.355673
0.181391
0.258952
0.152992
0.112844
0.076334
-0.277341
0.219816
0.880373
-0.150570
0.063333
0.147112
-0.268131
-0.432999
-0.849835
0.290874
0.355673
0.181391
0.258952
0.152992
0.112844
0.076334
-0.277341
0.219816
0.880373
-0.150570
0.063333
0.147112
-0.268131
-0.432999
-0.849835
0.290874
0.355673
0.181391
0.258952
0.152992
0.112844
0.076334
-0.277341
0.219816
0.880373
-0.150570
0.063333
0.147112
-0.268131
-0.432999
-0.849835
0.290874
0.355673
0.181391
0.258952
0.152992
0.112844
0.076334
-0.277341
0.219816
0.880373
-0.150570
0.063333
0.147112
-0.268131
-0.432999
-0.849835
0.290874
0.355673
0.181391
0.258952
0.152992
0.112844
0.076334
-0.277341
0.219816
0.880373
-0.150570
0.063333
0.147112
-0.268131
-0.432999
-0.849835
0.290874
0.355673
0.181391
0.258952
0.152992
0.112844
0.076334
-0.277341
0.219816
