-25.465017
-22.113981
23.174891
-29.196432
-20.908121
16.548294
6.884354
5.631175
-8.649544
1.589306
6.396894
-18.501150
29.250971
3.287183
-11.954820
-12.683533
-17.748512
21.515829
-3385.796875
5156.915039
3038.645508
539.303894
880.019043
4653.447754
961.107117
-3372.836670
-1622.896851
-5906.873535
-589.716980
-522.122437
4722.823242
-1153.574341
-1.424638
2.383532
-20.349165
-54.256569
-18.689110
21.457039
16.787981
-10.092875
-11.061296
-26.053268
-18.139069
76.228012
-4.416468
-11.026332
27.078812
22.666218
-1.714603
-0.926475
19.373932
54.436115
22.648140
-24.997162
-17.977869
9.664480
10.333115
27.938770
18.505510
-71.118584
0.414403
9.639339
-23.770651
-20.039827
16.295849
-18.837967
3282.524414
-4990.045898
-2947.291260
-513.288513
-836.690735
-4516.344238
-922.699768
3260.212891
1569.231079
5716.651855
574.321289
491.360931
-4579.732422
1106.552124
0.066384
0.449672
-1.515438
0.494266
0.185399
0.603461
-0.832922
1.008223
0.829384
-0.743621
0.652493
-1.686338
0.158733
-0.754112
1.047172
0.195377
0.066384
0.449672
-1.515438
0.494266
0.185399
0.603461
-0.832922
1.008223
0.829384
-0.743621
0.652493
-1.686338
0.158733
-0.754112
1.047172
0.195377
0.066384
0.449672
-1.515438
0.494266
0.185399
0.603461
-0.832922
1.008223
0.829384
-0.743621
0.652493
-1.686338
0.158733
-0.754112
1.047172
0.195377
0.066384
0.449672
-1.515438
0.494266
0.185399
0.603461
-0.832922
1.008223
0.829384
-0.743621
0.652493
-1.686338
0.158733
-0.754112
1.047172
0.195377
0.066384
0.449672
-1.515438
0.494266
0.185399
0.603461
-0.832922
1.008223
0.829384
-0.743621
0.652493
-1.686338
0.158733
-0.754112
1.047172
0.195377
0.066384
0.449672
-1.515438
0.494266
0.185399
0.603461
-0.832922
1.008223
0.829384
-0.743621
0.652493
-1.686338
0.158733
-0.754112
1.047172
0.195377
0.066384
0.449672
-1.515438
0.494266
0.185399
0.603461
-0.832922
1.008223
0.829384
-0.743621
0.652493
-1.686338
0.158733
-0.754112
1.047172
0.195377
0.066384
0.449672
-1.515438
0.494266
0.185399
0.603461
-0.832922
1.008223
0.829384
-0.743621
0.652493
-1.686338
0.158733
-0.754112
1.047172
0.195377
0.066384
0.449672
-1.515438
0.494266
0.185399
0.603461
-0.832922
1.008223
0.829384
-0.743621
0.652493
-1.686338
0.158733
-0.754112
1.047172
0.195377
0.066384
0.449672
-1.515438
0.494266
0.185399
0.603461
-0.832922
1.008223
0.829384
-0.743621
0.652493
-1.686338
0.158733
-0.754112
1.047172
0.195377
0.066384
0.449672
-1.515438
0.494266
0.185399
0.603461
-0.832922
1.008223
0.829384
-0.743621
0.652493
-1.686338
0.158733
-0.754112
1.047172
0.195377
0.066384
0.449672
-1.515438
0.494266
0.185399
0.603461
-0.832922
1.008223
0.829384
-0.743621
0.652493
-1.686338
0.158733
-0.754112
1.047172
0.195377
0.066384
0.449672
-1.515438
0.494266
0.185399
0.603461
-0.832922
1.008223
0.829384
-0.743621
0.652493
-1.686338
0.158733
-0.754112
1.047172
0.195377
0.066384
0.449672
-1.515438
0.494266
0.185399
0.603461
-0.832922
1.008223
0.829384
-0.743621
0.652493
-1.686338
0.158733
-0.754112
1.047172
0.195377
0.066384
0.449672
-1.515438
0.494266
0.185399
0.603461
-0.832922
1.008223
0.829384
-0.743621
0.652493
-1.686338
0.158733
-0.754112
1.047172
0.195377
