-1.487566
-0.807458
18.149612
8.750773
-27.895050
-10.153579
1.950975
7.888513
-6.440448
6.023847
17.826118
-3.513975
7.310202
-11.185678
-0.396981
4.273536
-1.266084
6.511584
-19.955664
33.591259
21.029940
-24.826031
18.794403
6.391941
-22.611193
-4.306307
-11.944421
27.783762
11.245653
13.803069
-21.434135
2.877310
-2.363472
-0.790307
-54.273563
-101.166100
-17.471022
69.186035
-126.438759
-0.227920
40.462002
-31.071951
27.101631
-46.860516
-76.193024
-17.821959
57.566483
-92.509392
0.735453
1.682152
31.495344
63.048573
13.849946
-41.998806
83.074074
1.515917
-26.413837
22.249228
-17.125942
29.811172
48.035294
10.513947
-39.649677
61.349659
0.627825
-0.568262
-0.024177
0.195523
0.191864
-0.222471
0.457204
0.066822
0.281349
-0.660334
-0.449252
0.111595
-0.289687
-0.217498
0.149399
0.162430
0.627825
-0.568262
-0.024177
0.195523
0.191864
-0.222471
0.457204
0.066822
0.281349
-0.660334
-0.449252
0.111595
-0.289687
-0.217498
0.149399
0.162430
0.627825
-0.568262
-0.024177
0.195523
0.191864
-0.222471
0.457204
0.066822
0.281349
-0.660334
-0.449252
0.111595
-0.289687
-0.217498
0.149399
0.162430
0.627825
-0.568262
-0.024177
0.195523
0.191864
-0.222471
0.457204
0.066822
0.281349
-0.660334
-0.449252
0.111595
-0.289687
-0.217498
0.149399
0.162430
0.627825
-0.568262
-0.024177
0.195523
0.191864
-0.222471
0.457204
0.066822
0.281349
-0.660334
-0.449252
0.111595
-0.289687
-0.217498
0.149399
0.162430
0.627825
-0.568262
-0.024177
0.195523
0.191864
-0.222471
0.457204
0.066822
0.281349
-0.660334
-0.449252
0.111595
-0.289687
-0.217498
0.149399
0.162430
0.627825
-0.568262
-0.024177
0.195523
0.191864
-0.222471
0.457204
0.066822
0.281349
-0.660334
-0.449252
0.111595
-0.289687
-0.217498
0.149399
0.162430
0.627825
-0.568262
-0.024177
0.195523
0.191864
-0.222471
0.457204
0.066822
0.281349
-0.660334
-0.449252
0.111595
-0.289687
-0.217498
0.149399
0.162430
0.627825
-0.568262
-0.024177
0.195523
0.191864
-0.222471
0.457204
0.066822
0.281349
-0.660334
-0.449252
0.111595
-0.289687
-0.217498
0.149399
0.162430
0.627825
-0.568262
-0.024177
0.195523
0.191864
-0.222471
0.457204
0.066822
0.281349
-0.660334
-0.449252
0.111595
-0.289687
-0.217498
0.149399
0.162430
0.627825
-0.568262
-0.024177
0.195523
0.191864
-0.222471
0.457204
0.066822
0.281349
-0.660334
-0.449252
0.111595
-0.289687
-0.217498
0.149399
0.162430
0.627825
-0.568262
-0.024177
0.195523
0.191864
-0.222471
0.457204
0.066822
0.281349
-0.660334
-0.449252
0.111595
-0.289687
-0.217498
0.149399
0.162430
0.627825
-0.568262
-0.024177
0.195523
0.191864
-0.222471
0.457204
0.066822
0.281349
-0.660334
-0.449252
0.111595
-0.289687
-0.217498
0.149399
0.162430
0.627825
-0.568262
-0.024177
0.195523
0.191864
-0.222471
0.457204
0.066822
0.281349
-0.660334
-0.449252
0.111595
-0.289687
-0.217498
0.149399
0.162430
0.627825
-0.568262
-0.024177
0.195523
0.191864
-0.222471
0.457204
0.066822
0.281349
-0.660334
-0.449252
0.111595
-0.289687
-0.217498
0.149399
0.162430
0.627825
-0.568262
-0.024177
0.195523
0.191864
-0.222471
0.457204
0.066822
0.281349
-0.660334
-0.449252
0.111595
-0.289687
-0.217498
0.149399
0.162430
