-3.353068
-1.624074
-90.169037
16.225273
171.150360
-22.477329
281.061340
3.219724
-288.353149
-47.690102
-129.660248
101.721283
307.486359
217.331879
-252.443451
-22.538595
-3.323336
7.822970
39.042088
-18.494322
-30.602497
7.181367
-3.957250
34.814331
-25.254011
-0.146528
16.926865
-6.696106
24.874599
6.496216
-11.224610
-9.649981
0.301867
-0.843002
-8.846038
-1.919962
6.272543
4.843131
1.123093
5.691473
1.207642
-4.825248
-7.272913
-3.222104
-3.111058
1.791782
-1.431958
-4.129858
0.297588
-1.561046
3.466658
-1.898175
-12.329734
6.512589
-19.595455
1.962613
22.856075
-0.731862
3.026943
-8.658723
-23.398722
-13.240043
16.939362
1.256799
0.987065
1.021630
58.899952
-6.131522
-112.139801
10.668494
-182.484726
-4.516317
188.170822
31.609013
87.862625
-65.352333
-202.678757
-143.346848
166.635223
17.782272
0.326192
-1.048296
10.359533
-4.616119
-20.892879
2.548523
-31.156427
-4.620266
30.976065
12.840140
17.075981
-10.881578
-30.499859
-32.625019
25.324785
5.633323
-0.300900
0.279785
-0.488198
-1.150618
0.304893
0.791699
-0.347171
0.102732
-0.006301
0.250553
-0.416174
-0.117099
0.582369
-0.854416
-0.159113
-0.617483
-0.300900
0.279785
-0.488198
-1.150618
0.304893
0.791699
-0.347171
0.102732
-0.006301
0.250553
-0.416174
-0.117099
0.582369
-0.854416
-0.159113
-0.617483
-0.300900
0.279785
-0.488198
-1.150618
0.304893
0.791699
-0.347171
0.102732
-0.006301
0.250553
-0.416174
-0.117099
0.582369
-0.854416
-0.159113
-0.617483
-0.300900
0.279785
-0.488198
-1.150618
0.304893
0.791699
-0.347171
0.102732
-0.006301
0.250553
-0.416174
-0.117099
0.582369
-0.854416
-0.159113
-0.617483
-0.300900
0.279785
-0.488198
-1.150618
0.304893
0.791699
-0.347171
0.102732
-0.006301
0.250553
-0.416174
-0.117099
0.582369
-0.854416
-0.159113
-0.617483
-0.300900
0.279785
-0.488198
-1.150618
0.304893
0.791699
-0.347171
0.102732
-0.006301
0.250553
-0.416174
-0.117099
0.582369
-0.854416
-0.159113
-0.617483
-0.300900
0.279785
-0.488198
-1.150618
0.304893
0.791699
-0.347171
0.102732
-0.006301
0.250553
-0.416174
-0.117099
0.582369
-0.854416
-0.159113
-0.617483
-0.300900
0.279785
-0.488198
-1.150618
0.304893
0.791699
-0.347171
0.102732
-0.006301
0.250553
-0.416174
-0.117099
0.582369
-0.854416
-0.159113
-0.617483
-0.300900
0.279785
-0.488198
-1.150618
0.304893
0.791699
-0.347171
0.102732
-0.006301
0.250553
-0.416174
-0.117099
0.582369
-0.854416
-0.159113
-0.617483
-0.300900
0.279785
-0.488198
-1.150618
0.304893
0.791699
-0.347171
0.102732
-0.006301
0.250553
-0.416174
-0.117099
0.582369
-0.854416
-0.159113
-0.617483
-0.300900
0.279785
-0.488198
-1.150618
0.304893
0.791699
-0.347171
0.102732
-0.006301
0.250553
-0.416174
-0.117099
0.582369
-0.854416
-0.159113
-0.617483
-0.300900
0.279785
-0.488198
-1.150618
0.304893
0.791699
-0.347171
0.102732
-0.006301
0.250553
-0.416174
-0.117099
0.582369
-0.854416
-0.159113
-0.617483
-0.300900
0.279785
-0.488198
-1.150618
0.304893
0.791699
-0.347171
0.102732
-0.006301
0.250553
-0.416174
-0.117099
0.582369
-0.854416
-0.159113
-0.617483
-0.300900
0.279785
-0.488198
-1.150618
0.304893
0.791699
-0.347171
0.102732
-0.006301
0.250553
-0.416174
-0.117099
0.582369
-0.854416
-0.159113
-0.617483
