0.848473
0.968971
16.411745
12.840815
-18.324903
-15.518434
1.631145
5.576001
-13.721707
9.097185
10.180512
17.509571
2.482043
-1.889602
7.058874
9.428825
-0.478942
0.961516
92.919701
-28.518057
-187.123749
33.628693
-330.884949
21.016428
298.459167
15.918683
114.231140
-112.512146
-355.418701
-194.404739
277.233368
-8.127678
7.464685
10.132493
-13.749352
33.510033
16.590864
-25.919174
-12.645785
-16.124712
17.876062
-10.916946
2.941325
21.789604
-32.292923
13.302826
19.058752
7.721766
-0.327506
-0.821349
-4.856865
-0.179470
9.432933
0.416446
23.002195
9.276231
-24.197832
-5.567108
-7.566947
4.210830
25.806149
21.804729
-17.779858
-2.314762
1.070996
-0.056848
-39.640614
12.377056
84.284149
-16.898579
140.233948
-21.311647
-122.768517
0.905161
-50.684864
51.084251
153.697113
73.133064
-119.420502
7.750630
-1.956599
-1.427587
-20.555813
7.579178
41.772995
-12.786538
77.942993
-12.734781
-72.081345
2.688426
-21.854759
30.552395
87.226654
35.583355
-66.085434
10.385460
-0.296229
-0.216484
-0.185626
0.175561
0.439047
-0.003128
0.080496
0.074849
0.560598
-0.142602
0.060637
-0.395920
0.380203
0.223033
0.736110
-0.227263
-0.296229
-0.216484
-0.185626
0.175561
0.439047
-0.003128
0.080496
0.074849
0.560598
-0.142602
0.060637
-0.395920
0.380203
0.223033
0.736110
-0.227263
-0.296229
-0.216484
-0.185626
0.175561
0.439047
-0.003128
0.080496
0.074849
0.560598
-0.142602
0.060637
-0.395920
0.380203
0.223033
0.736110
-0.227263
-0.296229
-0.216484
-0.185626
0.175561
0.439047
-0.003128
0.080496
0.074849
0.560598
-0.142602
0.060637
-0.395920
0.380203
0.223033
0.736110
-0.227263
-0.296229
-0.216484
-0.185626
0.175561
0.439047
-0.003128
0.080496
0.074849
0.560598
-0.142602
0.060637
-0.395920
0.380203
0.223033
0.736110
-0.227263
-0.296229
-0.216484
-0.185626
0.175561
0.439047
-0.003128
0.080496
0.074849
0.560598
-0.142602
0.060637
-0.395920
0.380203
0.223033
0.736110
-0.227263
-0.296229
-0.216484
-0.185626
0.175561
0.439047
-0.003128
0.080496
0.074849
0.560598
-0.142602
0.060637
-0.395920
0.380203
0.223033
0.736110
-0.227263
-0.296229
-0.216484
-0.185626
0.175561
0.439047
-0.003128
0.080496
0.074849
0.560598
-0.142602
0.060637
-0.395920
0.380203
0.223033
0.736110
-0.227263
-0.296229
-0.216484
-0.185626
0.175561
0.439047
-0.003128
0.080496
0.074849
0.560598
-0.142602
0.060637
-0.395920
0.380203
0.223033
0.736110
-0.227263
-0.296229
-0.216484
-0.185626
0.175561
0.439047
-0.003128
0.080496
0.074849
0.560598
-0.142602
0.060637
-0.395920
0.380203
0.223033
0.736110
-0.227263
-0.296229
-0.216484
-0.185626
0.175561
0.439047
-0.003128
0.080496
0.074849
0.560598
-0.142602
0.060637
-0.395920
0.380203
0.223033
0.736110
-0.227263
-0.296229
-0.216484
-0.185626
0.175561
0.439047
-0.003128
0.080496
0.074849
0.560598
-0.142602
0.060637
-0.395920
0.380203
0.223033
0.736110
-0.227263
-0.296229
-0.216484
-0.185626
0.175561
0.439047
-0.003128
0.080496
0.074849
0.560598
-0.142602
0.060637
-0.395920
0.380203
0.223033
0.736110
-0.227263
-0.296229
-0.216484
-0.185626
0.175561
0.439047
-0.003128
0.080496
0.074849
0.560598
-0.142602
0.060637
-0.395920
0.380203
0.223033
0.736110
-0.227263
