3.631332
1.504352
14.301995
20.186710
-20.871689
-24.300589
-6.967990
6.279965
-11.336429
9.609434
23.642231
10.418353
8.815188
-0.940831
8.617707
16.515867
24.784191
22.048971
12.821795
-37.918690
-23.746037
29.978374
20.128014
23.954567
-14.727982
13.924662
2.188783
-24.497902
30.501493
-12.529488
-8.869061
-7.083560
1.843951
-1.750969
-43.603714
84.270157
84.789146
-157.571991
177.150558
-261.796783
-194.501968
231.180496
25.378359
165.888336
369.225311
-150.691788
-162.388336
219.523270
0.728035
-1.650712
25.358990
-42.907799
-48.185425
83.751976
-99.510216
143.668045
109.672958
-124.241089
-8.013273
-90.540398
-209.556793
79.813934
95.362762
-118.478439
0.144780
0.521362
2.566834
-9.026622
-6.538826
14.368349
-10.669752
19.865042
9.431602
-18.561928
-5.619242
-12.931869
-22.289284
13.861665
9.480061
-17.621166
0.551640
4.505475
5.889080
-12.614810
-12.968913
22.086546
-33.506863
35.610882
35.355606
-31.528673
-2.553610
-28.034044
-62.304466
13.363410
30.767427
-29.297255
0.312287
-0.227150
-0.379197
0.380242
0.573519
-0.296470
0.464897
-0.203579
0.357081
0.309682
0.352604
0.053780
-1.280038
-0.210715
0.100500
0.220559
0.312287
-0.227150
-0.379197
0.380242
0.573519
-0.296470
0.464897
-0.203579
0.357081
0.309682
0.352604
0.053780
-1.280038
-0.210715
0.100500
0.220559
0.312287
-0.227150
-0.379197
0.380242
0.573519
-0.296470
0.464897
-0.203579
0.357081
0.309682
0.352604
0.053780
-1.280038
-0.210715
0.100500
0.220559
0.312287
-0.227150
-0.379197
0.380242
0.573519
-0.296470
0.464897
-0.203579
0.357081
0.309682
0.352604
0.053780
-1.280038
-0.210715
0.100500
0.220559
0.312287
-0.227150
-0.379197
0.380242
0.573519
-0.296470
0.464897
-0.203579
0.357081
0.309682
0.352604
0.053780
-1.280038
-0.210715
0.100500
0.220559
0.312287
-0.227150
-0.379197
0.380242
0.573519
-0.296470
0.464897
-0.203579
0.357081
0.309682
0.352604
0.053780
-1.280038
-0.210715
0.100500
0.220559
0.312287
-0.227150
-0.379197
0.380242
0.573519
-0.296470
0.464897
-0.203579
0.357081
0.309682
0.352604
0.053780
-1.280038
-0.210715
0.100500
0.220559
0.312287
-0.227150
-0.379197
0.380242
0.573519
-0.296470
0.464897
-0.203579
0.357081
0.309682
0.352604
0.053780
-1.280038
-0.210715
0.100500
0.220559
0.312287
-0.227150
-0.379197
0.380242
0.573519
-0.296470
0.464897
-0.203579
0.357081
0.309682
0.352604
0.053780
-1.280038
-0.210715
0.100500
0.220559
0.312287
-0.227150
-0.379197
0.380242
0.573519
-0.296470
0.464897
-0.203579
0.357081
0.309682
0.352604
0.053780
-1.280038
-0.210715
0.100500
0.220559
0.312287
-0.227150
-0.379197
0.380242
0.573519
-0.296470
0.464897
-0.203579
0.357081
0.309682
0.352604
0.053780
-1.280038
-0.210715
0.100500
0.220559
0.312287
-0.227150
-0.379197
0.380242
0.573519
-0.296470
0.464897
-0.203579
0.357081
0.309682
0.352604
0.053780
-1.280038
-0.210715
0.100500
0.220559
0.312287
-0.227150
-0.379197
0.380242
0.573519
-0.296470
0.464897
-0.203579
0.357081
0.309682
0.352604
0.053780
-1.280038
-0.210715
0.100500
0.220559
0.312287
-0.227150
-0.379197
0.380242
0.573519
-0.296470
0.464897
-0.203579
0.357081
0.309682
0.352604
0.053780
-1.280038
-0.210715
0.100500
0.220559
