-0.908587
0.804234
-0.021056
6.760909
2.790061
-6.927218
2.728810
-2.929899
-4.773731
3.235080
-0.548092
7.567224
5.325042
-0.706238
-4.146123
1.371064
2.668758
-0.885921
67.367630
59.225998
-125.514381
-111.193161
-202.323303
-211.328857
154.765305
220.217148
159.862289
14.888239
-56.710346
-350.111786
165.627777
180.484055
-3.279871
1.278786
-52.273243
-44.892113
96.722382
86.355202
156.850784
162.953568
-119.528610
-165.678574
-117.430069
-13.575680
43.289650
268.846466
-129.387146
-136.620743
-0.568207
0.579205
0.738270
-0.036332
-0.004364
-0.234711
-0.415345
-0.081975
-0.556277
0.157374
-0.063292
-0.157122
-0.093610
0.218063
-0.018623
-0.861366
-0.568207
0.579205
0.738270
-0.036332
-0.004364
-0.234711
-0.415345
-0.081975
-0.556277
0.157374
-0.063292
-0.157122
-0.093610
0.218063
-0.018623
-0.861366
-0.568207
0.579205
0.738270
-0.036332
-0.004364
-0.234711
-0.415345
-0.081975
-0.556277
0.157374
-0.063292
-0.157122
-0.093610
0.218063
-0.018623
-0.861366
-0.568207
0.579205
0.738270
-0.036332
-0.004364
-0.234711
-0.415345
-0.081975
-0.556277
0.157374
-0.063292
-0.157122
-0.093610
0.218063
-0.018623
-0.861366
-0.568207
0.579205
0.738270
-0.036332
-0.004364
-0.234711
-0.415345
-0.081975
-0.556277
0.157374
-0.063292
-0.157122
-0.093610
0.218063
-0.018623
-0.861366
-0.568207
0.579205
0.738270
-0.036332
-0.004364
-0.234711
-0.415345
-0.081975
-0.556277
0.157374
-0.063292
-0.157122
-0.093610
0.218063
-0.018623
-0.861366
-0.568207
0.579205
0.738270
-0.036332
-0.004364
-0.234711
-0.415345
-0.081975
-0.556277
0.157374
-0.063292
-0.157122
-0.093610
0.218063
-0.018623
-0.861366
-0.568207
0.579205
0.738270
-0.036332
-0.004364
-0.234711
-0.415345
-0.081975
-0.556277
0.157374
-0.063292
-0.157122
-0.093610
0.218063
-0.018623
-0.861366
-0.568207
0.579205
0.738270
-0.036332
-0.004364
-0.234711
-0.415345
-0.081975
-0.556277
0.157374
-0.063292
-0.157122
-0.093610
0.218063
-0.018623
-0.861366
-0.568207
0.579205
0.738270
-0.036332
-0.004364
-0.234711
-0.415345
-0.081975
-0.556277
0.157374
-0.063292
-0.157122
-0.093610
0.218063
-0.018623
-0.861366
-0.568207
0.579205
0.738270
-0.036332
-0.004364
-0.234711
-0.415345
-0.081975
-0.556277
0.157374
-0.063292
-0.157122
-0.093610
0.218063
-0.018623
-0.861366
-0.568207
0.579205
0.738270
-0.036332
-0.004364
-0.234711
-0.415345
-0.081975
-0.556277
0.157374
-0.063292
-0.157122
-0.093610
0.218063
-0.018623
-0.861366
-0.568207
0.579205
0.738270
-0.036332
-0.004364
-0.234711
-0.415345
-0.081975
-0.556277
0.157374
-0.063292
-0.157122
-0.093610
0.218063
-0.018623
-0.861366
-0.568207
0.579205
0.738270
-0.036332
-0.004364
-0.234711
-0.415345
-0.081975
-0.556277
0.157374
-0.063292
-0.157122
-0.093610
0.218063
-0.018623
-0.861366
-0.568207
0.579205
0.738270
-0.036332
-0.004364
-0.234711
-0.415345
-0.081975
-0.556277
0.157374
-0.063292
-0.157122
-0.093610
0.218063
-0.018623
-0.861366
-0.568207
0.579205
0.738270
-0.036332
-0.004364
-0.234711
-0.415345
-0.081975
-0.556277
0.157374
-0.063292
-0.157122
-0.093610
0.218063
-0.018623
-0.861366
-0.568207
0.579205
0.738270
-0.036332
-0.004364
-0.234711
-0.415345
-0.081975
-0.556277
0.157374
-0.063292
-0.157122
-0.093610
0.218063
-0.018623
-0.861366
