11.683975
-20.501503
-371.073456
1640.101929
257.920990
-1205.574951
-2927.479004
-2791.587402
1801.994751
4758.622070
8395.320313
-10901.382813
4758.166504
1734.423950
4322.032227
4702.267578
-3.105000
1.966488
0.437034
-18.154566
-9.923265
-5.323788
-13.833368
0.178009
-7.166151
39.143639
112.738029
124.264175
-1.403515
37.628471
39.607620
-15.730373
2.679824
-3.588337
-1.510098
8.218368
6.697500
3.239261
5.213611
-0.274452
4.886353
-16.117268
-50.027409
-55.248665
0.165848
-18.817816
-19.167696
8.128389
-5.069638
7.365393
145.172577
-725.309204
-128.114777
553.879150
1278.049438
1245.391235
-782.933655
-2111.332520
-3819.245605
4782.437012
-2103.802246
-786.834717
-1872.300049
-2108.682617
-1.481834
2.136431
-4.856297
-40.773987
-4.929161
45.945496
91.643639
62.761990
-52.794399
-106.438087
-163.061768
274.467804
-127.989830
-44.100365
-121.874794
-97.778999
-4.320286
2.870768
127.848679
-350.618622
-70.107178
251.229248
620.528809
665.308228
-334.110443
-1086.042969
-1971.512695
2324.981445
-1033.202148
-457.366943
-915.379272
-1103.743652
0.107237
2.332645
19.306513
-66.768120
-8.570132
49.991028
117.913925
109.278458
-66.153748
-186.774033
-323.032013
428.618713
-188.263290
-67.560425
-171.583984
-182.146851
-1.770615
4.031428
18.577827
-119.980057
-9.767285
86.897598
213.961197
179.656494
-152.476379
-330.389648
-548.279358
809.756836
-344.854645
-94.828918
-326.169403
-312.645935
0.106366
0.131717
0.279598
-0.028104
0.212263
-0.051735
0.135945
-0.499231
0.297057
0.280247
-0.580907
0.136010
-0.444267
0.176527
0.230793
-0.213865
0.106366
0.131717
0.279598
-0.028104
0.212263
-0.051735
0.135945
-0.499231
0.297057
0.280247
-0.580907
0.136010
-0.444267
0.176527
0.230793
-0.213865
0.106366
0.131717
0.279598
-0.028104
0.212263
-0.051735
0.135945
-0.499231
0.297057
0.280247
-0.580907
0.136010
-0.444267
0.176527
0.230793
-0.213865
0.106366
0.131717
0.279598
-0.028104
0.212263
-0.051735
0.135945
-0.499231
0.297057
0.280247
-0.580907
0.136010
-0.444267
0.176527
0.230793
-0.213865
0.106366
0.131717
0.279598
-0.028104
0.212263
-0.051735
0.135945
-0.499231
0.297057
0.280247
-0.580907
0.136010
-0.444267
0.176527
0.230793
-0.213865
0.106366
0.131717
0.279598
-0.028104
0.212263
-0.051735
0.135945
-0.499231
0.297057
0.280247
-0.580907
0.136010
-0.444267
0.176527
0.230793
-0.213865
0.106366
0.131717
0.279598
-0.028104
0.212263
-0.051735
0.135945
-0.499231
0.297057
0.280247
-0.580907
0.136010
-0.444267
0.176527
0.230793
-0.213865
0.106366
0.131717
0.279598
-0.028104
0.212263
-0.051735
0.135945
-0.499231
0.297057
0.280247
-0.580907
0.136010
-0.444267
0.176527
0.230793
-0.213865
0.106366
0.131717
0.279598
-0.028104
0.212263
-0.051735
0.135945
-0.499231
0.297057
0.280247
-0.580907
0.136010
-0.444267
0.176527
0.230793
-0.213865
0.106366
0.131717
0.279598
-0.028104
0.212263
-0.051735
0.135945
-0.499231
0.297057
0.280247
-0.580907
0.136010
-0.444267
0.176527
0.230793
-0.213865
0.106366
0.131717
0.279598
-0.028104
0.212263
-0.051735
0.135945
-0.499231
0.297057
0.280247
-0.580907
0.136010
-0.444267
0.176527
0.230793
-0.213865
0.106366
0.131717
0.279598
-0.028104
0.212263
-0.051735
0.135945
-0.499231
0.297057
0.280247
-0.580907
0.136010
-0.444267
0.176527
0.230793
-0.213865
