-0.125560
0.110824
-1.652871
-6.409288
-3.122390
5.303025
-2.328199
2.889477
3.852071
-2.854797
-0.272856
-7.058457
-6.250054
1.093852
4.220075
-2.041957
-0.302404
-1.042766
-46.759014
-139.418091
38.825497
234.141953
117.608047
332.423035
-75.969185
-344.571991
-149.286972
-74.710770
-145.925629
435.981262
-72.900635
-315.125671
-2.340424
-3.112708
2.111656
7.552851
-2.244300
-14.141199
-4.754678
-22.504244
6.641991
23.019096
9.712816
8.742009
6.996222
-24.534828
5.492139
18.504211
0.785049
0.779136
19.593296
50.544132
-15.465609
-83.197151
-41.984295
-115.805801
23.567600
122.221779
53.951653
27.212006
53.911999
-152.333939
25.287140
110.029327
1.420977
4.444406
12.307666
39.524761
-9.540909
-67.986732
-33.727051
-94.389580
21.989183
95.727150
42.444061
20.088419
43.326622
-128.422760
18.213507
91.432648
-0.370811
0.458767
-0.409170
0.623841
0.612777
-0.130471
0.030495
-1.032908
0.424312
-0.448709
-0.176361
0.238764
-0.781494
-0.030426
0.259969
0.364434
-0.370811
0.458767
-0.409170
0.623841
0.612777
-0.130471
0.030495
-1.032908
0.424312
-0.448709
-0.176361
0.238764
-0.781494
-0.030426
0.259969
0.364434
-0.370811
0.458767
-0.409170
0.623841
0.612777
-0.130471
0.030495
-1.032908
0.424312
-0.448709
-0.176361
0.238764
-0.781494
-0.030426
0.259969
0.364434
-0.370811
0.458767
-0.409170
0.623841
0.612777
-0.130471
0.030495
-1.032908
0.424312
-0.448709
-0.176361
0.238764
-0.781494
-0.030426
0.259969
0.364434
-0.370811
0.458767
-0.409170
0.623841
0.612777
-0.130471
0.030495
-1.032908
0.424312
-0.448709
-0.176361
0.238764
-0.781494
-0.030426
0.259969
0.364434
-0.370811
0.458767
-0.409170
0.623841
0.612777
-0.130471
0.030495
-1.032908
0.424312
-0.448709
-0.176361
0.238764
-0.781494
-0.030426
0.259969
0.364434
-0.370811
0.458767
-0.409170
0.623841
0.612777
-0.130471
0.030495
-1.032908
0.424312
-0.448709
-0.176361
0.238764
-0.781494
-0.030426
0.259969
0.364434
-0.370811
0.458767
-0.409170
0.623841
0.612777
-0.130471
0.030495
-1.032908
0.424312
-0.448709
-0.176361
0.238764
-0.781494
-0.030426
0.259969
0.364434
-0.370811
0.458767
-0.409170
0.623841
0.612777
-0.130471
0.030495
-1.032908
0.424312
-0.448709
-0.176361
0.238764
-0.781494
-0.030426
0.259969
0.364434
-0.370811
0.458767
-0.409170
0.623841
0.612777
-0.130471
0.030495
-1.032908
0.424312
-0.448709
-0.176361
0.238764
-0.781494
-0.030426
0.259969
0.364434
-0.370811
0.458767
-0.409170
0.623841
0.612777
-0.130471
0.030495
-1.032908
0.424312
-0.448709
-0.176361
0.238764
-0.781494
-0.030426
0.259969
0.364434
-0.370811
0.458767
-0.409170
0.623841
0.612777
-0.130471
0.030495
-1.032908
0.424312
-0.448709
-0.176361
0.238764
-0.781494
-0.030426
0.259969
0.364434
-0.370811
0.458767
-0.409170
0.623841
0.612777
-0.130471
0.030495
-1.032908
0.424312
-0.448709
-0.176361
0.238764
-0.781494
-0.030426
0.259969
0.364434
-0.370811
0.458767
-0.409170
0.623841
0.612777
-0.130471
0.030495
-1.032908
0.424312
-0.448709
-0.176361
0.238764
-0.781494
-0.030426
0.259969
0.364434
-0.370811
0.458767
-0.409170
0.623841
0.612777
-0.130471
0.030495
-1.032908
0.424312
-0.448709
-0.176361
0.238764
-0.781494
-0.030426
0.259969
0.364434
