0.165885
-3.927106
243.993256
-203.581955
-313.375153
63.405727
-98.705383
-67.418045
131.898422
-128.726532
20.997889
-12.990852
-299.789337
-57.128597
221.279587
21.672630
-0.621170
-1.208690
8.850984
-0.667583
-9.677243
-1.680239
-0.186319
-4.282866
-0.506618
4.924762
8.449819
-2.165613
4.562811
-0.031422
4.487225
3.246683
0.615839
2.583995
-238.782318
198.373032
310.798462
-63.311508
92.351280
65.443481
-130.157516
124.172081
-21.054192
13.930840
296.689087
59.291630
-222.739883
-26.126709
-0.215665
0.863698
-0.359168
0.242892
-0.293806
0.120633
0.226291
0.298754
-0.636681
0.172041
-0.508968
0.659804
0.204594
0.280044
0.244536
-0.027176
-0.215665
0.863698
-0.359168
0.242892
-0.293806
0.120633
0.226291
0.298754
-0.636681
0.172041
-0.508968
0.659804
0.204594
0.280044
0.244536
-0.027176
-0.215665
0.863698
-0.359168
0.242892
-0.293806
0.120633
0.226291
0.298754
-0.636681
0.172041
-0.508968
0.659804
0.204594
0.280044
0.244536
-0.027176
-0.215665
0.863698
-0.359168
0.242892
-0.293806
0.120633
0.226291
0.298754
-0.636681
0.172041
-0.508968
0.659804
0.204594
0.280044
0.244536
-0.027176
-0.215665
0.863698
-0.359168
0.242892
-0.293806
0.120633
0.226291
0.298754
-0.636681
0.172041
-0.508968
0.659804
0.204594
0.280044
0.244536
-0.027176
-0.215665
0.863698
-0.359168
0.242892
-0.293806
0.120633
0.226291
0.298754
-0.636681
0.172041
-0.508968
0.659804
0.204594
0.280044
0.244536
-0.027176
-0.215665
0.863698
-0.359168
0.242892
-0.293806
0.120633
0.226291
0.298754
-0.636681
0.172041
-0.508968
0.659804
0.204594
0.280044
0.244536
-0.027176
-0.215665
0.863698
-0.359168
0.242892
-0.293806
0.120633
0.226291
0.298754
-0.636681
0.172041
-0.508968
0.659804
0.204594
0.280044
0.244536
-0.027176
-0.215665
0.863698
-0.359168
0.242892
-0.293806
0.120633
0.226291
0.298754
-0.636681
0.172041
-0.508968
0.659804
0.204594
0.280044
0.244536
-0.027176
-0.215665
0.863698
-0.359168
0.242892
-0.293806
0.120633
0.226291
0.298754
-0.636681
0.172041
-0.508968
0.659804
0.204594
0.280044
0.244536
-0.027176
-0.215665
0.863698
-0.359168
0.242892
-0.293806
0.120633
0.226291
0.298754
-0.636681
0.172041
-0.508968
0.659804
0.204594
0.280044
0.244536
-0.027176
-0.215665
0.863698
-0.359168
0.242892
-0.293806
0.120633
0.226291
0.298754
-0.636681
0.172041
-0.508968
0.659804
0.204594
0.280044
0.244536
-0.027176
-0.215665
0.863698
-0.359168
0.242892
-0.293806
0.120633
0.226291
0.298754
-0.636681
0.172041
-0.508968
0.659804
0.204594
0.280044
0.244536
-0.027176
-0.215665
0.863698
-0.359168
0.242892
-0.293806
0.120633
0.226291
0.298754
-0.636681
0.172041
-0.508968
0.659804
0.204594
0.280044
0.244536
-0.027176
-0.215665
0.863698
-0.359168
0.242892
-0.293806
0.120633
0.226291
0.298754
-0.636681
0.172041
-0.508968
0.659804
0.204594
0.280044
0.244536
-0.027176
-0.215665
0.863698
-0.359168
0.242892
-0.293806
0.120633
0.226291
0.298754
-0.636681
0.172041
-0.508968
0.659804
0.204594
0.280044
0.244536
-0.027176
-0.215665
0.863698
-0.359168
0.242892
-0.293806
0.120633
0.226291
0.298754
-0.636681
0.172041
-0.508968
0.659804
0.204594
0.280044
0.244536
-0.027176
