0.906861
-2.280965
17.425505
2.489105
-23.952145
-9.092508
0.674364
3.346929
-5.311525
12.058867
17.864067
0.496379
1.871522
-1.973526
13.231052
7.306162
1.009273
-0.790645
-262.145599
-304.124390
107.117317
401.577545
-68.204018
112.034943
-183.709808
-165.158386
-34.608578
4.833618
-62.587730
394.238464
1.738797
-261.743073
-0.884594
0.873199
84.301353
100.963936
-29.472519
-132.308594
22.062103
-41.631641
59.920067
55.402378
6.996945
1.340000
16.602501
-133.089218
0.155524
89.811302
1.249635
0.808381
10.773648
17.752563
-6.243557
-18.897860
6.716362
-2.356724
7.829599
5.338647
-2.702328
-0.072682
7.167104
-24.483427
-3.571540
13.235384
1.146077
1.093789
15.532174
19.768574
-4.383644
-27.598152
3.397971
-1.784665
10.864343
11.068978
1.139321
-0.020652
10.801211
-26.394165
-4.246646
14.982309
-3.227240
0.877203
90.478508
89.753349
-41.292213
-125.142708
18.495829
-38.592411
59.536469
50.402763
15.925560
-2.738705
9.664719
-121.907776
7.199291
83.720917
-0.631084
-0.584714
-0.552309
0.340762
-0.400310
-0.064654
0.146787
0.165929
-0.012820
-0.143727
-0.370752
0.438580
0.063092
0.136619
0.389062
0.107833
-0.631084
-0.584714
-0.552309
0.340762
-0.400310
-0.064654
0.146787
0.165929
-0.012820
-0.143727
-0.370752
0.438580
0.063092
0.136619
0.389062
0.107833
-0.631084
-0.584714
-0.552309
0.340762
-0.400310
-0.064654
0.146787
0.165929
-0.012820
-0.143727
-0.370752
0.438580
0.063092
0.136619
0.389062
0.107833
-0.631084
-0.584714
-0.552309
0.340762
-0.400310
-0.064654
0.146787
0.165929
-0.012820
-0.143727
-0.370752
0.438580
0.063092
0.136619
0.389062
0.107833
-0.631084
-0.584714
-0.552309
0.340762
-0.400310
-0.064654
0.146787
0.165929
-0.012820
-0.143727
-0.370752
0.438580
0.063092
0.136619
0.389062
0.107833
-0.631084
-0.584714
-0.552309
0.340762
-0.400310
-0.064654
0.146787
0.165929
-0.012820
-0.143727
-0.370752
0.438580
0.063092
0.136619
0.389062
0.107833
-0.631084
-0.584714
-0.552309
0.340762
-0.400310
-0.064654
0.146787
0.165929
-0.012820
-0.143727
-0.370752
0.438580
0.063092
0.136619
0.389062
0.107833
-0.631084
-0.584714
-0.552309
0.340762
-0.400310
-0.064654
0.146787
0.165929
-0.012820
-0.143727
-0.370752
0.438580
0.063092
0.136619
0.389062
0.107833
-0.631084
-0.584714
-0.552309
0.340762
-0.400310
-0.064654
0.146787
0.165929
-0.012820
-0.143727
-0.370752
0.438580
0.063092
0.136619
0.389062
0.107833
-0.631084
-0.584714
-0.552309
0.340762
-0.400310
-0.064654
0.146787
0.165929
-0.012820
-0.143727
-0.370752
0.438580
0.063092
0.136619
0.389062
0.107833
-0.631084
-0.584714
-0.552309
0.340762
-0.400310
-0.064654
0.146787
0.165929
-0.012820
-0.143727
-0.370752
0.438580
0.063092
0.136619
0.389062
0.107833
-0.631084
-0.584714
-0.552309
0.340762
-0.400310
-0.064654
0.146787
0.165929
-0.012820
-0.143727
-0.370752
0.438580
0.063092
0.136619
0.389062
0.107833
-0.631084
-0.584714
-0.552309
0.340762
-0.400310
-0.064654
0.146787
0.165929
-0.012820
-0.143727
-0.370752
0.438580
0.063092
0.136619
0.389062
0.107833
-0.631084
-0.584714
-0.552309
0.340762
-0.400310
-0.064654
0.146787
0.165929
-0.012820
-0.143727
-0.370752
0.438580
0.063092
0.136619
0.389062
0.107833
