-0.150057
-0.774188
3.702096
-9.288421
-6.419915
7.898061
-4.353174
-3.495474
6.826064
3.916901
2.308188
-7.593527
-0.326996
-4.481721
5.480427
-0.661480
0.403073
0.372732
6.735531
-3.649679
-10.032135
8.360108
6.762803
-0.547929
-1.823429
-1.798743
3.644474
2.777329
0.471330
5.254586
9.605949
5.595313
0.667038
0.136473
88.740891
-348.405701
-271.856812
289.893768
-177.169861
56.598923
61.540371
-257.037109
-13.056246
-61.871815
-381.901123
156.581650
244.570816
-162.285538
-3.227002
3.343550
-9.485842
17.039158
15.103694
-12.323290
11.253685
-2.646046
-4.694100
13.836445
-1.435965
5.001597
20.088037
-6.552243
-11.186660
7.303514
0.209917
0.553991
-4.173025
44.998066
30.205202
-43.885380
22.983362
-10.782322
-8.375845
34.029549
2.775961
8.173319
47.059841
-21.109972
-31.110691
24.673080
0.543611
-1.359211
-46.829643
204.106018
154.124634
-166.710754
101.613396
-32.853394
-35.052921
145.996185
7.914315
33.701637
219.775772
-94.235413
-140.800934
93.230316
-0.659567
-0.693361
-0.097949
0.125497
0.121220
0.031207
-0.174637
0.131636
-0.190445
0.122716
0.055287
-0.260774
-0.524622
0.007960
-0.326184
0.269916
-0.659567
-0.693361
-0.097949
0.125497
0.121220
0.031207
-0.174637
0.131636
-0.190445
0.122716
0.055287
-0.260774
-0.524622
0.007960
-0.326184
0.269916
-0.659567
-0.693361
-0.097949
0.125497
0.121220
0.031207
-0.174637
0.131636
-0.190445
0.122716
0.055287
-0.260774
-0.524622
0.007960
-0.326184
0.269916
-0.659567
-0.693361
-0.097949
0.125497
0.121220
0.031207
-0.174637
0.131636
-0.190445
0.122716
0.055287
-0.260774
-0.524622
0.007960
-0.326184
0.269916
-0.659567
-0.693361
-0.097949
0.125497
0.121220
0.031207
-0.174637
0.131636
-0.190445
0.122716
0.055287
-0.260774
-0.524622
0.007960
-0.326184
0.269916
-0.659567
-0.693361
-0.097949
0.125497
0.121220
0.031207
-0.174637
0.131636
-0.190445
0.122716
0.055287
-0.260774
-0.524622
0.007960
-0.326184
0.269916
-0.659567
-0.693361
-0.097949
0.125497
0.121220
0.031207
-0.174637
0.131636
-0.190445
0.122716
0.055287
-0.260774
-0.524622
0.007960
-0.326184
0.269916
-0.659567
-0.693361
-0.097949
0.125497
0.121220
0.031207
-0.174637
0.131636
-0.190445
0.122716
0.055287
-0.260774
-0.524622
0.007960
-0.326184
0.269916
-0.659567
-0.693361
-0.097949
0.125497
0.121220
0.031207
-0.174637
0.131636
-0.190445
0.122716
0.055287
-0.260774
-0.524622
0.007960
-0.326184
0.269916
-0.659567
-0.693361
-0.097949
0.125497
0.121220
0.031207
-0.174637
0.131636
-0.190445
0.122716
0.055287
-0.260774
-0.524622
0.007960
-0.326184
0.269916
-0.659567
-0.693361
-0.097949
0.125497
0.121220
0.031207
-0.174637
0.131636
-0.190445
0.122716
0.055287
-0.260774
-0.524622
0.007960
-0.326184
0.269916
-0.659567
-0.693361
-0.097949
0.125497
0.121220
0.031207
-0.174637
0.131636
-0.190445
0.122716
0.055287
-0.260774
-0.524622
0.007960
-0.326184
0.269916
-0.659567
-0.693361
-0.097949
0.125497
0.121220
0.031207
-0.174637
0.131636
-0.190445
0.122716
0.055287
-0.260774
-0.524622
0.007960
-0.326184
0.269916
-0.659567
-0.693361
-0.097949
0.125497
0.121220
0.031207
-0.174637
0.131636
-0.190445
0.122716
0.055287
-0.260774
-0.524622
0.007960
-0.326184
0.269916
