1.426131
3.348192
19.065226
1.989142
-24.116814
-9.410349
2.793584
5.775927
2.966562
7.671280
18.033543
-16.150667
0.932902
-7.105013
10.428544
3.358923
-5.874369
-3.405279
-8.943460
-27.170940
-2.416379
34.630245
-10.001209
7.123323
20.890585
-7.983638
-6.174272
-34.155609
-17.597387
-10.806952
15.562081
-15.084577
1.047001
-0.668222
56.147228
-379.823761
-257.063538
332.670105
-168.066605
62.497360
25.975380
-264.209534
-17.254614
-58.756657
-380.547180
197.054092
240.891495
-189.653122
0.198556
3.942636
-2.990192
24.788719
16.981833
-20.317755
8.927607
1.087959
-8.482491
19.744015
3.169461
4.856454
27.326450
-8.093372
-15.079063
8.350241
-2.446577
-1.268730
-15.522843
146.138016
91.512253
-130.204422
62.321976
-23.336914
-8.004666
98.298782
10.233471
20.951868
144.171844
-76.861237
-87.400841
73.261681
0.282934
0.969128
-13.864418
100.114769
66.517792
-91.336365
45.233795
-21.380066
0.796081
68.633957
0.639718
15.111869
99.512665
-60.206814
-62.910717
52.060303
-0.508177
-0.781712
0.323447
-0.638459
0.207222
0.329862
0.205587
0.086144
-0.596345
-0.118385
-0.140171
0.600651
0.083113
-0.545932
-0.915161
-0.168923
-0.508177
-0.781712
0.323447
-0.638459
0.207222
0.329862
0.205587
0.086144
-0.596345
-0.118385
-0.140171
0.600651
0.083113
-0.545932
-0.915161
-0.168923
-0.508177
-0.781712
0.323447
-0.638459
0.207222
0.329862
0.205587
0.086144
-0.596345
-0.118385
-0.140171
0.600651
0.083113
-0.545932
-0.915161
-0.168923
-0.508177
-0.781712
0.323447
-0.638459
0.207222
0.329862
0.205587
0.086144
-0.596345
-0.118385
-0.140171
0.600651
0.083113
-0.545932
-0.915161
-0.168923
-0.508177
-0.781712
0.323447
-0.638459
0.207222
0.329862
0.205587
0.086144
-0.596345
-0.118385
-0.140171
0.600651
0.083113
-0.545932
-0.915161
-0.168923
-0.508177
-0.781712
0.323447
-0.638459
0.207222
0.329862
0.205587
0.086144
-0.596345
-0.118385
-0.140171
0.600651
0.083113
-0.545932
-0.915161
-0.168923
-0.508177
-0.781712
0.323447
-0.638459
0.207222
0.329862
0.205587
0.086144
-0.596345
-0.118385
-0.140171
0.600651
0.083113
-0.545932
-0.915161
-0.168923
-0.508177
-0.781712
0.323447
-0.638459
0.207222
0.329862
0.205587
0.086144
-0.596345
-0.118385
-0.140171
0.600651
0.083113
-0.545932
-0.915161
-0.168923
-0.508177
-0.781712
0.323447
-0.638459
0.207222
0.329862
0.205587
0.086144
-0.596345
-0.118385
-0.140171
0.600651
0.083113
-0.545932
-0.915161
-0.168923
-0.508177
-0.781712
0.323447
-0.638459
0.207222
0.329862
0.205587
0.086144
-0.596345
-0.118385
-0.140171
0.600651
0.083113
-0.545932
-0.915161
-0.168923
-0.508177
-0.781712
0.323447
-0.638459
0.207222
0.329862
0.205587
0.086144
-0.596345
-0.118385
-0.140171
0.600651
0.083113
-0.545932
-0.915161
-0.168923
-0.508177
-0.781712
0.323447
-0.638459
0.207222
0.329862
0.205587
0.086144
-0.596345
-0.118385
-0.140171
0.600651
0.083113
-0.545932
-0.915161
-0.168923
-0.508177
-0.781712
0.323447
-0.638459
0.207222
0.329862
0.205587
0.086144
-0.596345
-0.118385
-0.140171
0.600651
0.083113
-0.545932
-0.915161
-0.168923
-0.508177
-0.781712
0.323447
-0.638459
0.207222
0.329862
0.205587
0.086144
-0.596345
-0.118385
-0.140171
0.600651
0.083113
-0.545932
-0.915161
-0.168923
