2.209658
1.216926
-6.521418
-14.547399
4.975942
22.363213
3.289070
-7.217834
13.754252
-0.976861
-2.597306
-13.144725
-6.525992
-0.315239
-1.426039
-10.816477
1.839921
1.351172
-374.176208
43.960735
374.785461
186.148270
72.309738
187.792938
-214.811401
28.586866
-39.362358
-10.846181
232.417542
291.846741
-217.479202
-207.216095
-1.237696
0.967357
185.043274
-17.133623
-179.285233
-96.338440
-27.497255
-94.268089
102.483467
-7.339503
20.683655
5.455192
-109.397240
-140.963669
102.847137
104.194908
1.496115
-1.505394
17.307838
-0.174885
-22.816372
-12.010387
-8.481000
-14.491173
15.726721
-6.191867
3.140095
-1.101356
-17.650410
-15.670338
17.435585
8.780490
-1.784240
-2.170207
74.634430
-1.414854
-72.196396
-43.445431
-16.451639
-34.590408
41.823814
-2.195373
10.097251
0.816418
-35.863525
-57.944397
40.194836
37.303688
0.115637
0.556383
-0.705570
0.534349
0.154831
-0.232092
0.166690
-0.125695
-0.183322
0.154269
0.053063
-0.550542
0.250481
-0.350652
-0.358562
0.703096
0.115637
0.556383
-0.705570
0.534349
0.154831
-0.232092
0.166690
-0.125695
-0.183322
0.154269
0.053063
-0.550542
0.250481
-0.350652
-0.358562
0.703096
0.115637
0.556383
-0.705570
0.534349
0.154831
-0.232092
0.166690
-0.125695
-0.183322
0.154269
0.053063
-0.550542
0.250481
-0.350652
-0.358562
0.703096
0.115637
0.556383
-0.705570
0.534349
0.154831
-0.232092
0.166690
-0.125695
-0.183322
0.154269
0.053063
-0.550542
0.250481
-0.350652
-0.358562
0.703096
0.115637
0.556383
-0.705570
0.534349
0.154831
-0.232092
0.166690
-0.125695
-0.183322
0.154269
0.053063
-0.550542
0.250481
-0.350652
-0.358562
0.703096
0.115637
0.556383
-0.705570
0.534349
0.154831
-0.232092
0.166690
-0.125695
-0.183322
0.154269
0.053063
-0.550542
0.250481
-0.350652
-0.358562
0.703096
0.115637
0.556383
-0.705570
0.534349
0.154831
-0.232092
0.166690
-0.125695
-0.183322
0.154269
0.053063
-0.550542
0.250481
-0.350652
-0.358562
0.703096
0.115637
0.556383
-0.705570
0.534349
0.154831
-0.232092
0.166690
-0.125695
-0.183322
0.154269
0.053063
-0.550542
0.250481
-0.350652
-0.358562
0.703096
0.115637
0.556383
-0.705570
0.534349
0.154831
-0.232092
0.166690
-0.125695
-0.183322
0.154269
0.053063
-0.550542
0.250481
-0.350652
-0.358562
0.703096
0.115637
0.556383
-0.705570
0.534349
0.154831
-0.232092
0.166690
-0.125695
-0.183322
0.154269
0.053063
-0.550542
0.250481
-0.350652
-0.358562
0.703096
0.115637
0.556383
-0.705570
0.534349
0.154831
-0.232092
0.166690
-0.125695
-0.183322
0.154269
0.053063
-0.550542
0.250481
-0.350652
-0.358562
0.703096
0.115637
0.556383
-0.705570
0.534349
0.154831
-0.232092
0.166690
-0.125695
-0.183322
0.154269
0.053063
-0.550542
0.250481
-0.350652
-0.358562
0.703096
0.115637
0.556383
-0.705570
0.534349
0.154831
-0.232092
0.166690
-0.125695
-0.183322
0.154269
0.053063
-0.550542
0.250481
-0.350652
-0.358562
0.703096
0.115637
0.556383
-0.705570
0.534349
0.154831
-0.232092
0.166690
-0.125695
-0.183322
0.154269
0.053063
-0.550542
0.250481
-0.350652
-0.358562
0.703096
0.115637
0.556383
-0.705570
0.534349
0.154831
-0.232092
0.166690
-0.125695
-0.183322
0.154269
0.053063
-0.550542
0.250481
-0.350652
-0.358562
0.703096
