0.472063
-0.722183
-0.583927
-8.626552
-3.970005
8.674666
-1.947828
4.264050
5.897601
-2.560497
0.326559
-9.990077
-4.417577
1.390203
3.846121
-1.821591
-3.623754
6.831903
12.332057
44.289051
-4.462816
-31.896652
-22.643635
-5.539714
6.787430
-24.998188
15.944404
25.049494
-17.030256
19.862604
18.730106
-4.544131
-1.284634
2.000262
54.412289
17.134501
-59.272758
-34.689461
18.600733
-138.207687
114.801201
258.904663
103.515312
13.433714
42.188087
-197.967926
50.205429
108.408554
1.591443
0.750345
-34.099632
-12.289017
40.042213
25.417814
-14.701556
101.068405
-84.896057
-186.342926
-74.370346
-8.851198
-29.886023
140.476334
-34.438522
-78.132927
-0.418715
-0.790511
0.127916
0.150982
0.132842
-0.630826
-0.091362
-0.796934
-0.134161
0.471234
0.359003
0.160722
0.106064
0.347302
-0.159750
-0.181697
-0.418715
-0.790511
0.127916
0.150982
0.132842
-0.630826
-0.091362
-0.796934
-0.134161
0.471234
0.359003
0.160722
0.106064
0.347302
-0.159750
-0.181697
-0.418715
-0.790511
0.127916
0.150982
0.132842
-0.630826
-0.091362
-0.796934
-0.134161
0.471234
0.359003
0.160722
0.106064
0.347302
-0.159750
-0.181697
-0.418715
-0.790511
0.127916
0.150982
0.132842
-0.630826
-0.091362
-0.796934
-0.134161
0.471234
0.359003
0.160722
0.106064
0.347302
-0.159750
-0.181697
-0.418715
-0.790511
0.127916
0.150982
0.132842
-0.630826
-0.091362
-0.796934
-0.134161
0.471234
0.359003
0.160722
0.106064
0.347302
-0.159750
-0.181697
-0.418715
-0.790511
0.127916
0.150982
0.132842
-0.630826
-0.091362
-0.796934
-0.134161
0.471234
0.359003
0.160722
0.106064
0.347302
-0.159750
-0.181697
-0.418715
-0.790511
0.127916
0.150982
0.132842
-0.630826
-0.091362
-0.796934
-0.134161
0.471234
0.359003
0.160722
0.106064
0.347302
-0.159750
-0.181697
-0.418715
-0.790511
0.127916
0.150982
0.132842
-0.630826
-0.091362
-0.796934
-0.134161
0.471234
0.359003
0.160722
0.106064
0.347302
-0.159750
-0.181697
-0.418715
-0.790511
0.127916
0.150982
0.132842
-0.630826
-0.091362
-0.796934
-0.134161
0.471234
0.359003
0.160722
0.106064
0.347302
-0.159750
-0.181697
-0.418715
-0.790511
0.127916
0.150982
0.132842
-0.630826
-0.091362
-0.796934
-0.134161
0.471234
0.359003
0.160722
0.106064
0.347302
-0.159750
-0.181697
-0.418715
-0.790511
0.127916
0.150982
0.132842
-0.630826
-0.091362
-0.796934
-0.134161
0.471234
0.359003
0.160722
0.106064
0.347302
-0.159750
-0.181697
-0.418715
-0.790511
0.127916
0.150982
0.132842
-0.630826
-0.091362
-0.796934
-0.134161
0.471234
0.359003
0.160722
0.106064
0.347302
-0.159750
-0.181697
-0.418715
-0.790511
0.127916
0.150982
0.132842
-0.630826
-0.091362
-0.796934
-0.134161
0.471234
0.359003
0.160722
0.106064
0.347302
-0.159750
-0.181697
-0.418715
-0.790511
0.127916
0.150982
0.132842
-0.630826
-0.091362
-0.796934
-0.134161
0.471234
0.359003
0.160722
0.106064
0.347302
-0.159750
-0.181697
-0.418715
-0.790511
0.127916
0.150982
0.132842
-0.630826
-0.091362
-0.796934
-0.134161
0.471234
0.359003
0.160722
0.106064
0.347302
-0.159750
-0.181697
-0.418715
-0.790511
0.127916
0.150982
0.132842
-0.630826
-0.091362
-0.796934
-0.134161
0.471234
0.359003
0.160722
0.106064
0.347302
-0.159750
-0.181697
