2.285566
-0.210343
-10.766501
9.244513
23.743544
-12.996574
2.062114
-5.059886
-19.143610
-5.860203
-10.560321
19.025120
-0.771959
14.910372
-11.527596
10.194071
2.469816
-9.316601
-37.941395
-10.647587
37.077946
16.338923
24.442381
-24.006853
7.941090
7.927092
-29.585627
6.085357
-10.886257
-29.003464
0.009707
18.700525
-0.586626
0.603702
9.099361
2.702678
-10.099645
3.639119
7.293193
4.702239
-3.502943
-4.613960
-3.079905
6.513353
-3.472496
1.847860
4.107924
10.063057
-1.370367
0.947779
-1.216884
8.154866
7.438422
-8.159450
1.837346
-2.581131
-6.267847
0.115668
-1.467876
8.442762
2.865383
0.252876
-5.199644
1.491183
2.819589
2.382116
-29.173416
41.789600
50.023884
-45.509823
114.846092
63.848637
-254.033539
46.613968
-35.276760
85.984116
165.624924
86.274818
-98.251801
20.843895
-1.659890
-1.582526
28.248728
-37.561295
-42.020771
41.515919
-98.422134
-58.306915
225.196503
-40.634960
34.749546
-77.261948
-148.499435
-73.652466
85.492096
-18.249050
0.081744
0.700682
0.050645
0.168758
-0.205978
-0.675345
-0.414985
0.529097
-0.209115
0.605790
1.577498
0.009024
-0.487494
0.684605
0.198660
0.341073
0.081744
0.700682
0.050645
0.168758
-0.205978
-0.675345
-0.414985
0.529097
-0.209115
0.605790
1.577498
0.009024
-0.487494
0.684605
0.198660
0.341073
0.081744
0.700682
0.050645
0.168758
-0.205978
-0.675345
-0.414985
0.529097
-0.209115
0.605790
1.577498
0.009024
-0.487494
0.684605
0.198660
0.341073
0.081744
0.700682
0.050645
0.168758
-0.205978
-0.675345
-0.414985
0.529097
-0.209115
0.605790
1.577498
0.009024
-0.487494
0.684605
0.198660
0.341073
0.081744
0.700682
0.050645
0.168758
-0.205978
-0.675345
-0.414985
0.529097
-0.209115
0.605790
1.577498
0.009024
-0.487494
0.684605
0.198660
0.341073
0.081744
0.700682
0.050645
0.168758
-0.205978
-0.675345
-0.414985
0.529097
-0.209115
0.605790
1.577498
0.009024
-0.487494
0.684605
0.198660
0.341073
0.081744
0.700682
0.050645
0.168758
-0.205978
-0.675345
-0.414985
0.529097
-0.209115
0.605790
1.577498
0.009024
-0.487494
0.684605
0.198660
0.341073
0.081744
0.700682
0.050645
0.168758
-0.205978
-0.675345
-0.414985
0.529097
-0.209115
0.605790
1.577498
0.009024
-0.487494
0.684605
0.198660
0.341073
0.081744
0.700682
0.050645
0.168758
-0.205978
-0.675345
-0.414985
0.529097
-0.209115
0.605790
1.577498
0.009024
-0.487494
0.684605
0.198660
0.341073
0.081744
0.700682
0.050645
0.168758
-0.205978
-0.675345
-0.414985
0.529097
-0.209115
0.605790
1.577498
0.009024
-0.487494
0.684605
0.198660
0.341073
0.081744
0.700682
0.050645
0.168758
-0.205978
-0.675345
-0.414985
0.529097
-0.209115
0.605790
1.577498
0.009024
-0.487494
0.684605
0.198660
0.341073
0.081744
0.700682
0.050645
0.168758
-0.205978
-0.675345
-0.414985
0.529097
-0.209115
0.605790
1.577498
0.009024
-0.487494
0.684605
0.198660
0.341073
0.081744
0.700682
0.050645
0.168758
-0.205978
-0.675345
-0.414985
0.529097
-0.209115
0.605790
1.577498
0.009024
-0.487494
0.684605
0.198660
0.341073
0.081744
0.700682
0.050645
0.168758
-0.205978
-0.675345
-0.414985
0.529097
-0.209115
0.605790
1.577498
0.009024
-0.487494
0.684605
0.198660
0.341073
