-0.415349
-0.826352
-10.186678
10.431498
16.089628
-7.840530
-5.983716
-2.118362
-13.721212
-15.031090
-17.440882
13.984300
5.250866
-0.223163
-10.282273
-3.290811
0.244572
-1.271177
6.041611
1.920222
-6.200711
-5.914091
2.822618
-4.117829
-3.081263
4.626102
6.718447
1.715354
4.712853
-0.582798
-0.977240
5.189072
-1.853358
-2.374029
32.496925
21.359354
-45.190350
-28.017622
31.294767
-102.945091
104.732887
232.641266
88.712585
17.273228
46.406879
-172.170227
39.632877
97.013802
-0.053001
0.450864
-5.851138
-2.213372
6.702765
5.436699
-1.237813
3.730970
2.999990
-4.307637
-6.656240
-1.811918
-5.251722
-2.027529
-0.528952
-3.635289
1.520628
-0.606931
-30.368893
-17.111872
38.921474
23.845936
-25.941023
78.769279
-85.066734
-193.822937
-73.623322
-12.441184
-42.890583
140.468521
-30.067602
-79.565964
0.262360
-0.369851
0.842768
-1.084162
-0.680293
0.139271
-0.019028
0.202021
-0.304571
0.349827
0.008025
-0.493128
0.140508
-0.046954
0.353168
-0.294616
0.262360
-0.369851
0.842768
-1.084162
-0.680293
0.139271
-0.019028
0.202021
-0.304571
0.349827
0.008025
-0.493128
0.140508
-0.046954
0.353168
-0.294616
0.262360
-0.369851
0.842768
-1.084162
-0.680293
0.139271
-0.019028
0.202021
-0.304571
0.349827
0.008025
-0.493128
0.140508
-0.046954
0.353168
-0.294616
0.262360
-0.369851
0.842768
-1.084162
-0.680293
0.139271
-0.019028
0.202021
-0.304571
0.349827
0.008025
-0.493128
0.140508
-0.046954
0.353168
-0.294616
0.262360
-0.369851
0.842768
-1.084162
-0.680293
0.139271
-0.019028
0.202021
-0.304571
0.349827
0.008025
-0.493128
0.140508
-0.046954
0.353168
-0.294616
0.262360
-0.369851
0.842768
-1.084162
-0.680293
0.139271
-0.019028
0.202021
-0.304571
0.349827
0.008025
-0.493128
0.140508
-0.046954
0.353168
-0.294616
0.262360
-0.369851
0.842768
-1.084162
-0.680293
0.139271
-0.019028
0.202021
-0.304571
0.349827
0.008025
-0.493128
0.140508
-0.046954
0.353168
-0.294616
0.262360
-0.369851
0.842768
-1.084162
-0.680293
0.139271
-0.019028
0.202021
-0.304571
0.349827
0.008025
-0.493128
0.140508
-0.046954
0.353168
-0.294616
0.262360
-0.369851
0.842768
-1.084162
-0.680293
0.139271
-0.019028
0.202021
-0.304571
0.349827
0.008025
-0.493128
0.140508
-0.046954
0.353168
-0.294616
0.262360
-0.369851
0.842768
-1.084162
-0.680293
0.139271
-0.019028
0.202021
-0.304571
0.349827
0.008025
-0.493128
0.140508
-0.046954
0.353168
-0.294616
0.262360
-0.369851
0.842768
-1.084162
-0.680293
0.139271
-0.019028
0.202021
-0.304571
0.349827
0.008025
-0.493128
0.140508
-0.046954
0.353168
-0.294616
0.262360
-0.369851
0.842768
-1.084162
-0.680293
0.139271
-0.019028
0.202021
-0.304571
0.349827
0.008025
-0.493128
0.140508
-0.046954
0.353168
-0.294616
0.262360
-0.369851
0.842768
-1.084162
-0.680293
0.139271
-0.019028
0.202021
-0.304571
0.349827
0.008025
-0.493128
0.140508
-0.046954
0.353168
-0.294616
0.262360
-0.369851
0.842768
-1.084162
-0.680293
0.139271
-0.019028
0.202021
-0.304571
0.349827
0.008025
-0.493128
0.140508
-0.046954
0.353168
-0.294616
0.262360
-0.369851
0.842768
-1.084162
-0.680293
0.139271
-0.019028
0.202021
-0.304571
0.349827
0.008025
-0.493128
0.140508
-0.046954
0.353168
-0.294616
