-20.162138
-17.038443
1485.909790
1322.037842
-644.312622
-627.598816
-3268.741699
2704.792236
4359.559082
-1764.123047
-11341.484375
-9182.415039
3062.469482
-5506.115723
5034.733887
-3471.381104
0.045987
-0.398104
15.883536
-6.216577
1.575467
-8.780312
-2.100051
-19.075451
-35.859238
-8.987533
-133.599808
125.800400
-55.568657
10.673922
23.690458
41.801838
-0.714414
-1.177879
-9.997365
5.603225
-2.067105
1.621162
-0.452332
6.258869
15.348607
3.512104
56.128391
-56.312893
21.977661
-2.320971
-6.769076
-16.643549
6.052847
5.914287
-596.570374
-561.737854
264.205322
259.966858
1407.535645
-1074.432373
-1869.459229
684.704590
4613.653320
4037.420898
-1370.179810
2267.955078
-2178.513428
1375.921997
-0.380205
0.839123
-74.912338
-67.828850
31.385780
33.317478
162.207413
-139.869446
-214.781296
93.938240
578.136902
442.954315
-145.529358
282.791504
-243.356125
181.666550
7.815287
5.412221
-334.653870
-345.554962
139.320862
169.141571
819.239685
-595.204712
-1041.742676
337.758636
2524.189697
2334.711426
-812.398132
1240.810181
-1235.979492
737.194824
1.421976
2.272308
-95.105904
-69.441399
41.020653
35.893429
182.384888
-178.137772
-255.458450
128.576706
730.843750
497.945648
-153.573410
343.493042
-284.700470
231.836670
-0.106434
-0.169784
-0.063427
0.043695
0.167573
0.004518
0.099117
-0.031370
0.215449
0.027310
-0.044150
0.080872
0.248062
-0.284116
0.098334
-0.106691
-0.106434
-0.169784
-0.063427
0.043695
0.167573
0.004518
0.099117
-0.031370
0.215449
0.027310
-0.044150
0.080872
0.248062
-0.284116
0.098334
-0.106691
-0.106434
-0.169784
-0.063427
0.043695
0.167573
0.004518
0.099117
-0.031370
0.215449
0.027310
-0.044150
0.080872
0.248062
-0.284116
0.098334
-0.106691
-0.106434
-0.169784
-0.063427
0.043695
0.167573
0.004518
0.099117
-0.031370
0.215449
0.027310
-0.044150
0.080872
0.248062
-0.284116
0.098334
-0.106691
-0.106434
-0.169784
-0.063427
0.043695
0.167573
0.004518
0.099117
-0.031370
0.215449
0.027310
-0.044150
0.080872
0.248062
-0.284116
0.098334
-0.106691
-0.106434
-0.169784
-0.063427
0.043695
0.167573
0.004518
0.099117
-0.031370
0.215449
0.027310
-0.044150
0.080872
0.248062
-0.284116
0.098334
-0.106691
-0.106434
-0.169784
-0.063427
0.043695
0.167573
0.004518
0.099117
-0.031370
0.215449
0.027310
-0.044150
0.080872
0.248062
-0.284116
0.098334
-0.106691
-0.106434
-0.169784
-0.063427
0.043695
0.167573
0.004518
0.099117
-0.031370
0.215449
0.027310
-0.044150
0.080872
0.248062
-0.284116
0.098334
-0.106691
-0.106434
-0.169784
-0.063427
0.043695
0.167573
0.004518
0.099117
-0.031370
0.215449
0.027310
-0.044150
0.080872
0.248062
-0.284116
0.098334
-0.106691
-0.106434
-0.169784
-0.063427
0.043695
0.167573
0.004518
0.099117
-0.031370
0.215449
0.027310
-0.044150
0.080872
0.248062
-0.284116
0.098334
-0.106691
-0.106434
-0.169784
-0.063427
0.043695
0.167573
0.004518
0.099117
-0.031370
0.215449
0.027310
-0.044150
0.080872
0.248062
-0.284116
0.098334
-0.106691
-0.106434
-0.169784
-0.063427
0.043695
0.167573
0.004518
0.099117
-0.031370
0.215449
0.027310
-0.044150
0.080872
0.248062
-0.284116
0.098334
-0.106691
-0.106434
-0.169784
-0.063427
0.043695
0.167573
0.004518
0.099117
-0.031370
0.215449
0.027310
-0.044150
0.080872
0.248062
-0.284116
0.098334
-0.106691
