-6.802834
-8.293606
30.962196
-33.797405
-35.821808
15.286996
8.604066
40.769146
-22.427141
-0.728186
8.064654
-25.558386
37.875172
3.780826
-17.475054
-17.008881
-1.693792
1.011839
-2.317082
-55.723400
-14.320153
67.436516
-136.424759
13.063393
238.890533
-182.674011
-16.859634
-106.658112
-207.309814
-1.094648
98.158760
-85.828209
1.975656
-0.447540
-0.085292
29.761353
7.200594
-40.132172
80.751938
-10.749736
-135.546097
109.018311
9.266611
62.628124
122.998947
0.008478
-55.287231
48.228771
-0.558955
-0.278072
0.961976
10.570130
2.744539
-8.758538
19.643606
0.576216
-36.139637
26.632120
2.383795
16.180666
28.938486
-2.086325
-14.832149
13.400846
0.427548
-0.069314
-0.215023
-0.334546
-0.001361
0.348770
0.000535
0.136918
-0.290870
-0.288677
-0.446290
0.614420
0.225035
-0.353611
-0.733741
0.466314
0.427548
-0.069314
-0.215023
-0.334546
-0.001361
0.348770
0.000535
0.136918
-0.290870
-0.288677
-0.446290
0.614420
0.225035
-0.353611
-0.733741
0.466314
0.427548
-0.069314
-0.215023
-0.334546
-0.001361
0.348770
0.000535
0.136918
-0.290870
-0.288677
-0.446290
0.614420
0.225035
-0.353611
-0.733741
0.466314
0.427548
-0.069314
-0.215023
-0.334546
-0.001361
0.348770
0.000535
0.136918
-0.290870
-0.288677
-0.446290
0.614420
0.225035
-0.353611
-0.733741
0.466314
0.427548
-0.069314
-0.215023
-0.334546
-0.001361
0.348770
0.000535
0.136918
-0.290870
-0.288677
-0.446290
0.614420
0.225035
-0.353611
-0.733741
0.466314
0.427548
-0.069314
-0.215023
-0.334546
-0.001361
0.348770
0.000535
0.136918
-0.290870
-0.288677
-0.446290
0.614420
0.225035
-0.353611
-0.733741
0.466314
0.427548
-0.069314
-0.215023
-0.334546
-0.001361
0.348770
0.000535
0.136918
-0.290870
-0.288677
-0.446290
0.614420
0.225035
-0.353611
-0.733741
0.466314
0.427548
-0.069314
-0.215023
-0.334546
-0.001361
0.348770
0.000535
0.136918
-0.290870
-0.288677
-0.446290
0.614420
0.225035
-0.353611
-0.733741
0.466314
0.427548
-0.069314
-0.215023
-0.334546
-0.001361
0.348770
0.000535
0.136918
-0.290870
-0.288677
-0.446290
0.614420
0.225035
-0.353611
-0.733741
0.466314
0.427548
-0.069314
-0.215023
-0.334546
-0.001361
0.348770
0.000535
0.136918
-0.290870
-0.288677
-0.446290
0.614420
0.225035
-0.353611
-0.733741
0.466314
0.427548
-0.069314
-0.215023
-0.334546
-0.001361
0.348770
0.000535
0.136918
-0.290870
-0.288677
-0.446290
0.614420
0.225035
-0.353611
-0.733741
0.466314
0.427548
-0.069314
-0.215023
-0.334546
-0.001361
0.348770
0.000535
0.136918
-0.290870
-0.288677
-0.446290
0.614420
0.225035
-0.353611
-0.733741
0.466314
0.427548
-0.069314
-0.215023
-0.334546
-0.001361
0.348770
0.000535
0.136918
-0.290870
-0.288677
-0.446290
0.614420
0.225035
-0.353611
-0.733741
0.466314
0.427548
-0.069314
-0.215023
-0.334546
-0.001361
0.348770
0.000535
0.136918
-0.290870
-0.288677
-0.446290
0.614420
0.225035
-0.353611
-0.733741
0.466314
0.427548
-0.069314
-0.215023
-0.334546
-0.001361
0.348770
0.000535
0.136918
-0.290870
-0.288677
-0.446290
0.614420
0.225035
-0.353611
-0.733741
0.466314
0.427548
-0.069314
-0.215023
-0.334546
-0.001361
0.348770
0.000535
0.136918
-0.290870
-0.288677
-0.446290
0.614420
0.225035
-0.353611
-0.733741
0.466314
