1.186283
0.287627
-22.748407
13.638822
19.711111
9.744213
-18.475391
8.917388
-1.688243
-32.442348
24.888094
-20.437859
11.676803
-48.682270
38.758862
-3.577245
-6.870446
-17.959476
-1621.592773
-2352.043945
-890.575928
1613.196655
-1834.208984
-5414.375977
-496.783264
-4334.699707
2281.820801
1414.962769
-5551.446289
-455.261139
4933.121094
3099.853516
-0.576901
1.749555
15.767233
-4.724015
-13.250287
-7.584004
8.193003
-3.148806
-0.369972
16.407909
-12.079742
12.772527
-9.185441
28.128250
-20.402937
-1.134622
3.504974
10.196984
889.373718
1267.972412
474.574219
-878.481079
1033.814697
2930.605713
302.484375
2350.815918
-1247.817017
-757.187683
3018.592529
214.719772
-2703.916504
-1656.606934
-3.028532
1.830506
69.659035
95.929665
36.273376
-76.131203
85.487709
231.286865
26.878054
180.908524
-97.421501
-55.297882
240.723648
12.604700
-210.940414
-122.251968
-0.418421
1.999132
79.591362
115.729553
45.585220
-76.721420
76.774399
265.831879
14.567740
216.948532
-109.083771
-72.401939
272.616638
36.152775
-232.124603
-161.703018
5.143298
1.375105
257.732117
340.971069
122.994888
-247.766129
308.950531
793.467712
102.606712
639.409180
-355.278870
-191.564850
832.128052
25.052212
-754.438843
-425.632172
1.097532
-0.747019
0.423900
-0.756286
-0.763996
-0.054109
0.364369
-1.204782
0.455765
-0.873335
0.235308
0.508867
-0.860263
-0.607607
0.364867
0.371526
1.097532
-0.747019
0.423900
-0.756286
-0.763996
-0.054109
0.364369
-1.204782
0.455765
-0.873335
0.235308
0.508867
-0.860263
-0.607607
0.364867
0.371526
1.097532
-0.747019
0.423900
-0.756286
-0.763996
-0.054109
0.364369
-1.204782
0.455765
-0.873335
0.235308
0.508867
-0.860263
-0.607607
0.364867
0.371526
1.097532
-0.747019
0.423900
-0.756286
-0.763996
-0.054109
0.364369
-1.204782
0.455765
-0.873335
0.235308
0.508867
-0.860263
-0.607607
0.364867
0.371526
1.097532
-0.747019
0.423900
-0.756286
-0.763996
-0.054109
0.364369
-1.204782
0.455765
-0.873335
0.235308
0.508867
-0.860263
-0.607607
0.364867
0.371526
1.097532
-0.747019
0.423900
-0.756286
-0.763996
-0.054109
0.364369
-1.204782
0.455765
-0.873335
0.235308
0.508867
-0.860263
-0.607607
0.364867
0.371526
1.097532
-0.747019
0.423900
-0.756286
-0.763996
-0.054109
0.364369
-1.204782
0.455765
-0.873335
0.235308
0.508867
-0.860263
-0.607607
0.364867
0.371526
1.097532
-0.747019
0.423900
-0.756286
-0.763996
-0.054109
0.364369
-1.204782
0.455765
-0.873335
0.235308
0.508867
-0.860263
-0.607607
0.364867
0.371526
1.097532
-0.747019
0.423900
-0.756286
-0.763996
-0.054109
0.364369
-1.204782
0.455765
-0.873335
0.235308
0.508867
-0.860263
-0.607607
0.364867
0.371526
1.097532
-0.747019
0.423900
-0.756286
-0.763996
-0.054109
0.364369
-1.204782
0.455765
-0.873335
0.235308
0.508867
-0.860263
-0.607607
0.364867
0.371526
1.097532
-0.747019
0.423900
-0.756286
-0.763996
-0.054109
0.364369
-1.204782
0.455765
-0.873335
0.235308
0.508867
-0.860263
-0.607607
0.364867
0.371526
1.097532
-0.747019
0.423900
-0.756286
-0.763996
-0.054109
0.364369
-1.204782
0.455765
-0.873335
0.235308
0.508867
-0.860263
-0.607607
0.364867
0.371526
1.097532
-0.747019
0.423900
-0.756286
-0.763996
-0.054109
0.364369
-1.204782
0.455765
-0.873335
0.235308
0.508867
-0.860263
-0.607607
0.364867
0.371526
