-17.721680
-14.976418
-2724.233643
-306.338409
444.295990
1637.018188
-4745.990723
-2484.888428
-3237.590088
-2437.941162
2105.640625
-487.890533
-3676.974854
2955.663086
5757.008789
-1319.154297
-2.837421
-0.663083
-23.829536
-0.204632
6.056437
10.859486
-21.493574
-6.410053
19.415455
-20.691809
31.440271
6.731297
31.225119
-19.357998
32.639595
24.196430
1.394106
0.590871
18.257948
2.918478
-5.205445
-7.012963
13.325896
5.387547
-11.579185
14.690284
-19.297314
-3.369284
-20.813520
14.789969
-19.200775
-16.643772
11.392932
6.837653
1753.109375
199.749390
-280.536774
-1058.787109
3039.438965
1605.080078
2068.420166
1568.955688
-1357.033447
315.631897
2370.347168
-1892.268311
-3707.123779
836.698242
2.470076
3.970764
155.659332
21.426325
-26.254448
-91.197319
270.600708
142.489609
185.483780
140.236069
-115.032372
25.092789
206.296600
-166.732986
-321.758148
72.812065
0.228806
2.818161
292.758759
35.060863
-45.828018
-175.961853
514.342590
276.551086
349.716309
270.282623
-229.244522
47.476948
402.548157
-317.985565
-626.476807
133.514832
0.085542
-0.241671
1.000185
-0.056953
-0.066549
-0.719836
0.484220
0.751872
0.321847
0.950455
-0.503147
-0.531137
1.014888
0.163098
-1.445824
-0.850431
0.085542
-0.241671
1.000185
-0.056953
-0.066549
-0.719836
0.484220
0.751872
0.321847
0.950455
-0.503147
-0.531137
1.014888
0.163098
-1.445824
-0.850431
0.085542
-0.241671
1.000185
-0.056953
-0.066549
-0.719836
0.484220
0.751872
0.321847
0.950455
-0.503147
-0.531137
1.014888
0.163098
-1.445824
-0.850431
0.085542
-0.241671
1.000185
-0.056953
-0.066549
-0.719836
0.484220
0.751872
0.321847
0.950455
-0.503147
-0.531137
1.014888
0.163098
-1.445824
-0.850431
0.085542
-0.241671
1.000185
-0.056953
-0.066549
-0.719836
0.484220
0.751872
0.321847
0.950455
-0.503147
-0.531137
1.014888
0.163098
-1.445824
-0.850431
0.085542
-0.241671
1.000185
-0.056953
-0.066549
-0.719836
0.484220
0.751872
0.321847
0.950455
-0.503147
-0.531137
1.014888
0.163098
-1.445824
-0.850431
0.085542
-0.241671
1.000185
-0.056953
-0.066549
-0.719836
0.484220
0.751872
0.321847
0.950455
-0.503147
-0.531137
1.014888
0.163098
-1.445824
-0.850431
0.085542
-0.241671
1.000185
-0.056953
-0.066549
-0.719836
0.484220
0.751872
0.321847
0.950455
-0.503147
-0.531137
1.014888
0.163098
-1.445824
-0.850431
0.085542
-0.241671
1.000185
-0.056953
-0.066549
-0.719836
0.484220
0.751872
0.321847
0.950455
-0.503147
-0.531137
1.014888
0.163098
-1.445824
-0.850431
0.085542
-0.241671
1.000185
-0.056953
-0.066549
-0.719836
0.484220
0.751872
0.321847
0.950455
-0.503147
-0.531137
1.014888
0.163098
-1.445824
-0.850431
0.085542
-0.241671
1.000185
-0.056953
-0.066549
-0.719836
0.484220
0.751872
0.321847
0.950455
-0.503147
-0.531137
1.014888
0.163098
-1.445824
-0.850431
0.085542
-0.241671
1.000185
-0.056953
-0.066549
-0.719836
0.484220
0.751872
0.321847
0.950455
-0.503147
-0.531137
1.014888
0.163098
-1.445824
-0.850431
0.085542
-0.241671
1.000185
-0.056953
-0.066549
-0.719836
0.484220
0.751872
0.321847
0.950455
-0.503147
-0.531137
1.014888
0.163098
-1.445824
-0.850431
0.085542
-0.241671
1.000185
-0.056953
-0.066549
-0.719836
0.484220
0.751872
0.321847
0.950455
-0.503147
-0.531137
1.014888
0.163098
-1.445824
-0.850431
