5.120981
-22.960512
-971.318848
-2882.743652
-1176.528320
855.258362
-569.043396
-5711.616211
188.174118
-4133.825195
1477.262085
2191.664551
-4577.992676
-1838.148193
4101.822754
4133.924805
-0.472010
1.023439
-14.977731
25.484049
12.288751
-3.889142
-18.876034
16.086746
-7.252219
-29.703033
20.992657
-27.288298
-1.603380
-36.624561
39.161121
-12.454899
1.299222
-1.168918
8.177998
-11.172006
-9.299536
-0.137162
8.980019
-6.897062
5.277117
16.837484
-8.558176
15.715396
0.926836
21.793034
-17.256756
7.006324
-5.530991
10.496254
427.232178
1550.352905
637.374573
-410.197205
139.363815
3003.031250
-216.431458
2153.074219
-715.528076
-1200.381592
2355.122314
1090.187012
-2020.226318
-2278.966064
3.130045
4.437162
51.908077
109.643158
43.171085
-42.265125
42.528164
228.920593
8.084679
162.407684
-69.780762
-79.620728
193.084030
57.711983
-176.760437
-149.512009
4.654330
2.382206
123.587486
154.032455
55.347797
-81.696037
167.366577
329.869019
86.753754
251.850357
-142.294220
-92.805527
315.350189
3.764141
-339.412018
-152.044220
-2.890659
1.413243
46.896729
513.002502
233.281967
-97.191010
-130.718964
982.981445
-195.725388
688.854492
-155.995911
-422.234711
686.488647
488.681488
-532.081848
-857.341858
0.117584
-0.570128
-0.463908
0.803604
0.013591
0.353224
0.212303
0.576123
-0.584536
0.255467
-0.246017
-0.473353
1.005276
0.371134
0.226613
-0.888615
0.117584
-0.570128
-0.463908
0.803604
0.013591
0.353224
0.212303
0.576123
-0.584536
0.255467
-0.246017
-0.473353
1.005276
0.371134
0.226613
-0.888615
0.117584
-0.570128
-0.463908
0.803604
0.013591
0.353224
0.212303
0.576123
-0.584536
0.255467
-0.246017
-0.473353
1.005276
0.371134
0.226613
-0.888615
0.117584
-0.570128
-0.463908
0.803604
0.013591
0.353224
0.212303
0.576123
-0.584536
0.255467
-0.246017
-0.473353
1.005276
0.371134
0.226613
-0.888615
0.117584
-0.570128
-0.463908
0.803604
0.013591
0.353224
0.212303
0.576123
-0.584536
0.255467
-0.246017
-0.473353
1.005276
0.371134
0.226613
-0.888615
0.117584
-0.570128
-0.463908
0.803604
0.013591
0.353224
0.212303
0.576123
-0.584536
0.255467
-0.246017
-0.473353
1.005276
0.371134
0.226613
-0.888615
0.117584
-0.570128
-0.463908
0.803604
0.013591
0.353224
0.212303
0.576123
-0.584536
0.255467
-0.246017
-0.473353
1.005276
0.371134
0.226613
-0.888615
0.117584
-0.570128
-0.463908
0.803604
0.013591
0.353224
0.212303
0.576123
-0.584536
0.255467
-0.246017
-0.473353
1.005276
0.371134
0.226613
-0.888615
0.117584
-0.570128
-0.463908
0.803604
0.013591
0.353224
0.212303
0.576123
-0.584536
0.255467
-0.246017
-0.473353
1.005276
0.371134
0.226613
-0.888615
0.117584
-0.570128
-0.463908
0.803604
0.013591
0.353224
0.212303
0.576123
-0.584536
0.255467
-0.246017
-0.473353
1.005276
0.371134
0.226613
-0.888615
0.117584
-0.570128
-0.463908
0.803604
0.013591
0.353224
0.212303
0.576123
-0.584536
0.255467
-0.246017
-0.473353
1.005276
0.371134
0.226613
-0.888615
0.117584
-0.570128
-0.463908
0.803604
0.013591
0.353224
0.212303
0.576123
-0.584536
0.255467
-0.246017
-0.473353
1.005276
0.371134
0.226613
-0.888615
0.117584
-0.570128
-0.463908
0.803604
0.013591
0.353224
0.212303
0.576123
-0.584536
0.255467
-0.246017
-0.473353
1.005276
0.371134
0.226613
-0.888615
