0.466029
0.842826
-0.554410
-27.841461
-12.388474
16.255442
-0.811052
-19.918987
25.127924
11.670478
18.157797
36.139980
33.038906
24.037371
-3.264840
35.190292
-24.927986
12.326480
-1254.335205
2360.373779
1563.801270
545.035583
-3936.117432
3812.754883
-3077.364990
1741.964355
1204.109863
-3175.235840
1486.366211
4479.733887
2300.360596
-4788.203613
0.991684
-1.691711
4.373245
16.396059
6.391518
-12.090971
0.473699
13.699480
-15.784267
-7.416765
-10.466336
-24.297529
-19.384117
-13.428346
-0.421092
-24.293409
15.535868
-8.236000
782.518555
-1504.448364
-1000.494629
-331.535828
2490.899902
-2478.071045
1962.231689
-1148.313477
-762.627991
2034.347290
-981.982666
-2866.781738
-1438.176270
3083.425781
2.120733
0.148865
122.091522
-288.679962
-187.576080
-45.752663
401.834961
-469.179382
328.357971
-223.811813
-92.413605
374.814148
-216.407211
-484.650604
-205.827209
565.502869
2.489074
-1.561038
93.258842
-138.882538
-92.318375
-45.640202
270.756409
-212.914642
203.788391
-88.000809
-96.979286
189.633682
-61.213634
-287.742615
-175.673859
287.713287
0.399331
0.183330
0.339103
-0.344198
-0.080616
-0.122344
1.141145
0.092077
0.505184
0.406274
-0.232132
0.179500
0.232367
-1.292929
-1.391807
0.575097
0.399331
0.183330
0.339103
-0.344198
-0.080616
-0.122344
1.141145
0.092077
0.505184
0.406274
-0.232132
0.179500
0.232367
-1.292929
-1.391807
0.575097
0.399331
0.183330
0.339103
-0.344198
-0.080616
-0.122344
1.141145
0.092077
0.505184
0.406274
-0.232132
0.179500
0.232367
-1.292929
-1.391807
0.575097
0.399331
0.183330
0.339103
-0.344198
-0.080616
-0.122344
1.141145
0.092077
0.505184
0.406274
-0.232132
0.179500
0.232367
-1.292929
-1.391807
0.575097
0.399331
0.183330
0.339103
-0.344198
-0.080616
-0.122344
1.141145
0.092077
0.505184
0.406274
-0.232132
0.179500
0.232367
-1.292929
-1.391807
0.575097
0.399331
0.183330
0.339103
-0.344198
-0.080616
-0.122344
1.141145
0.092077
0.505184
0.406274
-0.232132
0.179500
0.232367
-1.292929
-1.391807
0.575097
0.399331
0.183330
0.339103
-0.344198
-0.080616
-0.122344
1.141145
0.092077
0.505184
0.406274
-0.232132
0.179500
0.232367
-1.292929
-1.391807
0.575097
0.399331
0.183330
0.339103
-0.344198
-0.080616
-0.122344
1.141145
0.092077
0.505184
0.406274
-0.232132
0.179500
0.232367
-1.292929
-1.391807
0.575097
0.399331
0.183330
0.339103
-0.344198
-0.080616
-0.122344
1.141145
0.092077
0.505184
0.406274
-0.232132
0.179500
0.232367
-1.292929
-1.391807
0.575097
0.399331
0.183330
0.339103
-0.344198
-0.080616
-0.122344
1.141145
0.092077
0.505184
0.406274
-0.232132
0.179500
0.232367
-1.292929
-1.391807
0.575097
0.399331
0.183330
0.339103
-0.344198
-0.080616
-0.122344
1.141145
0.092077
0.505184
0.406274
-0.232132
0.179500
0.232367
-1.292929
-1.391807
0.575097
0.399331
0.183330
0.339103
-0.344198
-0.080616
-0.122344
1.141145
0.092077
0.505184
0.406274
-0.232132
0.179500
0.232367
-1.292929
-1.391807
0.575097
0.399331
0.183330
0.339103
-0.344198
-0.080616
-0.122344
1.141145
0.092077
0.505184
0.406274
-0.232132
0.179500
0.232367
-1.292929
-1.391807
0.575097
0.399331
0.183330
0.339103
-0.344198
-0.080616
-0.122344
1.141145
0.092077
0.505184
0.406274
-0.232132
0.179500
0.232367
-1.292929
-1.391807
0.575097
