-1.990926
4.247259
-23.914764
-12.210657
23.559322
23.686861
-1.804090
23.684582
-0.496067
-13.769152
-15.249829
-0.535718
-27.554058
-1.267458
3.067142
-7.399178
-1.739707
0.474534
-18.456236
43.091026
25.844332
-7.527168
8.697621
-5.078895
3.141052
23.823494
8.840160
-5.151554
6.070702
5.681026
-16.214258
-7.239192
-13.657733
-5.996974
-438.363770
-4592.038086
-2245.042480
762.851746
613.835754
1662.914307
78.167709
2873.053711
662.955994
438.660889
332.336914
1157.745117
-2676.588135
214.618927
0.308459
-3.431894
12.764296
-36.321255
-19.999971
9.924263
-4.197727
6.128601
-3.351254
-15.988082
-5.605262
1.611871
0.771295
-1.420313
9.277290
6.265330
10.465294
3.047495
354.396088
3211.092041
1566.660400
-559.225647
-450.922302
-1162.101074
-89.030556
-2011.655273
-469.104187
-296.901276
-249.402664
-803.324951
1867.079346
-175.997269
1.350772
2.685063
142.622513
390.720734
176.874680
-115.162613
-90.741287
-131.097870
-68.200241
-245.944107
-68.644951
-25.261427
-51.481544
-96.266846
233.538498
-81.633202
0.925826
1.648676
-54.757114
254.583450
132.702988
-1.017333
-4.459253
-97.906113
46.528198
-156.267792
-27.601301
-36.386818
2.583662
-70.441711
145.754791
35.844547
-0.286583
0.387718
-0.778195
0.930886
0.304976
-0.123939
0.696898
0.010722
0.463120
-0.533520
-0.162583
0.051798
-0.790935
0.053597
0.549285
0.571871
-0.286583
0.387718
-0.778195
0.930886
0.304976
-0.123939
0.696898
0.010722
0.463120
-0.533520
-0.162583
0.051798
-0.790935
0.053597
0.549285
0.571871
-0.286583
0.387718
-0.778195
0.930886
0.304976
-0.123939
0.696898
0.010722
0.463120
-0.533520
-0.162583
0.051798
-0.790935
0.053597
0.549285
0.571871
-0.286583
0.387718
-0.778195
0.930886
0.304976
-0.123939
0.696898
0.010722
0.463120
-0.533520
-0.162583
0.051798
-0.790935
0.053597
0.549285
0.571871
-0.286583
0.387718
-0.778195
0.930886
0.304976
-0.123939
0.696898
0.010722
0.463120
-0.533520
-0.162583
0.051798
-0.790935
0.053597
0.549285
0.571871
-0.286583
0.387718
-0.778195
0.930886
0.304976
-0.123939
0.696898
0.010722
0.463120
-0.533520
-0.162583
0.051798
-0.790935
0.053597
0.549285
0.571871
-0.286583
0.387718
-0.778195
0.930886
0.304976
-0.123939
0.696898
0.010722
0.463120
-0.533520
-0.162583
0.051798
-0.790935
0.053597
0.549285
0.571871
-0.286583
0.387718
-0.778195
0.930886
0.304976
-0.123939
0.696898
0.010722
0.463120
-0.533520
-0.162583
0.051798
-0.790935
0.053597
0.549285
0.571871
-0.286583
0.387718
-0.778195
0.930886
0.304976
-0.123939
0.696898
0.010722
0.463120
-0.533520
-0.162583
0.051798
-0.790935
0.053597
0.549285
0.571871
-0.286583
0.387718
-0.778195
0.930886
0.304976
-0.123939
0.696898
0.010722
0.463120
-0.533520
-0.162583
0.051798
-0.790935
0.053597
0.549285
0.571871
-0.286583
0.387718
-0.778195
0.930886
0.304976
-0.123939
0.696898
0.010722
0.463120
-0.533520
-0.162583
0.051798
-0.790935
0.053597
0.549285
0.571871
-0.286583
0.387718
-0.778195
0.930886
0.304976
-0.123939
0.696898
0.010722
0.463120
-0.533520
-0.162583
0.051798
-0.790935
0.053597
0.549285
0.571871
-0.286583
0.387718
-0.778195
0.930886
0.304976
-0.123939
0.696898
0.010722
0.463120
-0.533520
-0.162583
0.051798
-0.790935
0.053597
0.549285
0.571871
