15.468321
27.874975
1956.960327
499.771545
-632.865234
-1317.890991
4385.432617
4246.393555
2258.426514
3887.332275
-2774.297119
-740.746399
6041.285156
-1807.829102
-6022.195801
-1745.661987
-1.549346
-0.654694
18.904488
-0.635325
-3.222033
-14.692091
25.965429
4.042561
-13.476516
33.165001
-34.219795
9.973403
-27.459785
39.545483
-44.333168
-9.404511
-4.462259
-9.899450
-696.140015
-170.821823
234.365387
447.739258
-1600.214355
-1453.254272
-842.843201
-1340.998779
988.689453
236.744049
-2116.115723
693.088684
2149.310303
557.984253
-1.406655
0.531562
-112.282463
-32.456009
32.740295
78.304214
-242.528305
-265.696533
-124.317627
-234.929398
161.986877
54.856880
-366.634735
91.750801
352.540710
116.776787
-2.489920
2.464325
-106.637680
-32.811615
28.560556
71.416756
-223.984024
-247.441559
-110.427399
-218.071198
150.688843
52.115768
-333.766327
75.556297
319.826538
115.260574
-5.003386
-9.007073
-574.115173
-108.058266
203.552979
380.082947
-1319.042358
-1175.456787
-696.867493
-1104.439819
810.854492
172.879623
-1726.216187
605.125183
1764.961914
430.438263
-0.025715
0.168034
-0.051001
-0.164527
-0.738015
0.126543
0.388603
0.434745
0.260975
-0.117443
0.105528
-0.339367
0.355737
-0.201622
-0.082717
0.013601
-0.025715
0.168034
-0.051001
-0.164527
-0.738015
0.126543
0.388603
0.434745
0.260975
-0.117443
0.105528
-0.339367
0.355737
-0.201622
-0.082717
0.013601
-0.025715
0.168034
-0.051001
-0.164527
-0.738015
0.126543
0.388603
0.434745
0.260975
-0.117443
0.105528
-0.339367
0.355737
-0.201622
-0.082717
0.013601
-0.025715
0.168034
-0.051001
-0.164527
-0.738015
0.126543
0.388603
0.434745
0.260975
-0.117443
0.105528
-0.339367
0.355737
-0.201622
-0.082717
0.013601
-0.025715
0.168034
-0.051001
-0.164527
-0.738015
0.126543
0.388603
0.434745
0.260975
-0.117443
0.105528
-0.339367
0.355737
-0.201622
-0.082717
0.013601
-0.025715
0.168034
-0.051001
-0.164527
-0.738015
0.126543
0.388603
0.434745
0.260975
-0.117443
0.105528
-0.339367
0.355737
-0.201622
-0.082717
0.013601
-0.025715
0.168034
-0.051001
-0.164527
-0.738015
0.126543
0.388603
0.434745
0.260975
-0.117443
0.105528
-0.339367
0.355737
-0.201622
-0.082717
0.013601
-0.025715
0.168034
-0.051001
-0.164527
-0.738015
0.126543
0.388603
0.434745
0.260975
-0.117443
0.105528
-0.339367
0.355737
-0.201622
-0.082717
0.013601
-0.025715
0.168034
-0.051001
-0.164527
-0.738015
0.126543
0.388603
0.434745
0.260975
-0.117443
0.105528
-0.339367
0.355737
-0.201622
-0.082717
0.013601
-0.025715
0.168034
-0.051001
-0.164527
-0.738015
0.126543
0.388603
0.434745
0.260975
-0.117443
0.105528
-0.339367
0.355737
-0.201622
-0.082717
0.013601
-0.025715
0.168034
-0.051001
-0.164527
-0.738015
0.126543
0.388603
0.434745
0.260975
-0.117443
0.105528
-0.339367
0.355737
-0.201622
-0.082717
0.013601
-0.025715
0.168034
-0.051001
-0.164527
-0.738015
0.126543
0.388603
0.434745
0.260975
-0.117443
0.105528
-0.339367
0.355737
-0.201622
-0.082717
0.013601
-0.025715
0.168034
-0.051001
-0.164527
-0.738015
0.126543
0.388603
0.434745
0.260975
-0.117443
0.105528
-0.339367
0.355737
-0.201622
-0.082717
0.013601
-0.025715
0.168034
-0.051001
-0.164527
-0.738015
0.126543
0.388603
0.434745
0.260975
-0.117443
0.105528
-0.339367
0.355737
-0.201622
-0.082717
0.013601
