-7.386649
-3.882252
10.545117
34.883797
-15.845776
-28.762363
-12.021041
5.586009
3.458262
-8.325712
15.503481
8.810245
-21.540842
22.258327
12.519273
-7.821714
1.046210
-2.472907
-6.220995
-2.473857
-8.555243
-11.311144
-0.916966
8.901612
8.622417
-5.366253
6.364941
-4.146187
5.421002
11.066651
-5.596341
2.222199
6.415411
-1.614455
-20.994556
-8.263215
-21.722704
-14.504921
12.366917
19.917450
17.261286
-17.002436
9.762174
-11.352477
18.269960
15.574590
-16.546026
12.218987
-3.706020
-2.063812
-7.932494
0.634329
-0.283008
-19.128550
6.204145
4.009228
-4.152503
6.307274
-4.425792
-0.919474
-8.098266
-12.781826
-14.683978
4.186027
-11.890735
8.840502
-338.321014
-713.879395
-1078.918335
-1853.668579
988.245972
633.639038
821.734375
417.810455
-261.372467
18.898787
-563.347534
-1286.272339
-878.700806
-905.395935
3.722235
-0.751463
2.447599
-6.748973
2.679140
19.171740
-4.504398
-4.784354
4.841179
-4.287225
2.232728
-0.733618
7.677967
9.683791
8.522443
-2.280040
9.979017
-7.300863
266.795807
557.881470
845.952637
1436.598999
-770.353333
-488.823547
-643.395691
-324.199921
198.758270
-13.308927
439.631958
1000.375610
692.568848
701.197144
2.482282
-1.955776
20.951086
39.785721
65.964775
93.035454
-56.418118
-29.946869
-43.359451
-19.559647
16.443718
0.491364
32.086754
66.907074
48.306747
44.990433
-0.690715
3.808144
11.056106
26.156637
33.768940
75.187958
-33.757393
-28.611849
-29.157629
-19.398001
9.895552
-1.619369
18.024061
51.799442
25.332333
40.256283
-0.618336
0.078604
-0.066408
0.228299
-0.100087
1.233074
0.319440
-0.152401
-0.303521
-0.358550
0.049024
0.141598
-0.436759
-0.225096
-0.223775
0.318208
-0.618336
0.078604
-0.066408
0.228299
-0.100087
1.233074
0.319440
-0.152401
-0.303521
-0.358550
0.049024
0.141598
-0.436759
-0.225096
-0.223775
0.318208
-0.618336
0.078604
-0.066408
0.228299
-0.100087
1.233074
0.319440
-0.152401
-0.303521
-0.358550
0.049024
0.141598
-0.436759
-0.225096
-0.223775
0.318208
-0.618336
0.078604
-0.066408
0.228299
-0.100087
1.233074
0.319440
-0.152401
-0.303521
-0.358550
0.049024
0.141598
-0.436759
-0.225096
-0.223775
0.318208
-0.618336
0.078604
-0.066408
0.228299
-0.100087
1.233074
0.319440
-0.152401
-0.303521
-0.358550
0.049024
0.141598
-0.436759
-0.225096
-0.223775
0.318208
-0.618336
0.078604
-0.066408
0.228299
-0.100087
1.233074
0.319440
-0.152401
-0.303521
-0.358550
0.049024
0.141598
-0.436759
-0.225096
-0.223775
0.318208
-0.618336
0.078604
-0.066408
0.228299
-0.100087
1.233074
0.319440
-0.152401
-0.303521
-0.358550
0.049024
0.141598
-0.436759
-0.225096
-0.223775
0.318208
-0.618336
0.078604
-0.066408
0.228299
-0.100087
1.233074
0.319440
-0.152401
-0.303521
-0.358550
0.049024
0.141598
-0.436759
-0.225096
-0.223775
0.318208
-0.618336
0.078604
-0.066408
0.228299
-0.100087
1.233074
0.319440
-0.152401
-0.303521
-0.358550
0.049024
0.141598
-0.436759
-0.225096
-0.223775
0.318208
-0.618336
0.078604
-0.066408
0.228299
-0.100087
1.233074
0.319440
-0.152401
-0.303521
-0.358550
0.049024
0.141598
-0.436759
-0.225096
-0.223775
0.318208
-0.618336
0.078604
-0.066408
0.228299
-0.100087
1.233074
0.319440
-0.152401
-0.303521
-0.358550
0.049024
0.141598
-0.436759
-0.225096
-0.223775
0.318208
