0.417483
0.313838
4.192832
4.023128
-2.730400
-6.544962
-1.607217
-3.732065
-0.021868
2.084627
4.724172
2.704602
2.871768
-4.893794
-3.660969
1.579788
-3.450773
-10.845056
-36.484085
6.722373
32.093430
-11.706049
-1.433934
-11.889367
7.030680
5.826733
-17.494305
12.529416
-15.561602
-17.697309
0.313778
13.460847
3.231061
3.762766
-22.692587
2.660777
-40.549351
-9.868312
20.414032
25.736626
10.354939
-19.033297
7.437893
-18.982761
28.068560
19.054522
-15.742647
21.684700
0.901529
-1.819139
11.480875
-1.454450
-14.957705
21.500370
-5.756510
-4.101241
7.780610
2.097773
3.263048
4.879712
-0.619350
13.449841
10.287941
7.217071
-1.310866
-8.589924
946.398865
729.011292
2373.883057
733.403503
-1368.825073
71.046448
-988.163208
267.575378
176.754272
-350.395752
1416.508301
628.631836
1687.746704
-330.872833
-1.798801
3.925229
-54.276627
-53.898438
-141.452148
-60.818050
84.318604
1.745658
65.889542
-8.201058
-10.293005
18.853594
-85.869919
-45.870781
-108.218842
7.074295
2.872675
3.557707
-640.884460
-488.341766
-1602.381104
-488.595123
923.117188
-52.036030
664.389343
-185.522781
-122.479256
237.810120
-957.795044
-424.655487
-1132.920532
228.756134
-1.077244
0.617709
-103.022156
-67.485863
-253.020493
-52.764633
142.817810
-18.346645
99.254517
-36.620422
-13.570738
37.560230
-146.813370
-49.409393
-173.040070
48.577042
-0.277679
0.017101
-0.230818
0.585302
0.086976
0.174124
-0.048363
0.017018
0.181403
-0.007343
-0.234599
-0.370762
0.039008
0.420868
-0.019053
0.204821
-0.277679
0.017101
-0.230818
0.585302
0.086976
0.174124
-0.048363
0.017018
0.181403
-0.007343
-0.234599
-0.370762
0.039008
0.420868
-0.019053
0.204821
-0.277679
0.017101
-0.230818
0.585302
0.086976
0.174124
-0.048363
0.017018
0.181403
-0.007343
-0.234599
-0.370762
0.039008
0.420868
-0.019053
0.204821
-0.277679
0.017101
-0.230818
0.585302
0.086976
0.174124
-0.048363
0.017018
0.181403
-0.007343
-0.234599
-0.370762
0.039008
0.420868
-0.019053
0.204821
-0.277679
0.017101
-0.230818
0.585302
0.086976
0.174124
-0.048363
0.017018
0.181403
-0.007343
-0.234599
-0.370762
0.039008
0.420868
-0.019053
0.204821
-0.277679
0.017101
-0.230818
0.585302
0.086976
0.174124
-0.048363
0.017018
0.181403
-0.007343
-0.234599
-0.370762
0.039008
0.420868
-0.019053
0.204821
-0.277679
0.017101
-0.230818
0.585302
0.086976
0.174124
-0.048363
0.017018
0.181403
-0.007343
-0.234599
-0.370762
0.039008
0.420868
-0.019053
0.204821
-0.277679
0.017101
-0.230818
0.585302
0.086976
0.174124
-0.048363
0.017018
0.181403
-0.007343
-0.234599
-0.370762
0.039008
0.420868
-0.019053
0.204821
-0.277679
0.017101
-0.230818
0.585302
0.086976
0.174124
-0.048363
0.017018
0.181403
-0.007343
-0.234599
-0.370762
0.039008
0.420868
-0.019053
0.204821
-0.277679
0.017101
-0.230818
0.585302
0.086976
0.174124
-0.048363
0.017018
0.181403
-0.007343
-0.234599
-0.370762
0.039008
0.420868
-0.019053
0.204821
-0.277679
0.017101
-0.230818
0.585302
0.086976
0.174124
-0.048363
0.017018
0.181403
-0.007343
-0.234599
-0.370762
0.039008
0.420868
-0.019053
0.204821
-0.277679
0.017101
-0.230818
0.585302
0.086976
0.174124
-0.048363
0.017018
0.181403
-0.007343
-0.234599
-0.370762
0.039008
0.420868
-0.019053
0.204821
