0.135391
1.204107
-4.023681
-5.735429
1.813040
7.625220
2.558216
4.099952
1.036022
-3.868162
-4.778096
-3.735428
-3.331633
1.949913
1.319570
-1.430599
-0.094638
-0.180441
20.828928
-0.984637
-8.250567
2.255001
-2.694688
-3.541848
8.539585
-2.748025
-4.282990
-9.993981
7.924387
-5.573622
-1.493512
3.507801
-1.912853
-1.890357
2048.345459
442.385651
763.839294
-512.052673
-712.893250
-224.909775
-1549.325439
-355.566101
-507.004944
1097.455688
-774.682373
672.151489
161.042114
-482.721069
-0.739765
0.309260
-17.159994
-4.159233
6.084973
-2.463076
-0.334439
3.758254
-9.423538
3.785774
6.160708
12.016714
-3.997463
8.210965
-0.328852
-4.405787
2.358118
2.162665
-2007.330444
-424.451874
-734.227600
489.635223
692.140808
211.038055
1512.064209
333.443176
486.837219
-1105.898682
744.211670
-658.915222
-149.354202
466.417450
-0.593663
0.425222
-0.423162
-0.339519
-0.380493
0.236698
-0.162187
0.052554
0.415647
0.340823
0.293252
0.080198
-0.047778
-0.142542
-0.172202
0.026467
-0.593663
0.425222
-0.423162
-0.339519
-0.380493
0.236698
-0.162187
0.052554
0.415647
0.340823
0.293252
0.080198
-0.047778
-0.142542
-0.172202
0.026467
-0.593663
0.425222
-0.423162
-0.339519
-0.380493
0.236698
-0.162187
0.052554
0.415647
0.340823
0.293252
0.080198
-0.047778
-0.142542
-0.172202
0.026467
-0.593663
0.425222
-0.423162
-0.339519
-0.380493
0.236698
-0.162187
0.052554
0.415647
0.340823
0.293252
0.080198
-0.047778
-0.142542
-0.172202
0.026467
-0.593663
0.425222
-0.423162
-0.339519
-0.380493
0.236698
-0.162187
0.052554
0.415647
0.340823
0.293252
0.080198
-0.047778
-0.142542
-0.172202
0.026467
-0.593663
0.425222
-0.423162
-0.339519
-0.380493
0.236698
-0.162187
0.052554
0.415647
0.340823
0.293252
0.080198
-0.047778
-0.142542
-0.172202
0.026467
-0.593663
0.425222
-0.423162
-0.339519
-0.380493
0.236698
-0.162187
0.052554
0.415647
0.340823
0.293252
0.080198
-0.047778
-0.142542
-0.172202
0.026467
-0.593663
0.425222
-0.423162
-0.339519
-0.380493
0.236698
-0.162187
0.052554
0.415647
0.340823
0.293252
0.080198
-0.047778
-0.142542
-0.172202
0.026467
-0.593663
0.425222
-0.423162
-0.339519
-0.380493
0.236698
-0.162187
0.052554
0.415647
0.340823
0.293252
0.080198
-0.047778
-0.142542
-0.172202
0.026467
-0.593663
0.425222
-0.423162
-0.339519
-0.380493
0.236698
-0.162187
0.052554
0.415647
0.340823
0.293252
0.080198
-0.047778
-0.142542
-0.172202
0.026467
-0.593663
0.425222
-0.423162
-0.339519
-0.380493
0.236698
-0.162187
0.052554
0.415647
0.340823
0.293252
0.080198
-0.047778
-0.142542
-0.172202
0.026467
-0.593663
0.425222
-0.423162
-0.339519
-0.380493
0.236698
-0.162187
0.052554
0.415647
0.340823
0.293252
0.080198
-0.047778
-0.142542
-0.172202
0.026467
-0.593663
0.425222
-0.423162
-0.339519
-0.380493
0.236698
-0.162187
0.052554
0.415647
0.340823
0.293252
0.080198
-0.047778
-0.142542
-0.172202
0.026467
-0.593663
0.425222
-0.423162
-0.339519
-0.380493
0.236698
-0.162187
0.052554
0.415647
0.340823
0.293252
0.080198
-0.047778
-0.142542
-0.172202
0.026467
-0.593663
0.425222
-0.423162
-0.339519
-0.380493
0.236698
-0.162187
0.052554
0.415647
0.340823
0.293252
0.080198
-0.047778
-0.142542
-0.172202
0.026467
