-2.166535
-4.667749
-25.222507
-9.102425
16.053888
5.103150
3.124191
0.129530
-13.673846
0.870210
6.128993
15.391847
-10.922274
-2.228038
2.455936
0.595415
5.959546
-0.153492
-2483.180176
200.307861
-777.011902
868.858643
1032.647461
-10.732309
1869.229126
-265.463257
306.218048
-1261.500732
434.794128
-1140.528809
82.797852
639.356506
-1.153555
6.243077
17.486252
7.469544
-10.891108
-2.173045
-1.630511
-0.268773
8.901317
1.090805
-2.705442
-10.373780
6.057279
0.791681
-0.447633
2.522266
-3.423873
-0.125074
1714.008667
-168.137543
535.174316
-604.158691
-710.924072
12.288100
-1289.041382
200.753571
-204.777161
867.875427
-292.505188
784.050415
-68.041016
-446.299530
1.933989
-0.505066
158.013351
21.561169
53.259331
-45.420658
-64.267151
-12.829514
-119.316467
-7.681783
-31.211239
74.091248
-39.415943
68.276901
5.395216
-41.805695
-2.150184
0.900353
234.677383
-59.736801
58.966522
-97.610168
-100.572563
21.567715
-175.393204
57.298386
-7.240908
126.609543
-18.595057
117.678673
-16.486515
-61.005596
-0.622582
1.026027
0.687707
0.690831
0.429564
0.028099
-0.166806
-0.233734
-0.107737
-0.632879
-0.403795
0.312343
0.197760
-0.117832
0.042870
-0.290691
-0.622582
1.026027
0.687707
0.690831
0.429564
0.028099
-0.166806
-0.233734
-0.107737
-0.632879
-0.403795
0.312343
0.197760
-0.117832
0.042870
-0.290691
-0.622582
1.026027
0.687707
0.690831
0.429564
0.028099
-0.166806
-0.233734
-0.107737
-0.632879
-0.403795
0.312343
0.197760
-0.117832
0.042870
-0.290691
-0.622582
1.026027
0.687707
0.690831
0.429564
0.028099
-0.166806
-0.233734
-0.107737
-0.632879
-0.403795
0.312343
0.197760
-0.117832
0.042870
-0.290691
-0.622582
1.026027
0.687707
0.690831
0.429564
0.028099
-0.166806
-0.233734
-0.107737
-0.632879
-0.403795
0.312343
0.197760
-0.117832
0.042870
-0.290691
-0.622582
1.026027
0.687707
0.690831
0.429564
0.028099
-0.166806
-0.233734
-0.107737
-0.632879
-0.403795
0.312343
0.197760
-0.117832
0.042870
-0.290691
-0.622582
1.026027
0.687707
0.690831
0.429564
0.028099
-0.166806
-0.233734
-0.107737
-0.632879
-0.403795
0.312343
0.197760
-0.117832
0.042870
-0.290691
-0.622582
1.026027
0.687707
0.690831
0.429564
0.028099
-0.166806
-0.233734
-0.107737
-0.632879
-0.403795
0.312343
0.197760
-0.117832
0.042870
-0.290691
-0.622582
1.026027
0.687707
0.690831
0.429564
0.028099
-0.166806
-0.233734
-0.107737
-0.632879
-0.403795
0.312343
0.197760
-0.117832
0.042870
-0.290691
-0.622582
1.026027
0.687707
0.690831
0.429564
0.028099
-0.166806
-0.233734
-0.107737
-0.632879
-0.403795
0.312343
0.197760
-0.117832
0.042870
-0.290691
-0.622582
1.026027
0.687707
0.690831
0.429564
0.028099
-0.166806
-0.233734
-0.107737
-0.632879
-0.403795
0.312343
0.197760
-0.117832
0.042870
-0.290691
-0.622582
1.026027
0.687707
0.690831
0.429564
0.028099
-0.166806
-0.233734
-0.107737
-0.632879
-0.403795
0.312343
0.197760
-0.117832
0.042870
-0.290691
-0.622582
1.026027
0.687707
0.690831
0.429564
0.028099
-0.166806
-0.233734
-0.107737
-0.632879
-0.403795
0.312343
0.197760
-0.117832
0.042870
-0.290691
-0.622582
1.026027
0.687707
0.690831
0.429564
0.028099
-0.166806
-0.233734
-0.107737
-0.632879
-0.403795
0.312343
0.197760
-0.117832
0.042870
-0.290691
