2.403033
0.745428
23.160030
14.770689
-12.892037
-8.042634
-3.196811
-2.776530
16.262861
-1.290346
1.694736
-12.508506
14.167052
4.781813
-2.561617
-0.646922
-5.063361
-0.363577
2460.623779
-661.415161
551.300293
-1039.549316
-986.060059
214.722473
-1952.398804
538.033020
84.820847
1054.669800
-246.351990
1739.941895
-438.505554
-427.651062
1.953002
0.627060
-17.906969
-11.015315
12.566738
4.768652
3.175907
2.300891
-7.744923
3.300315
-2.029582
5.294316
-10.099627
-6.044159
0.357089
2.690593
5.100764
-1.922302
-1477.516846
385.691193
-331.246674
621.333679
589.230408
-125.416267
1171.939453
-316.365967
-46.861797
-634.920288
152.045181
-1038.342529
264.556549
259.854858
-1.323842
-1.334106
-333.203156
73.495941
-80.541878
139.324509
132.594818
-22.651133
267.078094
-59.330441
-4.658447
-143.040298
43.936356
-234.844437
51.299232
61.673954
1.107058
1.555635
-167.587555
50.984455
-36.985485
69.135750
70.234596
-13.661008
132.948517
-40.043732
-5.568347
-68.928619
13.864797
-121.495514
27.989897
27.924511
-0.876060
0.319970
0.132103
-0.045744
0.059771
0.298965
0.507578
-0.173490
0.012471
-0.016582
0.077783
-0.056790
0.228730
0.007338
-0.104148
-0.172804
-0.876060
0.319970
0.132103
-0.045744
0.059771
0.298965
0.507578
-0.173490
0.012471
-0.016582
0.077783
-0.056790
0.228730
0.007338
-0.104148
-0.172804
-0.876060
0.319970
0.132103
-0.045744
0.059771
0.298965
0.507578
-0.173490
0.012471
-0.016582
0.077783
-0.056790
0.228730
0.007338
-0.104148
-0.172804
-0.876060
0.319970
0.132103
-0.045744
0.059771
0.298965
0.507578
-0.173490
0.012471
-0.016582
0.077783
-0.056790
0.228730
0.007338
-0.104148
-0.172804
-0.876060
0.319970
0.132103
-0.045744
0.059771
0.298965
0.507578
-0.173490
0.012471
-0.016582
0.077783
-0.056790
0.228730
0.007338
-0.104148
-0.172804
-0.876060
0.319970
0.132103
-0.045744
0.059771
0.298965
0.507578
-0.173490
0.012471
-0.016582
0.077783
-0.056790
0.228730
0.007338
-0.104148
-0.172804
-0.876060
0.319970
0.132103
-0.045744
0.059771
0.298965
0.507578
-0.173490
0.012471
-0.016582
0.077783
-0.056790
0.228730
0.007338
-0.104148
-0.172804
-0.876060
0.319970
0.132103
-0.045744
0.059771
0.298965
0.507578
-0.173490
0.012471
-0.016582
0.077783
-0.056790
0.228730
0.007338
-0.104148
-0.172804
-0.876060
0.319970
0.132103
-0.045744
0.059771
0.298965
0.507578
-0.173490
0.012471
-0.016582
0.077783
-0.056790
0.228730
0.007338
-0.104148
-0.172804
-0.876060
0.319970
0.132103
-0.045744
0.059771
0.298965
0.507578
-0.173490
0.012471
-0.016582
0.077783
-0.056790
0.228730
0.007338
-0.104148
-0.172804
-0.876060
0.319970
0.132103
-0.045744
0.059771
0.298965
0.507578
-0.173490
0.012471
-0.016582
0.077783
-0.056790
0.228730
0.007338
-0.104148
-0.172804
-0.876060
0.319970
0.132103
-0.045744
0.059771
0.298965
0.507578
-0.173490
0.012471
-0.016582
0.077783
-0.056790
0.228730
0.007338
-0.104148
-0.172804
-0.876060
0.319970
0.132103
-0.045744
0.059771
0.298965
0.507578
-0.173490
0.012471
-0.016582
0.077783
-0.056790
0.228730
0.007338
-0.104148
-0.172804
-0.876060
0.319970
0.132103
-0.045744
0.059771
0.298965
0.507578
-0.173490
0.012471
-0.016582
0.077783
-0.056790
0.228730
0.007338
-0.104148
-0.172804
