-1.255320
-2.369927
-20.843531
1.096251
26.400097
4.924304
4.732111
-9.849516
5.546866
-4.730879
-8.946347
10.113281
-9.969005
1.893908
2.774122
0.735038
2.625833
-3.671973
-17.549662
-15.704733
9.148489
5.763060
1.780302
4.458681
-12.107957
-1.917612
-3.761203
10.061092
-11.202146
1.018726
2.827766
-5.152280
9.496249
-0.396709
-2204.352051
880.031921
-436.551514
1072.708740
960.398254
-283.857666
1646.737915
-566.734619
-430.422760
-976.789856
331.226929
-1421.651123
304.572571
589.971924
-1.132298
2.568581
14.471420
15.498528
-8.110252
-6.548378
-2.638955
-5.596407
11.566614
-0.244290
1.106583
-9.367244
9.114861
1.363945
-1.760604
3.304817
-3.648438
1.353753
1869.114868
-736.282166
375.637848
-904.382324
-813.454468
232.721481
-1393.755249
476.894653
363.376862
825.245605
-284.481659
1202.483643
-257.029083
-501.759125
-0.176130
0.201047
0.382023
-0.724118
-0.144525
0.174331
-0.481854
0.250210
-0.478362
-0.059531
0.488157
0.312422
-0.227119
0.461670
-0.104212
0.368454
-0.176130
0.201047
0.382023
-0.724118
-0.144525
0.174331
-0.481854
0.250210
-0.478362
-0.059531
0.488157
0.312422
-0.227119
0.461670
-0.104212
0.368454
-0.176130
0.201047
0.382023
-0.724118
-0.144525
0.174331
-0.481854
0.250210
-0.478362
-0.059531
0.488157
0.312422
-0.227119
0.461670
-0.104212
0.368454
-0.176130
0.201047
0.382023
-0.724118
-0.144525
0.174331
-0.481854
0.250210
-0.478362
-0.059531
0.488157
0.312422
-0.227119
0.461670
-0.104212
0.368454
-0.176130
0.201047
0.382023
-0.724118
-0.144525
0.174331
-0.481854
0.250210
-0.478362
-0.059531
0.488157
0.312422
-0.227119
0.461670
-0.104212
0.368454
-0.176130
0.201047
0.382023
-0.724118
-0.144525
0.174331
-0.481854
0.250210
-0.478362
-0.059531
0.488157
0.312422
-0.227119
0.461670
-0.104212
0.368454
-0.176130
0.201047
0.382023
-0.724118
-0.144525
0.174331
-0.481854
0.250210
-0.478362
-0.059531
0.488157
0.312422
-0.227119
0.461670
-0.104212
0.368454
-0.176130
0.201047
0.382023
-0.724118
-0.144525
0.174331
-0.481854
0.250210
-0.478362
-0.059531
0.488157
0.312422
-0.227119
0.461670
-0.104212
0.368454
-0.176130
0.201047
0.382023
-0.724118
-0.144525
0.174331
-0.481854
0.250210
-0.478362
-0.059531
0.488157
0.312422
-0.227119
0.461670
-0.104212
0.368454
-0.176130
0.201047
0.382023
-0.724118
-0.144525
0.174331
-0.481854
0.250210
-0.478362
-0.059531
0.488157
0.312422
-0.227119
0.461670
-0.104212
0.368454
-0.176130
0.201047
0.382023
-0.724118
-0.144525
0.174331
-0.481854
0.250210
-0.478362
-0.059531
0.488157
0.312422
-0.227119
0.461670
-0.104212
0.368454
-0.176130
0.201047
0.382023
-0.724118
-0.144525
0.174331
-0.481854
0.250210
-0.478362
-0.059531
0.488157
0.312422
-0.227119
0.461670
-0.104212
0.368454
-0.176130
0.201047
0.382023
-0.724118
-0.144525
0.174331
-0.481854
0.250210
-0.478362
-0.059531
0.488157
0.312422
-0.227119
0.461670
-0.104212
0.368454
-0.176130
0.201047
0.382023
-0.724118
-0.144525
0.174331
-0.481854
0.250210
-0.478362
-0.059531
0.488157
0.312422
-0.227119
0.461670
-0.104212
0.368454
-0.176130
0.201047
0.382023
-0.724118
-0.144525
0.174331
-0.481854
0.250210
-0.478362
-0.059531
0.488157
0.312422
-0.227119
0.461670
-0.104212
0.368454
