-4.458340
0.516701
-20.042454
13.009573
28.042437
-17.378256
15.052621
3.182290
-2.151860
-5.895257
-7.358165
18.489199
-5.059497
21.703524
-9.616477
-7.513378
2.039904
-24.390400
2049.501709
2240.219238
2286.425293
1355.811157
-3266.365479
-202.063278
-4863.136719
2355.789307
-3436.710205
3751.691895
-1037.923096
3348.518799
1493.768311
2087.437500
-2.295962
2.062651
23.239065
-16.952982
-9.331285
27.723898
-8.261802
-11.572044
38.894531
14.399382
-45.906124
-44.362503
32.533360
-2.144541
16.037252
-10.224411
1.224203
0.509160
-12.640389
5.691590
6.443915
-16.479574
5.041459
5.045398
-19.954315
-5.913335
24.122776
23.524866
-14.515816
0.180694
-7.087686
4.771378
0.524532
11.471304
-1079.311523
-1122.161621
-1165.894897
-667.146667
1685.759766
97.774979
2522.630615
-1226.155396
1738.943481
-1990.103516
587.392822
-1754.339478
-762.334961
-1070.250000
2.480311
4.308064
-321.468628
-382.325226
-382.466003
-240.089905
532.058655
35.180317
787.094971
-384.918213
574.277100
-583.095581
136.745956
-532.315002
-251.955719
-342.351746
-0.900618
1.106953
-93.833427
-107.834846
-105.945656
-66.287689
152.587189
11.238352
228.651138
-105.958237
166.194672
-170.233261
46.370270
-153.376221
-70.025932
-98.536324
0.979055
3.575694
-99.057281
-111.586029
-110.810287
-67.645157
158.307648
9.640898
231.698166
-114.039063
169.481110
-173.713150
45.250607
-159.089645
-73.517609
-101.063232
-0.389017
0.306688
-0.206003
-1.119202
-0.057135
-0.590269
0.764447
0.749480
1.445903
0.651328
1.426718
-0.038366
0.735242
-0.458646
0.022727
-0.417557
-0.389017
0.306688
-0.206003
-1.119202
-0.057135
-0.590269
0.764447
0.749480
1.445903
0.651328
1.426718
-0.038366
0.735242
-0.458646
0.022727
-0.417557
-0.389017
0.306688
-0.206003
-1.119202
-0.057135
-0.590269
0.764447
0.749480
1.445903
0.651328
1.426718
-0.038366
0.735242
-0.458646
0.022727
-0.417557
-0.389017
0.306688
-0.206003
-1.119202
-0.057135
-0.590269
0.764447
0.749480
1.445903
0.651328
1.426718
-0.038366
0.735242
-0.458646
0.022727
-0.417557
-0.389017
0.306688
-0.206003
-1.119202
-0.057135
-0.590269
0.764447
0.749480
1.445903
0.651328
1.426718
-0.038366
0.735242
-0.458646
0.022727
-0.417557
-0.389017
0.306688
-0.206003
-1.119202
-0.057135
-0.590269
0.764447
0.749480
1.445903
0.651328
1.426718
-0.038366
0.735242
-0.458646
0.022727
-0.417557
-0.389017
0.306688
-0.206003
-1.119202
-0.057135
-0.590269
0.764447
0.749480
1.445903
0.651328
1.426718
-0.038366
0.735242
-0.458646
0.022727
-0.417557
-0.389017
0.306688
-0.206003
-1.119202
-0.057135
-0.590269
0.764447
0.749480
1.445903
0.651328
1.426718
-0.038366
0.735242
-0.458646
0.022727
-0.417557
-0.389017
0.306688
-0.206003
-1.119202
-0.057135
-0.590269
0.764447
0.749480
1.445903
0.651328
1.426718
-0.038366
0.735242
-0.458646
0.022727
-0.417557
-0.389017
0.306688
-0.206003
-1.119202
-0.057135
-0.590269
0.764447
0.749480
1.445903
0.651328
1.426718
-0.038366
0.735242
-0.458646
0.022727
-0.417557
-0.389017
0.306688
-0.206003
-1.119202
-0.057135
-0.590269
0.764447
0.749480
1.445903
0.651328
1.426718
-0.038366
0.735242
-0.458646
0.022727
-0.417557
-0.389017
0.306688
-0.206003
-1.119202
-0.057135
-0.590269
0.764447
0.749480
1.445903
0.651328
1.426718
-0.038366
0.735242
-0.458646
0.022727
-0.417557
