0.890690
1.062492
-26.775208
-21.191013
38.891445
-2.373770
-9.612530
10.574598
0.527571
-37.572685
-22.280476
60.462273
-3.216487
-19.612957
-11.495434
-14.961337
20.183149
10.548911
-3043.979004
1211.634155
-2439.871338
2114.094238
712.278259
-3036.684814
-908.350464
-4930.345215
-2069.443604
-4583.710938
-2175.130127
-1075.505249
-2300.699951
1558.497192
1.179658
-3.537647
18.006592
19.178495
-24.452143
-1.989766
5.689529
-6.935517
1.102541
26.643820
13.429160
-33.862968
-4.167666
15.949910
12.974380
8.527876
-13.506375
-8.335481
1996.170410
-758.010132
1611.226929
-1355.313110
-501.982910
1966.884766
533.941589
3209.578125
1301.133423
3004.703369
1402.589111
724.754700
1514.651489
-980.791626
0.536194
1.286919
152.140488
-121.420433
98.910934
-159.530579
15.899537
186.555313
139.058609
268.950989
196.531311
222.756226
143.790359
23.541512
108.044197
-129.947632
-1.935513
0.408632
346.972748
-59.230980
307.177368
-174.356934
-135.515427
304.071014
-2.145514
542.277771
124.823990
530.781006
207.040863
160.227829
278.979248
-123.274117
0.763080
-0.574311
0.126456
0.253428
0.473707
0.759625
0.009299
-0.412258
0.147720
-0.435213
-0.282728
0.028124
0.594567
-0.143288
0.345901
-0.364600
0.763080
-0.574311
0.126456
0.253428
0.473707
0.759625
0.009299
-0.412258
0.147720
-0.435213
-0.282728
0.028124
0.594567
-0.143288
0.345901
-0.364600
0.763080
-0.574311
0.126456
0.253428
0.473707
0.759625
0.009299
-0.412258
0.147720
-0.435213
-0.282728
0.028124
0.594567
-0.143288
0.345901
-0.364600
0.763080
-0.574311
0.126456
0.253428
0.473707
0.759625
0.009299
-0.412258
0.147720
-0.435213
-0.282728
0.028124
0.594567
-0.143288
0.345901
-0.364600
0.763080
-0.574311
0.126456
0.253428
0.473707
0.759625
0.009299
-0.412258
0.147720
-0.435213
-0.282728
0.028124
0.594567
-0.143288
0.345901
-0.364600
0.763080
-0.574311
0.126456
0.253428
0.473707
0.759625
0.009299
-0.412258
0.147720
-0.435213
-0.282728
0.028124
0.594567
-0.143288
0.345901
-0.364600
0.763080
-0.574311
0.126456
0.253428
0.473707
0.759625
0.009299
-0.412258
0.147720
-0.435213
-0.282728
0.028124
0.594567
-0.143288
0.345901
-0.364600
0.763080
-0.574311
0.126456
0.253428
0.473707
0.759625
0.009299
-0.412258
0.147720
-0.435213
-0.282728
0.028124
0.594567
-0.143288
0.345901
-0.364600
0.763080
-0.574311
0.126456
0.253428
0.473707
0.759625
0.009299
-0.412258
0.147720
-0.435213
-0.282728
0.028124
0.594567
-0.143288
0.345901
-0.364600
0.763080
-0.574311
0.126456
0.253428
0.473707
0.759625
0.009299
-0.412258
0.147720
-0.435213
-0.282728
0.028124
0.594567
-0.143288
0.345901
-0.364600
0.763080
-0.574311
0.126456
0.253428
0.473707
0.759625
0.009299
-0.412258
0.147720
-0.435213
-0.282728
0.028124
0.594567
-0.143288
0.345901
-0.364600
0.763080
-0.574311
0.126456
0.253428
0.473707
0.759625
0.009299
-0.412258
0.147720
-0.435213
-0.282728
0.028124
0.594567
-0.143288
0.345901
-0.364600
0.763080
-0.574311
0.126456
0.253428
0.473707
0.759625
0.009299
-0.412258
0.147720
-0.435213
-0.282728
0.028124
0.594567
-0.143288
0.345901
-0.364600
0.763080
-0.574311
0.126456
0.253428
0.473707
0.759625
0.009299
-0.412258
0.147720
-0.435213
-0.282728
0.028124
0.594567
-0.143288
0.345901
-0.364600
