0.067562
2.857087
-27.358652
3.653891
23.458414
-18.636187
-0.339874
11.870293
-26.402588
-35.266521
14.969938
55.162792
-13.202545
-19.816456
-19.622168
-4.451548
7.319930
25.193701
-2851.054443
-922.480530
-2841.249023
21.935551
2834.660156
-2525.629639
2643.447998
-4514.133301
1045.174438
-4645.404297
-1967.476074
-2519.061523
-2833.997803
-927.387756
3.492804
0.835550
11.122939
6.480603
-10.210405
8.780690
-3.398475
-10.598165
16.725246
20.901941
-11.881408
-30.189327
1.817372
11.722397
17.043859
5.321206
-4.123431
-14.972724
1779.527100
552.796753
1729.858765
-23.198723
-1740.703125
1571.555298
-1632.339233
2809.929932
-611.369873
2869.818359
1222.595093
1570.665405
1735.329224
583.222046
0.116103
-2.497187
301.705811
113.086411
325.039856
10.071997
-320.444366
266.606293
-297.326080
478.432831
-144.968246
507.220001
204.803406
270.126099
316.522217
99.303246
-0.801336
-0.082489
120.120934
38.393188
128.612961
2.495751
-122.785446
104.803253
-116.618690
193.943008
-47.525459
202.043152
86.652550
106.917473
123.392494
39.960537
1.561747
0.684091
103.441437
41.957920
109.720825
-0.370470
-113.619621
89.013550
-107.450981
167.002090
-52.213196
173.320755
69.565063
94.846848
104.407204
36.639359
0.093117
-0.544979
0.315703
0.523767
0.282274
-0.003904
-0.027420
-0.285153
-0.047821
-0.132121
-0.311476
0.663316
0.024088
0.611788
0.783871
0.268626
0.093117
-0.544979
0.315703
0.523767
0.282274
-0.003904
-0.027420
-0.285153
-0.047821
-0.132121
-0.311476
0.663316
0.024088
0.611788
0.783871
0.268626
0.093117
-0.544979
0.315703
0.523767
0.282274
-0.003904
-0.027420
-0.285153
-0.047821
-0.132121
-0.311476
0.663316
0.024088
0.611788
0.783871
0.268626
0.093117
-0.544979
0.315703
0.523767
0.282274
-0.003904
-0.027420
-0.285153
-0.047821
-0.132121
-0.311476
0.663316
0.024088
0.611788
0.783871
0.268626
0.093117
-0.544979
0.315703
0.523767
0.282274
-0.003904
-0.027420
-0.285153
-0.047821
-0.132121
-0.311476
0.663316
0.024088
0.611788
0.783871
0.268626
0.093117
-0.544979
0.315703
0.523767
0.282274
-0.003904
-0.027420
-0.285153
-0.047821
-0.132121
-0.311476
0.663316
0.024088
0.611788
0.783871
0.268626
0.093117
-0.544979
0.315703
0.523767
0.282274
-0.003904
-0.027420
-0.285153
-0.047821
-0.132121
-0.311476
0.663316
0.024088
0.611788
0.783871
0.268626
0.093117
-0.544979
0.315703
0.523767
0.282274
-0.003904
-0.027420
-0.285153
-0.047821
-0.132121
-0.311476
0.663316
0.024088
0.611788
0.783871
0.268626
0.093117
-0.544979
0.315703
0.523767
0.282274
-0.003904
-0.027420
-0.285153
-0.047821
-0.132121
-0.311476
0.663316
0.024088
0.611788
0.783871
0.268626
0.093117
-0.544979
0.315703
0.523767
0.282274
-0.003904
-0.027420
-0.285153
-0.047821
-0.132121
-0.311476
0.663316
0.024088
0.611788
0.783871
0.268626
0.093117
-0.544979
0.315703
0.523767
0.282274
-0.003904
-0.027420
-0.285153
-0.047821
-0.132121
-0.311476
0.663316
0.024088
0.611788
0.783871
0.268626
0.093117
-0.544979
0.315703
0.523767
0.282274
-0.003904
-0.027420
-0.285153
-0.047821
-0.132121
-0.311476
0.663316
0.024088
0.611788
0.783871
0.268626
0.093117
-0.544979
0.315703
0.523767
0.282274
-0.003904
-0.027420
-0.285153
-0.047821
-0.132121
-0.311476
0.663316
0.024088
0.611788
0.783871
0.268626
