-21.070885
5.451896
1444.481934
-2336.766113
470.831238
-2277.224609
-1671.134644
2279.018555
269.751495
346.826538
304.277649
-651.221558
-1781.674316
1529.738159
-3558.365967
-1118.839722
-0.836327
-1.090372
4.598204
26.553011
-16.540499
-16.697704
0.276143
-14.676414
-3.514156
3.424069
3.292868
10.357190
13.425367
-12.487298
-28.578684
-2.674800
0.872242
0.432723
-4.009574
-20.005756
13.851234
15.640088
-0.681303
9.037506
0.417617
-3.106962
-4.751898
-6.442829
-10.386919
8.304663
20.983406
-0.463502
17.499722
-4.977840
-1067.585449
1729.207397
-353.589233
1682.544678
1239.296143
-1685.532593
-198.151642
-257.793976
-223.426102
477.070526
1325.325562
-1122.706909
2635.832520
832.551208
-1.069859
-0.454662
-74.259125
132.082703
-12.427294
124.559593
82.103752
-132.734955
-17.313541
-17.473330
-14.535331
38.555969
85.257622
-92.250359
194.545349
52.047604
2.546668
-1.376450
-119.563614
173.883163
-42.388924
174.994476
137.407516
-168.231842
-18.945179
-29.654779
-25.937519
49.812618
142.208847
-114.410439
268.719421
97.296967
0.036944
0.053125
-0.360164
0.251122
-0.382809
-0.068135
0.047834
-0.018123
-0.280588
0.018781
-0.535940
0.086052
0.293522
0.318396
1.099639
0.772626
0.036944
0.053125
-0.360164
0.251122
-0.382809
-0.068135
0.047834
-0.018123
-0.280588
0.018781
-0.535940
0.086052
0.293522
0.318396
1.099639
0.772626
0.036944
0.053125
-0.360164
0.251122
-0.382809
-0.068135
0.047834
-0.018123
-0.280588
0.018781
-0.535940
0.086052
0.293522
0.318396
1.099639
0.772626
0.036944
0.053125
-0.360164
0.251122
-0.382809
-0.068135
0.047834
-0.018123
-0.280588
0.018781
-0.535940
0.086052
0.293522
0.318396
1.099639
0.772626
0.036944
0.053125
-0.360164
0.251122
-0.382809
-0.068135
0.047834
-0.018123
-0.280588
0.018781
-0.535940
0.086052
0.293522
0.318396
1.099639
0.772626
0.036944
0.053125
-0.360164
0.251122
-0.382809
-0.068135
0.047834
-0.018123
-0.280588
0.018781
-0.535940
0.086052
0.293522
0.318396
1.099639
0.772626
0.036944
0.053125
-0.360164
0.251122
-0.382809
-0.068135
0.047834
-0.018123
-0.280588
0.018781
-0.535940
0.086052
0.293522
0.318396
1.099639
0.772626
0.036944
0.053125
-0.360164
0.251122
-0.382809
-0.068135
0.047834
-0.018123
-0.280588
0.018781
-0.535940
0.086052
0.293522
0.318396
1.099639
0.772626
0.036944
0.053125
-0.360164
0.251122
-0.382809
-0.068135
0.047834
-0.018123
-0.280588
0.018781
-0.535940
0.086052
0.293522
0.318396
1.099639
0.772626
0.036944
0.053125
-0.360164
0.251122
-0.382809
-0.068135
0.047834
-0.018123
-0.280588
0.018781
-0.535940
0.086052
0.293522
0.318396
1.099639
0.772626
0.036944
0.053125
-0.360164
0.251122
-0.382809
-0.068135
0.047834
-0.018123
-0.280588
0.018781
-0.535940
0.086052
0.293522
0.318396
1.099639
0.772626
0.036944
0.053125
-0.360164
0.251122
-0.382809
-0.068135
0.047834
-0.018123
-0.280588
0.018781
-0.535940
0.086052
0.293522
0.318396
1.099639
0.772626
0.036944
0.053125
-0.360164
0.251122
-0.382809
-0.068135
0.047834
-0.018123
-0.280588
0.018781
-0.535940
0.086052
0.293522
0.318396
1.099639
0.772626
0.036944
0.053125
-0.360164
0.251122
-0.382809
-0.068135
0.047834
-0.018123
-0.280588
0.018781
-0.535940
0.086052
0.293522
0.318396
1.099639
0.772626
