-1.700259
-3.920986
-29.536707
16.690845
11.759921
-22.062759
14.441232
3.053286
-7.375948
0.115902
3.746737
-3.587451
20.937983
1.293381
-9.479285
-29.315083
-5.753299
20.135521
-1919.875244
-2918.996094
-2185.392578
-1109.963135
2035.596069
2015.601807
850.981262
-291.588837
471.943878
127.080757
-368.736328
2655.956543
-3020.284668
3531.072266
0.719569
3.101858
20.610411
-18.873329
-9.943794
21.469673
-9.422199
-1.196128
4.340219
1.481080
-7.360558
1.373719
-15.004425
-3.046944
3.425593
23.176245
5.825624
-16.862272
1566.175903
2323.703857
1776.233032
867.765442
-1666.510376
-1609.200317
-693.416382
254.200394
-367.290192
-94.004799
306.804260
-2105.819824
2414.326660
-2860.203125
0.075699
0.548073
162.496948
87.924484
127.962212
-1.629008
-140.689133
-39.550121
-28.237543
30.724989
-29.557714
2.383422
-62.723293
-145.839966
44.212101
-242.467590
-0.421456
-1.739221
-0.519498
145.433487
49.718243
89.044250
-23.668587
-116.366371
-32.432781
-9.669805
-13.920878
-14.359283
70.161400
-85.450432
184.584229
-53.405602
-0.284399
-0.626618
-0.749924
0.527830
0.607631
0.857852
0.050578
-0.424534
-0.195547
0.107318
-0.602511
0.338356
0.551530
-0.522189
1.018757
0.123730
-0.284399
-0.626618
-0.749924
0.527830
0.607631
0.857852
0.050578
-0.424534
-0.195547
0.107318
-0.602511
0.338356
0.551530
-0.522189
1.018757
0.123730
-0.284399
-0.626618
-0.749924
0.527830
0.607631
0.857852
0.050578
-0.424534
-0.195547
0.107318
-0.602511
0.338356
0.551530
-0.522189
1.018757
0.123730
-0.284399
-0.626618
-0.749924
0.527830
0.607631
0.857852
0.050578
-0.424534
-0.195547
0.107318
-0.602511
0.338356
0.551530
-0.522189
1.018757
0.123730
-0.284399
-0.626618
-0.749924
0.527830
0.607631
0.857852
0.050578
-0.424534
-0.195547
0.107318
-0.602511
0.338356
0.551530
-0.522189
1.018757
0.123730
-0.284399
-0.626618
-0.749924
0.527830
0.607631
0.857852
0.050578
-0.424534
-0.195547
0.107318
-0.602511
0.338356
0.551530
-0.522189
1.018757
0.123730
-0.284399
-0.626618
-0.749924
0.527830
0.607631
0.857852
0.050578
-0.424534
-0.195547
0.107318
-0.602511
0.338356
0.551530
-0.522189
1.018757
0.123730
-0.284399
-0.626618
-0.749924
0.527830
0.607631
0.857852
0.050578
-0.424534
-0.195547
0.107318
-0.602511
0.338356
0.551530
-0.522189
1.018757
0.123730
-0.284399
-0.626618
-0.749924
0.527830
0.607631
0.857852
0.050578
-0.424534
-0.195547
0.107318
-0.602511
0.338356
0.551530
-0.522189
1.018757
0.123730
-0.284399
-0.626618
-0.749924
0.527830
0.607631
0.857852
0.050578
-0.424534
-0.195547
0.107318
-0.602511
0.338356
0.551530
-0.522189
1.018757
0.123730
-0.284399
-0.626618
-0.749924
0.527830
0.607631
0.857852
0.050578
-0.424534
-0.195547
0.107318
-0.602511
0.338356
0.551530
-0.522189
1.018757
0.123730
-0.284399
-0.626618
-0.749924
0.527830
0.607631
0.857852
0.050578
-0.424534
-0.195547
0.107318
-0.602511
0.338356
0.551530
-0.522189
1.018757
0.123730
-0.284399
-0.626618
-0.749924
0.527830
0.607631
0.857852
0.050578
-0.424534
-0.195547
0.107318
-0.602511
0.338356
0.551530
-0.522189
1.018757
0.123730
-0.284399
-0.626618
-0.749924
0.527830
0.607631
0.857852
0.050578
-0.424534
-0.195547
0.107318
-0.602511
0.338356
0.551530
-0.522189
1.018757
0.123730
