-4.228425
4.061678
564.464355
-319.527557
177.533051
100.421997
-285.526306
-175.563339
-872.020935
630.687866
114.391350
-25.207174
34.259377
998.097412
123.700829
-470.878265
-3.595259
5.498552
-12.929909
7.809714
20.370291
-12.445527
-1.563365
-2.837976
-3.797874
-4.935765
1.548079
12.313701
1.425932
1.914436
-8.294209
-2.595097
-0.632401
-0.120119
-178.815216
105.523193
-53.540089
-30.305443
91.166100
51.117668
275.929016
-203.091110
-35.634518
6.621851
-15.866260
-315.806244
-36.991646
150.740982
-0.351401
-3.013883
-179.275589
105.566719
-59.275028
-33.656555
93.466850
57.321522
281.160583
-208.693756
-37.274105
8.369064
-16.343199
-322.981445
-38.886662
153.591568
1.152710
0.622635
-31.494127
17.441408
-11.945808
-6.087261
15.643045
7.040994
45.994385
-38.881462
-5.195851
2.240562
-0.959296
-50.797371
-5.727456
23.304438
2.538154
-1.099724
-33.676357
18.782066
-12.100344
-4.507691
17.747923
12.145934
49.307575
-39.729153
-6.554514
3.855426
-3.217995
-61.171936
-7.160391
27.839470
-0.779591
-0.310143
-0.436831
-0.345203
0.212724
-0.280088
0.046435
0.284601
0.221537
0.207808
-0.189001
0.224533
-0.037578
-0.357216
0.008608
0.166227
-0.779591
-0.310143
-0.436831
-0.345203
0.212724
-0.280088
0.046435
0.284601
0.221537
0.207808
-0.189001
0.224533
-0.037578
-0.357216
0.008608
0.166227
-0.779591
-0.310143
-0.436831
-0.345203
0.212724
-0.280088
0.046435
0.284601
0.221537
0.207808
-0.189001
0.224533
-0.037578
-0.357216
0.008608
0.166227
-0.779591
-0.310143
-0.436831
-0.345203
0.212724
-0.280088
0.046435
0.284601
0.221537
0.207808
-0.189001
0.224533
-0.037578
-0.357216
0.008608
0.166227
-0.779591
-0.310143
-0.436831
-0.345203
0.212724
-0.280088
0.046435
0.284601
0.221537
0.207808
-0.189001
0.224533
-0.037578
-0.357216
0.008608
0.166227
-0.779591
-0.310143
-0.436831
-0.345203
0.212724
-0.280088
0.046435
0.284601
0.221537
0.207808
-0.189001
0.224533
-0.037578
-0.357216
0.008608
0.166227
-0.779591
-0.310143
-0.436831
-0.345203
0.212724
-0.280088
0.046435
0.284601
0.221537
0.207808
-0.189001
0.224533
-0.037578
-0.357216
0.008608
0.166227
-0.779591
-0.310143
-0.436831
-0.345203
0.212724
-0.280088
0.046435
0.284601
0.221537
0.207808
-0.189001
0.224533
-0.037578
-0.357216
0.008608
0.166227
-0.779591
-0.310143
-0.436831
-0.345203
0.212724
-0.280088
0.046435
0.284601
0.221537
0.207808
-0.189001
0.224533
-0.037578
-0.357216
0.008608
0.166227
-0.779591
-0.310143
-0.436831
-0.345203
0.212724
-0.280088
0.046435
0.284601
0.221537
0.207808
-0.189001
0.224533
-0.037578
-0.357216
0.008608
0.166227
-0.779591
-0.310143
-0.436831
-0.345203
0.212724
-0.280088
0.046435
0.284601
0.221537
0.207808
-0.189001
0.224533
-0.037578
-0.357216
0.008608
0.166227
-0.779591
-0.310143
-0.436831
-0.345203
0.212724
-0.280088
0.046435
0.284601
0.221537
0.207808
-0.189001
0.224533
-0.037578
-0.357216
0.008608
0.166227
-0.779591
-0.310143
-0.436831
-0.345203
0.212724
-0.280088
0.046435
0.284601
0.221537
0.207808
-0.189001
0.224533
-0.037578
-0.357216
0.008608
0.166227
-0.779591
-0.310143
-0.436831
-0.345203
0.212724
-0.280088
0.046435
0.284601
0.221537
0.207808
-0.189001
0.224533
-0.037578
-0.357216
0.008608
0.166227
