0.266286
2.185205
-11.411695
8.899603
18.503349
-5.777359
-3.264870
-2.163170
-2.565486
-8.991590
-6.939780
5.467775
-1.720672
0.278386
-1.879675
-0.229642
-1.796957
-0.769204
-1.092378
-6.940958
6.651379
8.192725
0.428815
-5.545912
0.381165
4.133252
5.922287
-2.106245
3.434524
0.827914
4.603397
-7.386394
-2.871327
5.375013
89.404259
-656.199402
156.725494
-100.180206
-272.804108
142.710754
4.297030
1010.009460
38.238064
-95.672691
692.099609
501.016083
-331.059540
-409.449371
-1.330695
-2.310038
-3.506465
30.234488
-7.421306
3.779066
10.288588
-5.008948
-4.437096
-49.352421
1.450267
4.000993
-32.357895
-23.681360
14.544451
18.716049
1.253571
-4.535869
-43.719635
262.889069
-63.688457
39.426189
114.791740
-53.819206
12.025437
-406.976563
-15.898384
37.163017
-272.907990
-211.656738
125.544281
168.509369
-0.708330
2.261102
-3.873652
39.917210
-8.486032
6.211740
15.339770
-8.451773
-6.369132
-61.128841
-3.746675
6.032489
-42.416130
-25.791265
23.262518
24.678326
0.585279
0.381046
-33.241226
165.365509
-42.103603
20.318090
69.771278
-32.309338
18.138941
-252.317703
-13.541368
24.197618
-166.540878
-135.326096
79.665802
108.908302
-1.345141
0.158328
-0.116035
-0.074467
-0.082695
-0.284575
-0.425055
0.017582
0.113930
-0.122441
0.256279
0.289599
-0.295352
-0.512951
-0.086295
0.100175
-1.345141
0.158328
-0.116035
-0.074467
-0.082695
-0.284575
-0.425055
0.017582
0.113930
-0.122441
0.256279
0.289599
-0.295352
-0.512951
-0.086295
0.100175
-1.345141
0.158328
-0.116035
-0.074467
-0.082695
-0.284575
-0.425055
0.017582
0.113930
-0.122441
0.256279
0.289599
-0.295352
-0.512951
-0.086295
0.100175
-1.345141
0.158328
-0.116035
-0.074467
-0.082695
-0.284575
-0.425055
0.017582
0.113930
-0.122441
0.256279
0.289599
-0.295352
-0.512951
-0.086295
0.100175
-1.345141
0.158328
-0.116035
-0.074467
-0.082695
-0.284575
-0.425055
0.017582
0.113930
-0.122441
0.256279
0.289599
-0.295352
-0.512951
-0.086295
0.100175
-1.345141
0.158328
-0.116035
-0.074467
-0.082695
-0.284575
-0.425055
0.017582
0.113930
-0.122441
0.256279
0.289599
-0.295352
-0.512951
-0.086295
0.100175
-1.345141
0.158328
-0.116035
-0.074467
-0.082695
-0.284575
-0.425055
0.017582
0.113930
-0.122441
0.256279
0.289599
-0.295352
-0.512951
-0.086295
0.100175
-1.345141
0.158328
-0.116035
-0.074467
-0.082695
-0.284575
-0.425055
0.017582
0.113930
-0.122441
0.256279
0.289599
-0.295352
-0.512951
-0.086295
0.100175
-1.345141
0.158328
-0.116035
-0.074467
-0.082695
-0.284575
-0.425055
0.017582
0.113930
-0.122441
0.256279
0.289599
-0.295352
-0.512951
-0.086295
0.100175
-1.345141
0.158328
-0.116035
-0.074467
-0.082695
-0.284575
-0.425055
0.017582
0.113930
-0.122441
0.256279
0.289599
-0.295352
-0.512951
-0.086295
0.100175
-1.345141
0.158328
-0.116035
-0.074467
-0.082695
-0.284575
-0.425055
0.017582
0.113930
-0.122441
0.256279
0.289599
-0.295352
-0.512951
-0.086295
0.100175
-1.345141
0.158328
-0.116035
-0.074467
-0.082695
-0.284575
-0.425055
0.017582
0.113930
-0.122441
0.256279
0.289599
-0.295352
-0.512951
-0.086295
0.100175
-1.345141
0.158328
-0.116035
-0.074467
-0.082695
-0.284575
-0.425055
0.017582
0.113930
-0.122441
0.256279
0.289599
-0.295352
-0.512951
-0.086295
0.100175
