-0.021341
-0.037022
6.115975
1.325813
-6.611187
-3.905976
-0.655988
-2.539577
-0.187025
4.157493
6.139449
-1.959540
5.140670
-1.071688
-0.462850
2.610565
-0.034809
-0.011001
-6.576499
2.392566
5.298225
-7.038186
-5.737597
-0.086477
4.105919
0.859223
-4.152941
-5.362582
2.661597
-4.618016
-7.632883
-5.393583
4.706562
3.244514
-483.897522
-338.224854
14.714599
-170.029144
-52.804535
294.151093
809.861328
383.996765
-117.950157
-125.843689
686.166443
-314.876801
-404.871765
74.718971
0.982882
3.530515
11.833465
24.730597
-6.227311
11.702583
10.493337
-11.648630
-25.666420
-34.963707
-1.184164
8.168870
-31.607368
-1.040914
20.559185
2.714630
-0.355606
-2.447056
35.018875
8.746872
0.945346
7.702600
-1.639783
-17.274433
-51.268089
-3.180011
12.851985
3.965249
-34.878918
32.697201
18.827116
-12.786270
-4.909660
-3.179879
390.684875
264.314514
-7.242698
133.027847
32.093868
-233.389511
-647.826050
-293.882080
93.182426
99.640366
-535.928162
254.709167
322.710266
-59.322384
0.607198
0.140922
-0.046313
-0.135821
-0.423159
0.520907
-0.071224
-0.016773
-0.119380
0.106645
0.076577
0.095589
0.122765
-0.358272
0.019128
0.213477
0.607198
0.140922
-0.046313
-0.135821
-0.423159
0.520907
-0.071224
-0.016773
-0.119380
0.106645
0.076577
0.095589
0.122765
-0.358272
0.019128
0.213477
0.607198
0.140922
-0.046313
-0.135821
-0.423159
0.520907
-0.071224
-0.016773
-0.119380
0.106645
0.076577
0.095589
0.122765
-0.358272
0.019128
0.213477
0.607198
0.140922
-0.046313
-0.135821
-0.423159
0.520907
-0.071224
-0.016773
-0.119380
0.106645
0.076577
0.095589
0.122765
-0.358272
0.019128
0.213477
0.607198
0.140922
-0.046313
-0.135821
-0.423159
0.520907
-0.071224
-0.016773
-0.119380
0.106645
0.076577
0.095589
0.122765
-0.358272
0.019128
0.213477
0.607198
0.140922
-0.046313
-0.135821
-0.423159
0.520907
-0.071224
-0.016773
-0.119380
0.106645
0.076577
0.095589
0.122765
-0.358272
0.019128
0.213477
0.607198
0.140922
-0.046313
-0.135821
-0.423159
0.520907
-0.071224
-0.016773
-0.119380
0.106645
0.076577
0.095589
0.122765
-0.358272
0.019128
0.213477
0.607198
0.140922
-0.046313
-0.135821
-0.423159
0.520907
-0.071224
-0.016773
-0.119380
0.106645
0.076577
0.095589
0.122765
-0.358272
0.019128
0.213477
0.607198
0.140922
-0.046313
-0.135821
-0.423159
0.520907
-0.071224
-0.016773
-0.119380
0.106645
0.076577
0.095589
0.122765
-0.358272
0.019128
0.213477
0.607198
0.140922
-0.046313
-0.135821
-0.423159
0.520907
-0.071224
-0.016773
-0.119380
0.106645
0.076577
0.095589
0.122765
-0.358272
0.019128
0.213477
0.607198
0.140922
-0.046313
-0.135821
-0.423159
0.520907
-0.071224
-0.016773
-0.119380
0.106645
0.076577
0.095589
0.122765
-0.358272
0.019128
0.213477
0.607198
0.140922
-0.046313
-0.135821
-0.423159
0.520907
-0.071224
-0.016773
-0.119380
0.106645
0.076577
0.095589
0.122765
-0.358272
0.019128
0.213477
0.607198
0.140922
-0.046313
-0.135821
-0.423159
0.520907
-0.071224
-0.016773
-0.119380
0.106645
0.076577
0.095589
0.122765
-0.358272
0.019128
0.213477
0.607198
0.140922
-0.046313
-0.135821
-0.423159
0.520907
-0.071224
-0.016773
-0.119380
0.106645
0.076577
0.095589
0.122765
-0.358272
0.019128
0.213477
