1.124050
-1.131202
-5.773549
-2.286541
5.471892
4.898624
-0.608872
3.318273
2.493616
-3.399367
-5.999426
-2.171976
-5.751728
-0.564014
1.816670
-1.129480
4.480457
3.998264
-529.606873
-398.442047
83.297089
-211.327545
60.072536
273.342560
912.440002
437.877319
-112.681908
-117.485245
794.797180
-323.789276
-459.889648
24.574633
-0.669324
-0.348091
4.753863
2.518708
-5.356510
-4.355288
0.730218
-1.920838
-2.735170
3.034756
5.326927
2.582870
6.490057
0.159454
-1.684682
0.201599
-1.311311
0.921528
182.276428
128.826401
-24.018866
68.836830
-24.123989
-93.092392
-309.618286
-139.244980
40.329094
38.734058
-268.073914
117.465157
155.075058
-11.618034
1.280688
-1.718065
29.536652
26.435184
-2.493952
11.751004
-5.529349
-14.426358
-54.936062
-24.493994
3.592069
8.833744
-44.603138
15.170251
29.757473
-2.813025
2.052486
-2.722438
27.403776
19.555708
-4.149950
10.339632
-4.190015
-16.021978
-50.181164
-22.957026
5.293046
6.526644
-41.917763
18.755976
25.309982
1.316133
-3.938568
-1.035192
168.451996
117.214142
-26.013746
67.645645
-20.934258
-82.270180
-285.641968
-125.217392
35.954437
34.223045
-240.193680
110.034515
140.730270
-15.014349
0.028345
-0.049377
0.437704
0.363139
-0.009367
-0.231934
-0.056436
0.256771
0.121743
-0.199753
-0.360830
-0.278182
0.329800
-0.634318
-0.091985
-0.353583
0.028345
-0.049377
0.437704
0.363139
-0.009367
-0.231934
-0.056436
0.256771
0.121743
-0.199753
-0.360830
-0.278182
0.329800
-0.634318
-0.091985
-0.353583
0.028345
-0.049377
0.437704
0.363139
-0.009367
-0.231934
-0.056436
0.256771
0.121743
-0.199753
-0.360830
-0.278182
0.329800
-0.634318
-0.091985
-0.353583
0.028345
-0.049377
0.437704
0.363139
-0.009367
-0.231934
-0.056436
0.256771
0.121743
-0.199753
-0.360830
-0.278182
0.329800
-0.634318
-0.091985
-0.353583
0.028345
-0.049377
0.437704
0.363139
-0.009367
-0.231934
-0.056436
0.256771
0.121743
-0.199753
-0.360830
-0.278182
0.329800
-0.634318
-0.091985
-0.353583
0.028345
-0.049377
0.437704
0.363139
-0.009367
-0.231934
-0.056436
0.256771
0.121743
-0.199753
-0.360830
-0.278182
0.329800
-0.634318
-0.091985
-0.353583
0.028345
-0.049377
0.437704
0.363139
-0.009367
-0.231934
-0.056436
0.256771
0.121743
-0.199753
-0.360830
-0.278182
0.329800
-0.634318
-0.091985
-0.353583
0.028345
-0.049377
0.437704
0.363139
-0.009367
-0.231934
-0.056436
0.256771
0.121743
-0.199753
-0.360830
-0.278182
0.329800
-0.634318
-0.091985
-0.353583
0.028345
-0.049377
0.437704
0.363139
-0.009367
-0.231934
-0.056436
0.256771
0.121743
-0.199753
-0.360830
-0.278182
0.329800
-0.634318
-0.091985
-0.353583
0.028345
-0.049377
0.437704
0.363139
-0.009367
-0.231934
-0.056436
0.256771
0.121743
-0.199753
-0.360830
-0.278182
0.329800
-0.634318
-0.091985
-0.353583
0.028345
-0.049377
0.437704
0.363139
-0.009367
-0.231934
-0.056436
0.256771
0.121743
-0.199753
-0.360830
-0.278182
0.329800
-0.634318
-0.091985
-0.353583
0.028345
-0.049377
0.437704
0.363139
-0.009367
-0.231934
-0.056436
0.256771
0.121743
-0.199753
-0.360830
-0.278182
0.329800
-0.634318
-0.091985
-0.353583
0.028345
-0.049377
0.437704
0.363139
-0.009367
-0.231934
-0.056436
0.256771
0.121743
-0.199753
-0.360830
-0.278182
0.329800
-0.634318
-0.091985
-0.353583
