1.469714
0.184082
0.572593
5.198028
0.729336
-5.931523
3.973917
-3.731170
-2.240742
1.148954
3.527103
4.608852
2.769058
4.221592
-2.059343
1.045309
3.708861
6.273716
-239.182831
-586.277100
197.626999
-160.253357
-194.614151
256.926666
601.044373
861.837158
-202.553726
-155.462936
1001.827209
34.060562
-399.206726
-175.904266
-1.370415
-1.457333
73.898170
197.715668
-66.636871
55.404621
68.953079
-83.867119
-195.468094
-296.201080
65.017235
53.524883
-336.117889
-24.696915
131.340530
65.156570
-0.687921
-0.650794
17.630688
31.289303
-7.921314
7.552928
9.398107
-17.581770
-36.400658
-46.877178
7.157187
9.221915
-57.857208
6.497461
26.063009
5.316133
0.603600
-0.169329
19.011204
36.086128
-10.300444
12.317964
12.635259
-17.354454
-43.059517
-50.556786
12.070728
9.271073
-60.283184
-0.319475
26.219398
3.726864
-0.065796
-0.729699
61.937004
180.273819
-62.908047
46.512470
63.507690
-74.920624
-170.891617
-267.144196
62.854504
49.565922
-305.206909
-23.268707
116.472504
62.607140
0.474147
-0.371424
0.118503
0.560986
-0.083053
0.080737
0.998331
0.356422
0.338499
0.308185
0.587378
0.005542
-0.306836
-0.361734
0.483767
0.271542
0.474147
-0.371424
0.118503
0.560986
-0.083053
0.080737
0.998331
0.356422
0.338499
0.308185
0.587378
0.005542
-0.306836
-0.361734
0.483767
0.271542
0.474147
-0.371424
0.118503
0.560986
-0.083053
0.080737
0.998331
0.356422
0.338499
0.308185
0.587378
0.005542
-0.306836
-0.361734
0.483767
0.271542
0.474147
-0.371424
0.118503
0.560986
-0.083053
0.080737
0.998331
0.356422
0.338499
0.308185
0.587378
0.005542
-0.306836
-0.361734
0.483767
0.271542
0.474147
-0.371424
0.118503
0.560986
-0.083053
0.080737
0.998331
0.356422
0.338499
0.308185
0.587378
0.005542
-0.306836
-0.361734
0.483767
0.271542
0.474147
-0.371424
0.118503
0.560986
-0.083053
0.080737
0.998331
0.356422
0.338499
0.308185
0.587378
0.005542
-0.306836
-0.361734
0.483767
0.271542
0.474147
-0.371424
0.118503
0.560986
-0.083053
0.080737
0.998331
0.356422
0.338499
0.308185
0.587378
0.005542
-0.306836
-0.361734
0.483767
0.271542
0.474147
-0.371424
0.118503
0.560986
-0.083053
0.080737
0.998331
0.356422
0.338499
0.308185
0.587378
0.005542
-0.306836
-0.361734
0.483767
0.271542
0.474147
-0.371424
0.118503
0.560986
-0.083053
0.080737
0.998331
0.356422
0.338499
0.308185
0.587378
0.005542
-0.306836
-0.361734
0.483767
0.271542
0.474147
-0.371424
0.118503
0.560986
-0.083053
0.080737
0.998331
0.356422
0.338499
0.308185
0.587378
0.005542
-0.306836
-0.361734
0.483767
0.271542
0.474147
-0.371424
0.118503
0.560986
-0.083053
0.080737
0.998331
0.356422
0.338499
0.308185
0.587378
0.005542
-0.306836
-0.361734
0.483767
0.271542
0.474147
-0.371424
0.118503
0.560986
-0.083053
0.080737
0.998331
0.356422
0.338499
0.308185
0.587378
0.005542
-0.306836
-0.361734
0.483767
0.271542
0.474147
-0.371424
0.118503
0.560986
-0.083053
0.080737
0.998331
0.356422
0.338499
0.308185
0.587378
0.005542
-0.306836
-0.361734
0.483767
0.271542
0.474147
-0.371424
0.118503
0.560986
-0.083053
0.080737
0.998331
0.356422
0.338499
0.308185
0.587378
0.005542
-0.306836
-0.361734
0.483767
0.271542
