-1.603784
-2.290293
18.209007
-25.813379
-41.482166
-9.536802
4.277441
-0.444669
2.021224
-26.783567
-3.184354
26.221565
2.006716
-8.961737
8.865277
7.700573
7.973611
1.762118
1044.210693
2903.207031
2758.550049
-3184.135986
1490.771606
223.221893
-278.869293
-3626.855713
-411.607788
-2153.562988
-1594.059692
-52.167023
1806.811279
-321.232330
2.644158
2.004587
-9.597665
13.918324
26.678585
7.749612
-2.043788
1.876860
-1.639163
20.110659
2.609849
-19.572989
0.833520
7.976514
-9.973532
-6.076508
-5.171966
-1.852288
-723.645447
-2016.757080
-1897.540527
2226.225342
-1072.016479
-167.882706
178.889771
2555.132813
305.853546
1535.147583
1066.731934
53.358006
-1269.537598
202.110626
-0.961507
0.816365
-117.817261
-249.630737
-224.654068
302.852020
-123.057480
-1.645540
61.065296
306.733093
48.037067
174.183533
158.955032
-11.682076
-153.155182
49.979050
1.342126
0.695213
-48.522949
-162.770966
-160.221436
164.409622
-73.927322
-16.136065
2.021378
193.529816
11.971711
114.724014
89.098061
-0.039872
-96.757408
12.659487
0.529472
-0.168933
0.536458
-0.722890
-0.605680
0.477561
-0.030844
-0.547941
-0.367914
0.305189
-0.498030
-0.049134
-0.040472
-0.241771
-0.471255
-0.190453
0.529472
-0.168933
0.536458
-0.722890
-0.605680
0.477561
-0.030844
-0.547941
-0.367914
0.305189
-0.498030
-0.049134
-0.040472
-0.241771
-0.471255
-0.190453
0.529472
-0.168933
0.536458
-0.722890
-0.605680
0.477561
-0.030844
-0.547941
-0.367914
0.305189
-0.498030
-0.049134
-0.040472
-0.241771
-0.471255
-0.190453
0.529472
-0.168933
0.536458
-0.722890
-0.605680
0.477561
-0.030844
-0.547941
-0.367914
0.305189
-0.498030
-0.049134
-0.040472
-0.241771
-0.471255
-0.190453
0.529472
-0.168933
0.536458
-0.722890
-0.605680
0.477561
-0.030844
-0.547941
-0.367914
0.305189
-0.498030
-0.049134
-0.040472
-0.241771
-0.471255
-0.190453
0.529472
-0.168933
0.536458
-0.722890
-0.605680
0.477561
-0.030844
-0.547941
-0.367914
0.305189
-0.498030
-0.049134
-0.040472
-0.241771
-0.471255
-0.190453
0.529472
-0.168933
0.536458
-0.722890
-0.605680
0.477561
-0.030844
-0.547941
-0.367914
0.305189
-0.498030
-0.049134
-0.040472
-0.241771
-0.471255
-0.190453
0.529472
-0.168933
0.536458
-0.722890
-0.605680
0.477561
-0.030844
-0.547941
-0.367914
0.305189
-0.498030
-0.049134
-0.040472
-0.241771
-0.471255
-0.190453
0.529472
-0.168933
0.536458
-0.722890
-0.605680
0.477561
-0.030844
-0.547941
-0.367914
0.305189
-0.498030
-0.049134
-0.040472
-0.241771
-0.471255
-0.190453
0.529472
-0.168933
0.536458
-0.722890
-0.605680
0.477561
-0.030844
-0.547941
-0.367914
0.305189
-0.498030
-0.049134
-0.040472
-0.241771
-0.471255
-0.190453
0.529472
-0.168933
0.536458
-0.722890
-0.605680
0.477561
-0.030844
-0.547941
-0.367914
0.305189
-0.498030
-0.049134
-0.040472
-0.241771
-0.471255
-0.190453
0.529472
-0.168933
0.536458
-0.722890
-0.605680
0.477561
-0.030844
-0.547941
-0.367914
0.305189
-0.498030
-0.049134
-0.040472
-0.241771
-0.471255
-0.190453
0.529472
-0.168933
0.536458
-0.722890
-0.605680
0.477561
-0.030844
-0.547941
-0.367914
0.305189
-0.498030
-0.049134
-0.040472
-0.241771
-0.471255
-0.190453
0.529472
-0.168933
0.536458
-0.722890
-0.605680
0.477561
-0.030844
-0.547941
-0.367914
0.305189
-0.498030
-0.049134
-0.040472
-0.241771
-0.471255
-0.190453
