-4.462225
1.562192
4.970546
18.890308
-0.714429
-22.435053
9.143470
-11.646729
-12.316965
4.180782
14.742044
22.793386
20.362385
3.100104
-17.492956
1.335230
-1.967426
-4.834558
375.942566
487.756683
-163.095184
168.905716
127.855820
-232.100586
-727.238770
-589.552368
259.850677
111.677063
-834.747070
277.048309
382.770782
91.140251
0.243975
-1.658858
-14.966303
-17.855732
6.925151
-7.763426
-3.669955
8.189298
28.320520
23.931854
-8.951330
-5.735848
35.524616
-9.790814
-14.617579
-0.218821
-1.405961
2.675470
-187.277252
-223.490814
75.936203
-84.671570
-58.370983
112.536522
360.806030
269.125061
-129.721115
-50.145859
393.650146
-143.639709
-183.554825
-37.668007
3.834388
-1.241296
-22.048763
-38.467648
13.812468
-8.859953
-10.962186
15.015795
39.490166
47.930885
-16.010033
-7.779163
59.923874
-13.107980
-26.490210
-8.323648
0.706180
0.516262
-85.960411
-91.593178
27.563616
-35.352879
-19.058685
47.684353
156.876556
102.507347
-55.027538
-16.330767
158.142838
-75.256470
-77.692322
-9.823317
-0.243847
0.307323
-0.295395
-0.075033
0.132038
-0.358634
-0.485066
-0.497197
0.128062
0.391867
0.473564
0.176275
-0.024995
0.373823
0.226816
0.194998
-0.243847
0.307323
-0.295395
-0.075033
0.132038
-0.358634
-0.485066
-0.497197
0.128062
0.391867
0.473564
0.176275
-0.024995
0.373823
0.226816
0.194998
-0.243847
0.307323
-0.295395
-0.075033
0.132038
-0.358634
-0.485066
-0.497197
0.128062
0.391867
0.473564
0.176275
-0.024995
0.373823
0.226816
0.194998
-0.243847
0.307323
-0.295395
-0.075033
0.132038
-0.358634
-0.485066
-0.497197
0.128062
0.391867
0.473564
0.176275
-0.024995
0.373823
0.226816
0.194998
-0.243847
0.307323
-0.295395
-0.075033
0.132038
-0.358634
-0.485066
-0.497197
0.128062
0.391867
0.473564
0.176275
-0.024995
0.373823
0.226816
0.194998
-0.243847
0.307323
-0.295395
-0.075033
0.132038
-0.358634
-0.485066
-0.497197
0.128062
0.391867
0.473564
0.176275
-0.024995
0.373823
0.226816
0.194998
-0.243847
0.307323
-0.295395
-0.075033
0.132038
-0.358634
-0.485066
-0.497197
0.128062
0.391867
0.473564
0.176275
-0.024995
0.373823
0.226816
0.194998
-0.243847
0.307323
-0.295395
-0.075033
0.132038
-0.358634
-0.485066
-0.497197
0.128062
0.391867
0.473564
0.176275
-0.024995
0.373823
0.226816
0.194998
-0.243847
0.307323
-0.295395
-0.075033
0.132038
-0.358634
-0.485066
-0.497197
0.128062
0.391867
0.473564
0.176275
-0.024995
0.373823
0.226816
0.194998
-0.243847
0.307323
-0.295395
-0.075033
0.132038
-0.358634
-0.485066
-0.497197
0.128062
0.391867
0.473564
0.176275
-0.024995
0.373823
0.226816
0.194998
-0.243847
0.307323
-0.295395
-0.075033
0.132038
-0.358634
-0.485066
-0.497197
0.128062
0.391867
0.473564
0.176275
-0.024995
0.373823
0.226816
0.194998
-0.243847
0.307323
-0.295395
-0.075033
0.132038
-0.358634
-0.485066
-0.497197
0.128062
0.391867
0.473564
0.176275
-0.024995
0.373823
0.226816
0.194998
-0.243847
0.307323
-0.295395
-0.075033
0.132038
-0.358634
-0.485066
-0.497197
0.128062
0.391867
0.473564
0.176275
-0.024995
0.373823
0.226816
0.194998
-0.243847
0.307323
-0.295395
-0.075033
0.132038
-0.358634
-0.485066
-0.497197
0.128062
0.391867
0.473564
0.176275
-0.024995
0.373823
0.226816
0.194998
