-0.463128
-4.268581
-17.350779
-11.027815
21.196135
22.582657
1.904070
9.611465
2.576413
-15.327447
-24.510473
-6.912531
-26.154224
6.604456
9.000362
-10.761255
13.355130
0.632072
-1848.276611
-1143.547241
-189.929626
1418.495972
-467.855103
463.750061
1482.377441
2217.084961
-206.582809
-1554.812622
5224.655273
-955.122559
717.406372
2228.229492
1.232715
1.577314
7.862667
-8.330268
-6.728585
0.267278
2.591713
2.449795
3.219801
-10.312254
-1.638119
-11.236381
15.647394
-23.243330
-7.934111
5.769931
-0.497274
-1.729552
-19.047724
7.624567
9.237761
9.532851
0.115371
-2.952814
-9.075409
18.924786
-2.193431
20.993471
-21.939253
39.913319
12.691188
-12.262124
-8.072164
-0.741209
966.387390
584.141663
88.499718
-742.871948
237.747803
-242.006226
-786.864868
-1142.061890
109.452545
808.702209
-2718.558594
534.483887
-395.582397
-1157.436401
0.334688
2.927121
63.336254
38.188793
6.477707
-46.392471
14.251222
-14.819233
-47.233185
-73.402298
6.615861
53.326797
-172.331528
32.008350
-21.442820
-75.398705
-2.634928
1.424179
334.928345
190.219330
23.080618
-252.281189
78.012451
-87.584198
-277.017120
-378.390594
52.230698
272.598846
-909.325073
203.216766
-137.035934
-386.419098
-1.959612
-0.584256
126.367073
88.165428
20.266119
-98.922028
36.731773
-30.233923
-95.662102
-163.945663
10.631091
113.251099
-376.240295
46.191711
-39.930008
-162.200806
-0.605786
0.937569
0.359972
0.827480
0.386917
0.156178
0.730550
-0.228426
0.177330
-0.512889
0.080114
0.060210
-0.949191
-0.523343
0.380022
-0.507162
-0.605786
0.937569
0.359972
0.827480
0.386917
0.156178
0.730550
-0.228426
0.177330
-0.512889
0.080114
0.060210
-0.949191
-0.523343
0.380022
-0.507162
-0.605786
0.937569
0.359972
0.827480
0.386917
0.156178
0.730550
-0.228426
0.177330
-0.512889
0.080114
0.060210
-0.949191
-0.523343
0.380022
-0.507162
-0.605786
0.937569
0.359972
0.827480
0.386917
0.156178
0.730550
-0.228426
0.177330
-0.512889
0.080114
0.060210
-0.949191
-0.523343
0.380022
-0.507162
-0.605786
0.937569
0.359972
0.827480
0.386917
0.156178
0.730550
-0.228426
0.177330
-0.512889
0.080114
0.060210
-0.949191
-0.523343
0.380022
-0.507162
-0.605786
0.937569
0.359972
0.827480
0.386917
0.156178
0.730550
-0.228426
0.177330
-0.512889
0.080114
0.060210
-0.949191
-0.523343
0.380022
-0.507162
-0.605786
0.937569
0.359972
0.827480
0.386917
0.156178
0.730550
-0.228426
0.177330
-0.512889
0.080114
0.060210
-0.949191
-0.523343
0.380022
-0.507162
-0.605786
0.937569
0.359972
0.827480
0.386917
0.156178
0.730550
-0.228426
0.177330
-0.512889
0.080114
0.060210
-0.949191
-0.523343
0.380022
-0.507162
-0.605786
0.937569
0.359972
0.827480
0.386917
0.156178
0.730550
-0.228426
0.177330
-0.512889
0.080114
0.060210
-0.949191
-0.523343
0.380022
-0.507162
-0.605786
0.937569
0.359972
0.827480
0.386917
0.156178
0.730550
-0.228426
0.177330
-0.512889
0.080114
0.060210
-0.949191
-0.523343
0.380022
-0.507162
-0.605786
0.937569
0.359972
0.827480
0.386917
0.156178
0.730550
-0.228426
0.177330
-0.512889
0.080114
0.060210
-0.949191
-0.523343
0.380022
-0.507162
-0.605786
0.937569
0.359972
0.827480
0.386917
0.156178
0.730550
-0.228426
0.177330
-0.512889
0.080114
0.060210
-0.949191
-0.523343
0.380022
-0.507162
