-0.361002
0.187176
-10.847843
-13.220628
-2.052620
12.495104
-0.240388
1.549753
-19.218550
2.789154
-13.114339
10.900318
-37.491627
3.949348
13.613160
-2.124572
14.809114
-12.137797
-1891.821045
699.508911
791.613525
1091.784912
41.312794
307.840424
2166.551025
-146.590286
-1258.242676
-819.979126
1939.859863
-4078.339844
2000.705933
849.818604
-1.243822
-0.099364
9.155280
6.040161
6.237447
-10.487031
-1.806849
-1.585386
14.979996
1.903517
8.612256
-9.717755
27.545538
-2.533300
-11.198416
1.508635
-0.753121
-0.740943
82.268578
-5.947153
-18.973787
-50.120651
1.287741
-13.732386
-91.132057
-15.837935
39.888683
49.930210
-120.619637
144.224823
-69.076744
-52.485905
-10.796298
9.696713
1444.554077
-547.290833
-613.814575
-835.097229
-32.912891
-232.364197
-1654.588013
122.896164
969.543884
623.590149
-1468.758301
3124.672852
-1533.769043
-645.009033
-2.401040
2.776222
104.776016
-63.324982
-59.087029
-52.607445
-6.468793
-15.588822
-125.466431
31.721123
81.508453
32.602367
-65.584312
261.782074
-126.947121
-29.008062
-0.184022
0.334649
0.417394
-0.235920
-0.085774
-0.289159
0.068101
-0.594818
-0.174822
0.581600
0.352809
0.456085
-0.460347
0.301147
-0.363691
-0.086760
-0.184022
0.334649
0.417394
-0.235920
-0.085774
-0.289159
0.068101
-0.594818
-0.174822
0.581600
0.352809
0.456085
-0.460347
0.301147
-0.363691
-0.086760
-0.184022
0.334649
0.417394
-0.235920
-0.085774
-0.289159
0.068101
-0.594818
-0.174822
0.581600
0.352809
0.456085
-0.460347
0.301147
-0.363691
-0.086760
-0.184022
0.334649
0.417394
-0.235920
-0.085774
-0.289159
0.068101
-0.594818
-0.174822
0.581600
0.352809
0.456085
-0.460347
0.301147
-0.363691
-0.086760
-0.184022
0.334649
0.417394
-0.235920
-0.085774
-0.289159
0.068101
-0.594818
-0.174822
0.581600
0.352809
0.456085
-0.460347
0.301147
-0.363691
-0.086760
-0.184022
0.334649
0.417394
-0.235920
-0.085774
-0.289159
0.068101
-0.594818
-0.174822
0.581600
0.352809
0.456085
-0.460347
0.301147
-0.363691
-0.086760
-0.184022
0.334649
0.417394
-0.235920
-0.085774
-0.289159
0.068101
-0.594818
-0.174822
0.581600
0.352809
0.456085
-0.460347
0.301147
-0.363691
-0.086760
-0.184022
0.334649
0.417394
-0.235920
-0.085774
-0.289159
0.068101
-0.594818
-0.174822
0.581600
0.352809
0.456085
-0.460347
0.301147
-0.363691
-0.086760
-0.184022
0.334649
0.417394
-0.235920
-0.085774
-0.289159
0.068101
-0.594818
-0.174822
0.581600
0.352809
0.456085
-0.460347
0.301147
-0.363691
-0.086760
-0.184022
0.334649
0.417394
-0.235920
-0.085774
-0.289159
0.068101
-0.594818
-0.174822
0.581600
0.352809
0.456085
-0.460347
0.301147
-0.363691
-0.086760
-0.184022
0.334649
0.417394
-0.235920
-0.085774
-0.289159
0.068101
-0.594818
-0.174822
0.581600
0.352809
0.456085
-0.460347
0.301147
-0.363691
-0.086760
-0.184022
0.334649
0.417394
-0.235920
-0.085774
-0.289159
0.068101
-0.594818
-0.174822
0.581600
0.352809
0.456085
-0.460347
0.301147
-0.363691
-0.086760
-0.184022
0.334649
0.417394
-0.235920
-0.085774
-0.289159
0.068101
-0.594818
-0.174822
0.581600
0.352809
0.456085
-0.460347
0.301147
-0.363691
-0.086760
-0.184022
0.334649
0.417394
-0.235920
-0.085774
-0.289159
0.068101
-0.594818
-0.174822
0.581600
0.352809
0.456085
-0.460347
0.301147
-0.363691
-0.086760
