3.619905
13.371798
-26.731791
-1586.655640
-1171.491821
504.250763
-508.530151
-118.163559
-685.755554
1880.533569
754.293396
-1047.709595
3320.301514
3164.928223
-1165.054932
1693.348755
-0.379889
0.679026
-5.280100
12.650219
14.844672
-6.889834
-3.448787
-3.356311
7.569540
14.010384
8.731027
13.509659
15.220760
36.340202
-1.405891
-14.616770
-0.397614
0.337501
6.175414
-13.075177
-10.611602
5.967485
0.891439
4.148565
-6.799460
-8.677705
-5.884022
-11.125511
-6.407220
-24.710285
-0.960082
8.919805
-4.619335
-6.975197
30.203499
1096.049072
810.516907
-371.223755
348.734009
81.597641
467.232330
-1304.563354
-505.887207
742.721008
-2342.077393
-2167.388184
789.483459
-1199.719360
2.248074
-4.437881
-13.826683
80.691803
61.532658
-13.490979
23.882166
9.622769
52.635559
-91.104462
-48.764729
42.668499
-134.644485
-193.527298
76.723717
-71.585419
0.199745
-0.232966
22.885857
138.639633
96.177338
-52.897831
48.445229
3.150580
34.593636
-174.594635
-58.412033
97.391563
-323.813690
-237.892105
82.854263
-158.702423
-0.267389
-0.089534
-0.447462
0.143778
-0.014478
-0.504533
-0.055378
0.155492
0.692307
0.333003
-0.069570
0.236517
-0.312070
-0.777174
0.299519
0.074421
-0.267389
-0.089534
-0.447462
0.143778
-0.014478
-0.504533
-0.055378
0.155492
0.692307
0.333003
-0.069570
0.236517
-0.312070
-0.777174
0.299519
0.074421
-0.267389
-0.089534
-0.447462
0.143778
-0.014478
-0.504533
-0.055378
0.155492
0.692307
0.333003
-0.069570
0.236517
-0.312070
-0.777174
0.299519
0.074421
-0.267389
-0.089534
-0.447462
0.143778
-0.014478
-0.504533
-0.055378
0.155492
0.692307
0.333003
-0.069570
0.236517
-0.312070
-0.777174
0.299519
0.074421
-0.267389
-0.089534
-0.447462
0.143778
-0.014478
-0.504533
-0.055378
0.155492
0.692307
0.333003
-0.069570
0.236517
-0.312070
-0.777174
0.299519
0.074421
-0.267389
-0.089534
-0.447462
0.143778
-0.014478
-0.504533
-0.055378
0.155492
0.692307
0.333003
-0.069570
0.236517
-0.312070
-0.777174
0.299519
0.074421
-0.267389
-0.089534
-0.447462
0.143778
-0.014478
-0.504533
-0.055378
0.155492
0.692307
0.333003
-0.069570
0.236517
-0.312070
-0.777174
0.299519
0.074421
-0.267389
-0.089534
-0.447462
0.143778
-0.014478
-0.504533
-0.055378
0.155492
0.692307
0.333003
-0.069570
0.236517
-0.312070
-0.777174
0.299519
0.074421
-0.267389
-0.089534
-0.447462
0.143778
-0.014478
-0.504533
-0.055378
0.155492
0.692307
0.333003
-0.069570
0.236517
-0.312070
-0.777174
0.299519
0.074421
-0.267389
-0.089534
-0.447462
0.143778
-0.014478
-0.504533
-0.055378
0.155492
0.692307
0.333003
-0.069570
0.236517
-0.312070
-0.777174
0.299519
0.074421
-0.267389
-0.089534
-0.447462
0.143778
-0.014478
-0.504533
-0.055378
0.155492
0.692307
0.333003
-0.069570
0.236517
-0.312070
-0.777174
0.299519
0.074421
-0.267389
-0.089534
-0.447462
0.143778
-0.014478
-0.504533
-0.055378
0.155492
0.692307
0.333003
-0.069570
0.236517
-0.312070
-0.777174
0.299519
0.074421
-0.267389
-0.089534
-0.447462
0.143778
-0.014478
-0.504533
-0.055378
0.155492
0.692307
0.333003
-0.069570
0.236517
-0.312070
-0.777174
0.299519
0.074421
-0.267389
-0.089534
-0.447462
0.143778
-0.014478
-0.504533
-0.055378
0.155492
0.692307
0.333003
-0.069570
0.236517
-0.312070
-0.777174
0.299519
0.074421
