2.038401
-1.708531
-9.134257
17.559010
12.853703
2.853726
-0.482039
-2.193993
1.275658
18.332361
5.359406
11.549431
5.375373
33.139542
2.264810
-11.820316
7.524817
13.359200
-275.554443
-1965.495972
-1006.564026
638.183655
-495.667938
96.796082
-176.728790
2155.337891
426.532867
-1139.273926
3928.500244
2121.633789
-930.888489
1856.331421
-0.024669
-0.293350
9.439429
-13.156853
-9.098907
-1.400409
-0.765062
4.435780
-3.104303
-14.268940
-6.487082
-11.163953
-3.081173
-26.027628
2.305673
6.886397
-6.752930
-10.065614
200.104858
1530.023315
797.579895
-499.825562
384.687561
-70.544106
154.005371
-1673.136230
-335.094818
892.660950
-3049.982422
-1696.185913
749.120850
-1448.138672
1.834020
-0.159695
-41.670547
132.539505
81.005043
-5.383662
30.681618
8.267226
78.653618
-129.628296
-64.523186
53.960224
-175.340744
-248.615341
111.794891
-85.637970
0.428626
0.850983
60.580242
80.925797
27.034340
-52.336292
20.834196
-14.027641
-45.325626
-103.632286
7.493536
61.111969
-231.083160
3.319830
-6.215951
-108.432953
-0.382952
0.309646
-0.241119
0.037075
0.046138
0.059106
0.154216
0.273480
0.195167
-0.062553
-0.806680
-0.328642
-0.750361
-0.548069
0.050677
0.062931
-0.382952
0.309646
-0.241119
0.037075
0.046138
0.059106
0.154216
0.273480
0.195167
-0.062553
-0.806680
-0.328642
-0.750361
-0.548069
0.050677
0.062931
-0.382952
0.309646
-0.241119
0.037075
0.046138
0.059106
0.154216
0.273480
0.195167
-0.062553
-0.806680
-0.328642
-0.750361
-0.548069
0.050677
0.062931
-0.382952
0.309646
-0.241119
0.037075
0.046138
0.059106
0.154216
0.273480
0.195167
-0.062553
-0.806680
-0.328642
-0.750361
-0.548069
0.050677
0.062931
-0.382952
0.309646
-0.241119
0.037075
0.046138
0.059106
0.154216
0.273480
0.195167
-0.062553
-0.806680
-0.328642
-0.750361
-0.548069
0.050677
0.062931
-0.382952
0.309646
-0.241119
0.037075
0.046138
0.059106
0.154216
0.273480
0.195167
-0.062553
-0.806680
-0.328642
-0.750361
-0.548069
0.050677
0.062931
-0.382952
0.309646
-0.241119
0.037075
0.046138
0.059106
0.154216
0.273480
0.195167
-0.062553
-0.806680
-0.328642
-0.750361
-0.548069
0.050677
0.062931
-0.382952
0.309646
-0.241119
0.037075
0.046138
0.059106
0.154216
0.273480
0.195167
-0.062553
-0.806680
-0.328642
-0.750361
-0.548069
0.050677
0.062931
-0.382952
0.309646
-0.241119
0.037075
0.046138
0.059106
0.154216
0.273480
0.195167
-0.062553
-0.806680
-0.328642
-0.750361
-0.548069
0.050677
0.062931
-0.382952
0.309646
-0.241119
0.037075
0.046138
0.059106
0.154216
0.273480
0.195167
-0.062553
-0.806680
-0.328642
-0.750361
-0.548069
0.050677
0.062931
-0.382952
0.309646
-0.241119
0.037075
0.046138
0.059106
0.154216
0.273480
0.195167
-0.062553
-0.806680
-0.328642
-0.750361
-0.548069
0.050677
0.062931
-0.382952
0.309646
-0.241119
0.037075
0.046138
0.059106
0.154216
0.273480
0.195167
-0.062553
-0.806680
-0.328642
-0.750361
-0.548069
0.050677
0.062931
-0.382952
0.309646
-0.241119
0.037075
0.046138
0.059106
0.154216
0.273480
0.195167
-0.062553
-0.806680
-0.328642
-0.750361
-0.548069
0.050677
0.062931
-0.382952
0.309646
-0.241119
0.037075
0.046138
0.059106
0.154216
0.273480
0.195167
-0.062553
-0.806680
-0.328642
-0.750361
-0.548069
0.050677
0.062931
