-13.332305
0.251474
-2585.195313
-3226.331299
-2356.597412
4159.258789
-1084.721313
1083.521851
2744.252197
4362.913574
1950.593628
2041.747559
1191.830078
-1170.434082
-2617.164063
567.299744
0.494267
-2.097902
-33.043633
25.025816
45.544563
17.461447
1.336352
-5.061173
-15.556568
39.417076
22.894650
-26.662846
-13.046405
4.006273
-14.988268
-10.236394
-0.812306
2.289910
15.724739
-13.527779
-20.300615
-5.313429
0.096473
3.600909
5.885113
-19.068478
-11.936830
13.386111
8.823639
-5.004098
5.671906
4.572433
7.613559
-1.320597
1174.867310
1558.853760
1170.060791
-1921.217285
527.168091
-543.642639
-1239.140259
-2113.938721
-896.056030
-1006.414795
-568.012146
539.314026
1261.872559
-220.065826
-1.665086
-2.035450
115.130470
108.044777
64.950226
-172.506302
39.289383
-38.724846
-127.091301
-152.676666
-88.213120
-68.259125
-35.585480
51.122719
90.457153
-37.908443
-1.130605
4.676168
212.868088
184.987488
114.932747
-311.119568
56.573864
-82.975227
-239.491714
-260.438324
-155.932220
-114.214241
-72.506569
92.270638
174.058823
-70.815964
3.793373
-0.994517
475.067505
692.932800
542.066223
-808.038391
235.171585
-179.415009
-482.984619
-912.322815
-361.381073
-431.686035
-263.745117
214.954422
531.300232
-78.050270
0.393494
-0.009281
-0.051783
0.894161
1.311833
-0.704356
0.341583
-0.038737
0.080967
-1.419773
-0.059138
-0.762893
-0.615580
0.122557
0.813650
0.506329
0.393494
-0.009281
-0.051783
0.894161
1.311833
-0.704356
0.341583
-0.038737
0.080967
-1.419773
-0.059138
-0.762893
-0.615580
0.122557
0.813650
0.506329
0.393494
-0.009281
-0.051783
0.894161
1.311833
-0.704356
0.341583
-0.038737
0.080967
-1.419773
-0.059138
-0.762893
-0.615580
0.122557
0.813650
0.506329
0.393494
-0.009281
-0.051783
0.894161
1.311833
-0.704356
0.341583
-0.038737
0.080967
-1.419773
-0.059138
-0.762893
-0.615580
0.122557
0.813650
0.506329
0.393494
-0.009281
-0.051783
0.894161
1.311833
-0.704356
0.341583
-0.038737
0.080967
-1.419773
-0.059138
-0.762893
-0.615580
0.122557
0.813650
0.506329
0.393494
-0.009281
-0.051783
0.894161
1.311833
-0.704356
0.341583
-0.038737
0.080967
-1.419773
-0.059138
-0.762893
-0.615580
0.122557
0.813650
0.506329
0.393494
-0.009281
-0.051783
0.894161
1.311833
-0.704356
0.341583
-0.038737
0.080967
-1.419773
-0.059138
-0.762893
-0.615580
0.122557
0.813650
0.506329
0.393494
-0.009281
-0.051783
0.894161
1.311833
-0.704356
0.341583
-0.038737
0.080967
-1.419773
-0.059138
-0.762893
-0.615580
0.122557
0.813650
0.506329
0.393494
-0.009281
-0.051783
0.894161
1.311833
-0.704356
0.341583
-0.038737
0.080967
-1.419773
-0.059138
-0.762893
-0.615580
0.122557
0.813650
0.506329
0.393494
-0.009281
-0.051783
0.894161
1.311833
-0.704356
0.341583
-0.038737
0.080967
-1.419773
-0.059138
-0.762893
-0.615580
0.122557
0.813650
0.506329
0.393494
-0.009281
-0.051783
0.894161
1.311833
-0.704356
0.341583
-0.038737
0.080967
-1.419773
-0.059138
-0.762893
-0.615580
0.122557
0.813650
0.506329
0.393494
-0.009281
-0.051783
0.894161
1.311833
-0.704356
0.341583
-0.038737
0.080967
-1.419773
-0.059138
-0.762893
-0.615580
0.122557
0.813650
0.506329
0.393494
-0.009281
-0.051783
0.894161
1.311833
-0.704356
0.341583
-0.038737
0.080967
-1.419773
-0.059138
-0.762893
-0.615580
0.122557
0.813650
0.506329
