1.126318
1.771603
-658.561157
-107.050117
-428.072113
153.725647
90.298897
-209.340897
108.729546
-274.025909
325.738281
-152.425629
-33.478832
557.307068
-487.111969
517.084961
-1.937445
6.087344
22.313457
-12.758729
-25.171270
-2.285448
-9.280752
-14.441496
9.192770
16.271702
23.088442
-16.929605
7.570777
-19.925339
-0.763201
13.339303
-0.698126
-0.616926
-2.884015
-0.000758
4.766535
-2.456229
-2.087627
4.062746
0.031795
-2.860848
-4.218338
4.962611
-4.503250
0.083019
-3.055812
-2.122086
-1.376218
-1.595868
507.897827
82.960663
339.058105
-104.558090
-67.675705
153.870499
-69.153969
225.413101
-235.643417
121.891571
29.479839
-450.192017
374.799683
-392.841095
0.514655
4.068123
34.988586
9.505877
15.488338
-9.910298
-6.188847
10.274353
-5.488178
8.174110
-14.100481
6.495569
2.343323
-17.708288
25.220177
-24.374577
-1.667303
-1.462963
39.735050
1.401778
23.333839
-14.443198
-7.054257
16.010185
-11.695348
16.482847
-26.454212
8.021371
1.498141
-29.951427
28.188900
-36.673840
-0.471462
0.045225
-0.721481
0.229721
1.093736
-0.037544
0.076350
-0.049442
0.185856
-0.042520
-0.631463
0.354220
0.203587
-0.472608
-0.065741
-0.033302
-0.471462
0.045225
-0.721481
0.229721
1.093736
-0.037544
0.076350
-0.049442
0.185856
-0.042520
-0.631463
0.354220
0.203587
-0.472608
-0.065741
-0.033302
-0.471462
0.045225
-0.721481
0.229721
1.093736
-0.037544
0.076350
-0.049442
0.185856
-0.042520
-0.631463
0.354220
0.203587
-0.472608
-0.065741
-0.033302
-0.471462
0.045225
-0.721481
0.229721
1.093736
-0.037544
0.076350
-0.049442
0.185856
-0.042520
-0.631463
0.354220
0.203587
-0.472608
-0.065741
-0.033302
-0.471462
0.045225
-0.721481
0.229721
1.093736
-0.037544
0.076350
-0.049442
0.185856
-0.042520
-0.631463
0.354220
0.203587
-0.472608
-0.065741
-0.033302
-0.471462
0.045225
-0.721481
0.229721
1.093736
-0.037544
0.076350
-0.049442
0.185856
-0.042520
-0.631463
0.354220
0.203587
-0.472608
-0.065741
-0.033302
-0.471462
0.045225
-0.721481
0.229721
1.093736
-0.037544
0.076350
-0.049442
0.185856
-0.042520
-0.631463
0.354220
0.203587
-0.472608
-0.065741
-0.033302
-0.471462
0.045225
-0.721481
0.229721
1.093736
-0.037544
0.076350
-0.049442
0.185856
-0.042520
-0.631463
0.354220
0.203587
-0.472608
-0.065741
-0.033302
-0.471462
0.045225
-0.721481
0.229721
1.093736
-0.037544
0.076350
-0.049442
0.185856
-0.042520
-0.631463
0.354220
0.203587
-0.472608
-0.065741
-0.033302
-0.471462
0.045225
-0.721481
0.229721
1.093736
-0.037544
0.076350
-0.049442
0.185856
-0.042520
-0.631463
0.354220
0.203587
-0.472608
-0.065741
-0.033302
-0.471462
0.045225
-0.721481
0.229721
1.093736
-0.037544
0.076350
-0.049442
0.185856
-0.042520
-0.631463
0.354220
0.203587
-0.472608
-0.065741
-0.033302
-0.471462
0.045225
-0.721481
0.229721
1.093736
-0.037544
0.076350
-0.049442
0.185856
-0.042520
-0.631463
0.354220
0.203587
-0.472608
-0.065741
-0.033302
-0.471462
0.045225
-0.721481
0.229721
1.093736
-0.037544
0.076350
-0.049442
0.185856
-0.042520
-0.631463
0.354220
0.203587
-0.472608
-0.065741
-0.033302
-0.471462
0.045225
-0.721481
0.229721
1.093736
-0.037544
0.076350
-0.049442
0.185856
-0.042520
-0.631463
0.354220
0.203587
-0.472608
-0.065741
-0.033302
