0.506094
-0.663490
-1.246706
6.576559
5.503067
-5.574221
3.489223
-2.144130
-2.732100
1.446984
-0.217431
5.087851
3.226414
0.722444
-3.799352
-1.539412
1.141558
1.297976
5.794847
4.665951
-11.602220
0.230563
-0.027447
5.724864
-2.217761
-7.465826
-5.687757
5.498975
-2.535947
0.646966
1.897634
7.146378
3.493541
-3.198005
560.644043
293.487335
606.603394
-6.029723
-180.811539
92.458130
-130.108429
231.927856
-290.312897
48.417774
124.472214
-573.650696
691.794434
-334.254150
-3.284350
-1.007095
-12.836011
-21.827999
-26.131273
-11.506761
9.491177
0.306933
11.667120
-7.465620
11.979750
-1.129398
-10.906161
24.616581
-29.735861
2.107227
0.340073
1.566602
-29.254795
-6.693506
-26.736391
12.953794
6.947432
-6.116086
2.782080
-12.084264
11.266088
-7.550074
10.290054
25.738825
-27.269468
28.200958
-2.299377
1.057033
-474.337097
-236.604019
-504.833679
4.364618
142.726395
-78.530167
102.644630
-195.757217
243.306091
-40.210335
-111.482819
477.239471
-576.484619
280.181122
0.314473
0.576435
0.051619
-0.509352
-0.607031
-0.073887
-0.325217
0.352037
-0.303086
0.243426
0.707201
-0.140794
0.003145
0.073188
-0.107490
-0.287050
0.314473
0.576435
0.051619
-0.509352
-0.607031
-0.073887
-0.325217
0.352037
-0.303086
0.243426
0.707201
-0.140794
0.003145
0.073188
-0.107490
-0.287050
0.314473
0.576435
0.051619
-0.509352
-0.607031
-0.073887
-0.325217
0.352037
-0.303086
0.243426
0.707201
-0.140794
0.003145
0.073188
-0.107490
-0.287050
0.314473
0.576435
0.051619
-0.509352
-0.607031
-0.073887
-0.325217
0.352037
-0.303086
0.243426
0.707201
-0.140794
0.003145
0.073188
-0.107490
-0.287050
0.314473
0.576435
0.051619
-0.509352
-0.607031
-0.073887
-0.325217
0.352037
-0.303086
0.243426
0.707201
-0.140794
0.003145
0.073188
-0.107490
-0.287050
0.314473
0.576435
0.051619
-0.509352
-0.607031
-0.073887
-0.325217
0.352037
-0.303086
0.243426
0.707201
-0.140794
0.003145
0.073188
-0.107490
-0.287050
0.314473
0.576435
0.051619
-0.509352
-0.607031
-0.073887
-0.325217
0.352037
-0.303086
0.243426
0.707201
-0.140794
0.003145
0.073188
-0.107490
-0.287050
0.314473
0.576435
0.051619
-0.509352
-0.607031
-0.073887
-0.325217
0.352037
-0.303086
0.243426
0.707201
-0.140794
0.003145
0.073188
-0.107490
-0.287050
0.314473
0.576435
0.051619
-0.509352
-0.607031
-0.073887
-0.325217
0.352037
-0.303086
0.243426
0.707201
-0.140794
0.003145
0.073188
-0.107490
-0.287050
0.314473
0.576435
0.051619
-0.509352
-0.607031
-0.073887
-0.325217
0.352037
-0.303086
0.243426
0.707201
-0.140794
0.003145
0.073188
-0.107490
-0.287050
0.314473
0.576435
0.051619
-0.509352
-0.607031
-0.073887
-0.325217
0.352037
-0.303086
0.243426
0.707201
-0.140794
0.003145
0.073188
-0.107490
-0.287050
0.314473
0.576435
0.051619
-0.509352
-0.607031
-0.073887
-0.325217
0.352037
-0.303086
0.243426
0.707201
-0.140794
0.003145
0.073188
-0.107490
-0.287050
0.314473
0.576435
0.051619
-0.509352
-0.607031
-0.073887
-0.325217
0.352037
-0.303086
0.243426
0.707201
-0.140794
0.003145
0.073188
-0.107490
-0.287050
0.314473
0.576435
0.051619
-0.509352
-0.607031
-0.073887
-0.325217
0.352037
-0.303086
0.243426
0.707201
-0.140794
0.003145
0.073188
-0.107490
-0.287050
