1.350887
-0.397275
-4.089005
-4.436810
1.055728
8.388853
1.671041
5.088407
0.139742
-2.892796
-4.738616
-2.831108
-2.175509
1.178346
1.876991
-1.624180
0.278891
0.173395
0.111155
8.594462
-5.822732
-8.198605
-2.153121
4.636355
2.291187
-2.476961
-6.073598
-0.774346
-3.035827
-2.763089
-5.307710
5.765155
0.265021
-4.265802
246.937744
643.717163
429.240356
335.396423
-208.516663
109.812386
-230.337265
314.786987
-183.729813
-114.075050
550.923706
-433.005859
786.679321
155.684357
0.045654
4.243797
-81.054161
-241.754486
-153.316513
-131.510880
78.193573
-40.914387
93.975456
-112.699539
67.718414
47.144394
-212.710526
151.401978
-285.512695
-71.183395
0.018093
-0.292597
-21.031921
-36.773621
-29.173092
-16.554972
14.409559
-5.078833
8.341843
-22.412899
13.464392
6.368039
-30.663040
29.683155
-52.859859
-1.304511
2.293476
1.058222
-15.891065
-31.976116
-23.901554
-13.508570
10.267993
-6.863368
8.769449
-19.106598
12.634624
1.796641
-26.511383
25.209759
-40.229019
-3.431499
-2.547632
0.531936
-56.135731
-184.780396
-110.066315
-100.093071
59.294361
-28.130762
69.481476
-81.683594
44.764458
33.298027
-157.823257
110.285027
-216.743896
-56.877953
-0.083855
-1.403483
0.508527
-0.069530
-0.007074
-0.326868
-0.171292
-0.244912
-0.218916
0.290664
0.088784
0.015387
-0.315549
-0.150997
-0.298889
-0.591540
-0.083855
-1.403483
0.508527
-0.069530
-0.007074
-0.326868
-0.171292
-0.244912
-0.218916
0.290664
0.088784
0.015387
-0.315549
-0.150997
-0.298889
-0.591540
-0.083855
-1.403483
0.508527
-0.069530
-0.007074
-0.326868
-0.171292
-0.244912
-0.218916
0.290664
0.088784
0.015387
-0.315549
-0.150997
-0.298889
-0.591540
-0.083855
-1.403483
0.508527
-0.069530
-0.007074
-0.326868
-0.171292
-0.244912
-0.218916
0.290664
0.088784
0.015387
-0.315549
-0.150997
-0.298889
-0.591540
-0.083855
-1.403483
0.508527
-0.069530
-0.007074
-0.326868
-0.171292
-0.244912
-0.218916
0.290664
0.088784
0.015387
-0.315549
-0.150997
-0.298889
-0.591540
-0.083855
-1.403483
0.508527
-0.069530
-0.007074
-0.326868
-0.171292
-0.244912
-0.218916
0.290664
0.088784
0.015387
-0.315549
-0.150997
-0.298889
-0.591540
-0.083855
-1.403483
0.508527
-0.069530
-0.007074
-0.326868
-0.171292
-0.244912
-0.218916
0.290664
0.088784
0.015387
-0.315549
-0.150997
-0.298889
-0.591540
-0.083855
-1.403483
0.508527
-0.069530
-0.007074
-0.326868
-0.171292
-0.244912
-0.218916
0.290664
0.088784
0.015387
-0.315549
-0.150997
-0.298889
-0.591540
-0.083855
-1.403483
0.508527
-0.069530
-0.007074
-0.326868
-0.171292
-0.244912
-0.218916
0.290664
0.088784
0.015387
-0.315549
-0.150997
-0.298889
-0.591540
-0.083855
-1.403483
0.508527
-0.069530
-0.007074
-0.326868
-0.171292
-0.244912
-0.218916
0.290664
0.088784
0.015387
-0.315549
-0.150997
-0.298889
-0.591540
-0.083855
-1.403483
0.508527
-0.069530
-0.007074
-0.326868
-0.171292
-0.244912
-0.218916
0.290664
0.088784
0.015387
-0.315549
-0.150997
-0.298889
-0.591540
-0.083855
-1.403483
0.508527
-0.069530
-0.007074
-0.326868
-0.171292
-0.244912
-0.218916
0.290664
0.088784
0.015387
-0.315549
-0.150997
-0.298889
-0.591540
-0.083855
-1.403483
0.508527
-0.069530
-0.007074
-0.326868
-0.171292
-0.244912
-0.218916
0.290664
0.088784
0.015387
-0.315549
-0.150997
-0.298889
-0.591540
