0.129317
-0.521961
8.248084
-2.571863
-5.060648
8.672089
5.989139
0.024400
-3.832508
-0.377124
1.060843
4.454545
-1.217468
4.663199
9.873160
3.173600
1.014284
0.117994
597.141602
891.929443
653.460571
139.054657
-754.967163
334.526520
-694.830688
484.712921
-1297.129639
409.457306
868.302551
-721.221497
821.914124
8.852828
1.663638
1.448459
-437.133636
-649.006897
-467.563843
-102.689835
549.481628
-240.895706
509.526489
-352.206573
938.298340
-292.672424
-632.312317
513.197571
-596.010437
-8.227032
-2.315958
0.104474
-26.078461
-39.156349
-31.442238
-8.931136
35.128872
-16.709820
29.508919
-23.200264
59.363590
-19.173927
-40.781391
39.630058
-37.302315
-0.026612
-1.745176
-1.468128
-39.469910
-66.306351
-50.905945
-12.387243
57.147785
-23.546238
51.193615
-34.398705
96.806671
-28.080692
-66.806114
53.241138
-60.260479
-4.346031
0.152878
-0.703374
0.183971
0.106842
-1.113364
-0.315160
-0.464680
0.367850
-0.094645
0.159439
0.252967
-0.226667
0.123953
0.412512
-0.135461
-0.177763
0.152878
-0.703374
0.183971
0.106842
-1.113364
-0.315160
-0.464680
0.367850
-0.094645
0.159439
0.252967
-0.226667
0.123953
0.412512
-0.135461
-0.177763
0.152878
-0.703374
0.183971
0.106842
-1.113364
-0.315160
-0.464680
0.367850
-0.094645
0.159439
0.252967
-0.226667
0.123953
0.412512
-0.135461
-0.177763
0.152878
-0.703374
0.183971
0.106842
-1.113364
-0.315160
-0.464680
0.367850
-0.094645
0.159439
0.252967
-0.226667
0.123953
0.412512
-0.135461
-0.177763
0.152878
-0.703374
0.183971
0.106842
-1.113364
-0.315160
-0.464680
0.367850
-0.094645
0.159439
0.252967
-0.226667
0.123953
0.412512
-0.135461
-0.177763
0.152878
-0.703374
0.183971
0.106842
-1.113364
-0.315160
-0.464680
0.367850
-0.094645
0.159439
0.252967
-0.226667
0.123953
0.412512
-0.135461
-0.177763
0.152878
-0.703374
0.183971
0.106842
-1.113364
-0.315160
-0.464680
0.367850
-0.094645
0.159439
0.252967
-0.226667
0.123953
0.412512
-0.135461
-0.177763
0.152878
-0.703374
0.183971
0.106842
-1.113364
-0.315160
-0.464680
0.367850
-0.094645
0.159439
0.252967
-0.226667
0.123953
0.412512
-0.135461
-0.177763
0.152878
-0.703374
0.183971
0.106842
-1.113364
-0.315160
-0.464680
0.367850
-0.094645
0.159439
0.252967
-0.226667
0.123953
0.412512
-0.135461
-0.177763
0.152878
-0.703374
0.183971
0.106842
-1.113364
-0.315160
-0.464680
0.367850
-0.094645
0.159439
0.252967
-0.226667
0.123953
0.412512
-0.135461
-0.177763
0.152878
-0.703374
0.183971
0.106842
-1.113364
-0.315160
-0.464680
0.367850
-0.094645
0.159439
0.252967
-0.226667
0.123953
0.412512
-0.135461
-0.177763
0.152878
-0.703374
0.183971
0.106842
-1.113364
-0.315160
-0.464680
0.367850
-0.094645
0.159439
0.252967
-0.226667
0.123953
0.412512
-0.135461
-0.177763
0.152878
-0.703374
0.183971
0.106842
-1.113364
-0.315160
-0.464680
0.367850
-0.094645
0.159439
0.252967
-0.226667
0.123953
0.412512
-0.135461
-0.177763
0.152878
-0.703374
0.183971
0.106842
-1.113364
-0.315160
-0.464680
0.367850
-0.094645
0.159439
0.252967
-0.226667
0.123953
0.412512
-0.135461
-0.177763
0.152878
-0.703374
0.183971
0.106842
-1.113364
-0.315160
-0.464680
0.367850
-0.094645
0.159439
0.252967
-0.226667
0.123953
0.412512
-0.135461
-0.177763
