-2.679370
-0.165123
789.067993
-795.738647
-3.039584
-669.373779
487.201111
751.639893
669.261658
655.745789
658.429016
1250.766724
-834.924561
-826.508301
-93.825058
-849.851563
-0.941493
-1.648515
-463.084229
440.290771
-12.118269
383.588379
-263.986176
-433.293427
-371.699249
-384.435333
-354.597778
-723.072327
464.799500
482.050476
39.526436
486.605347
0.656677
0.956473
-19.393764
30.518766
4.452427
22.035128
-19.856089
-21.736166
-23.279589
-15.473144
-30.750168
-36.847469
33.347569
17.513222
8.565523
26.704819
2.842193
0.662456
-33.480175
66.570122
15.978360
42.591457
-46.779362
-37.871826
-56.827091
-25.652731
-69.183662
-67.373734
72.574173
36.662415
22.184576
52.984940
0.318165
0.114317
-135.519852
96.758034
-17.518738
93.453941
-54.099983
-121.729942
-80.094254
-113.016884
-59.344433
-195.475937
94.120743
146.066833
-5.731464
126.048843
0.304627
0.078387
-0.338356
-0.338374
0.109115
-0.205176
-0.049318
-0.344909
-0.428247
0.100320
0.288297
-0.221091
-0.270424
-0.064650
-1.000122
0.174632
0.304627
0.078387
-0.338356
-0.338374
0.109115
-0.205176
-0.049318
-0.344909
-0.428247
0.100320
0.288297
-0.221091
-0.270424
-0.064650
-1.000122
0.174632
0.304627
0.078387
-0.338356
-0.338374
0.109115
-0.205176
-0.049318
-0.344909
-0.428247
0.100320
0.288297
-0.221091
-0.270424
-0.064650
-1.000122
0.174632
0.304627
0.078387
-0.338356
-0.338374
0.109115
-0.205176
-0.049318
-0.344909
-0.428247
0.100320
0.288297
-0.221091
-0.270424
-0.064650
-1.000122
0.174632
0.304627
0.078387
-0.338356
-0.338374
0.109115
-0.205176
-0.049318
-0.344909
-0.428247
0.100320
0.288297
-0.221091
-0.270424
-0.064650
-1.000122
0.174632
0.304627
0.078387
-0.338356
-0.338374
0.109115
-0.205176
-0.049318
-0.344909
-0.428247
0.100320
0.288297
-0.221091
-0.270424
-0.064650
-1.000122
0.174632
0.304627
0.078387
-0.338356
-0.338374
0.109115
-0.205176
-0.049318
-0.344909
-0.428247
0.100320
0.288297
-0.221091
-0.270424
-0.064650
-1.000122
0.174632
0.304627
0.078387
-0.338356
-0.338374
0.109115
-0.205176
-0.049318
-0.344909
-0.428247
0.100320
0.288297
-0.221091
-0.270424
-0.064650
-1.000122
0.174632
0.304627
0.078387
-0.338356
-0.338374
0.109115
-0.205176
-0.049318
-0.344909
-0.428247
0.100320
0.288297
-0.221091
-0.270424
-0.064650
-1.000122
0.174632
0.304627
0.078387
-0.338356
-0.338374
0.109115
-0.205176
-0.049318
-0.344909
-0.428247
0.100320
0.288297
-0.221091
-0.270424
-0.064650
-1.000122
0.174632
0.304627
0.078387
-0.338356
-0.338374
0.109115
-0.205176
-0.049318
-0.344909
-0.428247
0.100320
0.288297
-0.221091
-0.270424
-0.064650
-1.000122
0.174632
0.304627
0.078387
-0.338356
-0.338374
0.109115
-0.205176
-0.049318
-0.344909
-0.428247
0.100320
0.288297
-0.221091
-0.270424
-0.064650
-1.000122
0.174632
0.304627
0.078387
-0.338356
-0.338374
0.109115
-0.205176
-0.049318
-0.344909
-0.428247
0.100320
0.288297
-0.221091
-0.270424
-0.064650
-1.000122
0.174632
0.304627
0.078387
-0.338356
-0.338374
0.109115
-0.205176
-0.049318
-0.344909
-0.428247
0.100320
0.288297
-0.221091
-0.270424
-0.064650
-1.000122
0.174632
0.304627
0.078387
-0.338356
-0.338374
0.109115
-0.205176
-0.049318
-0.344909
-0.428247
0.100320
0.288297
-0.221091
-0.270424
-0.064650
-1.000122
0.174632
