8.591533
-2.099492
-2865.984863
747.419617
-2909.037598
1750.673584
1827.427612
-2971.533936
2774.110596
-3015.569580
3590.968506
-3045.075195
-2081.643311
1420.071289
-2917.890381
1579.641968
-3.057478
2.331217
-24.263731
-13.111588
36.931435
-7.150907
-4.482735
14.621887
-24.941465
-22.820208
48.628979
35.866451
14.008419
-11.975080
-13.740132
-18.864901
1.673473
-2.277275
5.486660
0.075777
-14.001980
7.225988
6.391266
-5.764651
9.122106
12.384090
-22.184219
-13.953886
0.063427
-2.861109
-0.450602
8.772238
-3.087514
-0.433515
1163.029663
-350.118927
1168.413818
-757.722839
-706.464783
1242.985229
-1090.630737
1276.827759
-1425.591553
1305.286743
830.795898
-614.080444
1168.311890
-690.307434
-3.869921
1.782541
168.294052
-28.666042
174.776123
-85.262192
-123.631546
159.827972
-169.103714
159.522797
-222.831329
151.465347
127.314453
-65.890640
176.304489
-71.639893
-1.429698
0.865850
159.487534
-9.182003
170.859924
-68.162613
-121.775459
140.858459
-177.589264
133.985077
-218.212738
127.420906
121.433151
-52.744911
169.008774
-57.697205
-1.126718
1.525952
676.224060
-230.223068
669.795227
-473.886383
-384.809967
747.254639
-615.745605
773.494019
-810.879761
795.706604
473.734131
-382.737305
677.680420
-431.419250
-0.041815
-0.269433
0.259937
0.788123
0.493279
0.098704
-0.899456
0.584429
-0.572971
0.055210
-1.343992
0.184067
0.821820
0.222909
0.875664
0.146162
-0.041815
-0.269433
0.259937
0.788123
0.493279
0.098704
-0.899456
0.584429
-0.572971
0.055210
-1.343992
0.184067
0.821820
0.222909
0.875664
0.146162
-0.041815
-0.269433
0.259937
0.788123
0.493279
0.098704
-0.899456
0.584429
-0.572971
0.055210
-1.343992
0.184067
0.821820
0.222909
0.875664
0.146162
-0.041815
-0.269433
0.259937
0.788123
0.493279
0.098704
-0.899456
0.584429
-0.572971
0.055210
-1.343992
0.184067
0.821820
0.222909
0.875664
0.146162
-0.041815
-0.269433
0.259937
0.788123
0.493279
0.098704
-0.899456
0.584429
-0.572971
0.055210
-1.343992
0.184067
0.821820
0.222909
0.875664
0.146162
-0.041815
-0.269433
0.259937
0.788123
0.493279
0.098704
-0.899456
0.584429
-0.572971
0.055210
-1.343992
0.184067
0.821820
0.222909
0.875664
0.146162
-0.041815
-0.269433
0.259937
0.788123
0.493279
0.098704
-0.899456
0.584429
-0.572971
0.055210
-1.343992
0.184067
0.821820
0.222909
0.875664
0.146162
-0.041815
-0.269433
0.259937
0.788123
0.493279
0.098704
-0.899456
0.584429
-0.572971
0.055210
-1.343992
0.184067
0.821820
0.222909
0.875664
0.146162
-0.041815
-0.269433
0.259937
0.788123
0.493279
0.098704
-0.899456
0.584429
-0.572971
0.055210
-1.343992
0.184067
0.821820
0.222909
0.875664
0.146162
-0.041815
-0.269433
0.259937
0.788123
0.493279
0.098704
-0.899456
0.584429
-0.572971
0.055210
-1.343992
0.184067
0.821820
0.222909
0.875664
0.146162
-0.041815
-0.269433
0.259937
0.788123
0.493279
0.098704
-0.899456
0.584429
-0.572971
0.055210
-1.343992
0.184067
0.821820
0.222909
0.875664
0.146162
-0.041815
-0.269433
0.259937
0.788123
0.493279
0.098704
-0.899456
0.584429
-0.572971
0.055210
-1.343992
0.184067
0.821820
0.222909
0.875664
0.146162
-0.041815
-0.269433
0.259937
0.788123
0.493279
0.098704
-0.899456
0.584429
-0.572971
0.055210
-1.343992
0.184067
0.821820
0.222909
0.875664
0.146162
