-1.402782
-2.248237
-16.303558
19.474989
-2.453335
-29.178045
10.934242
3.660038
-20.420576
13.649451
23.711758
-30.109486
-17.341309
-17.045776
-17.225201
6.211725
2.871287
10.190132
-986.257080
-2258.182373
-1528.976074
-2124.805176
2856.122070
1412.880737
3076.492188
1504.449097
2207.631348
2203.555176
-1134.186279
-2420.969238
-1443.023682
-1933.154907
-1.461446
0.271789
5.763847
-20.711788
4.866474
26.638853
-8.183030
-3.508062
19.096319
-13.059215
-23.135998
24.479738
14.647362
6.420793
11.995307
0.504021
-3.290163
-8.864686
864.092834
1995.634766
1339.732422
1869.607544
-2522.649414
-1264.567993
-2718.694336
-1340.104004
-1960.637451
-1913.153564
980.481628
2140.432129
1259.936646
1705.210327
0.706822
0.025023
-43.955585
103.572029
-27.151228
127.171593
-44.031113
-143.252991
-47.990601
-155.139297
12.764643
-158.220566
-42.602516
117.521645
-22.923426
112.115074
1.564936
-0.703303
99.944733
40.174183
107.762573
15.453486
-130.307144
47.463715
-137.452240
52.521557
-126.773354
-3.172966
110.341049
41.592354
105.445038
17.882225
0.142198
0.316715
0.132535
0.130400
-0.358752
1.018635
-0.328684
-0.009562
-0.892646
-0.616696
-0.225959
-0.620374
0.702967
0.438804
-0.500834
0.178715
0.142198
0.316715
0.132535
0.130400
-0.358752
1.018635
-0.328684
-0.009562
-0.892646
-0.616696
-0.225959
-0.620374
0.702967
0.438804
-0.500834
0.178715
0.142198
0.316715
0.132535
0.130400
-0.358752
1.018635
-0.328684
-0.009562
-0.892646
-0.616696
-0.225959
-0.620374
0.702967
0.438804
-0.500834
0.178715
0.142198
0.316715
0.132535
0.130400
-0.358752
1.018635
-0.328684
-0.009562
-0.892646
-0.616696
-0.225959
-0.620374
0.702967
0.438804
-0.500834
0.178715
0.142198
0.316715
0.132535
0.130400
-0.358752
1.018635
-0.328684
-0.009562
-0.892646
-0.616696
-0.225959
-0.620374
0.702967
0.438804
-0.500834
0.178715
0.142198
0.316715
0.132535
0.130400
-0.358752
1.018635
-0.328684
-0.009562
-0.892646
-0.616696
-0.225959
-0.620374
0.702967
0.438804
-0.500834
0.178715
0.142198
0.316715
0.132535
0.130400
-0.358752
1.018635
-0.328684
-0.009562
-0.892646
-0.616696
-0.225959
-0.620374
0.702967
0.438804
-0.500834
0.178715
0.142198
0.316715
0.132535
0.130400
-0.358752
1.018635
-0.328684
-0.009562
-0.892646
-0.616696
-0.225959
-0.620374
0.702967
0.438804
-0.500834
0.178715
0.142198
0.316715
0.132535
0.130400
-0.358752
1.018635
-0.328684
-0.009562
-0.892646
-0.616696
-0.225959
-0.620374
0.702967
0.438804
-0.500834
0.178715
0.142198
0.316715
0.132535
0.130400
-0.358752
1.018635
-0.328684
-0.009562
-0.892646
-0.616696
-0.225959
-0.620374
0.702967
0.438804
-0.500834
0.178715
0.142198
0.316715
0.132535
0.130400
-0.358752
1.018635
-0.328684
-0.009562
-0.892646
-0.616696
-0.225959
-0.620374
0.702967
0.438804
-0.500834
0.178715
0.142198
0.316715
0.132535
0.130400
-0.358752
1.018635
-0.328684
-0.009562
-0.892646
-0.616696
-0.225959
-0.620374
0.702967
0.438804
-0.500834
0.178715
0.142198
0.316715
0.132535
0.130400
-0.358752
1.018635
-0.328684
-0.009562
-0.892646
-0.616696
-0.225959
-0.620374
0.702967
0.438804
-0.500834
0.178715
0.142198
0.316715
0.132535
0.130400
-0.358752
1.018635
-0.328684
-0.009562
-0.892646
-0.616696
-0.225959
-0.620374
0.702967
0.438804
-0.500834
0.178715
