-0.548600
2.992683
1.899999
-21.685783
18.436790
22.935589
-11.584798
2.222446
4.575682
-19.789066
-4.455377
30.501719
22.109591
0.089763
1.878418
-15.976370
2.811604
-10.174937
-486.379761
2082.750732
57.992935
2474.085938
-1350.697632
-2863.465088
-1329.447876
-2767.270264
-511.116821
-2667.905029
-472.529266
2351.451416
-422.814880
2413.643066
0.673413
-0.854038
-1.976338
15.071510
-13.101052
-16.053741
11.134282
-4.156389
-3.714989
17.124352
2.486541
-27.662413
-16.188185
-1.017242
-4.996284
15.801603
1.970029
7.485354
393.835358
-1632.817749
-19.714350
-1939.431274
1039.560669
2252.277588
1012.329529
2182.305664
373.121246
2093.925293
396.864716
-1831.638916
345.742462
-1885.155884
-5.943607
1.409538
-22.080528
-99.510429
-56.497322
-106.225273
119.946480
97.343338
119.778633
89.416428
80.561417
105.158119
-32.639526
-111.700645
-30.896151
-115.514557
-0.420673
1.586255
73.598747
-113.211571
46.972935
-147.338318
16.975777
198.746979
23.487648
193.901520
-27.929655
169.509018
78.504631
-133.909515
76.464966
-133.931885
-0.565868
0.253440
-0.327301
-0.279166
-0.080294
0.207651
0.021666
-0.558249
0.324770
-0.026628
0.263049
-0.548877
-0.482240
0.229329
-0.353526
0.594976
-0.565868
0.253440
-0.327301
-0.279166
-0.080294
0.207651
0.021666
-0.558249
0.324770
-0.026628
0.263049
-0.548877
-0.482240
0.229329
-0.353526
0.594976
-0.565868
0.253440
-0.327301
-0.279166
-0.080294
0.207651
0.021666
-0.558249
0.324770
-0.026628
0.263049
-0.548877
-0.482240
0.229329
-0.353526
0.594976
-0.565868
0.253440
-0.327301
-0.279166
-0.080294
0.207651
0.021666
-0.558249
0.324770
-0.026628
0.263049
-0.548877
-0.482240
0.229329
-0.353526
0.594976
-0.565868
0.253440
-0.327301
-0.279166
-0.080294
0.207651
0.021666
-0.558249
0.324770
-0.026628
0.263049
-0.548877
-0.482240
0.229329
-0.353526
0.594976
-0.565868
0.253440
-0.327301
-0.279166
-0.080294
0.207651
0.021666
-0.558249
0.324770
-0.026628
0.263049
-0.548877
-0.482240
0.229329
-0.353526
0.594976
-0.565868
0.253440
-0.327301
-0.279166
-0.080294
0.207651
0.021666
-0.558249
0.324770
-0.026628
0.263049
-0.548877
-0.482240
0.229329
-0.353526
0.594976
-0.565868
0.253440
-0.327301
-0.279166
-0.080294
0.207651
0.021666
-0.558249
0.324770
-0.026628
0.263049
-0.548877
-0.482240
0.229329
-0.353526
0.594976
-0.565868
0.253440
-0.327301
-0.279166
-0.080294
0.207651
0.021666
-0.558249
0.324770
-0.026628
0.263049
-0.548877
-0.482240
0.229329
-0.353526
0.594976
-0.565868
0.253440
-0.327301
-0.279166
-0.080294
0.207651
0.021666
-0.558249
0.324770
-0.026628
0.263049
-0.548877
-0.482240
0.229329
-0.353526
0.594976
-0.565868
0.253440
-0.327301
-0.279166
-0.080294
0.207651
0.021666
-0.558249
0.324770
-0.026628
0.263049
-0.548877
-0.482240
0.229329
-0.353526
0.594976
-0.565868
0.253440
-0.327301
-0.279166
-0.080294
0.207651
0.021666
-0.558249
0.324770
-0.026628
0.263049
-0.548877
-0.482240
0.229329
-0.353526
0.594976
-0.565868
0.253440
-0.327301
-0.279166
-0.080294
0.207651
0.021666
-0.558249
0.324770
-0.026628
0.263049
-0.548877
-0.482240
0.229329
-0.353526
0.594976
-0.565868
0.253440
-0.327301
-0.279166
-0.080294
0.207651
0.021666
-0.558249
0.324770
-0.026628
0.263049
-0.548877
-0.482240
0.229329
-0.353526
0.594976
