-30.128748
-7.317668
-27.670130
-15.541000
27.821558
11.107153
7.063741
-10.106762
5.766241
11.471637
-26.119570
4.357411
7.547989
-13.557195
2.708731
6.040491
-0.268383
1.279562
22.000595
11.199877
-27.559645
12.202151
2.306895
-12.355478
20.140965
14.909878
-30.644188
-22.066757
-10.421604
22.413879
13.994046
13.029916
-11.814558
-2.833374
2598.497070
-522.046570
2655.754150
-1092.311035
-2517.314453
2503.599365
-2701.125000
2831.130127
-2418.464111
1859.164185
3227.710938
-197.531097
2858.336182
-613.704895
0.890453
0.811627
-9.608012
1.609694
15.140910
-11.849106
-5.928669
5.705139
-8.991598
-9.500779
18.926661
18.315847
-0.642161
-8.203012
-2.180477
-7.177323
7.346325
1.766613
-1361.484985
327.618317
-1377.264038
628.932251
1284.639404
-1374.342407
1368.823853
-1548.248169
1241.026489
-1031.963013
-1701.000122
164.892685
-1495.748169
382.504700
2.248747
-0.063752
-104.790337
7.139160
-113.044518
29.256201
112.925034
-86.807365
122.684662
-97.879951
105.886238
-64.627708
-124.877502
-7.909070
-115.466423
6.815026
0.202355
1.995206
-413.230682
162.295242
-410.174255
252.511597
344.657654
-482.486908
367.698883
-544.713013
352.135193
-373.221710
-530.580627
126.529160
-454.054016
179.562637
0.088132
-2.034704
-164.275391
-20.739269
-180.270325
20.862038
194.721237
-102.111000
213.893585
-119.165459
179.013748
-67.393852
-196.648376
-47.151043
-184.606567
-16.959297
-0.113398
0.811123
-0.568588
-0.811988
-0.578159
-0.152621
1.297253
-0.053677
0.799136
-0.014906
1.243210
0.068037
-0.893046
-0.611848
-1.029583
-0.718986
-0.113398
0.811123
-0.568588
-0.811988
-0.578159
-0.152621
1.297253
-0.053677
0.799136
-0.014906
1.243210
0.068037
-0.893046
-0.611848
-1.029583
-0.718986
-0.113398
0.811123
-0.568588
-0.811988
-0.578159
-0.152621
1.297253
-0.053677
0.799136
-0.014906
1.243210
0.068037
-0.893046
-0.611848
-1.029583
-0.718986
-0.113398
0.811123
-0.568588
-0.811988
-0.578159
-0.152621
1.297253
-0.053677
0.799136
-0.014906
1.243210
0.068037
-0.893046
-0.611848
-1.029583
-0.718986
-0.113398
0.811123
-0.568588
-0.811988
-0.578159
-0.152621
1.297253
-0.053677
0.799136
-0.014906
1.243210
0.068037
-0.893046
-0.611848
-1.029583
-0.718986
-0.113398
0.811123
-0.568588
-0.811988
-0.578159
-0.152621
1.297253
-0.053677
0.799136
-0.014906
1.243210
0.068037
-0.893046
-0.611848
-1.029583
-0.718986
-0.113398
0.811123
-0.568588
-0.811988
-0.578159
-0.152621
1.297253
-0.053677
0.799136
-0.014906
1.243210
0.068037
-0.893046
-0.611848
-1.029583
-0.718986
-0.113398
0.811123
-0.568588
-0.811988
-0.578159
-0.152621
1.297253
-0.053677
0.799136
-0.014906
1.243210
0.068037
-0.893046
-0.611848
-1.029583
-0.718986
-0.113398
0.811123
-0.568588
-0.811988
-0.578159
-0.152621
1.297253
-0.053677
0.799136
-0.014906
1.243210
0.068037
-0.893046
-0.611848
-1.029583
-0.718986
-0.113398
0.811123
-0.568588
-0.811988
-0.578159
-0.152621
1.297253
-0.053677
0.799136
-0.014906
1.243210
0.068037
-0.893046
-0.611848
-1.029583
-0.718986
-0.113398
0.811123
-0.568588
-0.811988
-0.578159
-0.152621
1.297253
-0.053677
0.799136
-0.014906
1.243210
0.068037
-0.893046
-0.611848
-1.029583
-0.718986
-0.113398
0.811123
-0.568588
-0.811988
-0.578159
-0.152621
1.297253
-0.053677
0.799136
-0.014906
1.243210
0.068037
-0.893046
-0.611848
-1.029583
-0.718986
