-0.123192
-0.091807
20.366919
-9.788462
-6.833225
6.412897
-1.234586
-5.170459
14.340675
-1.498233
-32.958138
-4.057539
-2.100837
-5.011527
-0.669619
3.880738
4.093585
-5.721806
1773.881714
1258.165894
864.842651
-473.753387
-1277.793579
8.312330
-2007.665894
63.466774
-2645.204346
557.158691
8.893305
-74.323837
478.160156
-254.622696
-0.387342
3.283790
-692.355103
-540.580750
-359.225952
169.652161
513.699707
10.903348
813.051453
12.354734
1085.979248
-174.620239
-8.409333
32.723469
-198.936584
93.553680
-4.515796
-0.833969
-118.722977
-53.799263
-42.833988
36.806622
76.335312
-12.784287
117.662224
-27.150526
149.822342
-56.550869
-3.259702
0.789040
-28.974400
20.672674
1.553801
0.733988
-97.717865
-52.172947
-44.651054
27.061277
64.441368
-6.831485
104.157776
-15.488558
138.181488
-44.744854
2.216055
5.548855
-21.023628
14.130207
-4.869376
2.224474
-414.651337
-347.432312
-221.772003
106.861931
316.130646
24.638676
496.783997
24.475929
661.002563
-89.029358
-1.366663
17.443911
-120.696571
53.817955
-0.146593
1.050149
-0.584228
-0.852236
0.138397
0.147473
-0.003811
0.446246
0.126573
0.293002
0.279019
-0.079879
-0.056279
0.172016
-0.342565
0.279990
-0.146593
1.050149
-0.584228
-0.852236
0.138397
0.147473
-0.003811
0.446246
0.126573
0.293002
0.279019
-0.079879
-0.056279
0.172016
-0.342565
0.279990
-0.146593
1.050149
-0.584228
-0.852236
0.138397
0.147473
-0.003811
0.446246
0.126573
0.293002
0.279019
-0.079879
-0.056279
0.172016
-0.342565
0.279990
-0.146593
1.050149
-0.584228
-0.852236
0.138397
0.147473
-0.003811
0.446246
0.126573
0.293002
0.279019
-0.079879
-0.056279
0.172016
-0.342565
0.279990
-0.146593
1.050149
-0.584228
-0.852236
0.138397
0.147473
-0.003811
0.446246
0.126573
0.293002
0.279019
-0.079879
-0.056279
0.172016
-0.342565
0.279990
-0.146593
1.050149
-0.584228
-0.852236
0.138397
0.147473
-0.003811
0.446246
0.126573
0.293002
0.279019
-0.079879
-0.056279
0.172016
-0.342565
0.279990
-0.146593
1.050149
-0.584228
-0.852236
0.138397
0.147473
-0.003811
0.446246
0.126573
0.293002
0.279019
-0.079879
-0.056279
0.172016
-0.342565
0.279990
-0.146593
1.050149
-0.584228
-0.852236
0.138397
0.147473
-0.003811
0.446246
0.126573
0.293002
0.279019
-0.079879
-0.056279
0.172016
-0.342565
0.279990
-0.146593
1.050149
-0.584228
-0.852236
0.138397
0.147473
-0.003811
0.446246
0.126573
0.293002
0.279019
-0.079879
-0.056279
0.172016
-0.342565
0.279990
-0.146593
1.050149
-0.584228
-0.852236
0.138397
0.147473
-0.003811
0.446246
0.126573
0.293002
0.279019
-0.079879
-0.056279
0.172016
-0.342565
0.279990
-0.146593
1.050149
-0.584228
-0.852236
0.138397
0.147473
-0.003811
0.446246
0.126573
0.293002
0.279019
-0.079879
-0.056279
0.172016
-0.342565
0.279990
-0.146593
1.050149
-0.584228
-0.852236
0.138397
0.147473
-0.003811
0.446246
0.126573
0.293002
0.279019
-0.079879
-0.056279
0.172016
-0.342565
0.279990
-0.146593
1.050149
-0.584228
-0.852236
0.138397
0.147473
-0.003811
0.446246
0.126573
0.293002
0.279019
-0.079879
-0.056279
0.172016
-0.342565
0.279990
-0.146593
1.050149
-0.584228
-0.852236
0.138397
0.147473
-0.003811
0.446246
0.126573
0.293002
0.279019
-0.079879
-0.056279
0.172016
-0.342565
0.279990
