-2.067375
2.271237
17.114143
16.338234
-7.266232
-11.321428
2.375827
-5.245818
7.952088
13.234842
-11.272801
-31.368755
-4.176892
2.051166
0.773476
5.628198
-0.835126
-2.129649
1897.073364
-995.679749
-3.895159
-1126.483276
-575.580383
1202.930908
-948.284729
1823.245361
-944.177490
2493.887695
-53.297768
-266.030060
39.654720
-749.020142
-1.048475
-1.100845
-1048.516724
563.882813
8.826479
624.332397
310.101257
-670.855042
514.014221
-1014.469849
510.521881
-1386.730347
30.551367
149.119095
-17.126417
416.362152
3.346855
1.664100
-122.339523
43.497196
-6.461707
67.128853
44.325340
-68.695862
72.415245
-103.512405
74.063560
-144.676254
0.491518
14.238408
-11.330705
45.132702
0.442109
-1.010926
-71.860718
29.870598
-1.406947
39.783176
24.855444
-42.153248
40.504738
-59.991283
43.756420
-88.748299
0.297517
10.509169
-4.396080
29.842363
-0.598650
0.281384
-270.490326
169.968735
13.710407
167.748917
75.488831
-185.814438
122.504059
-285.495758
112.284920
-384.103912
8.138520
39.449787
3.426405
114.398659
1.253359
0.579714
-0.290320
-0.293190
-0.053708
-0.074086
-0.067045
-0.203075
-0.186836
-0.093369
0.138024
0.040211
-0.491159
-0.464918
-0.396376
0.817114
1.253359
0.579714
-0.290320
-0.293190
-0.053708
-0.074086
-0.067045
-0.203075
-0.186836
-0.093369
0.138024
0.040211
-0.491159
-0.464918
-0.396376
0.817114
1.253359
0.579714
-0.290320
-0.293190
-0.053708
-0.074086
-0.067045
-0.203075
-0.186836
-0.093369
0.138024
0.040211
-0.491159
-0.464918
-0.396376
0.817114
1.253359
0.579714
-0.290320
-0.293190
-0.053708
-0.074086
-0.067045
-0.203075
-0.186836
-0.093369
0.138024
0.040211
-0.491159
-0.464918
-0.396376
0.817114
1.253359
0.579714
-0.290320
-0.293190
-0.053708
-0.074086
-0.067045
-0.203075
-0.186836
-0.093369
0.138024
0.040211
-0.491159
-0.464918
-0.396376
0.817114
1.253359
0.579714
-0.290320
-0.293190
-0.053708
-0.074086
-0.067045
-0.203075
-0.186836
-0.093369
0.138024
0.040211
-0.491159
-0.464918
-0.396376
0.817114
1.253359
0.579714
-0.290320
-0.293190
-0.053708
-0.074086
-0.067045
-0.203075
-0.186836
-0.093369
0.138024
0.040211
-0.491159
-0.464918
-0.396376
0.817114
1.253359
0.579714
-0.290320
-0.293190
-0.053708
-0.074086
-0.067045
-0.203075
-0.186836
-0.093369
0.138024
0.040211
-0.491159
-0.464918
-0.396376
0.817114
1.253359
0.579714
-0.290320
-0.293190
-0.053708
-0.074086
-0.067045
-0.203075
-0.186836
-0.093369
0.138024
0.040211
-0.491159
-0.464918
-0.396376
0.817114
1.253359
0.579714
-0.290320
-0.293190
-0.053708
-0.074086
-0.067045
-0.203075
-0.186836
-0.093369
0.138024
0.040211
-0.491159
-0.464918
-0.396376
0.817114
1.253359
0.579714
-0.290320
-0.293190
-0.053708
-0.074086
-0.067045
-0.203075
-0.186836
-0.093369
0.138024
0.040211
-0.491159
-0.464918
-0.396376
0.817114
1.253359
0.579714
-0.290320
-0.293190
-0.053708
-0.074086
-0.067045
-0.203075
-0.186836
-0.093369
0.138024
0.040211
-0.491159
-0.464918
-0.396376
0.817114
1.253359
0.579714
-0.290320
-0.293190
-0.053708
-0.074086
-0.067045
-0.203075
-0.186836
-0.093369
0.138024
0.040211
-0.491159
-0.464918
-0.396376
0.817114
1.253359
0.579714
-0.290320
-0.293190
-0.053708
-0.074086
-0.067045
-0.203075
-0.186836
-0.093369
0.138024
0.040211
-0.491159
-0.464918
-0.396376
0.817114
