-0.168862
0.124970
4.978487
2.056140
-6.368202
-2.501024
-1.602177
-5.684400
-0.159280
3.621543
5.468417
-2.262532
3.163191
-3.829278
0.727421
5.237015
-0.923104
-0.710438
9.506512
14.478435
-8.621202
-8.221210
3.457772
-2.712622
7.200708
15.889591
-8.449018
-33.446617
-0.801272
-2.619730
0.959272
3.447410
1.068332
-4.394774
1647.714233
-1256.543945
63.300819
-1114.685303
-293.546417
1128.683228
-442.831299
1854.712402
-344.909760
2611.245361
-145.821228
-512.282349
95.643852
-612.520447
-1.374028
4.865118
-550.866577
470.740753
0.567667
391.584412
82.781998
-399.565491
100.957535
-652.884277
50.519493
-908.901794
60.526592
171.888916
-25.350542
214.663147
-0.231985
-0.729651
-114.811760
51.677929
-17.987942
65.684814
35.763020
-63.343319
53.319038
-105.759369
60.166012
-150.513519
0.297998
27.280243
-14.670506
31.653366
3.472680
-2.252678
-110.158165
46.459267
-22.435663
57.446312
35.246807
-55.995502
55.708454
-93.042152
55.434746
-137.438568
0.101477
28.920898
-16.021172
30.694878
-1.532055
2.263321
-454.462494
408.323212
9.086050
326.700470
56.439480
-338.469055
97.932411
-557.977722
53.570175
-783.315857
55.908081
152.689850
-6.822070
183.905319
0.148345
0.277680
-0.631105
-0.410576
-0.365090
0.181706
0.609820
-0.234882
0.536575
-0.044032
0.758375
-0.231480
-0.007556
-0.225465
-0.385961
0.551625
0.148345
0.277680
-0.631105
-0.410576
-0.365090
0.181706
0.609820
-0.234882
0.536575
-0.044032
0.758375
-0.231480
-0.007556
-0.225465
-0.385961
0.551625
0.148345
0.277680
-0.631105
-0.410576
-0.365090
0.181706
0.609820
-0.234882
0.536575
-0.044032
0.758375
-0.231480
-0.007556
-0.225465
-0.385961
0.551625
0.148345
0.277680
-0.631105
-0.410576
-0.365090
0.181706
0.609820
-0.234882
0.536575
-0.044032
0.758375
-0.231480
-0.007556
-0.225465
-0.385961
0.551625
0.148345
0.277680
-0.631105
-0.410576
-0.365090
0.181706
0.609820
-0.234882
0.536575
-0.044032
0.758375
-0.231480
-0.007556
-0.225465
-0.385961
0.551625
0.148345
0.277680
-0.631105
-0.410576
-0.365090
0.181706
0.609820
-0.234882
0.536575
-0.044032
0.758375
-0.231480
-0.007556
-0.225465
-0.385961
0.551625
0.148345
0.277680
-0.631105
-0.410576
-0.365090
0.181706
0.609820
-0.234882
0.536575
-0.044032
0.758375
-0.231480
-0.007556
-0.225465
-0.385961
0.551625
0.148345
0.277680
-0.631105
-0.410576
-0.365090
0.181706
0.609820
-0.234882
0.536575
-0.044032
0.758375
-0.231480
-0.007556
-0.225465
-0.385961
0.551625
0.148345
0.277680
-0.631105
-0.410576
-0.365090
0.181706
0.609820
-0.234882
0.536575
-0.044032
0.758375
-0.231480
-0.007556
-0.225465
-0.385961
0.551625
0.148345
0.277680
-0.631105
-0.410576
-0.365090
0.181706
0.609820
-0.234882
0.536575
-0.044032
0.758375
-0.231480
-0.007556
-0.225465
-0.385961
0.551625
0.148345
0.277680
-0.631105
-0.410576
-0.365090
0.181706
0.609820
-0.234882
0.536575
-0.044032
0.758375
-0.231480
-0.007556
-0.225465
-0.385961
0.551625
0.148345
0.277680
-0.631105
-0.410576
-0.365090
0.181706
0.609820
-0.234882
0.536575
-0.044032
0.758375
-0.231480
-0.007556
-0.225465
-0.385961
0.551625
0.148345
0.277680
-0.631105
-0.410576
-0.365090
0.181706
0.609820
-0.234882
0.536575
-0.044032
0.758375
-0.231480
-0.007556
-0.225465
-0.385961
0.551625
