-4.129139
-4.302864
620.404480
2684.156006
494.357178
1795.698853
-1382.479492
-3217.828857
-3550.592041
-3573.378906
-6752.984863
-2184.957520
862.170044
947.018127
1842.151733
87.501480
0.173051
-1.596133
10.023693
-27.172129
13.225463
22.509727
-12.011223
2.260484
24.223776
-31.574991
-83.106712
31.132912
4.702849
4.427959
9.340626
7.595848
-1.711598
-1.112896
-12.582207
14.685489
-7.569230
-13.039017
12.155505
-1.819654
-16.235313
25.497696
56.045170
-24.645342
-2.085739
-7.961544
-11.403976
-1.819189
3.960774
0.455678
-437.562653
-1907.303467
-349.026154
-1279.276855
980.342957
2293.407471
2521.262695
2549.484863
4800.000977
1574.453735
-611.967590
-678.744385
-1310.775513
-67.783569
2.163166
-0.788884
-36.306862
-123.480751
-34.657272
-80.030724
77.611053
136.862350
178.923721
145.365112
318.073639
63.201477
-46.431953
-31.710321
-83.395058
3.969378
-3.515555
2.954947
-29.016703
-213.214920
-29.748116
-142.115799
89.179047
256.252045
258.003021
299.730042
515.563416
201.035904
-64.672829
-73.438148
-140.958588
-17.222013
-1.064989
0.516602
-0.270367
-0.044740
0.302949
-0.371668
-0.021825
-0.038929
-0.452862
-0.054269
0.058917
0.023322
0.003445
-0.034930
-0.127795
1.127907
-1.064989
0.516602
-0.270367
-0.044740
0.302949
-0.371668
-0.021825
-0.038929
-0.452862
-0.054269
0.058917
0.023322
0.003445
-0.034930
-0.127795
1.127907
-1.064989
0.516602
-0.270367
-0.044740
0.302949
-0.371668
-0.021825
-0.038929
-0.452862
-0.054269
0.058917
0.023322
0.003445
-0.034930
-0.127795
1.127907
-1.064989
0.516602
-0.270367
-0.044740
0.302949
-0.371668
-0.021825
-0.038929
-0.452862
-0.054269
0.058917
0.023322
0.003445
-0.034930
-0.127795
1.127907
-1.064989
0.516602
-0.270367
-0.044740
0.302949
-0.371668
-0.021825
-0.038929
-0.452862
-0.054269
0.058917
0.023322
0.003445
-0.034930
-0.127795
1.127907
-1.064989
0.516602
-0.270367
-0.044740
0.302949
-0.371668
-0.021825
-0.038929
-0.452862
-0.054269
0.058917
0.023322
0.003445
-0.034930
-0.127795
1.127907
-1.064989
0.516602
-0.270367
-0.044740
0.302949
-0.371668
-0.021825
-0.038929
-0.452862
-0.054269
0.058917
0.023322
0.003445
-0.034930
-0.127795
1.127907
-1.064989
0.516602
-0.270367
-0.044740
0.302949
-0.371668
-0.021825
-0.038929
-0.452862
-0.054269
0.058917
0.023322
0.003445
-0.034930
-0.127795
1.127907
-1.064989
0.516602
-0.270367
-0.044740
0.302949
-0.371668
-0.021825
-0.038929
-0.452862
-0.054269
0.058917
0.023322
0.003445
-0.034930
-0.127795
1.127907
-1.064989
0.516602
-0.270367
-0.044740
0.302949
-0.371668
-0.021825
-0.038929
-0.452862
-0.054269
0.058917
0.023322
0.003445
-0.034930
-0.127795
1.127907
-1.064989
0.516602
-0.270367
-0.044740
0.302949
-0.371668
-0.021825
-0.038929
-0.452862
-0.054269
0.058917
0.023322
0.003445
-0.034930
-0.127795
1.127907
-1.064989
0.516602
-0.270367
-0.044740
0.302949
-0.371668
-0.021825
-0.038929
-0.452862
-0.054269
0.058917
0.023322
0.003445
-0.034930
-0.127795
1.127907
-1.064989
0.516602
-0.270367
-0.044740
0.302949
-0.371668
-0.021825
-0.038929
-0.452862
-0.054269
0.058917
0.023322
0.003445
-0.034930
-0.127795
1.127907
-1.064989
0.516602
-0.270367
-0.044740
0.302949
-0.371668
-0.021825
-0.038929
-0.452862
-0.054269
0.058917
0.023322
0.003445
-0.034930
-0.127795
1.127907
