3.977931
-2.737703
-2163.372314
1269.595459
-1324.042358
761.082275
2442.506104
-1793.709717
1788.449951
-3919.752686
-172.113953
-6030.406250
-481.497559
839.888062
359.266235
1489.464844
0.819889
0.112687
-9.737857
-22.305092
14.088308
-2.106173
2.419009
16.305626
-19.774944
-29.962151
0.278908
67.726585
14.479914
0.037369
4.865666
-7.890913
1.190418
1.655907
14.506832
16.202126
-14.565828
-0.092563
-1.746867
-12.395540
19.845377
27.786589
-0.556730
-61.408783
-7.387076
0.089338
-8.796142
1.539162
1.213096
5.573858
1927.845215
-1154.218994
1181.177490
-679.612671
-2177.433594
1604.937256
-1579.679199
3507.351074
188.169846
5395.125488
428.218109
-748.455566
-322.222900
-1326.848145
-0.299979
0.245319
-0.500897
-0.294830
-0.124611
0.133244
0.538763
0.309109
0.636430
-0.328711
0.625865
-1.151611
0.131472
-0.316389
-0.307810
0.115539
-0.299979
0.245319
-0.500897
-0.294830
-0.124611
0.133244
0.538763
0.309109
0.636430
-0.328711
0.625865
-1.151611
0.131472
-0.316389
-0.307810
0.115539
-0.299979
0.245319
-0.500897
-0.294830
-0.124611
0.133244
0.538763
0.309109
0.636430
-0.328711
0.625865
-1.151611
0.131472
-0.316389
-0.307810
0.115539
-0.299979
0.245319
-0.500897
-0.294830
-0.124611
0.133244
0.538763
0.309109
0.636430
-0.328711
0.625865
-1.151611
0.131472
-0.316389
-0.307810
0.115539
-0.299979
0.245319
-0.500897
-0.294830
-0.124611
0.133244
0.538763
0.309109
0.636430
-0.328711
0.625865
-1.151611
0.131472
-0.316389
-0.307810
0.115539
-0.299979
0.245319
-0.500897
-0.294830
-0.124611
0.133244
0.538763
0.309109
0.636430
-0.328711
0.625865
-1.151611
0.131472
-0.316389
-0.307810
0.115539
-0.299979
0.245319
-0.500897
-0.294830
-0.124611
0.133244
0.538763
0.309109
0.636430
-0.328711
0.625865
-1.151611
0.131472
-0.316389
-0.307810
0.115539
-0.299979
0.245319
-0.500897
-0.294830
-0.124611
0.133244
0.538763
0.309109
0.636430
-0.328711
0.625865
-1.151611
0.131472
-0.316389
-0.307810
0.115539
-0.299979
0.245319
-0.500897
-0.294830
-0.124611
0.133244
0.538763
0.309109
0.636430
-0.328711
0.625865
-1.151611
0.131472
-0.316389
-0.307810
0.115539
-0.299979
0.245319
-0.500897
-0.294830
-0.124611
0.133244
0.538763
0.309109
0.636430
-0.328711
0.625865
-1.151611
0.131472
-0.316389
-0.307810
0.115539
-0.299979
0.245319
-0.500897
-0.294830
-0.124611
0.133244
0.538763
0.309109
0.636430
-0.328711
0.625865
-1.151611
0.131472
-0.316389
-0.307810
0.115539
-0.299979
0.245319
-0.500897
-0.294830
-0.124611
0.133244
0.538763
0.309109
0.636430
-0.328711
0.625865
-1.151611
0.131472
-0.316389
-0.307810
0.115539
-0.299979
0.245319
-0.500897
-0.294830
-0.124611
0.133244
0.538763
0.309109
0.636430
-0.328711
0.625865
-1.151611
0.131472
-0.316389
-0.307810
0.115539
-0.299979
0.245319
-0.500897
-0.294830
-0.124611
0.133244
0.538763
0.309109
0.636430
-0.328711
0.625865
-1.151611
0.131472
-0.316389
-0.307810
0.115539
-0.299979
0.245319
-0.500897
-0.294830
-0.124611
0.133244
0.538763
0.309109
0.636430
-0.328711
0.625865
-1.151611
0.131472
-0.316389
-0.307810
0.115539
-0.299979
0.245319
-0.500897
-0.294830
-0.124611
0.133244
0.538763
0.309109
0.636430
-0.328711
0.625865
-1.151611
0.131472
-0.316389
-0.307810
0.115539
