2.351694
0.078952
13.779250
-17.877556
9.647429
14.941772
-15.369492
-2.089488
31.420483
-29.283747
-89.299026
23.577255
-3.780515
12.642431
12.822171
13.657610
-7.216461
-3.239854
1150.234985
2653.231445
604.696777
1558.694702
-1767.447876
-3092.375244
-4382.235840
-3111.970215
-7102.180176
-1195.363403
1115.787964
860.084351
1698.588501
-339.635132
0.147236
-2.085337
-12.686109
12.322458
-3.900693
-12.408327
11.329011
3.160905
-18.722731
17.232504
50.459923
-12.653861
1.175634
-8.875041
-3.315227
-5.276865
3.943112
5.725914
-722.025513
-1544.734009
-384.420593
-911.651611
1098.882080
1794.343506
2640.617188
1761.547852
4213.782715
580.475342
-673.104248
-481.852661
-999.240112
229.060791
2.412973
-1.562251
-41.072590
-231.795822
-12.396297
-132.143723
75.959114
279.158630
285.048187
337.121185
537.607239
243.015182
-72.850365
-94.796623
-142.802399
-7.393035
2.113569
1.256513
-246.708679
-353.109497
-136.125076
-209.662521
350.524994
401.345734
733.658142
324.356842
1073.129272
-29.362335
-187.123230
-97.685005
-236.433563
101.524178
-0.043843
-0.094547
0.259910
0.225819
-0.198292
0.235996
0.528997
0.115626
-0.003609
0.037805
-0.158408
-0.287677
0.451818
0.509413
-0.050744
0.031308
-0.043843
-0.094547
0.259910
0.225819
-0.198292
0.235996
0.528997
0.115626
-0.003609
0.037805
-0.158408
-0.287677
0.451818
0.509413
-0.050744
0.031308
-0.043843
-0.094547
0.259910
0.225819
-0.198292
0.235996
0.528997
0.115626
-0.003609
0.037805
-0.158408
-0.287677
0.451818
0.509413
-0.050744
0.031308
-0.043843
-0.094547
0.259910
0.225819
-0.198292
0.235996
0.528997
0.115626
-0.003609
0.037805
-0.158408
-0.287677
0.451818
0.509413
-0.050744
0.031308
-0.043843
-0.094547
0.259910
0.225819
-0.198292
0.235996
0.528997
0.115626
-0.003609
0.037805
-0.158408
-0.287677
0.451818
0.509413
-0.050744
0.031308
-0.043843
-0.094547
0.259910
0.225819
-0.198292
0.235996
0.528997
0.115626
-0.003609
0.037805
-0.158408
-0.287677
0.451818
0.509413
-0.050744
0.031308
-0.043843
-0.094547
0.259910
0.225819
-0.198292
0.235996
0.528997
0.115626
-0.003609
0.037805
-0.158408
-0.287677
0.451818
0.509413
-0.050744
0.031308
-0.043843
-0.094547
0.259910
0.225819
-0.198292
0.235996
0.528997
0.115626
-0.003609
0.037805
-0.158408
-0.287677
0.451818
0.509413
-0.050744
0.031308
-0.043843
-0.094547
0.259910
0.225819
-0.198292
0.235996
0.528997
0.115626
-0.003609
0.037805
-0.158408
-0.287677
0.451818
0.509413
-0.050744
0.031308
-0.043843
-0.094547
0.259910
0.225819
-0.198292
0.235996
0.528997
0.115626
-0.003609
0.037805
-0.158408
-0.287677
0.451818
0.509413
-0.050744
0.031308
-0.043843
-0.094547
0.259910
0.225819
-0.198292
0.235996
0.528997
0.115626
-0.003609
0.037805
-0.158408
-0.287677
0.451818
0.509413
-0.050744
0.031308
-0.043843
-0.094547
0.259910
0.225819
-0.198292
0.235996
0.528997
0.115626
-0.003609
0.037805
-0.158408
-0.287677
0.451818
0.509413
-0.050744
0.031308
-0.043843
-0.094547
0.259910
0.225819
-0.198292
0.235996
0.528997
0.115626
-0.003609
0.037805
-0.158408
-0.287677
0.451818
0.509413
-0.050744
0.031308
-0.043843
-0.094547
0.259910
0.225819
-0.198292
0.235996
0.528997
0.115626
-0.003609
0.037805
-0.158408
-0.287677
0.451818
0.509413
-0.050744
0.031308
