0.222088
-0.358962
-17.882080
9.361506
26.187962
-29.540724
-22.259441
15.779629
18.046282
8.081234
20.940245
-2.895520
-1.062250
-3.859143
21.850117
-2.096004
1.285328
3.336893
2347.599121
-1349.621826
1857.652832
-1384.436890
-1841.800293
2620.295654
-1069.752686
4724.246094
1929.822266
6392.513184
-45.053890
-1431.885864
-314.954651
-1270.311768
-2.295042
-1.997267
21.312561
17.281847
-24.035402
-0.683137
3.621418
-15.220692
12.416693
38.608002
17.961678
-78.859169
-11.273204
-4.816729
-9.073302
4.689419
1.669886
-1.000519
-18.823671
-17.138714
21.953035
5.432221
0.181374
9.198367
-12.350819
-30.008917
-17.089605
64.503937
6.602723
-0.868483
3.316626
0.873814
-1.343353
-1.640184
-97.386642
106.347816
-80.353149
96.168770
54.790485
-155.380569
-7.548150
-255.937912
-185.907150
-306.987244
20.021654
74.710464
35.281918
57.150581
-0.815800
-1.298078
-1895.960938
1088.541382
-1489.462402
1120.602783
1479.025879
-2118.732666
842.977112
-3808.239014
-1577.154663
-5128.402832
37.487022
1149.287109
253.611176
1024.424438
0.228242
-0.393728
-110.346352
26.856131
-92.607048
30.167522
103.205132
-80.876839
101.053230
-178.737000
2.057938
-283.300354
-13.039258
59.654221
-3.652055
55.959927
0.343909
-0.178038
-0.127158
0.033011
-0.309405
-0.078475
0.312472
-0.125624
0.702251
-1.110117
0.599405
-1.888637
-0.452580
0.110290
-0.267488
0.488660
0.343909
-0.178038
-0.127158
0.033011
-0.309405
-0.078475
0.312472
-0.125624
0.702251
-1.110117
0.599405
-1.888637
-0.452580
0.110290
-0.267488
0.488660
0.343909
-0.178038
-0.127158
0.033011
-0.309405
-0.078475
0.312472
-0.125624
0.702251
-1.110117
0.599405
-1.888637
-0.452580
0.110290
-0.267488
0.488660
0.343909
-0.178038
-0.127158
0.033011
-0.309405
-0.078475
0.312472
-0.125624
0.702251
-1.110117
0.599405
-1.888637
-0.452580
0.110290
-0.267488
0.488660
0.343909
-0.178038
-0.127158
0.033011
-0.309405
-0.078475
0.312472
-0.125624
0.702251
-1.110117
0.599405
-1.888637
-0.452580
0.110290
-0.267488
0.488660
0.343909
-0.178038
-0.127158
0.033011
-0.309405
-0.078475
0.312472
-0.125624
0.702251
-1.110117
0.599405
-1.888637
-0.452580
0.110290
-0.267488
0.488660
0.343909
-0.178038
-0.127158
0.033011
-0.309405
-0.078475
0.312472
-0.125624
0.702251
-1.110117
0.599405
-1.888637
-0.452580
0.110290
-0.267488
0.488660
0.343909
-0.178038
-0.127158
0.033011
-0.309405
-0.078475
0.312472
-0.125624
0.702251
-1.110117
0.599405
-1.888637
-0.452580
0.110290
-0.267488
0.488660
0.343909
-0.178038
-0.127158
0.033011
-0.309405
-0.078475
0.312472
-0.125624
0.702251
-1.110117
0.599405
-1.888637
-0.452580
0.110290
-0.267488
0.488660
0.343909
-0.178038
-0.127158
0.033011
-0.309405
-0.078475
0.312472
-0.125624
0.702251
-1.110117
0.599405
-1.888637
-0.452580
0.110290
-0.267488
0.488660
0.343909
-0.178038
-0.127158
0.033011
-0.309405
-0.078475
0.312472
-0.125624
0.702251
-1.110117
0.599405
-1.888637
-0.452580
0.110290
-0.267488
0.488660
0.343909
-0.178038
-0.127158
0.033011
-0.309405
-0.078475
0.312472
-0.125624
0.702251
-1.110117
0.599405
-1.888637
-0.452580
0.110290
-0.267488
0.488660
0.343909
-0.178038
-0.127158
0.033011
-0.309405
-0.078475
0.312472
-0.125624
0.702251
-1.110117
0.599405
-1.888637
-0.452580
0.110290
-0.267488
0.488660
