-8.722095
-1.355896
7.554498
3.361607
-0.433124
29.684223
-2.122557
-26.359669
-16.604527
11.657262
-29.448868
7.059930
3.472949
9.517714
-15.461080
-0.890092
1.373313
-1.822883
19.668255
-5.145128
-10.003640
20.467167
-12.343977
-8.389085
43.223003
13.110244
-68.606544
-63.194771
-6.937419
3.512242
-1.397506
9.722472
-3.431343
2.947310
2813.154297
1013.439758
2127.783936
900.363098
-3231.605469
-341.632538
-5082.859863
2092.584717
-4826.009766
5757.520996
1353.880981
-517.175476
814.077454
-978.317688
-0.822920
1.755264
-9.443563
4.953378
3.790456
-11.102527
4.527887
4.717453
-20.371454
-8.959366
30.709255
28.816935
1.305356
-0.972078
2.129176
-3.787379
2.672608
-2.105102
-1348.798340
-459.533691
-1015.223877
-404.237701
1538.523071
133.170563
2395.986084
-1034.151611
2244.213135
-2779.397705
-635.505310
255.299408
-382.548401
481.384796
0.010615
0.574642
-158.619476
-67.968834
-123.497482
-58.706364
189.194046
29.290272
304.924866
-107.133446
306.403625
-319.320251
-81.329720
28.971010
-49.770874
50.481544
-3.207573
-0.915381
-132.354736
-41.504906
-99.718010
-41.152897
149.410889
13.823731
231.427383
-108.449242
210.354065
-276.901520
-59.139599
23.377800
-32.673004
47.929775
3.590470
0.260767
-562.038818
-164.707687
-425.963226
-157.205551
634.780884
33.711643
972.099060
-467.808899
881.979065
-1180.364502
-262.449341
115.800240
-146.985031
195.099365
0.348006
0.086567
-0.131802
0.390063
-0.011344
-0.169892
0.157624
0.152184
0.480920
-0.106252
0.730562
0.304054
-0.213262
-0.395773
-0.121340
0.082543
0.348006
0.086567
-0.131802
0.390063
-0.011344
-0.169892
0.157624
0.152184
0.480920
-0.106252
0.730562
0.304054
-0.213262
-0.395773
-0.121340
0.082543
0.348006
0.086567
-0.131802
0.390063
-0.011344
-0.169892
0.157624
0.152184
0.480920
-0.106252
0.730562
0.304054
-0.213262
-0.395773
-0.121340
0.082543
0.348006
0.086567
-0.131802
0.390063
-0.011344
-0.169892
0.157624
0.152184
0.480920
-0.106252
0.730562
0.304054
-0.213262
-0.395773
-0.121340
0.082543
0.348006
0.086567
-0.131802
0.390063
-0.011344
-0.169892
0.157624
0.152184
0.480920
-0.106252
0.730562
0.304054
-0.213262
-0.395773
-0.121340
0.082543
0.348006
0.086567
-0.131802
0.390063
-0.011344
-0.169892
0.157624
0.152184
0.480920
-0.106252
0.730562
0.304054
-0.213262
-0.395773
-0.121340
0.082543
0.348006
0.086567
-0.131802
0.390063
-0.011344
-0.169892
0.157624
0.152184
0.480920
-0.106252
0.730562
0.304054
-0.213262
-0.395773
-0.121340
0.082543
0.348006
0.086567
-0.131802
0.390063
-0.011344
-0.169892
0.157624
0.152184
0.480920
-0.106252
0.730562
0.304054
-0.213262
-0.395773
-0.121340
0.082543
0.348006
0.086567
-0.131802
0.390063
-0.011344
-0.169892
0.157624
0.152184
0.480920
-0.106252
0.730562
0.304054
-0.213262
-0.395773
-0.121340
0.082543
0.348006
0.086567
-0.131802
0.390063
-0.011344
-0.169892
0.157624
0.152184
0.480920
-0.106252
0.730562
0.304054
-0.213262
-0.395773
-0.121340
0.082543
0.348006
0.086567
-0.131802
0.390063
-0.011344
-0.169892
0.157624
0.152184
0.480920
-0.106252
0.730562
0.304054
-0.213262
-0.395773
-0.121340
0.082543
0.348006
0.086567
-0.131802
0.390063
-0.011344
-0.169892
0.157624
0.152184
0.480920
-0.106252
0.730562
0.304054
-0.213262
-0.395773
-0.121340
0.082543
