-2.750769
3.308665
3228.235107
-1244.316528
1963.845337
-802.077820
-3621.862549
1635.346313
-2805.931396
4445.943359
-795.690613
7275.840332
962.621887
-1224.629028
7.216143
-1861.467529
-1.928495
1.636401
22.743328
16.843323
-17.728128
6.159189
-5.251254
-12.365438
28.880934
32.875416
-20.367523
-91.403419
-10.678825
-1.648248
-9.712885
14.360992
-2.414658
-1.986221
-11.285716
-9.864755
10.728483
-2.403386
0.722626
5.365912
-16.232420
-16.737419
7.588010
44.803921
8.794084
0.111686
3.837167
-7.345528
0.957212
-2.147141
-1622.712036
659.562744
-982.745483
420.882385
1834.287964
-884.412109
1397.214233
-2301.889160
333.100555
-3712.509033
-523.916077
634.232605
0.095695
938.611755
-1.440142
0.055610
-128.498199
41.759697
-77.022453
25.792509
140.403183
-50.690147
117.277824
-166.032501
39.885944
-285.380585
-28.470207
45.303234
3.475559
70.171936
3.399342
0.154809
-551.684387
249.517105
-339.949493
159.048309
614.156555
-310.953491
440.978424
-791.698425
73.625580
-1276.435181
-130.966705
222.836624
26.272068
330.627197
1.773084
1.485134
-205.860840
51.515335
-123.559479
34.210533
227.013840
-68.113434
200.403610
-247.444138
101.727455
-423.239807
-65.393456
60.304798
-15.481146
110.510376
-0.341003
-1.092277
-0.286794
-0.010530
0.074597
0.213894
0.535818
0.259311
0.402535
-0.271750
0.399049
0.072177
0.448904
-0.072433
-0.008733
-0.573350
-0.341003
-1.092277
-0.286794
-0.010530
0.074597
0.213894
0.535818
0.259311
0.402535
-0.271750
0.399049
0.072177
0.448904
-0.072433
-0.008733
-0.573350
-0.341003
-1.092277
-0.286794
-0.010530
0.074597
0.213894
0.535818
0.259311
0.402535
-0.271750
0.399049
0.072177
0.448904
-0.072433
-0.008733
-0.573350
-0.341003
-1.092277
-0.286794
-0.010530
0.074597
0.213894
0.535818
0.259311
0.402535
-0.271750
0.399049
0.072177
0.448904
-0.072433
-0.008733
-0.573350
-0.341003
-1.092277
-0.286794
-0.010530
0.074597
0.213894
0.535818
0.259311
0.402535
-0.271750
0.399049
0.072177
0.448904
-0.072433
-0.008733
-0.573350
-0.341003
-1.092277
-0.286794
-0.010530
0.074597
0.213894
0.535818
0.259311
0.402535
-0.271750
0.399049
0.072177
0.448904
-0.072433
-0.008733
-0.573350
-0.341003
-1.092277
-0.286794
-0.010530
0.074597
0.213894
0.535818
0.259311
0.402535
-0.271750
0.399049
0.072177
0.448904
-0.072433
-0.008733
-0.573350
-0.341003
-1.092277
-0.286794
-0.010530
0.074597
0.213894
0.535818
0.259311
0.402535
-0.271750
0.399049
0.072177
0.448904
-0.072433
-0.008733
-0.573350
-0.341003
-1.092277
-0.286794
-0.010530
0.074597
0.213894
0.535818
0.259311
0.402535
-0.271750
0.399049
0.072177
0.448904
-0.072433
-0.008733
-0.573350
-0.341003
-1.092277
-0.286794
-0.010530
0.074597
0.213894
0.535818
0.259311
0.402535
-0.271750
0.399049
0.072177
0.448904
-0.072433
-0.008733
-0.573350
-0.341003
-1.092277
-0.286794
-0.010530
0.074597
0.213894
0.535818
0.259311
0.402535
-0.271750
0.399049
0.072177
0.448904
-0.072433
-0.008733
-0.573350
-0.341003
-1.092277
-0.286794
-0.010530
0.074597
0.213894
0.535818
0.259311
0.402535
-0.271750
0.399049
0.072177
0.448904
-0.072433
-0.008733
-0.573350
-0.341003
-1.092277
-0.286794
-0.010530
0.074597
0.213894
0.535818
0.259311
0.402535
-0.271750
0.399049
0.072177
0.448904
-0.072433
-0.008733
-0.573350
