0.074369
-3.110235
39.884735
-1.464155
-35.734425
-32.329102
-4.586382
8.248009
32.451153
-24.144051
-28.999157
6.946489
14.285899
-0.405818
9.770837
17.879021
12.470259
-7.808814
3760.369873
1584.812012
564.675110
-4434.294922
227.960419
-2183.933350
-4500.612793
-2022.769531
-2355.451904
-456.283478
-838.031555
1357.824585
2143.963379
-2091.676758
-2.122206
-0.822157
-22.407129
2.549662
20.955376
16.753345
-0.633522
-2.447991
-19.591841
17.656519
20.163538
-2.997622
-8.093894
1.833283
-6.891368
-13.636858
-7.847767
5.758083
-2366.732910
-1069.147949
-427.347656
2808.966797
-187.261642
1390.591919
2830.416504
1349.613281
1492.839844
323.097046
558.096985
-842.850220
-1398.097534
1300.471069
-2.457636
0.669920
-261.873077
-3.305782
70.998817
278.396393
41.253571
133.738159
317.632324
16.101843
152.150040
-30.475519
17.682465
-104.053551
-74.906242
174.412689
-1.428205
-1.504528
-378.758453
-288.537781
-191.738220
484.549469
-84.134293
240.023834
447.937317
361.329407
251.298492
121.226105
135.885880
-131.765869
-301.903717
172.831604
1.104830
0.228210
0.070420
-0.209179
-0.840029
0.914035
-0.241876
-0.616832
0.228335
0.815642
0.210201
0.116638
0.235789
0.128202
-0.017106
-0.265237
1.104830
0.228210
0.070420
-0.209179
-0.840029
0.914035
-0.241876
-0.616832
0.228335
0.815642
0.210201
0.116638
0.235789
0.128202
-0.017106
-0.265237
1.104830
0.228210
0.070420
-0.209179
-0.840029
0.914035
-0.241876
-0.616832
0.228335
0.815642
0.210201
0.116638
0.235789
0.128202
-0.017106
-0.265237
1.104830
0.228210
0.070420
-0.209179
-0.840029
0.914035
-0.241876
-0.616832
0.228335
0.815642
0.210201
0.116638
0.235789
0.128202
-0.017106
-0.265237
1.104830
0.228210
0.070420
-0.209179
-0.840029
0.914035
-0.241876
-0.616832
0.228335
0.815642
0.210201
0.116638
0.235789
0.128202
-0.017106
-0.265237
1.104830
0.228210
0.070420
-0.209179
-0.840029
0.914035
-0.241876
-0.616832
0.228335
0.815642
0.210201
0.116638
0.235789
0.128202
-0.017106
-0.265237
1.104830
0.228210
0.070420
-0.209179
-0.840029
0.914035
-0.241876
-0.616832
0.228335
0.815642
0.210201
0.116638
0.235789
0.128202
-0.017106
-0.265237
1.104830
0.228210
0.070420
-0.209179
-0.840029
0.914035
-0.241876
-0.616832
0.228335
0.815642
0.210201
0.116638
0.235789
0.128202
-0.017106
-0.265237
1.104830
0.228210
0.070420
-0.209179
-0.840029
0.914035
-0.241876
-0.616832
0.228335
0.815642
0.210201
0.116638
0.235789
0.128202
-0.017106
-0.265237
1.104830
0.228210
0.070420
-0.209179
-0.840029
0.914035
-0.241876
-0.616832
0.228335
0.815642
0.210201
0.116638
0.235789
0.128202
-0.017106
-0.265237
1.104830
0.228210
0.070420
-0.209179
-0.840029
0.914035
-0.241876
-0.616832
0.228335
0.815642
0.210201
0.116638
0.235789
0.128202
-0.017106
-0.265237
1.104830
0.228210
0.070420
-0.209179
-0.840029
0.914035
-0.241876
-0.616832
0.228335
0.815642
0.210201
0.116638
0.235789
0.128202
-0.017106
-0.265237
1.104830
0.228210
0.070420
-0.209179
-0.840029
0.914035
-0.241876
-0.616832
0.228335
0.815642
0.210201
0.116638
0.235789
0.128202
-0.017106
-0.265237
1.104830
0.228210
0.070420
-0.209179
-0.840029
0.914035
-0.241876
-0.616832
0.228335
0.815642
0.210201
0.116638
0.235789
0.128202
-0.017106
-0.265237
