-0.760152
-0.255256
-0.738921
29.565102
-20.386564
-25.306971
10.365830
-7.906596
-22.658670
35.471767
79.607170
-41.773575
-5.474030
-12.139039
-17.776777
-2.317432
5.188777
3.618113
446.101685
-3303.471680
174.635086
-2658.420410
295.343506
4382.488770
3527.917969
3999.559082
6555.205078
2950.787842
-1417.434204
-1587.322021
-1779.949097
-1074.778320
-1.315513
-0.619758
3.196595
-13.333949
9.146996
8.932267
-8.928541
4.023699
8.189704
-16.455854
-40.941074
24.169945
5.385056
8.458681
9.796988
-1.898422
-3.192627
-1.048260
-290.370728
1621.413330
-149.831360
1307.382935
-48.213406
-2178.402100
-1665.675537
-2054.163818
-3181.573975
-1612.845337
680.147949
818.491272
865.306763
573.211304
-1.155678
-0.634441
-6.906495
123.273834
7.464448
102.384590
-28.424549
-163.216537
-142.576401
-137.907883
-255.731079
-84.871780
57.823456
49.668808
68.447960
37.380878
0.091925
-1.341395
24.228136
229.056961
36.081318
182.872833
-92.133781
-292.863434
-303.032867
-210.784119
-492.209290
-91.203842
116.817047
83.884628
138.416611
44.606812
-1.641601
-0.185444
-178.228561
606.851685
-103.688965
494.835052
65.922119
-827.596436
-542.270142
-850.432617
-1141.569458
-739.232239
214.893875
340.983398
300.745270
251.028061
-0.563147
-0.044909
-0.183859
0.080990
0.309733
-0.142835
-0.435750
-0.410750
-0.585544
-0.436460
-0.608614
-1.039757
0.218192
0.364893
0.261542
0.315096
-0.563147
-0.044909
-0.183859
0.080990
0.309733
-0.142835
-0.435750
-0.410750
-0.585544
-0.436460
-0.608614
-1.039757
0.218192
0.364893
0.261542
0.315096
-0.563147
-0.044909
-0.183859
0.080990
0.309733
-0.142835
-0.435750
-0.410750
-0.585544
-0.436460
-0.608614
-1.039757
0.218192
0.364893
0.261542
0.315096
-0.563147
-0.044909
-0.183859
0.080990
0.309733
-0.142835
-0.435750
-0.410750
-0.585544
-0.436460
-0.608614
-1.039757
0.218192
0.364893
0.261542
0.315096
-0.563147
-0.044909
-0.183859
0.080990
0.309733
-0.142835
-0.435750
-0.410750
-0.585544
-0.436460
-0.608614
-1.039757
0.218192
0.364893
0.261542
0.315096
-0.563147
-0.044909
-0.183859
0.080990
0.309733
-0.142835
-0.435750
-0.410750
-0.585544
-0.436460
-0.608614
-1.039757
0.218192
0.364893
0.261542
0.315096
-0.563147
-0.044909
-0.183859
0.080990
0.309733
-0.142835
-0.435750
-0.410750
-0.585544
-0.436460
-0.608614
-1.039757
0.218192
0.364893
0.261542
0.315096
-0.563147
-0.044909
-0.183859
0.080990
0.309733
-0.142835
-0.435750
-0.410750
-0.585544
-0.436460
-0.608614
-1.039757
0.218192
0.364893
0.261542
0.315096
-0.563147
-0.044909
-0.183859
0.080990
0.309733
-0.142835
-0.435750
-0.410750
-0.585544
-0.436460
-0.608614
-1.039757
0.218192
0.364893
0.261542
0.315096
-0.563147
-0.044909
-0.183859
0.080990
0.309733
-0.142835
-0.435750
-0.410750
-0.585544
-0.436460
-0.608614
-1.039757
0.218192
0.364893
0.261542
0.315096
-0.563147
-0.044909
-0.183859
0.080990
0.309733
-0.142835
-0.435750
-0.410750
-0.585544
-0.436460
-0.608614
-1.039757
0.218192
0.364893
0.261542
0.315096
-0.563147
-0.044909
-0.183859
0.080990
0.309733
-0.142835
-0.435750
-0.410750
-0.585544
-0.436460
-0.608614
-1.039757
0.218192
0.364893
0.261542
0.315096
-0.563147
-0.044909
-0.183859
0.080990
0.309733
-0.142835
-0.435750
-0.410750
-0.585544
-0.436460
-0.608614
-1.039757
0.218192
0.364893
0.261542
0.315096
