2.865423
0.772165
-8.425626
-12.250147
4.490148
15.691687
-4.427983
0.384293
-7.074101
-12.212525
-2.494453
4.633118
-13.186090
4.540386
21.333792
-9.105321
0.629414
1.764452
30.236567
-17.431583
-26.724823
9.953232
8.057333
16.382481
-10.578111
0.514845
17.011126
-14.778747
19.959297
13.617506
-7.285124
-14.695283
8.506293
-4.497106
-1351.883301
1195.671143
666.245239
1695.196045
-706.216370
-927.398621
833.611267
-1547.705566
-264.867340
-222.955139
810.433716
-1542.904785
2032.979736
2317.702148
-4.107698
0.822072
469.125275
-416.326965
-216.447113
-585.173523
224.072662
314.259705
-291.221191
531.375305
89.021202
92.766228
-292.132507
518.200500
-703.647705
-805.824768
-1.278311
3.120579
396.125366
-354.803497
-214.758820
-503.306366
232.413528
279.905762
-244.054169
464.977661
81.563828
47.818287
-228.716705
471.121368
-609.843506
-682.915161
0.227045
0.200710
54.777138
-57.762928
-34.579002
-73.637291
37.149544
40.485432
-33.273266
75.928886
13.657383
8.522188
-31.002148
70.405037
-97.760689
-94.759674
2.073287
-0.671196
91.954185
-87.023590
-51.673412
-116.443138
49.405956
62.449318
-51.542488
103.981392
18.650124
14.176070
-52.109356
113.792358
-145.577560
-157.712830
0.072540
0.101483
0.693691
0.118008
-0.244064
-0.121892
-0.483041
0.197228
-0.286400
-0.538697
0.086463
-0.363648
-0.126263
0.168127
-0.017104
-0.689264
0.072540
0.101483
0.693691
0.118008
-0.244064
-0.121892
-0.483041
0.197228
-0.286400
-0.538697
0.086463
-0.363648
-0.126263
0.168127
-0.017104
-0.689264
0.072540
0.101483
0.693691
0.118008
-0.244064
-0.121892
-0.483041
0.197228
-0.286400
-0.538697
0.086463
-0.363648
-0.126263
0.168127
-0.017104
-0.689264
0.072540
0.101483
0.693691
0.118008
-0.244064
-0.121892
-0.483041
0.197228
-0.286400
-0.538697
0.086463
-0.363648
-0.126263
0.168127
-0.017104
-0.689264
0.072540
0.101483
0.693691
0.118008
-0.244064
-0.121892
-0.483041
0.197228
-0.286400
-0.538697
0.086463
-0.363648
-0.126263
0.168127
-0.017104
-0.689264
0.072540
0.101483
0.693691
0.118008
-0.244064
-0.121892
-0.483041
0.197228
-0.286400
-0.538697
0.086463
-0.363648
-0.126263
0.168127
-0.017104
-0.689264
0.072540
0.101483
0.693691
0.118008
-0.244064
-0.121892
-0.483041
0.197228
-0.286400
-0.538697
0.086463
-0.363648
-0.126263
0.168127
-0.017104
-0.689264
0.072540
0.101483
0.693691
0.118008
-0.244064
-0.121892
-0.483041
0.197228
-0.286400
-0.538697
0.086463
-0.363648
-0.126263
0.168127
-0.017104
-0.689264
0.072540
0.101483
0.693691
0.118008
-0.244064
-0.121892
-0.483041
0.197228
-0.286400
-0.538697
0.086463
-0.363648
-0.126263
0.168127
-0.017104
-0.689264
0.072540
0.101483
0.693691
0.118008
-0.244064
-0.121892
-0.483041
0.197228
-0.286400
-0.538697
0.086463
-0.363648
-0.126263
0.168127
-0.017104
-0.689264
0.072540
0.101483
0.693691
0.118008
-0.244064
-0.121892
-0.483041
0.197228
-0.286400
-0.538697
0.086463
-0.363648
-0.126263
0.168127
-0.017104
-0.689264
0.072540
0.101483
0.693691
0.118008
-0.244064
-0.121892
-0.483041
0.197228
-0.286400
-0.538697
0.086463
-0.363648
-0.126263
0.168127
-0.017104
-0.689264
0.072540
0.101483
0.693691
0.118008
-0.244064
-0.121892
-0.483041
0.197228
-0.286400
-0.538697
0.086463
-0.363648
-0.126263
0.168127
-0.017104
-0.689264
