-0.808180
-0.722940
3.108377
-1.732377
-6.069869
3.177813
1.839028
-3.250556
-0.907735
2.555722
4.165765
-5.878761
4.552325
-1.418398
1.941962
1.040950
1.206645
6.226302
-880.207214
-864.932556
-1066.523071
584.247009
260.258667
-620.782166
849.801086
276.936584
-383.304260
-568.097595
1519.301636
722.631653
-1401.758301
1933.466431
0.460496
3.526429
7.125595
-7.545266
-9.273228
7.637461
2.559229
-3.203732
6.285470
-3.607808
2.330422
-4.839087
0.493111
-18.745474
1.236412
15.266868
1.773805
-0.731809
-10.488075
4.555808
13.935708
-0.692933
0.044614
2.007218
-6.351392
4.029814
-6.270945
6.585884
0.372552
12.705368
-3.988974
-16.397915
1.453169
-3.480992
847.824036
816.413879
1020.210815
-532.804260
-252.345840
568.867615
-813.943970
-232.398483
358.168610
544.757141
-1402.457886
-688.193542
1330.432617
-1845.183350
-0.519786
-0.363933
-0.431696
0.294824
0.303272
0.832525
1.052591
0.336247
0.125418
0.280843
0.213223
0.401206
-0.251591
-0.678761
0.031588
0.232617
-0.519786
-0.363933
-0.431696
0.294824
0.303272
0.832525
1.052591
0.336247
0.125418
0.280843
0.213223
0.401206
-0.251591
-0.678761
0.031588
0.232617
-0.519786
-0.363933
-0.431696
0.294824
0.303272
0.832525
1.052591
0.336247
0.125418
0.280843
0.213223
0.401206
-0.251591
-0.678761
0.031588
0.232617
-0.519786
-0.363933
-0.431696
0.294824
0.303272
0.832525
1.052591
0.336247
0.125418
0.280843
0.213223
0.401206
-0.251591
-0.678761
0.031588
0.232617
-0.519786
-0.363933
-0.431696
0.294824
0.303272
0.832525
1.052591
0.336247
0.125418
0.280843
0.213223
0.401206
-0.251591
-0.678761
0.031588
0.232617
-0.519786
-0.363933
-0.431696
0.294824
0.303272
0.832525
1.052591
0.336247
0.125418
0.280843
0.213223
0.401206
-0.251591
-0.678761
0.031588
0.232617
-0.519786
-0.363933
-0.431696
0.294824
0.303272
0.832525
1.052591
0.336247
0.125418
0.280843
0.213223
0.401206
-0.251591
-0.678761
0.031588
0.232617
-0.519786
-0.363933
-0.431696
0.294824
0.303272
0.832525
1.052591
0.336247
0.125418
0.280843
0.213223
0.401206
-0.251591
-0.678761
0.031588
0.232617
-0.519786
-0.363933
-0.431696
0.294824
0.303272
0.832525
1.052591
0.336247
0.125418
0.280843
0.213223
0.401206
-0.251591
-0.678761
0.031588
0.232617
-0.519786
-0.363933
-0.431696
0.294824
0.303272
0.832525
1.052591
0.336247
0.125418
0.280843
0.213223
0.401206
-0.251591
-0.678761
0.031588
0.232617
-0.519786
-0.363933
-0.431696
0.294824
0.303272
0.832525
1.052591
0.336247
0.125418
0.280843
0.213223
0.401206
-0.251591
-0.678761
0.031588
0.232617
-0.519786
-0.363933
-0.431696
0.294824
0.303272
0.832525
1.052591
0.336247
0.125418
0.280843
0.213223
0.401206
-0.251591
-0.678761
0.031588
0.232617
-0.519786
-0.363933
-0.431696
0.294824
0.303272
0.832525
1.052591
0.336247
0.125418
0.280843
0.213223
0.401206
-0.251591
-0.678761
0.031588
0.232617
-0.519786
-0.363933
-0.431696
0.294824
0.303272
0.832525
1.052591
0.336247
0.125418
0.280843
0.213223
0.401206
-0.251591
-0.678761
0.031588
0.232617
-0.519786
-0.363933
-0.431696
0.294824
0.303272
0.832525
1.052591
0.336247
0.125418
0.280843
0.213223
0.401206
-0.251591
-0.678761
0.031588
0.232617
