-18.739506
6.481072
-16.613359
36.638992
15.246108
-21.820633
-18.436855
-17.399698
16.116827
-6.915999
3.360995
13.781290
-15.239656
3.484256
17.712721
4.112011
-8.314486
-1.387771
1490.095581
-239.538651
294.326660
-1509.457031
127.064201
1116.163086
-818.571045
492.218109
645.597351
76.274208
-1621.995361
443.051727
-649.818481
-2838.961670
-0.344812
3.644122
14.663944
4.688735
-11.252080
-12.757838
1.664414
-3.549957
6.867269
2.623859
5.604124
-0.404779
7.229892
-10.567362
-11.441036
13.486814
4.100554
1.149503
-969.209351
150.740509
-198.421326
980.291016
-75.829880
-730.601501
531.616760
-318.981049
-421.336884
-51.139309
1057.724365
-284.097809
411.260071
1848.288330
-1.559047
0.196305
-73.169563
17.654100
-8.532722
75.139297
-10.914626
-54.317753
38.547375
-28.450922
-34.439438
-1.114292
78.157150
-28.020432
41.706097
136.111313
1.045809
-2.075387
-154.439499
6.957642
-43.313339
151.644165
-1.199169
-113.584290
89.624092
-41.422989
-66.524063
-14.922639
168.645676
-29.926012
39.066963
293.064178
-0.166588
0.432303
0.107773
0.084516
-0.651173
0.057062
0.252774
-0.411587
0.331036
0.169249
0.490741
-0.230884
0.514555
0.666680
0.117931
0.701537
-0.166588
0.432303
0.107773
0.084516
-0.651173
0.057062
0.252774
-0.411587
0.331036
0.169249
0.490741
-0.230884
0.514555
0.666680
0.117931
0.701537
-0.166588
0.432303
0.107773
0.084516
-0.651173
0.057062
0.252774
-0.411587
0.331036
0.169249
0.490741
-0.230884
0.514555
0.666680
0.117931
0.701537
-0.166588
0.432303
0.107773
0.084516
-0.651173
0.057062
0.252774
-0.411587
0.331036
0.169249
0.490741
-0.230884
0.514555
0.666680
0.117931
0.701537
-0.166588
0.432303
0.107773
0.084516
-0.651173
0.057062
0.252774
-0.411587
0.331036
0.169249
0.490741
-0.230884
0.514555
0.666680
0.117931
0.701537
-0.166588
0.432303
0.107773
0.084516
-0.651173
0.057062
0.252774
-0.411587
0.331036
0.169249
0.490741
-0.230884
0.514555
0.666680
0.117931
0.701537
-0.166588
0.432303
0.107773
0.084516
-0.651173
0.057062
0.252774
-0.411587
0.331036
0.169249
0.490741
-0.230884
0.514555
0.666680
0.117931
0.701537
-0.166588
0.432303
0.107773
0.084516
-0.651173
0.057062
0.252774
-0.411587
0.331036
0.169249
0.490741
-0.230884
0.514555
0.666680
0.117931
0.701537
-0.166588
0.432303
0.107773
0.084516
-0.651173
0.057062
0.252774
-0.411587
0.331036
0.169249
0.490741
-0.230884
0.514555
0.666680
0.117931
0.701537
-0.166588
0.432303
0.107773
0.084516
-0.651173
0.057062
0.252774
-0.411587
0.331036
0.169249
0.490741
-0.230884
0.514555
0.666680
0.117931
0.701537
-0.166588
0.432303
0.107773
0.084516
-0.651173
0.057062
0.252774
-0.411587
0.331036
0.169249
0.490741
-0.230884
0.514555
0.666680
0.117931
0.701537
-0.166588
0.432303
0.107773
0.084516
-0.651173
0.057062
0.252774
-0.411587
0.331036
0.169249
0.490741
-0.230884
0.514555
0.666680
0.117931
0.701537
-0.166588
0.432303
0.107773
0.084516
-0.651173
0.057062
0.252774
-0.411587
0.331036
0.169249
0.490741
-0.230884
0.514555
0.666680
0.117931
0.701537
-0.166588
0.432303
0.107773
0.084516
-0.651173
0.057062
0.252774
-0.411587
0.331036
0.169249
0.490741
-0.230884
0.514555
0.666680
0.117931
0.701537
