-1.804912
0.420274
-0.758235
-5.027066
-1.771828
6.422549
-3.533800
1.127105
3.148728
-0.839994
-2.460923
-6.427556
-3.082619
-4.287775
2.918481
0.349369
-1.953509
0.026069
-8.167809
-4.236316
12.867631
13.387942
-3.482005
3.091912
-6.420139
-2.093211
-7.381304
0.185015
-6.895576
10.642827
10.722224
-10.734390
5.093410
-0.109465
-1058.782471
371.286530
-411.438690
1580.374634
-160.296814
-1021.457886
678.731689
-472.783997
-671.420471
85.397118
1680.003784
-393.054291
596.566101
2451.895508
-5.415771
1.147288
817.600891
-281.939484
319.439117
-1225.859741
120.541016
793.759460
-524.995911
362.971527
520.505859
-68.369499
-1297.751099
303.790100
-454.526306
-1896.307373
1.625959
-0.469288
66.035080
-14.816028
37.409599
-89.338928
0.487895
58.549881
-44.451046
22.200443
37.121140
3.327154
-100.270615
5.516517
-16.382038
-148.975494
1.158283
-2.830744
40.632999
-20.430737
7.768694
-65.814331
12.733079
41.818275
-25.177984
22.259785
27.953728
-8.846253
-66.362122
24.140762
-38.804417
-98.790298
0.030288
-0.508163
0.112417
-0.018631
-0.045239
-1.013417
-0.226781
0.085099
-0.097813
0.128328
-0.248089
0.438776
0.026612
0.198663
0.518875
-0.523998
0.030288
-0.508163
0.112417
-0.018631
-0.045239
-1.013417
-0.226781
0.085099
-0.097813
0.128328
-0.248089
0.438776
0.026612
0.198663
0.518875
-0.523998
0.030288
-0.508163
0.112417
-0.018631
-0.045239
-1.013417
-0.226781
0.085099
-0.097813
0.128328
-0.248089
0.438776
0.026612
0.198663
0.518875
-0.523998
0.030288
-0.508163
0.112417
-0.018631
-0.045239
-1.013417
-0.226781
0.085099
-0.097813
0.128328
-0.248089
0.438776
0.026612
0.198663
0.518875
-0.523998
0.030288
-0.508163
0.112417
-0.018631
-0.045239
-1.013417
-0.226781
0.085099
-0.097813
0.128328
-0.248089
0.438776
0.026612
0.198663
0.518875
-0.523998
0.030288
-0.508163
0.112417
-0.018631
-0.045239
-1.013417
-0.226781
0.085099
-0.097813
0.128328
-0.248089
0.438776
0.026612
0.198663
0.518875
-0.523998
0.030288
-0.508163
0.112417
-0.018631
-0.045239
-1.013417
-0.226781
0.085099
-0.097813
0.128328
-0.248089
0.438776
0.026612
0.198663
0.518875
-0.523998
0.030288
-0.508163
0.112417
-0.018631
-0.045239
-1.013417
-0.226781
0.085099
-0.097813
0.128328
-0.248089
0.438776
0.026612
0.198663
0.518875
-0.523998
0.030288
-0.508163
0.112417
-0.018631
-0.045239
-1.013417
-0.226781
0.085099
-0.097813
0.128328
-0.248089
0.438776
0.026612
0.198663
0.518875
-0.523998
0.030288
-0.508163
0.112417
-0.018631
-0.045239
-1.013417
-0.226781
0.085099
-0.097813
0.128328
-0.248089
0.438776
0.026612
0.198663
0.518875
-0.523998
0.030288
-0.508163
0.112417
-0.018631
-0.045239
-1.013417
-0.226781
0.085099
-0.097813
0.128328
-0.248089
0.438776
0.026612
0.198663
0.518875
-0.523998
0.030288
-0.508163
0.112417
-0.018631
-0.045239
-1.013417
-0.226781
0.085099
-0.097813
0.128328
-0.248089
0.438776
0.026612
0.198663
0.518875
-0.523998
0.030288
-0.508163
0.112417
-0.018631
-0.045239
-1.013417
-0.226781
0.085099
-0.097813
0.128328
-0.248089
0.438776
0.026612
0.198663
0.518875
-0.523998
0.030288
-0.508163
0.112417
-0.018631
-0.045239
-1.013417
-0.226781
0.085099
-0.097813
0.128328
-0.248089
0.438776
0.026612
0.198663
0.518875
-0.523998
