-1.286996
-0.441206
-18.547192
-19.661919
16.794579
-10.071690
-1.382876
-3.035697
1.285077
19.642904
53.662594
11.036146
3.096491
8.790123
19.387680
-26.024424
2.180145
-2.804496
-2506.625488
1738.554932
-1520.921387
198.178497
-253.095413
-630.554199
106.291756
2566.334717
4312.329102
-1177.877197
611.796753
924.182678
962.857117
4327.668457
-4.006419
-0.585413
6.964912
4.972248
-3.214624
3.420476
-0.252104
-1.186993
0.406750
-8.697022
-22.125164
-2.944320
-0.153158
-2.261315
-9.589409
8.622232
-0.448955
0.690817
1020.461060
-683.363892
608.106689
-68.726822
94.165710
258.503632
-19.068123
-1030.386841
-1735.139526
441.590393
-239.560654
-375.599609
-357.488312
-1739.753052
0.725899
-0.940352
137.139755
-84.879387
81.599449
-7.106813
13.173960
27.624971
-3.967479
-137.359421
-228.006470
53.568756
-32.726013
-48.432659
-44.193096
-229.122208
0.933135
-0.674232
150.019180
-103.944542
91.706818
-11.633388
18.932478
35.672428
-10.880276
-152.790787
-254.559052
72.348083
-38.870289
-55.181786
-59.418827
-258.298553
-2.746192
3.923483
636.327576
-412.704590
380.923096
-34.731136
60.342625
158.716568
-5.955279
-639.622498
-1087.075195
256.475647
-141.746323
-237.798599
-202.626450
-1088.213257
0.214843
0.019970
1.387145
-0.089654
0.111363
0.262162
-0.053165
-0.660634
0.256564
-0.877418
-1.372164
-0.804477
-0.038509
0.272922
0.415682
-0.847277
0.214843
0.019970
1.387145
-0.089654
0.111363
0.262162
-0.053165
-0.660634
0.256564
-0.877418
-1.372164
-0.804477
-0.038509
0.272922
0.415682
-0.847277
0.214843
0.019970
1.387145
-0.089654
0.111363
0.262162
-0.053165
-0.660634
0.256564
-0.877418
-1.372164
-0.804477
-0.038509
0.272922
0.415682
-0.847277
0.214843
0.019970
1.387145
-0.089654
0.111363
0.262162
-0.053165
-0.660634
0.256564
-0.877418
-1.372164
-0.804477
-0.038509
0.272922
0.415682
-0.847277
0.214843
0.019970
1.387145
-0.089654
0.111363
0.262162
-0.053165
-0.660634
0.256564
-0.877418
-1.372164
-0.804477
-0.038509
0.272922
0.415682
-0.847277
0.214843
0.019970
1.387145
-0.089654
0.111363
0.262162
-0.053165
-0.660634
0.256564
-0.877418
-1.372164
-0.804477
-0.038509
0.272922
0.415682
-0.847277
0.214843
0.019970
1.387145
-0.089654
0.111363
0.262162
-0.053165
-0.660634
0.256564
-0.877418
-1.372164
-0.804477
-0.038509
0.272922
0.415682
-0.847277
0.214843
0.019970
1.387145
-0.089654
0.111363
0.262162
-0.053165
-0.660634
0.256564
-0.877418
-1.372164
-0.804477
-0.038509
0.272922
0.415682
-0.847277
0.214843
0.019970
1.387145
-0.089654
0.111363
0.262162
-0.053165
-0.660634
0.256564
-0.877418
-1.372164
-0.804477
-0.038509
0.272922
0.415682
-0.847277
0.214843
0.019970
1.387145
-0.089654
0.111363
0.262162
-0.053165
-0.660634
0.256564
-0.877418
-1.372164
-0.804477
-0.038509
0.272922
0.415682
-0.847277
0.214843
0.019970
1.387145
-0.089654
0.111363
0.262162
-0.053165
-0.660634
0.256564
-0.877418
-1.372164
-0.804477
-0.038509
0.272922
0.415682
-0.847277
0.214843
0.019970
1.387145
-0.089654
0.111363
0.262162
-0.053165
-0.660634
0.256564
-0.877418
-1.372164
-0.804477
-0.038509
0.272922
0.415682
-0.847277
0.214843
0.019970
1.387145
-0.089654
0.111363
0.262162
-0.053165
-0.660634
0.256564
-0.877418
-1.372164
-0.804477
-0.038509
0.272922
0.415682
-0.847277
