6.236344
-6.450311
749.409668
712.632202
-1469.216919
954.732849
3342.391113
-1650.385132
2754.250000
-1837.784302
-260.988251
-360.917542
32.375237
-1293.916260
227.412659
1606.547974
5.327282
1.047761
5.884955
-5.229613
19.756468
-1.333867
6.583852
13.511158
-20.989727
-10.014287
-3.458980
3.269262
-11.075041
-3.712587
5.909153
-9.066706
-18.323063
-7.416013
-21.899658
37.382862
7.844852
-27.557415
-12.149280
-10.855597
13.307151
-8.705256
2.820897
25.235737
-19.454336
10.399936
15.789509
-1.428876
-3.262778
2.945484
-396.349213
-375.442535
853.681580
-540.929321
-2007.343506
959.786377
-1672.501587
1194.244141
188.116318
296.764069
-47.319492
751.179016
-122.308914
-972.697693
-1.029113
-0.819551
-138.805542
-117.907593
209.993652
-155.816147
-444.870331
262.636963
-361.183258
221.555878
14.908489
3.464218
19.336845
194.136688
-46.752567
-215.344620
-3.493722
2.471436
-52.214344
-58.429195
111.652000
-63.869370
-249.843521
113.919220
-206.105698
123.568741
20.460136
24.829136
-7.877591
94.250526
-13.419594
-116.962013
-0.075714
-0.115588
0.221318
0.383822
0.138591
0.618608
-0.960353
-0.017450
-1.295125
-0.478251
-0.142825
0.119581
0.007602
0.310484
0.368576
-0.661438
-0.075714
-0.115588
0.221318
0.383822
0.138591
0.618608
-0.960353
-0.017450
-1.295125
-0.478251
-0.142825
0.119581
0.007602
0.310484
0.368576
-0.661438
-0.075714
-0.115588
0.221318
0.383822
0.138591
0.618608
-0.960353
-0.017450
-1.295125
-0.478251
-0.142825
0.119581
0.007602
0.310484
0.368576
-0.661438
-0.075714
-0.115588
0.221318
0.383822
0.138591
0.618608
-0.960353
-0.017450
-1.295125
-0.478251
-0.142825
0.119581
0.007602
0.310484
0.368576
-0.661438
-0.075714
-0.115588
0.221318
0.383822
0.138591
0.618608
-0.960353
-0.017450
-1.295125
-0.478251
-0.142825
0.119581
0.007602
0.310484
0.368576
-0.661438
-0.075714
-0.115588
0.221318
0.383822
0.138591
0.618608
-0.960353
-0.017450
-1.295125
-0.478251
-0.142825
0.119581
0.007602
0.310484
0.368576
-0.661438
-0.075714
-0.115588
0.221318
0.383822
0.138591
0.618608
-0.960353
-0.017450
-1.295125
-0.478251
-0.142825
0.119581
0.007602
0.310484
0.368576
-0.661438
-0.075714
-0.115588
0.221318
0.383822
0.138591
0.618608
-0.960353
-0.017450
-1.295125
-0.478251
-0.142825
0.119581
0.007602
0.310484
0.368576
-0.661438
-0.075714
-0.115588
0.221318
0.383822
0.138591
0.618608
-0.960353
-0.017450
-1.295125
-0.478251
-0.142825
0.119581
0.007602
0.310484
0.368576
-0.661438
-0.075714
-0.115588
0.221318
0.383822
0.138591
0.618608
-0.960353
-0.017450
-1.295125
-0.478251
-0.142825
0.119581
0.007602
0.310484
0.368576
-0.661438
-0.075714
-0.115588
0.221318
0.383822
0.138591
0.618608
-0.960353
-0.017450
-1.295125
-0.478251
-0.142825
0.119581
0.007602
0.310484
0.368576
-0.661438
-0.075714
-0.115588
0.221318
0.383822
0.138591
0.618608
-0.960353
-0.017450
-1.295125
-0.478251
-0.142825
0.119581
0.007602
0.310484
0.368576
-0.661438
-0.075714
-0.115588
0.221318
0.383822
0.138591
0.618608
-0.960353
-0.017450
-1.295125
-0.478251
-0.142825
0.119581
0.007602
0.310484
0.368576
-0.661438
-0.075714
-0.115588
0.221318
0.383822
0.138591
0.618608
-0.960353
-0.017450
-1.295125
-0.478251
-0.142825
0.119581
0.007602
0.310484
0.368576
-0.661438
