-2.660488
-0.809635
9.458202
3.852794
11.727699
7.367719
-10.373991
15.654078
-12.026939
-26.600796
-9.292892
-3.563911
-3.816033
-9.876399
7.906835
-5.576396
3.150080
-7.628164
800.023621
274.836029
-399.249725
1471.706421
1114.037720
-3219.095215
861.535034
-3115.744385
-572.916687
234.106323
-997.093262
-986.609741
523.522400
939.974670
0.336841
-3.275461
-9.621265
2.674204
-6.753349
-6.565735
7.819865
-7.454966
10.159251
13.646282
5.229504
3.717673
1.350438
6.685987
-5.615996
4.815829
-3.156807
3.614178
-520.450745
-179.310654
236.709579
-948.669495
-653.401245
2075.605225
-480.393036
2008.830200
368.847748
-166.414825
651.620911
600.730347
-345.942017
-599.293030
1.437641
1.769282
-38.358723
-25.735502
44.161327
-74.212860
-114.323952
158.211716
-99.794006
156.699234
31.886076
-1.588897
41.947052
73.144951
-13.774480
-61.322571
-2.841275
1.464405
-94.906967
-5.135617
6.698802
-168.732407
-40.604633
382.279236
-21.596769
362.049103
58.070480
-38.353004
132.045013
84.651237
-83.609619
-83.923630
0.156724
-0.326788
-0.153974
0.011788
0.266134
0.109916
0.211445
0.383872
0.121181
0.014738
-0.637195
-0.146829
0.576704
-0.147482
0.102722
-0.342089
0.156724
-0.326788
-0.153974
0.011788
0.266134
0.109916
0.211445
0.383872
0.121181
0.014738
-0.637195
-0.146829
0.576704
-0.147482
0.102722
-0.342089
0.156724
-0.326788
-0.153974
0.011788
0.266134
0.109916
0.211445
0.383872
0.121181
0.014738
-0.637195
-0.146829
0.576704
-0.147482
0.102722
-0.342089
0.156724
-0.326788
-0.153974
0.011788
0.266134
0.109916
0.211445
0.383872
0.121181
0.014738
-0.637195
-0.146829
0.576704
-0.147482
0.102722
-0.342089
0.156724
-0.326788
-0.153974
0.011788
0.266134
0.109916
0.211445
0.383872
0.121181
0.014738
-0.637195
-0.146829
0.576704
-0.147482
0.102722
-0.342089
0.156724
-0.326788
-0.153974
0.011788
0.266134
0.109916
0.211445
0.383872
0.121181
0.014738
-0.637195
-0.146829
0.576704
-0.147482
0.102722
-0.342089
0.156724
-0.326788
-0.153974
0.011788
0.266134
0.109916
0.211445
0.383872
0.121181
0.014738
-0.637195
-0.146829
0.576704
-0.147482
0.102722
-0.342089
0.156724
-0.326788
-0.153974
0.011788
0.266134
0.109916
0.211445
0.383872
0.121181
0.014738
-0.637195
-0.146829
0.576704
-0.147482
0.102722
-0.342089
0.156724
-0.326788
-0.153974
0.011788
0.266134
0.109916
0.211445
0.383872
0.121181
0.014738
-0.637195
-0.146829
0.576704
-0.147482
0.102722
-0.342089
0.156724
-0.326788
-0.153974
0.011788
0.266134
0.109916
0.211445
0.383872
0.121181
0.014738
-0.637195
-0.146829
0.576704
-0.147482
0.102722
-0.342089
0.156724
-0.326788
-0.153974
0.011788
0.266134
0.109916
0.211445
0.383872
0.121181
0.014738
-0.637195
-0.146829
0.576704
-0.147482
0.102722
-0.342089
0.156724
-0.326788
-0.153974
0.011788
0.266134
0.109916
0.211445
0.383872
0.121181
0.014738
-0.637195
-0.146829
0.576704
-0.147482
0.102722
-0.342089
0.156724
-0.326788
-0.153974
0.011788
0.266134
0.109916
0.211445
0.383872
0.121181
0.014738
-0.637195
-0.146829
0.576704
-0.147482
0.102722
-0.342089
0.156724
-0.326788
-0.153974
0.011788
0.266134
0.109916
0.211445
0.383872
0.121181
0.014738
-0.637195
-0.146829
0.576704
-0.147482
0.102722
-0.342089
