2.382748
12.820180
29.430056
-30.660276
-8.921842
22.669420
12.326543
15.201362
6.172804
6.509904
22.986389
-17.028944
49.489872
-4.548009
-14.258555
-9.747849
-1.045193
-0.888610
8.670697
8.397726
-12.936348
-1.236592
7.533290
4.831430
0.423152
-4.894849
-0.949966
5.937387
-5.729338
2.274757
3.836173
10.718573
0.727078
-1.638813
-8.247778
2.819367
-12.987364
-0.617159
-4.627363
-11.765872
21.577801
4.659670
4.448001
-2.859494
10.827284
6.372386
1.665136
3.616412
7.679370
-4.797126
633.631470
745.572449
-963.718750
562.492371
2566.285889
-1031.195801
2463.017822
-1117.677002
-540.297913
-119.165558
-41.857758
-1213.913574
-105.363586
745.994202
-1.156960
0.369250
5.602249
-4.084329
11.660400
-1.863249
4.562465
11.547714
-18.540562
-3.427799
-5.431953
0.590954
-8.799407
-3.818420
0.097684
-1.768871
-5.742708
3.332101
-572.285889
-687.050171
888.539734
-501.810486
-2362.723389
948.345154
-2250.846680
950.875916
487.687378
124.105690
-10.035784
1088.892212
94.974022
-691.951904
0.690106
0.835375
-0.176706
0.088172
-0.249875
-0.056696
-0.061548
-0.186007
0.096326
-0.146937
-0.064979
0.318087
0.220151
-0.264635
-0.240557
-0.213374
0.690106
0.835375
-0.176706
0.088172
-0.249875
-0.056696
-0.061548
-0.186007
0.096326
-0.146937
-0.064979
0.318087
0.220151
-0.264635
-0.240557
-0.213374
0.690106
0.835375
-0.176706
0.088172
-0.249875
-0.056696
-0.061548
-0.186007
0.096326
-0.146937
-0.064979
0.318087
0.220151
-0.264635
-0.240557
-0.213374
0.690106
0.835375
-0.176706
0.088172
-0.249875
-0.056696
-0.061548
-0.186007
0.096326
-0.146937
-0.064979
0.318087
0.220151
-0.264635
-0.240557
-0.213374
0.690106
0.835375
-0.176706
0.088172
-0.249875
-0.056696
-0.061548
-0.186007
0.096326
-0.146937
-0.064979
0.318087
0.220151
-0.264635
-0.240557
-0.213374
0.690106
0.835375
-0.176706
0.088172
-0.249875
-0.056696
-0.061548
-0.186007
0.096326
-0.146937
-0.064979
0.318087
0.220151
-0.264635
-0.240557
-0.213374
0.690106
0.835375
-0.176706
0.088172
-0.249875
-0.056696
-0.061548
-0.186007
0.096326
-0.146937
-0.064979
0.318087
0.220151
-0.264635
-0.240557
-0.213374
0.690106
0.835375
-0.176706
0.088172
-0.249875
-0.056696
-0.061548
-0.186007
0.096326
-0.146937
-0.064979
0.318087
0.220151
-0.264635
-0.240557
-0.213374
0.690106
0.835375
-0.176706
0.088172
-0.249875
-0.056696
-0.061548
-0.186007
0.096326
-0.146937
-0.064979
0.318087
0.220151
-0.264635
-0.240557
-0.213374
0.690106
0.835375
-0.176706
0.088172
-0.249875
-0.056696
-0.061548
-0.186007
0.096326
-0.146937
-0.064979
0.318087
0.220151
-0.264635
-0.240557
-0.213374
0.690106
0.835375
-0.176706
0.088172
-0.249875
-0.056696
-0.061548
-0.186007
0.096326
-0.146937
-0.064979
0.318087
0.220151
-0.264635
-0.240557
-0.213374
0.690106
0.835375
-0.176706
0.088172
-0.249875
-0.056696
-0.061548
-0.186007
0.096326
-0.146937
-0.064979
0.318087
0.220151
-0.264635
-0.240557
-0.213374
0.690106
0.835375
-0.176706
0.088172
-0.249875
-0.056696
-0.061548
-0.186007
0.096326
-0.146937
-0.064979
0.318087
0.220151
-0.264635
-0.240557
-0.213374
0.690106
0.835375
-0.176706
0.088172
-0.249875
-0.056696
-0.061548
-0.186007
0.096326
-0.146937
-0.064979
0.318087
0.220151
-0.264635
-0.240557
-0.213374
