-9.220396
-4.605555
-30.917576
24.034475
24.706406
-12.595940
-2.336627
-15.903406
10.180320
6.289587
-6.110435
28.779238
-24.809050
-14.862822
19.081329
9.348986
-0.428869
-1.599181
4.697182
-14.035992
8.447895
-14.249928
12.347255
2.492326
-18.555357
15.955484
-3.612668
4.325576
-12.944212
8.458368
-5.286043
-3.839980
10.901680
0.482109
-177.961700
1440.685425
-1252.676392
-541.498230
2739.789063
1864.003784
2487.182129
1709.664307
-458.708099
-501.808472
1212.484131
-769.872742
-981.529846
517.749268
-5.194500
-1.786884
12.234771
-514.296143
456.464844
148.040359
-1017.627625
-560.728821
-923.721313
-512.513489
174.071442
162.174759
-396.722900
305.619568
321.131866
-213.920593
2.134062
0.211892
31.443823
-67.265312
57.553020
43.931881
-110.169441
-140.778366
-95.820366
-126.981628
14.490053
36.623062
-76.424637
22.687927
60.289379
-9.414354
1.780034
2.019198
39.415810
-86.924377
67.749695
58.427818
-137.818024
-173.837677
-123.815697
-157.540909
21.753002
40.568966
-93.052505
28.421631
73.980728
-14.276153
-4.552120
2.287361
2.125396
-433.698944
390.492126
114.849838
-877.890686
-448.919373
-801.239868
-416.265625
154.522461
125.273582
-331.313873
272.496155
268.600525
-189.058411
0.174357
0.474079
-0.056423
-0.013130
0.492126
0.084880
-0.190339
-0.403600
0.349539
-0.235330
-0.353382
-0.002658
-0.740545
0.381164
0.796926
0.369573
0.174357
0.474079
-0.056423
-0.013130
0.492126
0.084880
-0.190339
-0.403600
0.349539
-0.235330
-0.353382
-0.002658
-0.740545
0.381164
0.796926
0.369573
0.174357
0.474079
-0.056423
-0.013130
0.492126
0.084880
-0.190339
-0.403600
0.349539
-0.235330
-0.353382
-0.002658
-0.740545
0.381164
0.796926
0.369573
0.174357
0.474079
-0.056423
-0.013130
0.492126
0.084880
-0.190339
-0.403600
0.349539
-0.235330
-0.353382
-0.002658
-0.740545
0.381164
0.796926
0.369573
0.174357
0.474079
-0.056423
-0.013130
0.492126
0.084880
-0.190339
-0.403600
0.349539
-0.235330
-0.353382
-0.002658
-0.740545
0.381164
0.796926
0.369573
0.174357
0.474079
-0.056423
-0.013130
0.492126
0.084880
-0.190339
-0.403600
0.349539
-0.235330
-0.353382
-0.002658
-0.740545
0.381164
0.796926
0.369573
0.174357
0.474079
-0.056423
-0.013130
0.492126
0.084880
-0.190339
-0.403600
0.349539
-0.235330
-0.353382
-0.002658
-0.740545
0.381164
0.796926
0.369573
0.174357
0.474079
-0.056423
-0.013130
0.492126
0.084880
-0.190339
-0.403600
0.349539
-0.235330
-0.353382
-0.002658
-0.740545
0.381164
0.796926
0.369573
0.174357
0.474079
-0.056423
-0.013130
0.492126
0.084880
-0.190339
-0.403600
0.349539
-0.235330
-0.353382
-0.002658
-0.740545
0.381164
0.796926
0.369573
0.174357
0.474079
-0.056423
-0.013130
0.492126
0.084880
-0.190339
-0.403600
0.349539
-0.235330
-0.353382
-0.002658
-0.740545
0.381164
0.796926
0.369573
0.174357
0.474079
-0.056423
-0.013130
0.492126
0.084880
-0.190339
-0.403600
0.349539
-0.235330
-0.353382
-0.002658
-0.740545
0.381164
0.796926
0.369573
0.174357
0.474079
-0.056423
-0.013130
0.492126
0.084880
-0.190339
-0.403600
0.349539
-0.235330
-0.353382
-0.002658
-0.740545
0.381164
0.796926
0.369573
0.174357
0.474079
-0.056423
-0.013130
0.492126
0.084880
-0.190339
-0.403600
0.349539
-0.235330
-0.353382
-0.002658
-0.740545
0.381164
0.796926
0.369573
