-1.573161
3.184349
18.111586
18.775858
-12.524676
-24.221739
-6.033166
-15.010234
-1.768962
14.420514
29.833483
0.103494
15.760542
-5.152151
-1.197984
17.214264
-3.932497
-3.257770
-2.992410
-14.016740
1.887798
-17.206707
13.215865
4.505762
-12.622320
16.675556
-2.453207
13.501598
-1.480845
14.605806
-7.337001
-9.401104
9.477003
4.259800
-774.284363
1105.982056
-1293.744629
-893.048584
2419.151611
2239.201172
1939.246704
2147.370117
-378.510315
-871.311829
1547.427490
-12.155130
-1187.631592
430.225098
-5.440260
-2.289821
343.300629
-432.930450
504.182648
391.842499
-928.403442
-971.382874
-728.076172
-919.159424
133.903610
362.706787
-626.580200
-37.089481
492.964966
-141.822906
0.288936
2.765293
21.483688
-62.596107
76.846962
27.545200
-148.932358
-83.744286
-122.188980
-86.135857
27.904861
40.218575
-82.829033
19.939543
55.119823
-33.082802
-0.467692
0.026002
39.612411
-69.621155
85.271835
43.237942
-162.697098
-121.532486
-133.507965
-119.368057
29.037916
53.187763
-97.580177
9.549965
67.231758
-30.997612
-2.230387
-0.116616
226.723755
-243.981918
283.511841
264.639008
-515.828125
-622.456604
-411.951599
-586.540649
63.587166
221.978821
-374.509216
-40.303566
304.904602
-73.752907
0.025809
0.055638
0.703699
-0.472725
-0.107641
0.281852
-0.545677
-0.411877
-0.138527
-0.664977
-0.134137
-0.608591
-0.115928
-0.117296
0.283649
-0.004605
0.025809
0.055638
0.703699
-0.472725
-0.107641
0.281852
-0.545677
-0.411877
-0.138527
-0.664977
-0.134137
-0.608591
-0.115928
-0.117296
0.283649
-0.004605
0.025809
0.055638
0.703699
-0.472725
-0.107641
0.281852
-0.545677
-0.411877
-0.138527
-0.664977
-0.134137
-0.608591
-0.115928
-0.117296
0.283649
-0.004605
0.025809
0.055638
0.703699
-0.472725
-0.107641
0.281852
-0.545677
-0.411877
-0.138527
-0.664977
-0.134137
-0.608591
-0.115928
-0.117296
0.283649
-0.004605
0.025809
0.055638
0.703699
-0.472725
-0.107641
0.281852
-0.545677
-0.411877
-0.138527
-0.664977
-0.134137
-0.608591
-0.115928
-0.117296
0.283649
-0.004605
0.025809
0.055638
0.703699
-0.472725
-0.107641
0.281852
-0.545677
-0.411877
-0.138527
-0.664977
-0.134137
-0.608591
-0.115928
-0.117296
0.283649
-0.004605
0.025809
0.055638
0.703699
-0.472725
-0.107641
0.281852
-0.545677
-0.411877
-0.138527
-0.664977
-0.134137
-0.608591
-0.115928
-0.117296
0.283649
-0.004605
0.025809
0.055638
0.703699
-0.472725
-0.107641
0.281852
-0.545677
-0.411877
-0.138527
-0.664977
-0.134137
-0.608591
-0.115928
-0.117296
0.283649
-0.004605
0.025809
0.055638
0.703699
-0.472725
-0.107641
0.281852
-0.545677
-0.411877
-0.138527
-0.664977
-0.134137
-0.608591
-0.115928
-0.117296
0.283649
-0.004605
0.025809
0.055638
0.703699
-0.472725
-0.107641
0.281852
-0.545677
-0.411877
-0.138527
-0.664977
-0.134137
-0.608591
-0.115928
-0.117296
0.283649
-0.004605
0.025809
0.055638
0.703699
-0.472725
-0.107641
0.281852
-0.545677
-0.411877
-0.138527
-0.664977
-0.134137
-0.608591
-0.115928
-0.117296
0.283649
-0.004605
0.025809
0.055638
0.703699
-0.472725
-0.107641
0.281852
-0.545677
-0.411877
-0.138527
-0.664977
-0.134137
-0.608591
-0.115928
-0.117296
0.283649
-0.004605
0.025809
0.055638
0.703699
-0.472725
-0.107641
0.281852
-0.545677
-0.411877
-0.138527
-0.664977
-0.134137
-0.608591
-0.115928
-0.117296
0.283649
-0.004605
