-0.369895
-13.282904
12.343150
-36.560810
-13.390120
31.526083
15.398532
4.464207
-10.972278
3.034134
-4.402634
-24.160345
25.531755
-2.368504
-9.396679
-3.416678
1.017631
3.154644
-4.659208
-7.927339
-1.269989
-17.955559
10.655599
-4.058713
-6.017962
15.769025
-1.971296
9.958947
-3.304068
15.352420
-4.496607
-5.808104
9.928810
8.325986
-891.657349
878.105957
-685.218018
-1044.351440
1313.187500
2430.849854
1129.570435
2126.942139
-321.763580
-996.874390
1451.524048
186.314301
-875.999512
83.465088
0.883282
1.159130
5.154353
9.821785
2.297863
10.577723
-10.003227
4.585486
5.414570
-11.436331
3.012407
-6.938669
2.104137
-10.766021
3.244973
5.422545
-4.309268
-8.251611
769.010315
-747.363037
576.177979
896.013367
-1107.284790
-2082.764893
-939.795654
-1822.807495
277.820740
852.637146
-1236.864014
-172.315567
754.777100
-61.916454
-2.187945
-2.523559
10.699670
-55.892601
52.904198
24.169415
-105.216553
-60.734081
-94.518906
-53.846394
30.980927
27.687532
-56.821644
27.912966
29.095877
-22.535507
-2.884255
0.812780
58.264290
-10.995846
2.678174
60.206455
9.198162
-132.737518
5.663934
-117.848541
-15.981068
49.828724
-53.449070
-43.826511
35.321957
15.214220
-0.425817
-0.398763
0.467548
0.372796
0.118863
-0.315055
-0.438943
0.196738
-0.659708
0.055957
-0.210044
0.393225
0.094660
0.242220
-0.285912
-0.956770
-0.425817
-0.398763
0.467548
0.372796
0.118863
-0.315055
-0.438943
0.196738
-0.659708
0.055957
-0.210044
0.393225
0.094660
0.242220
-0.285912
-0.956770
-0.425817
-0.398763
0.467548
0.372796
0.118863
-0.315055
-0.438943
0.196738
-0.659708
0.055957
-0.210044
0.393225
0.094660
0.242220
-0.285912
-0.956770
-0.425817
-0.398763
0.467548
0.372796
0.118863
-0.315055
-0.438943
0.196738
-0.659708
0.055957
-0.210044
0.393225
0.094660
0.242220
-0.285912
-0.956770
-0.425817
-0.398763
0.467548
0.372796
0.118863
-0.315055
-0.438943
0.196738
-0.659708
0.055957
-0.210044
0.393225
0.094660
0.242220
-0.285912
-0.956770
-0.425817
-0.398763
0.467548
0.372796
0.118863
-0.315055
-0.438943
0.196738
-0.659708
0.055957
-0.210044
0.393225
0.094660
0.242220
-0.285912
-0.956770
-0.425817
-0.398763
0.467548
0.372796
0.118863
-0.315055
-0.438943
0.196738
-0.659708
0.055957
-0.210044
0.393225
0.094660
0.242220
-0.285912
-0.956770
-0.425817
-0.398763
0.467548
0.372796
0.118863
-0.315055
-0.438943
0.196738
-0.659708
0.055957
-0.210044
0.393225
0.094660
0.242220
-0.285912
-0.956770
-0.425817
-0.398763
0.467548
0.372796
0.118863
-0.315055
-0.438943
0.196738
-0.659708
0.055957
-0.210044
0.393225
0.094660
0.242220
-0.285912
-0.956770
-0.425817
-0.398763
0.467548
0.372796
0.118863
-0.315055
-0.438943
0.196738
-0.659708
0.055957
-0.210044
0.393225
0.094660
0.242220
-0.285912
-0.956770
-0.425817
-0.398763
0.467548
0.372796
0.118863
-0.315055
-0.438943
0.196738
-0.659708
0.055957
-0.210044
0.393225
0.094660
0.242220
-0.285912
-0.956770
-0.425817
-0.398763
0.467548
0.372796
0.118863
-0.315055
-0.438943
0.196738
-0.659708
0.055957
-0.210044
0.393225
0.094660
0.242220
-0.285912
-0.956770
-0.425817
-0.398763
0.467548
0.372796
0.118863
-0.315055
-0.438943
0.196738
-0.659708
0.055957
-0.210044
0.393225
0.094660
0.242220
-0.285912
-0.956770
