-8.205616
-2.103065
1071.663574
-1160.043579
-261.670074
-1591.046875
223.796097
300.921814
-600.745789
632.278870
737.896484
636.760925
-312.319702
215.105530
11.190218
-907.265198
0.615485
-2.510406
5.885088
17.088377
-9.370387
-13.684190
0.719362
-1.402554
6.528889
1.820359
8.565215
-9.297432
2.790104
-1.150545
-1.488882
4.523105
0.620697
0.231479
4.432487
-3.195077
-6.682286
2.737016
-4.078517
2.541046
1.927506
0.535504
1.984865
-2.186635
-2.498164
-4.620614
1.045691
2.044356
0.995631
-0.998149
1.951096
-10.727160
7.163764
-7.157235
-15.303499
-1.490629
5.761370
6.348177
0.351493
-0.785959
-8.030173
6.543097
-4.324969
-2.904658
3.921872
3.588186
-419.974243
461.876434
100.248451
638.566711
-110.320572
-125.259956
221.146362
-264.226898
-313.164490
-262.554596
116.356163
-91.092499
-29.981503
335.880615
1.029587
-1.504872
-68.933090
67.786873
13.838273
93.808090
-8.618071
-18.884554
36.102409
-40.750957
-42.667412
-39.450077
16.871021
-12.423214
-3.367884
53.076515
3.010073
-0.308827
-267.346863
299.342896
76.193329
395.851654
-50.880959
-71.285797
155.764343
-152.667984
-178.186508
-151.566238
86.658852
-48.977917
19.774860
247.203415
0.166296
-0.075553
-55.929760
58.876869
14.558702
85.533348
-8.192012
-17.539213
34.453403
-31.119032
-36.073811
-32.061359
18.096497
-11.747689
2.926283
49.827724
-0.362390
0.830324
-0.901787
0.176064
-0.038066
0.353168
0.096976
-0.093569
0.531868
0.479266
0.109706
-0.132806
-0.145453
-0.175870
-0.063298
0.467522
-0.362390
0.830324
-0.901787
0.176064
-0.038066
0.353168
0.096976
-0.093569
0.531868
0.479266
0.109706
-0.132806
-0.145453
-0.175870
-0.063298
0.467522
-0.362390
0.830324
-0.901787
0.176064
-0.038066
0.353168
0.096976
-0.093569
0.531868
0.479266
0.109706
-0.132806
-0.145453
-0.175870
-0.063298
0.467522
-0.362390
0.830324
-0.901787
0.176064
-0.038066
0.353168
0.096976
-0.093569
0.531868
0.479266
0.109706
-0.132806
-0.145453
-0.175870
-0.063298
0.467522
-0.362390
0.830324
-0.901787
0.176064
-0.038066
0.353168
0.096976
-0.093569
0.531868
0.479266
0.109706
-0.132806
-0.145453
-0.175870
-0.063298
0.467522
-0.362390
0.830324
-0.901787
0.176064
-0.038066
0.353168
0.096976
-0.093569
0.531868
0.479266
0.109706
-0.132806
-0.145453
-0.175870
-0.063298
0.467522
-0.362390
0.830324
-0.901787
0.176064
-0.038066
0.353168
0.096976
-0.093569
0.531868
0.479266
0.109706
-0.132806
-0.145453
-0.175870
-0.063298
0.467522
-0.362390
0.830324
-0.901787
0.176064
-0.038066
0.353168
0.096976
-0.093569
0.531868
0.479266
0.109706
-0.132806
-0.145453
-0.175870
-0.063298
0.467522
-0.362390
0.830324
-0.901787
0.176064
-0.038066
0.353168
0.096976
-0.093569
0.531868
0.479266
0.109706
-0.132806
-0.145453
-0.175870
-0.063298
0.467522
-0.362390
0.830324
-0.901787
0.176064
-0.038066
0.353168
0.096976
-0.093569
0.531868
0.479266
0.109706
-0.132806
-0.145453
-0.175870
-0.063298
0.467522
-0.362390
0.830324
-0.901787
0.176064
-0.038066
0.353168
0.096976
-0.093569
0.531868
0.479266
0.109706
-0.132806
-0.145453
-0.175870
-0.063298
0.467522
-0.362390
0.830324
-0.901787
0.176064
-0.038066
0.353168
0.096976
-0.093569
0.531868
0.479266
0.109706
-0.132806
-0.145453
-0.175870
-0.063298
0.467522
