-1.400946
0.461790
23.118084
-18.892050
-10.460785
39.258987
-0.704555
11.762186
-4.948887
-5.470705
-32.003796
-4.937597
-18.063971
-6.870963
17.432060
-2.355709
20.390438
2.164329
1643.763916
2822.773926
3022.234375
2473.237305
2345.396729
-1823.750244
656.995728
-868.549866
-2514.671387
534.530090
8.234739
-2128.683594
2150.915527
1173.279297
-4.447391
-1.486415
-534.118958
-978.349121
-1002.736145
-875.090454
-815.355408
592.765808
-230.158417
285.831543
860.253357
-161.798401
-27.839876
728.084229
-719.555908
-416.797882
-3.711154
-1.478431
-107.425148
-143.745209
-181.730026
-119.462372
-120.870682
115.205467
-32.019085
50.914043
137.628143
-40.896175
10.959586
117.260063
-126.601891
-57.664623
-1.304571
3.997090
-115.606400
-153.705704
-191.632813
-129.477921
-127.765228
119.261124
-31.899305
49.334530
143.339005
-47.048302
12.073207
123.322296
-133.225876
-59.382183
-7.419960
-2.719341
-465.700684
-870.543579
-884.638000
-775.949036
-726.211365
529.183350
-208.419724
259.955475
765.448792
-132.987396
-22.503267
639.414124
-637.568604
-375.850006
-0.730048
-0.079764
-0.526493
-0.383013
-0.350573
-0.801437
-0.540695
0.298024
-0.076568
-0.067850
0.438998
0.427492
-0.286079
0.556518
0.277181
-0.587395
-0.730048
-0.079764
-0.526493
-0.383013
-0.350573
-0.801437
-0.540695
0.298024
-0.076568
-0.067850
0.438998
0.427492
-0.286079
0.556518
0.277181
-0.587395
-0.730048
-0.079764
-0.526493
-0.383013
-0.350573
-0.801437
-0.540695
0.298024
-0.076568
-0.067850
0.438998
0.427492
-0.286079
0.556518
0.277181
-0.587395
-0.730048
-0.079764
-0.526493
-0.383013
-0.350573
-0.801437
-0.540695
0.298024
-0.076568
-0.067850
0.438998
0.427492
-0.286079
0.556518
0.277181
-0.587395
-0.730048
-0.079764
-0.526493
-0.383013
-0.350573
-0.801437
-0.540695
0.298024
-0.076568
-0.067850
0.438998
0.427492
-0.286079
0.556518
0.277181
-0.587395
-0.730048
-0.079764
-0.526493
-0.383013
-0.350573
-0.801437
-0.540695
0.298024
-0.076568
-0.067850
0.438998
0.427492
-0.286079
0.556518
0.277181
-0.587395
-0.730048
-0.079764
-0.526493
-0.383013
-0.350573
-0.801437
-0.540695
0.298024
-0.076568
-0.067850
0.438998
0.427492
-0.286079
0.556518
0.277181
-0.587395
-0.730048
-0.079764
-0.526493
-0.383013
-0.350573
-0.801437
-0.540695
0.298024
-0.076568
-0.067850
0.438998
0.427492
-0.286079
0.556518
0.277181
-0.587395
-0.730048
-0.079764
-0.526493
-0.383013
-0.350573
-0.801437
-0.540695
0.298024
-0.076568
-0.067850
0.438998
0.427492
-0.286079
0.556518
0.277181
-0.587395
-0.730048
-0.079764
-0.526493
-0.383013
-0.350573
-0.801437
-0.540695
0.298024
-0.076568
-0.067850
0.438998
0.427492
-0.286079
0.556518
0.277181
-0.587395
-0.730048
-0.079764
-0.526493
-0.383013
-0.350573
-0.801437
-0.540695
0.298024
-0.076568
-0.067850
0.438998
0.427492
-0.286079
0.556518
0.277181
-0.587395
-0.730048
-0.079764
-0.526493
-0.383013
-0.350573
-0.801437
-0.540695
0.298024
-0.076568
-0.067850
0.438998
0.427492
-0.286079
0.556518
0.277181
-0.587395
-0.730048
-0.079764
-0.526493
-0.383013
-0.350573
-0.801437
-0.540695
0.298024
-0.076568
-0.067850
0.438998
0.427492
-0.286079
0.556518
0.277181
-0.587395
-0.730048
-0.079764
-0.526493
-0.383013
-0.350573
-0.801437
-0.540695
0.298024
-0.076568
-0.067850
0.438998
0.427492
-0.286079
0.556518
0.277181
-0.587395
