3.331024
-0.446636
-21.277590
-11.486325
22.253212
15.778922
-0.679478
9.858342
0.565374
-18.746706
-26.333090
0.388117
-18.927948
13.562161
10.195582
-16.955677
-8.804591
6.623922
-2568.202148
-1105.685303
-3271.417480
-426.339996
-841.412048
2270.226563
-270.034454
819.123535
1521.832642
-1655.785889
905.415161
1836.163208
-2260.344482
339.596466
-0.663596
-1.052460
-27.717548
3.023361
24.674597
-25.640747
5.794094
-10.528322
4.230216
5.726841
18.435162
18.837908
12.428292
12.908713
-11.590378
-9.301208
0.346551
0.958642
21.814304
-3.135418
-19.108278
21.031876
-7.194065
7.054824
-1.658133
-8.900001
-20.859890
-15.994131
-8.598244
-15.672557
8.861477
6.877772
5.512641
-6.609656
2244.570068
965.114807
2858.493164
367.028534
734.255188
-1986.173950
236.238419
-715.213623
-1323.833008
1448.885498
-795.729492
-1604.247559
1973.070068
-302.801208
0.015185
0.476805
0.401970
1.319156
1.713630
0.446361
0.860996
-0.778728
0.218222
-0.789257
-0.405378
0.107882
-0.400097
-0.543949
0.437364
0.436028
0.015185
0.476805
0.401970
1.319156
1.713630
0.446361
0.860996
-0.778728
0.218222
-0.789257
-0.405378
0.107882
-0.400097
-0.543949
0.437364
0.436028
0.015185
0.476805
0.401970
1.319156
1.713630
0.446361
0.860996
-0.778728
0.218222
-0.789257
-0.405378
0.107882
-0.400097
-0.543949
0.437364
0.436028
0.015185
0.476805
0.401970
1.319156
1.713630
0.446361
0.860996
-0.778728
0.218222
-0.789257
-0.405378
0.107882
-0.400097
-0.543949
0.437364
0.436028
0.015185
0.476805
0.401970
1.319156
1.713630
0.446361
0.860996
-0.778728
0.218222
-0.789257
-0.405378
0.107882
-0.400097
-0.543949
0.437364
0.436028
0.015185
0.476805
0.401970
1.319156
1.713630
0.446361
0.860996
-0.778728
0.218222
-0.789257
-0.405378
0.107882
-0.400097
-0.543949
0.437364
0.436028
0.015185
0.476805
0.401970
1.319156
1.713630
0.446361
0.860996
-0.778728
0.218222
-0.789257
-0.405378
0.107882
-0.400097
-0.543949
0.437364
0.436028
0.015185
0.476805
0.401970
1.319156
1.713630
0.446361
0.860996
-0.778728
0.218222
-0.789257
-0.405378
0.107882
-0.400097
-0.543949
0.437364
0.436028
0.015185
0.476805
0.401970
1.319156
1.713630
0.446361
0.860996
-0.778728
0.218222
-0.789257
-0.405378
0.107882
-0.400097
-0.543949
0.437364
0.436028
0.015185
0.476805
0.401970
1.319156
1.713630
0.446361
0.860996
-0.778728
0.218222
-0.789257
-0.405378
0.107882
-0.400097
-0.543949
0.437364
0.436028
0.015185
0.476805
0.401970
1.319156
1.713630
0.446361
0.860996
-0.778728
0.218222
-0.789257
-0.405378
0.107882
-0.400097
-0.543949
0.437364
0.436028
0.015185
0.476805
0.401970
1.319156
1.713630
0.446361
0.860996
-0.778728
0.218222
-0.789257
-0.405378
0.107882
-0.400097
-0.543949
0.437364
0.436028
0.015185
0.476805
0.401970
1.319156
1.713630
0.446361
0.860996
-0.778728
0.218222
-0.789257
-0.405378
0.107882
-0.400097
-0.543949
0.437364
0.436028
0.015185
0.476805
0.401970
1.319156
1.713630
0.446361
0.860996
-0.778728
0.218222
-0.789257
-0.405378
0.107882
-0.400097
-0.543949
0.437364
0.436028
0.015185
0.476805
0.401970
1.319156
1.713630
0.446361
0.860996
-0.778728
0.218222
-0.789257
-0.405378
0.107882
-0.400097
-0.543949
0.437364
0.436028
