26.906485
-17.574091
3363.244141
4890.585938
3084.728760
-2824.768799
-239.948730
-1039.560303
-9079.053711
-404.417114
320.318207
3425.064697
2321.154541
-1579.709106
3405.230469
-71.963272
0.370818
-1.619239
44.985439
-32.346817
-46.515770
-3.247140
-5.432992
-0.659375
67.916321
-18.567640
1.416404
-39.105774
-18.695049
15.090084
20.823977
10.285007
-0.743867
-1.353056
-27.711088
21.996574
27.404436
3.985209
3.739225
0.986244
-46.434250
7.965860
2.558544
25.626793
13.906269
-3.867105
-11.604484
-8.029058
-15.801007
11.180721
-2351.283203
-3097.435791
-1940.109497
1904.365601
247.575256
782.228882
6047.308105
132.905701
-201.269547
-2323.262207
-1297.902954
1131.002808
-2215.360596
159.832367
-1.237381
1.546389
-584.791748
-297.325134
-153.953339
457.928040
51.786404
31.205807
874.670959
-522.958984
-273.976013
-257.253448
-245.432190
263.086487
-335.679443
181.370300
-2.437714
-1.141730
23.857105
-355.705505
-241.266037
19.493233
-39.783062
52.935173
386.510437
354.709259
113.991150
-165.473343
-174.924927
-1.398196
-160.132080
-120.490395
-4.086116
3.251109
-106.966179
-153.298889
-98.473808
94.925049
11.715151
20.882887
282.704376
-12.514717
-26.743443
-97.886024
-90.917664
42.224674
-108.845581
6.896131
0.919119
0.356585
0.600379
-1.490299
-1.373923
-0.443017
-0.586198
0.751056
1.437718
2.473055
1.196101
-0.797006
-0.605597
-0.349430
-0.709114
-0.641119
0.919119
0.356585
0.600379
-1.490299
-1.373923
-0.443017
-0.586198
0.751056
1.437718
2.473055
1.196101
-0.797006
-0.605597
-0.349430
-0.709114
-0.641119
0.919119
0.356585
0.600379
-1.490299
-1.373923
-0.443017
-0.586198
0.751056
1.437718
2.473055
1.196101
-0.797006
-0.605597
-0.349430
-0.709114
-0.641119
0.919119
0.356585
0.600379
-1.490299
-1.373923
-0.443017
-0.586198
0.751056
1.437718
2.473055
1.196101
-0.797006
-0.605597
-0.349430
-0.709114
-0.641119
0.919119
0.356585
0.600379
-1.490299
-1.373923
-0.443017
-0.586198
0.751056
1.437718
2.473055
1.196101
-0.797006
-0.605597
-0.349430
-0.709114
-0.641119
0.919119
0.356585
0.600379
-1.490299
-1.373923
-0.443017
-0.586198
0.751056
1.437718
2.473055
1.196101
-0.797006
-0.605597
-0.349430
-0.709114
-0.641119
0.919119
0.356585
0.600379
-1.490299
-1.373923
-0.443017
-0.586198
0.751056
1.437718
2.473055
1.196101
-0.797006
-0.605597
-0.349430
-0.709114
-0.641119
0.919119
0.356585
0.600379
-1.490299
-1.373923
-0.443017
-0.586198
0.751056
1.437718
2.473055
1.196101
-0.797006
-0.605597
-0.349430
-0.709114
-0.641119
0.919119
0.356585
0.600379
-1.490299
-1.373923
-0.443017
-0.586198
0.751056
1.437718
2.473055
1.196101
-0.797006
-0.605597
-0.349430
-0.709114
-0.641119
0.919119
0.356585
0.600379
-1.490299
-1.373923
-0.443017
-0.586198
0.751056
1.437718
2.473055
1.196101
-0.797006
-0.605597
-0.349430
-0.709114
-0.641119
0.919119
0.356585
0.600379
-1.490299
-1.373923
-0.443017
-0.586198
0.751056
1.437718
2.473055
1.196101
-0.797006
-0.605597
-0.349430
-0.709114
-0.641119
0.919119
0.356585
0.600379
-1.490299
-1.373923
-0.443017
-0.586198
0.751056
1.437718
2.473055
1.196101
-0.797006
-0.605597
-0.349430
-0.709114
-0.641119
0.919119
0.356585
0.600379
-1.490299
-1.373923
-0.443017
-0.586198
0.751056
1.437718
2.473055
1.196101
-0.797006
-0.605597
-0.349430
-0.709114
-0.641119
