-20.100304
-29.740393
5543.601074
-3705.699219
-3548.579834
-3873.270996
-1354.595825
1491.583252
-1080.576904
11689.774414
5248.602051
-727.919434
-1206.282227
-1291.541138
-110.629974
-3705.907227
0.987898
2.901604
41.082073
50.836357
2.514208
-57.602837
-2.064813
-9.175659
20.911905
85.653328
63.541054
7.675862
-7.319307
-10.331698
-10.656472
23.817087
-1.627197
-2.180919
-17.722378
-20.024361
0.297119
21.828913
4.227141
3.276641
-11.305256
-39.927288
-27.478912
-2.444922
4.001325
5.190760
3.352123
-8.136921
6.231386
13.590684
-2355.238037
1574.861084
1510.958740
1648.773193
573.532593
-637.164185
449.320007
-4959.816406
-2220.458984
298.132263
525.710754
550.372375
52.450035
1575.121216
0.808748
3.101547
-244.572723
208.331039
193.676682
166.094376
58.843548
-76.137505
-16.214062
-568.657471
-250.185654
72.249382
65.616241
51.525696
24.828583
177.322983
0.861626
1.497513
-325.224396
256.643585
237.663712
219.770935
76.008606
-99.560913
16.491465
-720.542725
-318.073181
69.497955
79.547707
73.735558
24.599306
231.782089
5.987472
6.360074
-1278.029663
859.141479
821.625977
893.308960
313.408508
-347.352692
246.593613
-2712.002441
-1220.811768
180.947632
269.867981
298.008514
23.477188
857.164124
-0.121769
-0.132997
-1.308549
0.085481
-0.288312
1.193633
-0.037177
-0.225042
2.200809
-2.282186
-1.061068
-1.382513
0.306676
0.148388
-0.602046
0.524382
-0.121769
-0.132997
-1.308549
0.085481
-0.288312
1.193633
-0.037177
-0.225042
2.200809
-2.282186
-1.061068
-1.382513
0.306676
0.148388
-0.602046
0.524382
-0.121769
-0.132997
-1.308549
0.085481
-0.288312
1.193633
-0.037177
-0.225042
2.200809
-2.282186
-1.061068
-1.382513
0.306676
0.148388
-0.602046
0.524382
-0.121769
-0.132997
-1.308549
0.085481
-0.288312
1.193633
-0.037177
-0.225042
2.200809
-2.282186
-1.061068
-1.382513
0.306676
0.148388
-0.602046
0.524382
-0.121769
-0.132997
-1.308549
0.085481
-0.288312
1.193633
-0.037177
-0.225042
2.200809
-2.282186
-1.061068
-1.382513
0.306676
0.148388
-0.602046
0.524382
-0.121769
-0.132997
-1.308549
0.085481
-0.288312
1.193633
-0.037177
-0.225042
2.200809
-2.282186
-1.061068
-1.382513
0.306676
0.148388
-0.602046
0.524382
-0.121769
-0.132997
-1.308549
0.085481
-0.288312
1.193633
-0.037177
-0.225042
2.200809
-2.282186
-1.061068
-1.382513
0.306676
0.148388
-0.602046
0.524382
-0.121769
-0.132997
-1.308549
0.085481
-0.288312
1.193633
-0.037177
-0.225042
2.200809
-2.282186
-1.061068
-1.382513
0.306676
0.148388
-0.602046
0.524382
-0.121769
-0.132997
-1.308549
0.085481
-0.288312
1.193633
-0.037177
-0.225042
2.200809
-2.282186
-1.061068
-1.382513
0.306676
0.148388
-0.602046
0.524382
-0.121769
-0.132997
-1.308549
0.085481
-0.288312
1.193633
-0.037177
-0.225042
2.200809
-2.282186
-1.061068
-1.382513
0.306676
0.148388
-0.602046
0.524382
-0.121769
-0.132997
-1.308549
0.085481
-0.288312
1.193633
-0.037177
-0.225042
2.200809
-2.282186
-1.061068
-1.382513
0.306676
0.148388
-0.602046
0.524382
-0.121769
-0.132997
-1.308549
0.085481
-0.288312
1.193633
-0.037177
-0.225042
2.200809
-2.282186
-1.061068
-1.382513
0.306676
0.148388
-0.602046
0.524382
-0.121769
-0.132997
-1.308549
0.085481
-0.288312
1.193633
-0.037177
-0.225042
2.200809
-2.282186
-1.061068
-1.382513
0.306676
0.148388
-0.602046
0.524382
