-2.003210
1.683513
29.992317
-56.293480
-44.485359
14.294392
-5.018866
5.943747
57.673580
-56.696156
-28.429668
-53.029293
-6.235760
15.733126
24.456835
6.915024
34.133503
-2.726231
1283.533569
6337.387207
4131.893066
-1530.294312
163.511139
-2102.420654
-8549.364258
-6045.619141
-2056.395020
4451.375488
2049.630371
-203.224380
3884.149414
647.407166
1.371292
-0.689968
-15.985299
39.055054
28.210180
-7.649494
1.532275
-4.785090
-39.875294
33.381748
19.195988
37.730656
5.484294
-8.559719
-15.987675
-7.869858
-20.736479
1.829531
-909.141418
-4164.982910
-2711.988037
1067.008545
-79.255409
1384.476074
5703.092773
3897.294922
1313.677734
-2934.064209
-1357.613770
157.427948
-2577.180176
-378.678467
-3.912247
2.694001
18.633474
-373.272858
-243.387619
18.009712
-43.231350
111.297585
374.499054
454.421661
176.533539
-223.325378
-107.314468
-10.686745
-203.821136
-90.696945
-2.402124
1.353161
-285.076935
-598.164368
-378.742401
241.882278
30.865822
218.236679
996.496704
412.647186
91.369736
-494.540558
-205.552948
55.866337
-402.521118
18.631027
-0.309810
-0.480962
1.006379
-2.212684
-1.224121
-0.152381
-0.651274
1.112767
-0.335999
3.081876
1.443912
-0.560307
-0.531996
-0.120481
-1.164848
-1.283834
-0.309810
-0.480962
1.006379
-2.212684
-1.224121
-0.152381
-0.651274
1.112767
-0.335999
3.081876
1.443912
-0.560307
-0.531996
-0.120481
-1.164848
-1.283834
-0.309810
-0.480962
1.006379
-2.212684
-1.224121
-0.152381
-0.651274
1.112767
-0.335999
3.081876
1.443912
-0.560307
-0.531996
-0.120481
-1.164848
-1.283834
-0.309810
-0.480962
1.006379
-2.212684
-1.224121
-0.152381
-0.651274
1.112767
-0.335999
3.081876
1.443912
-0.560307
-0.531996
-0.120481
-1.164848
-1.283834
-0.309810
-0.480962
1.006379
-2.212684
-1.224121
-0.152381
-0.651274
1.112767
-0.335999
3.081876
1.443912
-0.560307
-0.531996
-0.120481
-1.164848
-1.283834
-0.309810
-0.480962
1.006379
-2.212684
-1.224121
-0.152381
-0.651274
1.112767
-0.335999
3.081876
1.443912
-0.560307
-0.531996
-0.120481
-1.164848
-1.283834
-0.309810
-0.480962
1.006379
-2.212684
-1.224121
-0.152381
-0.651274
1.112767
-0.335999
3.081876
1.443912
-0.560307
-0.531996
-0.120481
-1.164848
-1.283834
-0.309810
-0.480962
1.006379
-2.212684
-1.224121
-0.152381
-0.651274
1.112767
-0.335999
3.081876
1.443912
-0.560307
-0.531996
-0.120481
-1.164848
-1.283834
-0.309810
-0.480962
1.006379
-2.212684
-1.224121
-0.152381
-0.651274
1.112767
-0.335999
3.081876
1.443912
-0.560307
-0.531996
-0.120481
-1.164848
-1.283834
-0.309810
-0.480962
1.006379
-2.212684
-1.224121
-0.152381
-0.651274
1.112767
-0.335999
3.081876
1.443912
-0.560307
-0.531996
-0.120481
-1.164848
-1.283834
-0.309810
-0.480962
1.006379
-2.212684
-1.224121
-0.152381
-0.651274
1.112767
-0.335999
3.081876
1.443912
-0.560307
-0.531996
-0.120481
-1.164848
-1.283834
-0.309810
-0.480962
1.006379
-2.212684
-1.224121
-0.152381
-0.651274
1.112767
-0.335999
3.081876
1.443912
-0.560307
-0.531996
-0.120481
-1.164848
-1.283834
-0.309810
-0.480962
1.006379
-2.212684
-1.224121
-0.152381
-0.651274
1.112767
-0.335999
3.081876
1.443912
-0.560307
-0.531996
-0.120481
-1.164848
-1.283834
-0.309810
-0.480962
1.006379
-2.212684
-1.224121
-0.152381
-0.651274
1.112767
-0.335999
3.081876
1.443912
-0.560307
-0.531996
-0.120481
-1.164848
-1.283834
