-7.254666
14.562014
-11914.711914
-8453.316406
-3068.771240
-303.813568
-1334.120972
5975.662109
-1504.331909
10603.768555
6906.153809
268.615662
4961.201172
6852.100586
-899.142578
1776.456299
-1.873883
2.067351
-131.851837
43.294632
22.435516
-21.167002
15.067492
-21.998566
22.959602
77.270180
86.077347
-7.627956
39.586662
61.341209
2.808265
-15.190808
0.911034
-1.510561
56.022404
-20.117020
-5.832354
6.265013
-6.915897
9.254446
-9.166841
-32.082355
-42.578640
6.150375
-18.848318
-29.216940
-0.692875
6.862611
-0.373526
-1.236162
341.639923
201.590820
96.185608
-12.472146
20.640923
-164.450912
18.844086
-288.912292
-183.855789
5.432657
-146.096878
-158.320999
16.955509
-45.314533
3.824518
-4.575677
5298.555664
3762.925293
1366.060425
130.553223
589.561218
-2661.197998
660.732056
-4712.206055
-3065.622314
-112.455551
-2206.527588
-3043.141113
399.545624
-788.831787
0.172728
-1.557178
439.290588
469.681061
133.826096
36.913662
105.646423
-250.965927
151.768219
-451.132843
-303.482788
-73.664589
-166.404449
-339.742493
58.272701
-68.011421
2.248265
-1.482820
2640.687744
1828.806519
669.260742
67.389725
285.084564
-1312.084717
323.428070
-2334.428223
-1518.553955
-52.842987
-1094.702515
-1503.003174
191.554092
-396.312439
-1.750450
-2.550673
736.374390
654.884033
203.141479
47.901299
136.526550
-390.090637
180.190842
-700.445313
-463.666840
-69.203415
-283.921844
-494.916656
74.815239
-113.408333
0.318303
0.245848
1.555752
3.108847
-0.185075
1.462801
1.197188
-1.166493
1.813190
-1.396685
-1.443315
-1.581513
0.699238
-2.200835
0.064239
-0.820650
0.318303
0.245848
1.555752
3.108847
-0.185075
1.462801
1.197188
-1.166493
1.813190
-1.396685
-1.443315
-1.581513
0.699238
-2.200835
0.064239
-0.820650
0.318303
0.245848
1.555752
3.108847
-0.185075
1.462801
1.197188
-1.166493
1.813190
-1.396685
-1.443315
-1.581513
0.699238
-2.200835
0.064239
-0.820650
0.318303
0.245848
1.555752
3.108847
-0.185075
1.462801
1.197188
-1.166493
1.813190
-1.396685
-1.443315
-1.581513
0.699238
-2.200835
0.064239
-0.820650
0.318303
0.245848
1.555752
3.108847
-0.185075
1.462801
1.197188
-1.166493
1.813190
-1.396685
-1.443315
-1.581513
0.699238
-2.200835
0.064239
-0.820650
0.318303
0.245848
1.555752
3.108847
-0.185075
1.462801
1.197188
-1.166493
1.813190
-1.396685
-1.443315
-1.581513
0.699238
-2.200835
0.064239
-0.820650
0.318303
0.245848
1.555752
3.108847
-0.185075
1.462801
1.197188
-1.166493
1.813190
-1.396685
-1.443315
-1.581513
0.699238
-2.200835
0.064239
-0.820650
0.318303
0.245848
1.555752
3.108847
-0.185075
1.462801
1.197188
-1.166493
1.813190
-1.396685
-1.443315
-1.581513
0.699238
-2.200835
0.064239
-0.820650
0.318303
0.245848
1.555752
3.108847
-0.185075
1.462801
1.197188
-1.166493
1.813190
-1.396685
-1.443315
-1.581513
0.699238
-2.200835
0.064239
-0.820650
0.318303
0.245848
1.555752
3.108847
-0.185075
1.462801
1.197188
-1.166493
1.813190
-1.396685
-1.443315
-1.581513
0.699238
-2.200835
0.064239
-0.820650
0.318303
0.245848
1.555752
3.108847
-0.185075
1.462801
1.197188
-1.166493
1.813190
-1.396685
-1.443315
-1.581513
0.699238
-2.200835
0.064239
-0.820650
0.318303
0.245848
1.555752
3.108847
-0.185075
1.462801
1.197188
-1.166493
1.813190
-1.396685
-1.443315
-1.581513
0.699238
-2.200835
0.064239
-0.820650
