1.418870
-1.381604
-113.475029
68.892387
9.064621
-26.375875
7.842697
-20.881004
35.480663
70.569328
82.299759
-34.335155
50.179489
51.339394
-5.110218
-12.471318
-8.765424
14.519031
-9345.618164
-10814.848633
-2533.368408
-1278.024292
-2404.868164
5545.459961
-3332.059082
10189.933594
6849.117188
2374.091797
3954.599609
7453.668457
-988.502441
1282.850098
-1.063441
-0.723004
70.179848
-41.442924
-3.240904
12.386756
-4.173223
8.941810
-24.971167
-42.310974
-46.537102
22.466930
-32.807560
-29.473331
0.722809
8.855270
5.931850
-9.084365
5528.039551
6268.145020
1484.729858
733.512634
1373.344604
-3253.423828
1898.509155
-5974.255371
-4012.847656
-1357.010742
-2350.836182
-4335.333984
570.216675
-758.730652
-3.304531
0.557502
535.704529
715.979797
155.516312
95.999588
176.289719
-337.920258
248.666565
-628.666199
-421.949463
-179.452179
-216.525955
-486.845764
69.069077
-76.018021
3.221183
-5.120417
1350.322021
1404.734253
355.555389
156.232925
288.268768
-772.083679
380.354065
-1414.725342
-950.285217
-272.800262
-592.333374
-988.744141
123.040764
-182.136429
-0.245278
0.404782
-0.187178
2.592747
0.456017
-0.005792
0.616753
-0.738837
1.516356
-0.958050
-0.389304
-0.419425
0.180514
-1.207617
0.726055
-0.267084
-0.245278
0.404782
-0.187178
2.592747
0.456017
-0.005792
0.616753
-0.738837
1.516356
-0.958050
-0.389304
-0.419425
0.180514
-1.207617
0.726055
-0.267084
-0.245278
0.404782
-0.187178
2.592747
0.456017
-0.005792
0.616753
-0.738837
1.516356
-0.958050
-0.389304
-0.419425
0.180514
-1.207617
0.726055
-0.267084
-0.245278
0.404782
-0.187178
2.592747
0.456017
-0.005792
0.616753
-0.738837
1.516356
-0.958050
-0.389304
-0.419425
0.180514
-1.207617
0.726055
-0.267084
-0.245278
0.404782
-0.187178
2.592747
0.456017
-0.005792
0.616753
-0.738837
1.516356
-0.958050
-0.389304
-0.419425
0.180514
-1.207617
0.726055
-0.267084
-0.245278
0.404782
-0.187178
2.592747
0.456017
-0.005792
0.616753
-0.738837
1.516356
-0.958050
-0.389304
-0.419425
0.180514
-1.207617
0.726055
-0.267084
-0.245278
0.404782
-0.187178
2.592747
0.456017
-0.005792
0.616753
-0.738837
1.516356
-0.958050
-0.389304
-0.419425
0.180514
-1.207617
0.726055
-0.267084
-0.245278
0.404782
-0.187178
2.592747
0.456017
-0.005792
0.616753
-0.738837
1.516356
-0.958050
-0.389304
-0.419425
0.180514
-1.207617
0.726055
-0.267084
-0.245278
0.404782
-0.187178
2.592747
0.456017
-0.005792
0.616753
-0.738837
1.516356
-0.958050
-0.389304
-0.419425
0.180514
-1.207617
0.726055
-0.267084
-0.245278
0.404782
-0.187178
2.592747
0.456017
-0.005792
0.616753
-0.738837
1.516356
-0.958050
-0.389304
-0.419425
0.180514
-1.207617
0.726055
-0.267084
-0.245278
0.404782
-0.187178
2.592747
0.456017
-0.005792
0.616753
-0.738837
1.516356
-0.958050
-0.389304
-0.419425
0.180514
-1.207617
0.726055
-0.267084
-0.245278
0.404782
-0.187178
2.592747
0.456017
-0.005792
0.616753
-0.738837
1.516356
-0.958050
-0.389304
-0.419425
0.180514
-1.207617
0.726055
-0.267084
-0.245278
0.404782
-0.187178
2.592747
0.456017
-0.005792
0.616753
-0.738837
1.516356
-0.958050
-0.389304
-0.419425
0.180514
-1.207617
0.726055
-0.267084
-0.245278
0.404782
-0.187178
2.592747
0.456017
-0.005792
0.616753
-0.738837
1.516356
-0.958050
-0.389304
-0.419425
0.180514
-1.207617
0.726055
-0.267084
