-0.926311
-13.520025
12158.412109
4087.158203
2358.763184
-214.166550
-301.469421
-5229.358398
-1851.473999
-8970.881836
-6113.396973
1198.255737
-6001.177734
-3941.509766
288.031494
-2147.872559
-3.099526
1.963230
121.148819
-2.844796
-22.139938
12.011832
-16.724379
12.048042
-0.590828
-67.401123
-74.225418
-8.165599
-13.582965
-62.535725
-3.082192
14.423364
1.351638
-4.355057
-80.170319
-0.765655
13.761481
-11.202693
8.145967
-6.003058
-3.297733
48.246357
54.888428
8.986399
8.615646
44.742393
1.155934
-15.182228
0.619546
9.924363
-8316.901367
-2633.309082
-1606.760376
178.544815
270.600952
3554.234131
1409.598511
6096.594238
4160.206543
-906.518677
4167.147461
2593.145020
-164.630234
1468.519775
1.648208
1.338982
-1294.084595
-79.871696
-219.600113
78.542656
159.976364
495.982971
389.290894
816.309692
552.949890
-265.504822
669.626831
234.688293
24.429632
214.658508
-0.811076
1.118571
-616.833069
-492.625427
-141.042465
-39.357025
-97.778465
309.045624
-89.208626
556.271240
378.166840
61.795170
263.095093
356.037354
-63.955746
116.528374
0.412608
-0.524246
-1.076782
-3.061887
-0.375310
-0.259674
-0.858119
0.699146
-0.409341
2.156145
1.637873
0.874607
0.381960
1.287678
-0.511215
0.591796
0.412608
-0.524246
-1.076782
-3.061887
-0.375310
-0.259674
-0.858119
0.699146
-0.409341
2.156145
1.637873
0.874607
0.381960
1.287678
-0.511215
0.591796
0.412608
-0.524246
-1.076782
-3.061887
-0.375310
-0.259674
-0.858119
0.699146
-0.409341
2.156145
1.637873
0.874607
0.381960
1.287678
-0.511215
0.591796
0.412608
-0.524246
-1.076782
-3.061887
-0.375310
-0.259674
-0.858119
0.699146
-0.409341
2.156145
1.637873
0.874607
0.381960
1.287678
-0.511215
0.591796
0.412608
-0.524246
-1.076782
-3.061887
-0.375310
-0.259674
-0.858119
0.699146
-0.409341
2.156145
1.637873
0.874607
0.381960
1.287678
-0.511215
0.591796
0.412608
-0.524246
-1.076782
-3.061887
-0.375310
-0.259674
-0.858119
0.699146
-0.409341
2.156145
1.637873
0.874607
0.381960
1.287678
-0.511215
0.591796
0.412608
-0.524246
-1.076782
-3.061887
-0.375310
-0.259674
-0.858119
0.699146
-0.409341
2.156145
1.637873
0.874607
0.381960
1.287678
-0.511215
0.591796
0.412608
-0.524246
-1.076782
-3.061887
-0.375310
-0.259674
-0.858119
0.699146
-0.409341
2.156145
1.637873
0.874607
0.381960
1.287678
-0.511215
0.591796
0.412608
-0.524246
-1.076782
-3.061887
-0.375310
-0.259674
-0.858119
0.699146
-0.409341
2.156145
1.637873
0.874607
0.381960
1.287678
-0.511215
0.591796
0.412608
-0.524246
-1.076782
-3.061887
-0.375310
-0.259674
-0.858119
0.699146
-0.409341
2.156145
1.637873
0.874607
0.381960
1.287678
-0.511215
0.591796
0.412608
-0.524246
-1.076782
-3.061887
-0.375310
-0.259674
-0.858119
0.699146
-0.409341
2.156145
1.637873
0.874607
0.381960
1.287678
-0.511215
0.591796
0.412608
-0.524246
-1.076782
-3.061887
-0.375310
-0.259674
-0.858119
0.699146
-0.409341
2.156145
1.637873
0.874607
0.381960
1.287678
-0.511215
0.591796
0.412608
-0.524246
-1.076782
-3.061887
-0.375310
-0.259674
-0.858119
0.699146
-0.409341
2.156145
1.637873
0.874607
0.381960
1.287678
-0.511215
0.591796
0.412608
-0.524246
-1.076782
-3.061887
-0.375310
-0.259674
-0.858119
0.699146
-0.409341
2.156145
1.637873
0.874607
0.381960
1.287678
-0.511215
0.591796
