1.335282
0.191289
-59.315777
70.121887
-1.487997
-23.533718
-2.278590
-18.240223
62.112274
38.666725
49.987728
-54.917782
70.521606
23.019716
-7.352779
-13.545629
-12.804964
1.208689
-3895.849854
-10224.341797
-1382.479004
-1777.333740
-4241.822754
3131.109131
-6831.378906
6723.045410
4508.919434
4268.035156
-176.795242
8244.229492
-1792.515381
1261.474121
0.400640
-1.268737
35.493317
-43.202724
3.273105
17.459751
4.399468
10.701471
-39.150837
-24.660276
-31.185623
32.554886
-37.544468
-16.898251
4.074904
6.343507
7.753867
-1.287184
2477.073486
6315.524902
871.793091
1097.573242
2614.417969
-1966.359619
4187.794434
-4210.434082
-2822.296387
-2617.191162
53.702702
-5112.955078
1100.144775
-794.113159
-0.038139
-1.463395
69.309883
270.609955
27.925484
48.544498
115.444565
-58.369514
192.593887
-152.019745
-103.747452
-120.299751
32.163998
-199.626083
47.108864
-30.672403
3.221987
2.260669
602.144165
1182.843994
189.640991
192.625198
471.556763
-432.903351
736.880981
-893.381531
-597.392761
-457.332092
-82.201439
-993.928467
204.779282
-174.671509
-0.432472
2.330063
131.016388
673.509705
67.816589
125.347572
294.891022
-148.366165
492.723602
-348.724945
-237.111877
-310.469147
96.100090
-508.081207
122.622818
-60.735767
-0.624913
0.351013
-0.747782
2.312309
-0.276719
0.449076
1.908662
0.157908
2.267097
0.232505
0.062513
-1.626567
1.186401
-1.180623
0.738663
-0.195457
-0.624913
0.351013
-0.747782
2.312309
-0.276719
0.449076
1.908662
0.157908
2.267097
0.232505
0.062513
-1.626567
1.186401
-1.180623
0.738663
-0.195457
-0.624913
0.351013
-0.747782
2.312309
-0.276719
0.449076
1.908662
0.157908
2.267097
0.232505
0.062513
-1.626567
1.186401
-1.180623
0.738663
-0.195457
-0.624913
0.351013
-0.747782
2.312309
-0.276719
0.449076
1.908662
0.157908
2.267097
0.232505
0.062513
-1.626567
1.186401
-1.180623
0.738663
-0.195457
-0.624913
0.351013
-0.747782
2.312309
-0.276719
0.449076
1.908662
0.157908
2.267097
0.232505
0.062513
-1.626567
1.186401
-1.180623
0.738663
-0.195457
-0.624913
0.351013
-0.747782
2.312309
-0.276719
0.449076
1.908662
0.157908
2.267097
0.232505
0.062513
-1.626567
1.186401
-1.180623
0.738663
-0.195457
-0.624913
0.351013
-0.747782
2.312309
-0.276719
0.449076
1.908662
0.157908
2.267097
0.232505
0.062513
-1.626567
1.186401
-1.180623
0.738663
-0.195457
-0.624913
0.351013
-0.747782
2.312309
-0.276719
0.449076
1.908662
0.157908
2.267097
0.232505
0.062513
-1.626567
1.186401
-1.180623
0.738663
-0.195457
-0.624913
0.351013
-0.747782
2.312309
-0.276719
0.449076
1.908662
0.157908
2.267097
0.232505
0.062513
-1.626567
1.186401
-1.180623
0.738663
-0.195457
-0.624913
0.351013
-0.747782
2.312309
-0.276719
0.449076
1.908662
0.157908
2.267097
0.232505
0.062513
-1.626567
1.186401
-1.180623
0.738663
-0.195457
-0.624913
0.351013
-0.747782
2.312309
-0.276719
0.449076
1.908662
0.157908
2.267097
0.232505
0.062513
-1.626567
1.186401
-1.180623
0.738663
-0.195457
-0.624913
0.351013
-0.747782
2.312309
-0.276719
0.449076
1.908662
0.157908
2.267097
0.232505
0.062513
-1.626567
1.186401
-1.180623
0.738663
-0.195457
-0.624913
0.351013
-0.747782
2.312309
-0.276719
0.449076
1.908662
0.157908
2.267097
0.232505
0.062513
-1.626567
1.186401
-1.180623
0.738663
-0.195457
