-0.840754
7.375336
-885.396362
-718.090576
-1383.865845
360.335541
267.453949
-48.250404
657.733276
574.565674
626.633301
-584.040955
-176.491180
442.353210
-862.486145
418.413208
-0.076834
-6.337199
626.068604
515.769653
979.905945
-250.164001
-197.184387
35.577393
-471.161865
-410.243652
-452.107147
416.417633
121.666534
-298.013763
599.790161
-286.445129
-2.436799
-2.988242
67.710915
77.882957
132.778000
-8.290174
-19.087931
-3.511675
-46.141838
-61.753006
-65.366516
40.425167
27.004438
-41.191833
94.305016
-26.083622
0.944344
-2.004548
58.416950
32.124653
74.654564
-38.440128
-16.293839
6.880233
-43.588230
-28.318146
-28.935541
37.194431
7.053788
-28.552853
47.480312
-34.618206
0.089672
0.020910
-0.220885
0.514782
-0.071635
0.155985
0.166718
-0.457731
0.507343
-0.280200
-0.083126
0.145268
0.048811
-0.339880
0.251674
0.366373
0.089672
0.020910
-0.220885
0.514782
-0.071635
0.155985
0.166718
-0.457731
0.507343
-0.280200
-0.083126
0.145268
0.048811
-0.339880
0.251674
0.366373
0.089672
0.020910
-0.220885
0.514782
-0.071635
0.155985
0.166718
-0.457731
0.507343
-0.280200
-0.083126
0.145268
0.048811
-0.339880
0.251674
0.366373
0.089672
0.020910
-0.220885
0.514782
-0.071635
0.155985
0.166718
-0.457731
0.507343
-0.280200
-0.083126
0.145268
0.048811
-0.339880
0.251674
0.366373
0.089672
0.020910
-0.220885
0.514782
-0.071635
0.155985
0.166718
-0.457731
0.507343
-0.280200
-0.083126
0.145268
0.048811
-0.339880
0.251674
0.366373
0.089672
0.020910
-0.220885
0.514782
-0.071635
0.155985
0.166718
-0.457731
0.507343
-0.280200
-0.083126
0.145268
0.048811
-0.339880
0.251674
0.366373
0.089672
0.020910
-0.220885
0.514782
-0.071635
0.155985
0.166718
-0.457731
0.507343
-0.280200
-0.083126
0.145268
0.048811
-0.339880
0.251674
0.366373
0.089672
0.020910
-0.220885
0.514782
-0.071635
0.155985
0.166718
-0.457731
0.507343
-0.280200
-0.083126
0.145268
0.048811
-0.339880
0.251674
0.366373
0.089672
0.020910
-0.220885
0.514782
-0.071635
0.155985
0.166718
-0.457731
0.507343
-0.280200
-0.083126
0.145268
0.048811
-0.339880
0.251674
0.366373
0.089672
0.020910
-0.220885
0.514782
-0.071635
0.155985
0.166718
-0.457731
0.507343
-0.280200
-0.083126
0.145268
0.048811
-0.339880
0.251674
0.366373
0.089672
0.020910
-0.220885
0.514782
-0.071635
0.155985
0.166718
-0.457731
0.507343
-0.280200
-0.083126
0.145268
0.048811
-0.339880
0.251674
0.366373
0.089672
0.020910
-0.220885
0.514782
-0.071635
0.155985
0.166718
-0.457731
0.507343
-0.280200
-0.083126
0.145268
0.048811
-0.339880
0.251674
0.366373
0.089672
0.020910
-0.220885
0.514782
-0.071635
0.155985
0.166718
-0.457731
0.507343
-0.280200
-0.083126
0.145268
0.048811
-0.339880
0.251674
0.366373
0.089672
0.020910
-0.220885
0.514782
-0.071635
0.155985
0.166718
-0.457731
0.507343
-0.280200
-0.083126
0.145268
0.048811
-0.339880
0.251674
0.366373
0.089672
0.020910
-0.220885
0.514782
-0.071635
0.155985
0.166718
-0.457731
0.507343
-0.280200
-0.083126
0.145268
0.048811
-0.339880
0.251674
0.366373
0.089672
0.020910
-0.220885
0.514782
-0.071635
0.155985
0.166718
-0.457731
0.507343
-0.280200
-0.083126
0.145268
0.048811
-0.339880
0.251674
0.366373
