51.535973
-8.092655
3192.776611
-682.344788
-317.568848
-5504.986328
-3415.930420
-615.545166
-5332.497070
-518.968750
1271.848511
2889.409424
1442.322876
2531.344727
1496.287109
-206.205658
0.704088
3.485910
25.246325
15.819654
-28.762564
-46.591011
-11.447903
-8.516381
39.944714
-9.376247
11.108429
-34.756214
13.715269
17.445248
10.236683
7.536470
-2.334106
-0.031076
-12.103999
-5.366073
16.839865
24.407625
6.729265
4.381249
-24.313147
6.606773
-7.002302
21.178387
-10.652557
-7.662719
-3.611817
-3.754072
-29.172598
2.022396
-1761.167236
367.869843
147.000854
3038.219238
1883.754639
353.121765
2942.506592
313.780701
-684.529175
-1594.080322
-782.167175
-1400.977783
-829.422546
103.516083
-0.660627
1.162345
-243.701233
79.321236
70.959251
425.386444
270.991486
18.011061
424.016785
-3.908766
-121.694321
-214.474411
-134.515839
-182.671158
-113.761253
29.338163
-7.895568
1.129007
-521.411926
84.073563
9.690001
895.157776
545.801147
126.805885
857.890503
123.087479
-185.572403
-478.848114
-215.790878
-423.130554
-246.247940
20.642807
-0.409161
0.339642
-0.670041
-0.095309
-1.025457
0.643184
0.838231
0.749522
0.779838
0.876220
0.707717
-0.086391
0.035422
-0.550377
-0.632629
-0.112199
-0.409161
0.339642
-0.670041
-0.095309
-1.025457
0.643184
0.838231
0.749522
0.779838
0.876220
0.707717
-0.086391
0.035422
-0.550377
-0.632629
-0.112199
-0.409161
0.339642
-0.670041
-0.095309
-1.025457
0.643184
0.838231
0.749522
0.779838
0.876220
0.707717
-0.086391
0.035422
-0.550377
-0.632629
-0.112199
-0.409161
0.339642
-0.670041
-0.095309
-1.025457
0.643184
0.838231
0.749522
0.779838
0.876220
0.707717
-0.086391
0.035422
-0.550377
-0.632629
-0.112199
-0.409161
0.339642
-0.670041
-0.095309
-1.025457
0.643184
0.838231
0.749522
0.779838
0.876220
0.707717
-0.086391
0.035422
-0.550377
-0.632629
-0.112199
-0.409161
0.339642
-0.670041
-0.095309
-1.025457
0.643184
0.838231
0.749522
0.779838
0.876220
0.707717
-0.086391
0.035422
-0.550377
-0.632629
-0.112199
-0.409161
0.339642
-0.670041
-0.095309
-1.025457
0.643184
0.838231
0.749522
0.779838
0.876220
0.707717
-0.086391
0.035422
-0.550377
-0.632629
-0.112199
-0.409161
0.339642
-0.670041
-0.095309
-1.025457
0.643184
0.838231
0.749522
0.779838
0.876220
0.707717
-0.086391
0.035422
-0.550377
-0.632629
-0.112199
-0.409161
0.339642
-0.670041
-0.095309
-1.025457
0.643184
0.838231
0.749522
0.779838
0.876220
0.707717
-0.086391
0.035422
-0.550377
-0.632629
-0.112199
-0.409161
0.339642
-0.670041
-0.095309
-1.025457
0.643184
0.838231
0.749522
0.779838
0.876220
0.707717
-0.086391
0.035422
-0.550377
-0.632629
-0.112199
-0.409161
0.339642
-0.670041
-0.095309
-1.025457
0.643184
0.838231
0.749522
0.779838
0.876220
0.707717
-0.086391
0.035422
-0.550377
-0.632629
-0.112199
-0.409161
0.339642
-0.670041
-0.095309
-1.025457
0.643184
0.838231
0.749522
0.779838
0.876220
0.707717
-0.086391
0.035422
-0.550377
-0.632629
-0.112199
-0.409161
0.339642
-0.670041
-0.095309
-1.025457
0.643184
0.838231
0.749522
0.779838
0.876220
0.707717
-0.086391
0.035422
-0.550377
-0.632629
-0.112199
-0.409161
0.339642
-0.670041
-0.095309
-1.025457
0.643184
0.838231
0.749522
0.779838
0.876220
0.707717
-0.086391
0.035422
-0.550377
-0.632629
-0.112199
