0.495978
0.740356
2.923936
-4.979389
-3.371467
5.959484
-5.037475
0.021781
3.633979
-0.039774
-0.202162
-4.638415
-0.922387
-5.424559
2.865353
0.276000
-0.261437
-1.645316
5.886958
1.610434
-5.977426
3.804134
6.783526
2.750169
-3.323627
-2.810175
0.384284
3.921316
-5.383164
3.803932
6.537033
6.856860
2.271097
6.393823
24.443329
-4.947004
20.985342
3.362962
-19.892750
-28.682915
-6.197705
20.010746
-1.266846
6.186593
-25.848585
-9.211817
-3.245724
-10.275260
6.381467
-5.551879
-1.853589
1023.024048
906.681213
640.505859
-379.089142
126.979202
154.449570
-519.116577
-722.433777
-151.031631
816.681702
-70.546417
901.861450
417.136017
-2.195788
2.473599
7.019632
-766.019836
-665.444763
-493.072357
264.124390
-80.428413
-96.228760
393.094971
527.434021
109.543701
-589.244446
8.451584
-666.192261
-347.437958
-1.016566
2.275291
-24.016272
-54.435486
-67.424141
-13.641644
24.230230
-15.996158
3.263217
31.927111
45.318794
-4.881461
-50.101555
28.168158
-62.568050
3.311779
-2.257263
3.397061
31.362190
-79.987190
-55.172131
-76.301773
39.164421
-1.577100
-34.923367
33.279247
55.187691
34.959629
-71.165596
-4.336033
-56.792038
-51.342995
0.294981
0.396468
0.369778
0.333032
0.029390
-0.280946
0.093943
0.017795
-0.738875
-0.272280
0.100637
0.292175
-0.225470
-0.081704
0.085501
-0.007131
0.294981
0.396468
0.369778
0.333032
0.029390
-0.280946
0.093943
0.017795
-0.738875
-0.272280
0.100637
0.292175
-0.225470
-0.081704
0.085501
-0.007131
0.294981
0.396468
0.369778
0.333032
0.029390
-0.280946
0.093943
0.017795
-0.738875
-0.272280
0.100637
0.292175
-0.225470
-0.081704
0.085501
-0.007131
0.294981
0.396468
0.369778
0.333032
0.029390
-0.280946
0.093943
0.017795
-0.738875
-0.272280
0.100637
0.292175
-0.225470
-0.081704
0.085501
-0.007131
0.294981
0.396468
0.369778
0.333032
0.029390
-0.280946
0.093943
0.017795
-0.738875
-0.272280
0.100637
0.292175
-0.225470
-0.081704
0.085501
-0.007131
0.294981
0.396468
0.369778
0.333032
0.029390
-0.280946
0.093943
0.017795
-0.738875
-0.272280
0.100637
0.292175
-0.225470
-0.081704
0.085501
-0.007131
0.294981
0.396468
0.369778
0.333032
0.029390
-0.280946
0.093943
0.017795
-0.738875
-0.272280
0.100637
0.292175
-0.225470
-0.081704
0.085501
-0.007131
0.294981
0.396468
0.369778
0.333032
0.029390
-0.280946
0.093943
0.017795
-0.738875
-0.272280
0.100637
0.292175
-0.225470
-0.081704
0.085501
-0.007131
0.294981
0.396468
0.369778
0.333032
0.029390
-0.280946
0.093943
0.017795
-0.738875
-0.272280
0.100637
0.292175
-0.225470
-0.081704
0.085501
-0.007131
0.294981
0.396468
0.369778
0.333032
0.029390
-0.280946
0.093943
0.017795
-0.738875
-0.272280
0.100637
0.292175
-0.225470
-0.081704
0.085501
-0.007131
0.294981
0.396468
0.369778
0.333032
0.029390
-0.280946
0.093943
0.017795
-0.738875
-0.272280
0.100637
0.292175
-0.225470
-0.081704
0.085501
-0.007131
0.294981
0.396468
0.369778
0.333032
0.029390
-0.280946
0.093943
0.017795
-0.738875
-0.272280
0.100637
0.292175
-0.225470
-0.081704
0.085501
-0.007131
0.294981
0.396468
0.369778
0.333032
0.029390
-0.280946
0.093943
0.017795
-0.738875
-0.272280
0.100637
0.292175
-0.225470
-0.081704
0.085501
-0.007131
