0.199244
-0.406694
23.278242
-12.185279
-50.100376
-1.369483
-12.408732
5.141744
17.108759
-38.909260
-23.589256
-26.917118
16.961502
0.828905
8.996998
-2.711108
37.741459
29.783434
1816.865967
2154.251953
3702.771240
-3184.307129
-1290.095703
-2784.949951
-2387.073242
-4432.553223
-1843.603271
2323.806885
-661.873047
2262.375977
982.218811
879.652283
1.112466
0.456774
-16.780701
12.143046
34.747578
-0.166402
7.863608
-4.343362
-10.011625
27.223787
16.887756
20.674419
-12.994913
-0.437943
-7.363689
3.233801
-27.935926
-18.127934
-1240.850708
-1509.139038
-2604.051758
2175.630371
868.458313
1942.317139
1627.604614
3111.535889
1315.603271
-1599.722900
485.977844
-1560.911499
-677.918152
-618.609070
-1.972727
-3.688814
-122.255867
-219.318436
-376.434753
214.333191
65.409782
265.671265
125.410583
422.920135
195.065353
-167.695694
95.425591
-188.706116
-68.342377
-92.282104
-0.841816
-2.063077
-128.282455
-83.403519
-139.568985
220.604050
111.126266
124.564987
193.644165
191.733444
58.408543
-146.270248
-2.688173
-127.930580
-62.855499
-29.805887
-0.526116
-0.055293
0.030536
-0.079619
-0.503093
0.814539
0.382139
0.506937
-0.024514
0.575683
0.546206
-0.392547
0.128374
0.119114
0.006284
-0.372586
-0.526116
-0.055293
0.030536
-0.079619
-0.503093
0.814539
0.382139
0.506937
-0.024514
0.575683
0.546206
-0.392547
0.128374
0.119114
0.006284
-0.372586
-0.526116
-0.055293
0.030536
-0.079619
-0.503093
0.814539
0.382139
0.506937
-0.024514
0.575683
0.546206
-0.392547
0.128374
0.119114
0.006284
-0.372586
-0.526116
-0.055293
0.030536
-0.079619
-0.503093
0.814539
0.382139
0.506937
-0.024514
0.575683
0.546206
-0.392547
0.128374
0.119114
0.006284
-0.372586
-0.526116
-0.055293
0.030536
-0.079619
-0.503093
0.814539
0.382139
0.506937
-0.024514
0.575683
0.546206
-0.392547
0.128374
0.119114
0.006284
-0.372586
-0.526116
-0.055293
0.030536
-0.079619
-0.503093
0.814539
0.382139
0.506937
-0.024514
0.575683
0.546206
-0.392547
0.128374
0.119114
0.006284
-0.372586
-0.526116
-0.055293
0.030536
-0.079619
-0.503093
0.814539
0.382139
0.506937
-0.024514
0.575683
0.546206
-0.392547
0.128374
0.119114
0.006284
-0.372586
-0.526116
-0.055293
0.030536
-0.079619
-0.503093
0.814539
0.382139
0.506937
-0.024514
0.575683
0.546206
-0.392547
0.128374
0.119114
0.006284
-0.372586
-0.526116
-0.055293
0.030536
-0.079619
-0.503093
0.814539
0.382139
0.506937
-0.024514
0.575683
0.546206
-0.392547
0.128374
0.119114
0.006284
-0.372586
-0.526116
-0.055293
0.030536
-0.079619
-0.503093
0.814539
0.382139
0.506937
-0.024514
0.575683
0.546206
-0.392547
0.128374
0.119114
0.006284
-0.372586
-0.526116
-0.055293
0.030536
-0.079619
-0.503093
0.814539
0.382139
0.506937
-0.024514
0.575683
0.546206
-0.392547
0.128374
0.119114
0.006284
-0.372586
-0.526116
-0.055293
0.030536
-0.079619
-0.503093
0.814539
0.382139
0.506937
-0.024514
0.575683
0.546206
-0.392547
0.128374
0.119114
0.006284
-0.372586
-0.526116
-0.055293
0.030536
-0.079619
-0.503093
0.814539
0.382139
0.506937
-0.024514
0.575683
0.546206
-0.392547
0.128374
0.119114
0.006284
-0.372586
-0.526116
-0.055293
0.030536
-0.079619
-0.503093
0.814539
0.382139
0.506937
-0.024514
0.575683
0.546206
-0.392547
0.128374
0.119114
0.006284
-0.372586
