13.763081
-53.858349
-8361.707031
-22553.732422
-6007.242676
3853.114502
-8860.490234
-3173.751465
-2421.574951
9545.927734
13006.036133
12562.137695
11277.914063
1219.120361
-10193.844727
22607.449219
-2.759882
0.837196
-142.566437
176.703049
74.932182
-3.764383
-33.008839
-15.720886
30.434347
69.923576
149.806946
-161.251892
-25.497276
97.113716
4.137396
-167.336182
2.475462
-1.011757
49.464188
-65.552429
-25.324471
1.179918
9.301973
3.285585
-12.020993
-26.361383
-50.713806
62.114464
6.190844
-37.430660
2.893247
61.303474
-6.245890
18.779612
2691.198486
8332.169922
2239.718262
-1305.848511
3172.232666
1282.227051
1029.966431
-3431.853271
-4534.680176
-4754.399414
-4076.706055
-617.517334
4053.469971
-8052.836914
1.298988
1.707381
546.426819
951.332214
243.092911
-218.283447
428.835022
76.144226
36.651764
-454.732697
-685.319092
-471.929932
-523.522766
24.161480
278.557159
-1108.140503
1.234771
3.958403
810.163086
1434.824097
367.883301
-321.990051
634.324341
131.167328
67.570763
-671.273987
-1014.041443
-717.530090
-785.092957
29.249578
450.366516
-1647.586548
-5.421283
16.734358
1964.457886
6523.874512
1773.428711
-986.351135
2444.238281
1055.520386
848.150024
-2658.037842
-3456.558350
-3790.802979
-3163.151855
-538.210693
3294.163086
-6210.750000
0.082909
-0.215666
-1.787614
6.000699
1.821733
0.540474
1.534147
1.962868
1.967012
-1.269567
-0.972931
-4.629212
-2.410435
-2.608977
5.675216
-3.479288
0.082909
-0.215666
-1.787614
6.000699
1.821733
0.540474
1.534147
1.962868
1.967012
-1.269567
-0.972931
-4.629212
-2.410435
-2.608977
5.675216
-3.479288
0.082909
-0.215666
-1.787614
6.000699
1.821733
0.540474
1.534147
1.962868
1.967012
-1.269567
-0.972931
-4.629212
-2.410435
-2.608977
5.675216
-3.479288
0.082909
-0.215666
-1.787614
6.000699
1.821733
0.540474
1.534147
1.962868
1.967012
-1.269567
-0.972931
-4.629212
-2.410435
-2.608977
5.675216
-3.479288
0.082909
-0.215666
-1.787614
6.000699
1.821733
0.540474
1.534147
1.962868
1.967012
-1.269567
-0.972931
-4.629212
-2.410435
-2.608977
5.675216
-3.479288
0.082909
-0.215666
-1.787614
6.000699
1.821733
0.540474
1.534147
1.962868
1.967012
-1.269567
-0.972931
-4.629212
-2.410435
-2.608977
5.675216
-3.479288
0.082909
-0.215666
-1.787614
6.000699
1.821733
0.540474
1.534147
1.962868
1.967012
-1.269567
-0.972931
-4.629212
-2.410435
-2.608977
5.675216
-3.479288
0.082909
-0.215666
-1.787614
6.000699
1.821733
0.540474
1.534147
1.962868
1.967012
-1.269567
-0.972931
-4.629212
-2.410435
-2.608977
5.675216
-3.479288
0.082909
-0.215666
-1.787614
6.000699
1.821733
0.540474
1.534147
1.962868
1.967012
-1.269567
-0.972931
-4.629212
-2.410435
-2.608977
5.675216
-3.479288
0.082909
-0.215666
-1.787614
6.000699
1.821733
0.540474
1.534147
1.962868
1.967012
-1.269567
-0.972931
-4.629212
-2.410435
-2.608977
5.675216
-3.479288
0.082909
-0.215666
-1.787614
6.000699
1.821733
0.540474
1.534147
1.962868
1.967012
-1.269567
-0.972931
-4.629212
-2.410435
-2.608977
5.675216
-3.479288
0.082909
-0.215666
-1.787614
6.000699
1.821733
0.540474
1.534147
1.962868
1.967012
-1.269567
-0.972931
-4.629212
-2.410435
-2.608977
5.675216
-3.479288
0.082909
-0.215666
-1.787614
6.000699
1.821733
0.540474
1.534147
1.962868
1.967012
-1.269567
-0.972931
-4.629212
-2.410435
-2.608977
5.675216
-3.479288
