-51.258541
-10.161332
-21717.160156
10010.411133
4565.538086
5813.894531
-2449.468994
9175.987305
10550.031250
1680.025757
12148.124023
-14725.961914
583.238953
-12012.292969
23106.914063
7541.263672
0.907784
-0.702543
-168.521255
-156.312653
0.734649
75.766273
21.339689
-32.855656
-76.885933
25.326166
164.834976
171.866852
-99.846519
-29.072321
166.126602
20.696201
-0.625862
-1.601474
79.313461
64.878822
-0.938751
-31.915873
-7.151670
14.771049
32.926384
-15.000228
-75.028549
-70.221451
44.202431
12.785648
-72.999573
-6.522798
24.006363
5.737600
9642.000977
-3899.422607
-1861.256714
-2621.538330
1256.625244
-3931.930908
-4551.588867
-943.348206
-5572.282227
6151.180176
-490.386444
5213.417480
-9865.153320
-3731.235840
1.412573
-2.734519
1017.300842
-568.891052
-245.189529
-264.271973
79.703331
-454.031525
-519.833313
-35.501511
-533.423950
766.515808
14.657494
589.966675
-1149.880249
-272.636963
3.051379
0.121558
1235.862671
-859.660461
-350.411438
-311.825562
50.476227
-591.221558
-670.636719
14.450517
-586.027832
1049.512573
94.624474
747.059021
-1518.273804
-215.433975
11.853952
5.655249
5137.777344
-1735.118774
-883.649475
-1423.022949
771.905029
-2016.848633
-2336.912109
-639.866089
-3104.829346
3024.197510
-429.497467
2692.347656
-5042.617188
-2278.872070
0.358216
0.031917
5.682435
0.828583
0.138528
-1.716159
2.491002
-1.777804
-1.595781
-1.855999
-5.196171
1.154244
-1.441809
2.218163
-4.218151
-4.331785
0.358216
0.031917
5.682435
0.828583
0.138528
-1.716159
2.491002
-1.777804
-1.595781
-1.855999
-5.196171
1.154244
-1.441809
2.218163
-4.218151
-4.331785
0.358216
0.031917
5.682435
0.828583
0.138528
-1.716159
2.491002
-1.777804
-1.595781
-1.855999
-5.196171
1.154244
-1.441809
2.218163
-4.218151
-4.331785
0.358216
0.031917
5.682435
0.828583
0.138528
-1.716159
2.491002
-1.777804
-1.595781
-1.855999
-5.196171
1.154244
-1.441809
2.218163
-4.218151
-4.331785
0.358216
0.031917
5.682435
0.828583
0.138528
-1.716159
2.491002
-1.777804
-1.595781
-1.855999
-5.196171
1.154244
-1.441809
2.218163
-4.218151
-4.331785
0.358216
0.031917
5.682435
0.828583
0.138528
-1.716159
2.491002
-1.777804
-1.595781
-1.855999
-5.196171
1.154244
-1.441809
2.218163
-4.218151
-4.331785
0.358216
0.031917
5.682435
0.828583
0.138528
-1.716159
2.491002
-1.777804
-1.595781
-1.855999
-5.196171
1.154244
-1.441809
2.218163
-4.218151
-4.331785
0.358216
0.031917
5.682435
0.828583
0.138528
-1.716159
2.491002
-1.777804
-1.595781
-1.855999
-5.196171
1.154244
-1.441809
2.218163
-4.218151
-4.331785
0.358216
0.031917
5.682435
0.828583
0.138528
-1.716159
2.491002
-1.777804
-1.595781
-1.855999
-5.196171
1.154244
-1.441809
2.218163
-4.218151
-4.331785
0.358216
0.031917
5.682435
0.828583
0.138528
-1.716159
2.491002
-1.777804
-1.595781
-1.855999
-5.196171
1.154244
-1.441809
2.218163
-4.218151
-4.331785
0.358216
0.031917
5.682435
0.828583
0.138528
-1.716159
2.491002
-1.777804
-1.595781
-1.855999
-5.196171
1.154244
-1.441809
2.218163
-4.218151
-4.331785
0.358216
0.031917
5.682435
0.828583
0.138528
-1.716159
2.491002
-1.777804
-1.595781
-1.855999
-5.196171
1.154244
-1.441809
2.218163
-4.218151
-4.331785
0.358216
0.031917
5.682435
0.828583
0.138528
-1.716159
2.491002
-1.777804
-1.595781
-1.855999
-5.196171
1.154244
-1.441809
2.218163
-4.218151
-4.331785
