28.610115
41.691151
22295.087891
6634.453125
312.671326
-6480.657715
8062.310059
-5173.945801
-6488.351563
-7756.928711
-18051.109375
3698.476318
-7330.201660
7837.427734
-11966.694336
-20343.031250
1.192821
-1.178788
227.406006
5.076075
-46.625504
-53.297039
6.108941
41.832565
36.886520
-63.763088
-222.075226
-31.811060
86.136452
-35.727993
-136.738297
87.895027
-0.988776
0.657269
-78.714264
-4.216853
15.069488
20.954121
-2.114346
-13.965453
-13.987498
23.312206
79.873322
11.139488
-31.224493
12.663853
45.422134
-30.682570
-6.644368
-15.332453
-8052.134766
-2293.233398
-85.331383
2336.451172
-2880.321533
1899.183838
2371.382324
2761.146484
6492.601074
-1404.751587
2604.723389
-2858.741211
4401.523926
7276.900391
-3.935080
-1.968308
-1009.859314
-254.036148
-3.880184
289.529572
-347.173706
244.341415
299.089111
334.243286
794.996033
-194.020706
309.862030
-355.206787
565.288391
878.424255
-0.894119
-3.008105
-1533.673340
-421.673340
-10.628799
445.644440
-542.449707
370.495605
457.568848
518.505981
1227.678955
-288.230225
485.399658
-555.486145
860.186279
1372.870972
-8.335837
-13.966763
-6322.443848
-1774.534668
-56.984451
1828.604248
-2253.838867
1494.088257
1857.620117
2166.469238
5068.973633
-1123.864746
2032.379883
-2239.864990
3458.211426
5685.860840
-0.112781
0.631762
-2.915611
-5.698813
-1.586204
1.205905
-2.955327
-0.850168
0.121812
2.502584
4.574511
2.565872
3.148461
-0.247708
-1.892359
6.338308
-0.112781
0.631762
-2.915611
-5.698813
-1.586204
1.205905
-2.955327
-0.850168
0.121812
2.502584
4.574511
2.565872
3.148461
-0.247708
-1.892359
6.338308
-0.112781
0.631762
-2.915611
-5.698813
-1.586204
1.205905
-2.955327
-0.850168
0.121812
2.502584
4.574511
2.565872
3.148461
-0.247708
-1.892359
6.338308
-0.112781
0.631762
-2.915611
-5.698813
-1.586204
1.205905
-2.955327
-0.850168
0.121812
2.502584
4.574511
2.565872
3.148461
-0.247708
-1.892359
6.338308
-0.112781
0.631762
-2.915611
-5.698813
-1.586204
1.205905
-2.955327
-0.850168
0.121812
2.502584
4.574511
2.565872
3.148461
-0.247708
-1.892359
6.338308
-0.112781
0.631762
-2.915611
-5.698813
-1.586204
1.205905
-2.955327
-0.850168
0.121812
2.502584
4.574511
2.565872
3.148461
-0.247708
-1.892359
6.338308
-0.112781
0.631762
-2.915611
-5.698813
-1.586204
1.205905
-2.955327
-0.850168
0.121812
2.502584
4.574511
2.565872
3.148461
-0.247708
-1.892359
6.338308
-0.112781
0.631762
-2.915611
-5.698813
-1.586204
1.205905
-2.955327
-0.850168
0.121812
2.502584
4.574511
2.565872
3.148461
-0.247708
-1.892359
6.338308
-0.112781
0.631762
-2.915611
-5.698813
-1.586204
1.205905
-2.955327
-0.850168
0.121812
2.502584
4.574511
2.565872
3.148461
-0.247708
-1.892359
6.338308
-0.112781
0.631762
-2.915611
-5.698813
-1.586204
1.205905
-2.955327
-0.850168
0.121812
2.502584
4.574511
2.565872
3.148461
-0.247708
-1.892359
6.338308
-0.112781
0.631762
-2.915611
-5.698813
-1.586204
1.205905
-2.955327
-0.850168
0.121812
2.502584
4.574511
2.565872
3.148461
-0.247708
-1.892359
6.338308
-0.112781
0.631762
-2.915611
-5.698813
-1.586204
1.205905
-2.955327
-0.850168
0.121812
2.502584
4.574511
2.565872
3.148461
-0.247708
-1.892359
6.338308
-0.112781
0.631762
-2.915611
-5.698813
-1.586204
1.205905
-2.955327
-0.850168
0.121812
2.502584
4.574511
2.565872
3.148461
-0.247708
-1.892359
6.338308
