-3.028528
-1.673080
-62.508766
53.038490
25.510624
0.567978
-12.454863
-9.142091
9.744214
30.266418
67.285370
-55.049252
-10.872976
32.363194
8.266497
-60.844246
-6.295033
52.233837
12171.715820
19324.167969
4684.026855
-4321.794922
9228.082031
1471.441650
777.927368
-10270.148438
-15901.884766
-9913.665039
-11476.862305
414.146515
4289.373535
-23155.771484
2.543725
-0.234263
169.079391
-143.863831
-63.871170
-5.420555
27.933706
23.245634
-19.292543
-76.508659
-188.385086
138.885910
34.421898
-88.540543
-40.704449
159.115295
3.489836
-18.507326
-4172.772461
-7489.051758
-1845.187866
1525.538574
-3422.378174
-736.596924
-501.222015
3831.710449
5760.103027
4035.660889
4314.321777
71.355530
-2078.849365
8592.625000
1.705208
-2.985582
-743.175903
-908.770691
-208.682068
252.290604
-482.814423
-14.767995
30.985413
532.906250
877.835938
400.757721
581.537354
-99.305031
-59.961960
1209.736450
2.876533
-5.057892
-958.149109
-1066.428223
-244.635513
316.718079
-586.998718
5.051770
57.890511
642.177490
1089.348877
447.752594
704.354004
-143.846298
-21.297464
1484.744995
2.580634
-13.146293
-2869.545410
-5550.546875
-1369.271240
1065.903076
-2481.400879
-621.037354
-452.107635
2775.665039
4100.901855
3073.411865
3130.839355
159.272476
-1711.554077
6202.410645
-0.016163
0.465442
0.581298
-6.410239
-2.076164
0.094701
-2.355817
-1.578222
-1.821129
2.712114
1.751724
4.627527
2.512529
1.919652
-4.870070
4.133822
-0.016163
0.465442
0.581298
-6.410239
-2.076164
0.094701
-2.355817
-1.578222
-1.821129
2.712114
1.751724
4.627527
2.512529
1.919652
-4.870070
4.133822
-0.016163
0.465442
0.581298
-6.410239
-2.076164
0.094701
-2.355817
-1.578222
-1.821129
2.712114
1.751724
4.627527
2.512529
1.919652
-4.870070
4.133822
-0.016163
0.465442
0.581298
-6.410239
-2.076164
0.094701
-2.355817
-1.578222
-1.821129
2.712114
1.751724
4.627527
2.512529
1.919652
-4.870070
4.133822
-0.016163
0.465442
0.581298
-6.410239
-2.076164
0.094701
-2.355817
-1.578222
-1.821129
2.712114
1.751724
4.627527
2.512529
1.919652
-4.870070
4.133822
-0.016163
0.465442
0.581298
-6.410239
-2.076164
0.094701
-2.355817
-1.578222
-1.821129
2.712114
1.751724
4.627527
2.512529
1.919652
-4.870070
4.133822
-0.016163
0.465442
0.581298
-6.410239
-2.076164
0.094701
-2.355817
-1.578222
-1.821129
2.712114
1.751724
4.627527
2.512529
1.919652
-4.870070
4.133822
-0.016163
0.465442
0.581298
-6.410239
-2.076164
0.094701
-2.355817
-1.578222
-1.821129
2.712114
1.751724
4.627527
2.512529
1.919652
-4.870070
4.133822
-0.016163
0.465442
0.581298
-6.410239
-2.076164
0.094701
-2.355817
-1.578222
-1.821129
2.712114
1.751724
4.627527
2.512529
1.919652
-4.870070
4.133822
-0.016163
0.465442
0.581298
-6.410239
-2.076164
0.094701
-2.355817
-1.578222
-1.821129
2.712114
1.751724
4.627527
2.512529
1.919652
-4.870070
4.133822
-0.016163
0.465442
0.581298
-6.410239
-2.076164
0.094701
-2.355817
-1.578222
-1.821129
2.712114
1.751724
4.627527
2.512529
1.919652
-4.870070
4.133822
-0.016163
0.465442
0.581298
-6.410239
-2.076164
0.094701
-2.355817
-1.578222
-1.821129
2.712114
1.751724
4.627527
2.512529
1.919652
-4.870070
4.133822
-0.016163
0.465442
0.581298
-6.410239
-2.076164
0.094701
-2.355817
-1.578222
-1.821129
2.712114
1.751724
4.627527
2.512529
1.919652
-4.870070
4.133822
