-7.733741
0.348112
0.928583
-22.846462
-7.795264
25.153410
-13.670386
9.874671
8.153531
-0.462333
-6.860267
-18.432665
-10.446167
-10.323839
17.519966
4.226680
-10.237530
7.440821
-4178.914063
2115.000732
-1765.924194
2990.573730
-17.881674
5060.430176
2136.424805
-2363.923828
-1733.323853
-581.141418
310.076813
-5205.477051
4189.148926
-4734.128418
0.383873
-1.752472
-33.476059
-29.391626
36.775806
14.097335
15.424175
-13.303056
-20.471184
-16.302893
-23.839701
9.757552
-44.797115
-16.886606
9.649774
43.512012
2.656160
1.906138
15.045586
11.405102
-17.340982
-6.306562
-7.456335
6.226994
7.492507
7.708034
9.115016
-4.550659
18.667784
7.056691
-5.308543
-19.496162
3.139464
-1.234969
1788.585815
-814.112366
801.057495
-1230.816406
101.404602
-2121.350830
-945.695557
968.589417
725.351624
276.751587
-225.546417
2187.971924
-1842.788940
1917.495239
0.391238
0.195116
204.609695
-139.050095
72.831459
-169.185455
-33.720940
-271.418701
-96.780930
135.889664
92.601433
17.144253
20.582209
279.618988
-187.035736
281.685425
3.706731
-2.560163
212.708862
-168.033157
68.696281
-192.843628
-58.405277
-291.110382
-92.762253
160.272980
104.476280
12.365948
41.857124
299.495117
-183.771881
316.246002
5.630735
-4.241109
1026.439209
-413.825287
467.206604
-658.436462
97.968468
-1184.012817
-541.964722
502.592041
391.176636
165.788712
-169.755600
1201.273560
-1074.269043
1021.757385
-1.132728
0.053781
1.343161
0.456490
0.866460
-0.195787
1.784535
-1.125008
-0.781746
0.341728
0.459128
0.519960
-1.177890
1.308599
-1.678168
0.538947
-1.132728
0.053781
1.343161
0.456490
0.866460
-0.195787
1.784535
-1.125008
-0.781746
0.341728
0.459128
0.519960
-1.177890
1.308599
-1.678168
0.538947
-1.132728
0.053781
1.343161
0.456490
0.866460
-0.195787
1.784535
-1.125008
-0.781746
0.341728
0.459128
0.519960
-1.177890
1.308599
-1.678168
0.538947
-1.132728
0.053781
1.343161
0.456490
0.866460
-0.195787
1.784535
-1.125008
-0.781746
0.341728
0.459128
0.519960
-1.177890
1.308599
-1.678168
0.538947
-1.132728
0.053781
1.343161
0.456490
0.866460
-0.195787
1.784535
-1.125008
-0.781746
0.341728
0.459128
0.519960
-1.177890
1.308599
-1.678168
0.538947
-1.132728
0.053781
1.343161
0.456490
0.866460
-0.195787
1.784535
-1.125008
-0.781746
0.341728
0.459128
0.519960
-1.177890
1.308599
-1.678168
0.538947
-1.132728
0.053781
1.343161
0.456490
0.866460
-0.195787
1.784535
-1.125008
-0.781746
0.341728
0.459128
0.519960
-1.177890
1.308599
-1.678168
0.538947
-1.132728
0.053781
1.343161
0.456490
0.866460
-0.195787
1.784535
-1.125008
-0.781746
0.341728
0.459128
0.519960
-1.177890
1.308599
-1.678168
0.538947
-1.132728
0.053781
1.343161
0.456490
0.866460
-0.195787
1.784535
-1.125008
-0.781746
0.341728
0.459128
0.519960
-1.177890
1.308599
-1.678168
0.538947
-1.132728
0.053781
1.343161
0.456490
0.866460
-0.195787
1.784535
-1.125008
-0.781746
0.341728
0.459128
0.519960
-1.177890
1.308599
-1.678168
0.538947
-1.132728
0.053781
1.343161
0.456490
0.866460
-0.195787
1.784535
-1.125008
-0.781746
0.341728
0.459128
0.519960
-1.177890
1.308599
-1.678168
0.538947
-1.132728
0.053781
1.343161
0.456490
0.866460
-0.195787
1.784535
-1.125008
-0.781746
0.341728
0.459128
0.519960
-1.177890
1.308599
-1.678168
0.538947
