-10.045944
7.053388
-3838.876465
2056.068848
-1138.024048
2643.030518
-680.660828
4593.918457
1364.357178
-2848.695068
-2296.467041
-732.814087
481.908447
-4833.436523
3654.735840
-4454.368652
1.161982
-1.514988
-30.084473
-29.289867
28.906408
15.026484
11.531663
-16.196012
-15.868758
-18.751043
-29.878033
9.363300
-39.545654
-8.135856
8.742211
41.085644
0.719980
-0.640803
21.018122
16.291864
-17.536457
-8.533278
-6.507115
10.487542
13.456057
14.079544
19.131287
-9.855807
30.105078
4.813566
-10.016223
-27.295553
7.965515
-5.258780
2838.950684
-1440.707886
844.425964
-1908.095825
522.109680
-3374.730469
-1049.739014
2067.712646
1655.277710
549.895691
-358.552307
3549.088379
-2726.463623
3232.352295
1.351476
-1.259939
355.512390
-110.650719
151.068390
-209.209167
152.778732
-365.304321
-160.506943
215.218201
181.378860
111.296410
-148.901215
391.519714
-388.664520
300.307861
-2.566828
-1.813830
201.571030
-183.275970
30.466581
-179.235458
-27.053286
-287.868530
-35.585880
192.205063
153.941666
9.988060
39.757191
296.795380
-151.841293
327.723938
-0.747948
-0.487067
0.244491
0.352825
-0.394715
-0.033905
0.065811
-0.239480
0.052760
-0.312657
-0.009907
0.013738
-0.206053
-0.179829
0.475761
-0.061980
-0.747948
-0.487067
0.244491
0.352825
-0.394715
-0.033905
0.065811
-0.239480
0.052760
-0.312657
-0.009907
0.013738
-0.206053
-0.179829
0.475761
-0.061980
-0.747948
-0.487067
0.244491
0.352825
-0.394715
-0.033905
0.065811
-0.239480
0.052760
-0.312657
-0.009907
0.013738
-0.206053
-0.179829
0.475761
-0.061980
-0.747948
-0.487067
0.244491
0.352825
-0.394715
-0.033905
0.065811
-0.239480
0.052760
-0.312657
-0.009907
0.013738
-0.206053
-0.179829
0.475761
-0.061980
-0.747948
-0.487067
0.244491
0.352825
-0.394715
-0.033905
0.065811
-0.239480
0.052760
-0.312657
-0.009907
0.013738
-0.206053
-0.179829
0.475761
-0.061980
-0.747948
-0.487067
0.244491
0.352825
-0.394715
-0.033905
0.065811
-0.239480
0.052760
-0.312657
-0.009907
0.013738
-0.206053
-0.179829
0.475761
-0.061980
-0.747948
-0.487067
0.244491
0.352825
-0.394715
-0.033905
0.065811
-0.239480
0.052760
-0.312657
-0.009907
0.013738
-0.206053
-0.179829
0.475761
-0.061980
-0.747948
-0.487067
0.244491
0.352825
-0.394715
-0.033905
0.065811
-0.239480
0.052760
-0.312657
-0.009907
0.013738
-0.206053
-0.179829
0.475761
-0.061980
-0.747948
-0.487067
0.244491
0.352825
-0.394715
-0.033905
0.065811
-0.239480
0.052760
-0.312657
-0.009907
0.013738
-0.206053
-0.179829
0.475761
-0.061980
-0.747948
-0.487067
0.244491
0.352825
-0.394715
-0.033905
0.065811
-0.239480
0.052760
-0.312657
-0.009907
0.013738
-0.206053
-0.179829
0.475761
-0.061980
-0.747948
-0.487067
0.244491
0.352825
-0.394715
-0.033905
0.065811
-0.239480
0.052760
-0.312657
-0.009907
0.013738
-0.206053
-0.179829
0.475761
-0.061980
-0.747948
-0.487067
0.244491
0.352825
-0.394715
-0.033905
0.065811
-0.239480
0.052760
-0.312657
-0.009907
0.013738
-0.206053
-0.179829
0.475761
-0.061980
-0.747948
-0.487067
0.244491
0.352825
-0.394715
-0.033905
0.065811
-0.239480
0.052760
-0.312657
-0.009907
0.013738
-0.206053
-0.179829
0.475761
-0.061980
-0.747948
-0.487067
0.244491
0.352825
-0.394715
-0.033905
0.065811
-0.239480
0.052760
-0.312657
-0.009907
0.013738
-0.206053
-0.179829
0.475761
-0.061980
