9.627297
-5.761619
3368.666748
-1733.729980
1336.170410
-2387.287354
235.598923
-4502.112793
-1538.887939
2343.643311
1561.171143
499.471222
-106.473198
4043.447266
-3265.936523
4148.379395
-1.795772
1.861818
26.502939
21.607561
-26.709745
-10.488750
-12.080441
10.885992
17.534874
15.848425
17.694780
-9.748217
34.833179
13.494426
-9.769759
-35.743668
2.411361
-1.601597
-21.447744
-20.839031
20.997435
8.985191
9.517224
-8.965945
-13.726457
-13.748467
-15.435374
8.245540
-26.095396
-11.108161
3.697258
31.519258
-1.973503
-0.207335
-110.432709
11.879529
-62.463287
49.353947
-56.212959
115.133247
59.673141
-49.816216
-53.629887
-23.196789
39.411541
-107.946655
133.249191
-76.303017
-4.963564
5.123512
-2825.032227
1480.549072
-1106.122925
2012.053711
-175.590378
3781.805420
1294.926636
-1973.108887
-1254.726807
-435.099762
90.704536
-3384.921387
2727.304199
-3495.177490
-2.595759
2.840485
-94.697929
86.477768
-21.352791
93.288849
37.978947
154.302582
24.806431
-94.081467
-69.694878
5.815298
-43.509247
-144.525406
65.320862
-175.058075
0.063870
0.073491
-1.112536
-0.321498
-0.326305
0.037208
-0.807299
0.602420
0.864814
-0.170228
-0.092752
-0.431669
0.515219
-0.659103
1.838232
0.462574
0.063870
0.073491
-1.112536
-0.321498
-0.326305
0.037208
-0.807299
0.602420
0.864814
-0.170228
-0.092752
-0.431669
0.515219
-0.659103
1.838232
0.462574
0.063870
0.073491
-1.112536
-0.321498
-0.326305
0.037208
-0.807299
0.602420
0.864814
-0.170228
-0.092752
-0.431669
0.515219
-0.659103
1.838232
0.462574
0.063870
0.073491
-1.112536
-0.321498
-0.326305
0.037208
-0.807299
0.602420
0.864814
-0.170228
-0.092752
-0.431669
0.515219
-0.659103
1.838232
0.462574
0.063870
0.073491
-1.112536
-0.321498
-0.326305
0.037208
-0.807299
0.602420
0.864814
-0.170228
-0.092752
-0.431669
0.515219
-0.659103
1.838232
0.462574
0.063870
0.073491
-1.112536
-0.321498
-0.326305
0.037208
-0.807299
0.602420
0.864814
-0.170228
-0.092752
-0.431669
0.515219
-0.659103
1.838232
0.462574
0.063870
0.073491
-1.112536
-0.321498
-0.326305
0.037208
-0.807299
0.602420
0.864814
-0.170228
-0.092752
-0.431669
0.515219
-0.659103
1.838232
0.462574
0.063870
0.073491
-1.112536
-0.321498
-0.326305
0.037208
-0.807299
0.602420
0.864814
-0.170228
-0.092752
-0.431669
0.515219
-0.659103
1.838232
0.462574
0.063870
0.073491
-1.112536
-0.321498
-0.326305
0.037208
-0.807299
0.602420
0.864814
-0.170228
-0.092752
-0.431669
0.515219
-0.659103
1.838232
0.462574
0.063870
0.073491
-1.112536
-0.321498
-0.326305
0.037208
-0.807299
0.602420
0.864814
-0.170228
-0.092752
-0.431669
0.515219
-0.659103
1.838232
0.462574
0.063870
0.073491
-1.112536
-0.321498
-0.326305
0.037208
-0.807299
0.602420
0.864814
-0.170228
-0.092752
-0.431669
0.515219
-0.659103
1.838232
0.462574
0.063870
0.073491
-1.112536
-0.321498
-0.326305
0.037208
-0.807299
0.602420
0.864814
-0.170228
-0.092752
-0.431669
0.515219
-0.659103
1.838232
0.462574
0.063870
0.073491
-1.112536
-0.321498
-0.326305
0.037208
-0.807299
0.602420
0.864814
-0.170228
-0.092752
-0.431669
0.515219
-0.659103
1.838232
0.462574
0.063870
0.073491
-1.112536
-0.321498
-0.326305
0.037208
-0.807299
0.602420
0.864814
-0.170228
-0.092752
-0.431669
0.515219
-0.659103
1.838232
0.462574
