-1.063980
-1.122837
-6.828397
-44.584030
17.942862
31.785076
24.521469
-2.233466
-5.190696
-24.308140
-24.411270
-1.871367
-29.306417
-35.040329
-16.538212
39.799068
-4.240109
16.047155
-2112.308594
4040.837646
561.315918
3342.433838
2961.845947
4306.280762
155.970261
-3507.387207
-1802.434204
323.614441
-2896.152100
-4519.987793
109.045601
-6277.544922
0.456843
-7.547636
769.810120
-1427.696533
-182.865265
-1188.571167
-1037.770874
-1531.355347
-69.802818
1245.342529
634.539917
-108.819687
1013.253662
1616.721313
-62.432396
2234.783936
1.487637
-2.043782
112.060982
-251.375824
-48.057571
-200.844742
-199.201370
-248.217926
2.825824
210.493195
106.111000
-26.749575
194.870880
263.626190
20.484228
381.146667
1.506249
-1.657846
97.254776
-223.173294
-44.217323
-175.574112
-175.187546
-217.382690
3.139326
183.911499
93.869232
-23.698374
169.983826
227.970505
19.963320
331.780029
1.311314
-0.749959
625.966980
-1158.739868
-150.331696
-966.181152
-835.326843
-1261.144775
-58.744190
1015.144226
527.245056
-86.897316
817.835144
1316.678589
-58.673317
1807.270264
-0.529906
-0.034005
0.946671
-0.324776
0.475705
-0.846016
-0.067455
-1.368102
-0.514216
0.133738
0.064667
-0.084666
-0.088501
1.188937
-0.567314
1.191262
-0.529906
-0.034005
0.946671
-0.324776
0.475705
-0.846016
-0.067455
-1.368102
-0.514216
0.133738
0.064667
-0.084666
-0.088501
1.188937
-0.567314
1.191262
-0.529906
-0.034005
0.946671
-0.324776
0.475705
-0.846016
-0.067455
-1.368102
-0.514216
0.133738
0.064667
-0.084666
-0.088501
1.188937
-0.567314
1.191262
-0.529906
-0.034005
0.946671
-0.324776
0.475705
-0.846016
-0.067455
-1.368102
-0.514216
0.133738
0.064667
-0.084666
-0.088501
1.188937
-0.567314
1.191262
-0.529906
-0.034005
0.946671
-0.324776
0.475705
-0.846016
-0.067455
-1.368102
-0.514216
0.133738
0.064667
-0.084666
-0.088501
1.188937
-0.567314
1.191262
-0.529906
-0.034005
0.946671
-0.324776
0.475705
-0.846016
-0.067455
-1.368102
-0.514216
0.133738
0.064667
-0.084666
-0.088501
1.188937
-0.567314
1.191262
-0.529906
-0.034005
0.946671
-0.324776
0.475705
-0.846016
-0.067455
-1.368102
-0.514216
0.133738
0.064667
-0.084666
-0.088501
1.188937
-0.567314
1.191262
-0.529906
-0.034005
0.946671
-0.324776
0.475705
-0.846016
-0.067455
-1.368102
-0.514216
0.133738
0.064667
-0.084666
-0.088501
1.188937
-0.567314
1.191262
-0.529906
-0.034005
0.946671
-0.324776
0.475705
-0.846016
-0.067455
-1.368102
-0.514216
0.133738
0.064667
-0.084666
-0.088501
1.188937
-0.567314
1.191262
-0.529906
-0.034005
0.946671
-0.324776
0.475705
-0.846016
-0.067455
-1.368102
-0.514216
0.133738
0.064667
-0.084666
-0.088501
1.188937
-0.567314
1.191262
-0.529906
-0.034005
0.946671
-0.324776
0.475705
-0.846016
-0.067455
-1.368102
-0.514216
0.133738
0.064667
-0.084666
-0.088501
1.188937
-0.567314
1.191262
-0.529906
-0.034005
0.946671
-0.324776
0.475705
-0.846016
-0.067455
-1.368102
-0.514216
0.133738
0.064667
-0.084666
-0.088501
1.188937
-0.567314
1.191262
-0.529906
-0.034005
0.946671
-0.324776
0.475705
-0.846016
-0.067455
-1.368102
-0.514216
0.133738
0.064667
-0.084666
-0.088501
1.188937
-0.567314
1.191262
-0.529906
-0.034005
0.946671
-0.324776
0.475705
-0.846016
-0.067455
-1.368102
-0.514216
0.133738
0.064667
-0.084666
-0.088501
1.188937
-0.567314
1.191262
