-0.079194
0.074016
32.824726
-9.773995
-25.605389
19.844284
8.129980
15.397043
25.083239
-10.601759
1.142370
-24.225504
25.586597
-28.007854
-34.813339
-7.815915
15.856207
9.865972
3293.622803
2185.141602
3003.333252
-155.344269
4102.742188
-2276.417969
-3082.183594
-543.416260
533.423523
1933.001343
-4051.875732
2078.784912
-5441.019043
-480.848663
1.147342
-1.398526
-26.555061
5.504643
19.685535
-14.033404
-4.497442
-13.454739
-18.985935
9.205777
-4.319546
19.526367
-18.531502
18.807575
25.263607
10.689313
-12.314364
-3.948271
-2487.495605
-1695.465698
-2287.456299
85.072121
-3148.479492
1699.792847
2342.703125
444.744598
-385.332336
-1472.148071
3105.190186
-1539.207642
4139.315918
418.566833
-1.420201
-1.944998
-201.661301
-31.319202
-139.510651
76.042625
-142.232330
197.997604
159.150391
-41.955074
-67.191666
-81.846466
146.759644
-184.949265
270.735718
-100.027046
-1.005430
-3.848371
-158.355896
-233.124878
-204.940201
-69.350578
-332.889862
39.608143
187.845535
117.336960
16.386602
-143.716095
325.807831
-29.769613
347.526459
179.133698
0.572861
-0.962981
-0.170815
-1.137794
-1.050698
-0.879235
-1.638102
-0.438080
0.730855
0.578677
0.410897
-0.417075
1.407722
0.600511
1.401798
1.374185
0.572861
-0.962981
-0.170815
-1.137794
-1.050698
-0.879235
-1.638102
-0.438080
0.730855
0.578677
0.410897
-0.417075
1.407722
0.600511
1.401798
1.374185
0.572861
-0.962981
-0.170815
-1.137794
-1.050698
-0.879235
-1.638102
-0.438080
0.730855
0.578677
0.410897
-0.417075
1.407722
0.600511
1.401798
1.374185
0.572861
-0.962981
-0.170815
-1.137794
-1.050698
-0.879235
-1.638102
-0.438080
0.730855
0.578677
0.410897
-0.417075
1.407722
0.600511
1.401798
1.374185
0.572861
-0.962981
-0.170815
-1.137794
-1.050698
-0.879235
-1.638102
-0.438080
0.730855
0.578677
0.410897
-0.417075
1.407722
0.600511
1.401798
1.374185
0.572861
-0.962981
-0.170815
-1.137794
-1.050698
-0.879235
-1.638102
-0.438080
0.730855
0.578677
0.410897
-0.417075
1.407722
0.600511
1.401798
1.374185
0.572861
-0.962981
-0.170815
-1.137794
-1.050698
-0.879235
-1.638102
-0.438080
0.730855
0.578677
0.410897
-0.417075
1.407722
0.600511
1.401798
1.374185
0.572861
-0.962981
-0.170815
-1.137794
-1.050698
-0.879235
-1.638102
-0.438080
0.730855
0.578677
0.410897
-0.417075
1.407722
0.600511
1.401798
1.374185
0.572861
-0.962981
-0.170815
-1.137794
-1.050698
-0.879235
-1.638102
-0.438080
0.730855
0.578677
0.410897
-0.417075
1.407722
0.600511
1.401798
1.374185
0.572861
-0.962981
-0.170815
-1.137794
-1.050698
-0.879235
-1.638102
-0.438080
0.730855
0.578677
0.410897
-0.417075
1.407722
0.600511
1.401798
1.374185
0.572861
-0.962981
-0.170815
-1.137794
-1.050698
-0.879235
-1.638102
-0.438080
0.730855
0.578677
0.410897
-0.417075
1.407722
0.600511
1.401798
1.374185
0.572861
-0.962981
-0.170815
-1.137794
-1.050698
-0.879235
-1.638102
-0.438080
0.730855
0.578677
0.410897
-0.417075
1.407722
0.600511
1.401798
1.374185
0.572861
-0.962981
-0.170815
-1.137794
-1.050698
-0.879235
-1.638102
-0.438080
0.730855
0.578677
0.410897
-0.417075
1.407722
0.600511
1.401798
1.374185
0.572861
-0.962981
-0.170815
-1.137794
-1.050698
-0.879235
-1.638102
-0.438080
0.730855
0.578677
0.410897
-0.417075
1.407722
0.600511
1.401798
1.374185
