-46.624821
-2.908781
-7431.592773
6789.857910
4629.567383
1190.552979
-2825.914551
6580.418457
4461.953613
-717.112976
-3312.500488
-10397.604492
1848.959595
-2646.127197
1933.022217
-2468.244141
0.528375
0.516735
-47.488865
-81.090126
-28.004066
36.932457
12.111324
-26.360455
-33.172680
2.978791
-30.129486
126.064430
-30.280876
6.763037
1.310722
22.365267
-8.765394
-3.307279
7.919033
-35.291378
-5.536664
24.840399
13.272502
9.974546
-8.053074
6.390303
-13.568671
-22.704733
20.158115
-13.312010
-20.160410
-3.515481
1.087498
-4.078022
23.847668
41.129707
18.361204
-20.530327
-6.203052
9.588324
18.624418
-2.440450
15.358829
-63.115971
13.477280
-2.244305
0.728205
-9.796081
21.106758
0.017481
3670.184326
-3451.614258
-2340.948975
-555.397583
1368.519165
-3281.554443
-2204.804688
398.181305
1752.564575
5152.437500
-898.503723
1334.812256
-960.507080
1240.888062
6.252898
2.263286
525.512329
-358.840668
-275.955231
-116.178856
233.589996
-387.240295
-284.666870
2.406980
111.306412
677.958435
-137.182358
147.467133
-141.191010
132.506836
8.150042
-1.134345
1288.105347
-1291.404663
-840.532593
-181.952377
456.938293
-1234.612671
-815.321960
162.711517
677.617126
1871.010864
-316.824341
499.491943
-322.672791
467.953033
1.967960
2.695324
349.274414
-229.088562
-180.284912
-76.765587
156.845749
-248.141464
-186.300888
-0.261475
65.896439
446.392944
-93.054123
96.703712
-95.909271
90.155312
-0.551512
0.491894
1.297839
-0.062790
0.035954
0.063667
1.148523
-0.672672
-0.798015
-0.835161
-1.225896
1.325749
-0.922661
-0.265240
-0.730569
0.134725
-0.551512
0.491894
1.297839
-0.062790
0.035954
0.063667
1.148523
-0.672672
-0.798015
-0.835161
-1.225896
1.325749
-0.922661
-0.265240
-0.730569
0.134725
-0.551512
0.491894
1.297839
-0.062790
0.035954
0.063667
1.148523
-0.672672
-0.798015
-0.835161
-1.225896
1.325749
-0.922661
-0.265240
-0.730569
0.134725
-0.551512
0.491894
1.297839
-0.062790
0.035954
0.063667
1.148523
-0.672672
-0.798015
-0.835161
-1.225896
1.325749
-0.922661
-0.265240
-0.730569
0.134725
-0.551512
0.491894
1.297839
-0.062790
0.035954
0.063667
1.148523
-0.672672
-0.798015
-0.835161
-1.225896
1.325749
-0.922661
-0.265240
-0.730569
0.134725
-0.551512
0.491894
1.297839
-0.062790
0.035954
0.063667
1.148523
-0.672672
-0.798015
-0.835161
-1.225896
1.325749
-0.922661
-0.265240
-0.730569
0.134725
-0.551512
0.491894
1.297839
-0.062790
0.035954
0.063667
1.148523
-0.672672
-0.798015
-0.835161
-1.225896
1.325749
-0.922661
-0.265240
-0.730569
0.134725
-0.551512
0.491894
1.297839
-0.062790
0.035954
0.063667
1.148523
-0.672672
-0.798015
-0.835161
-1.225896
1.325749
-0.922661
-0.265240
-0.730569
0.134725
-0.551512
0.491894
1.297839
-0.062790
0.035954
0.063667
1.148523
-0.672672
-0.798015
-0.835161
-1.225896
1.325749
-0.922661
-0.265240
-0.730569
0.134725
-0.551512
0.491894
1.297839
-0.062790
0.035954
0.063667
1.148523
-0.672672
-0.798015
-0.835161
-1.225896
1.325749
-0.922661
-0.265240
-0.730569
0.134725
-0.551512
0.491894
1.297839
-0.062790
0.035954
0.063667
1.148523
-0.672672
-0.798015
-0.835161
-1.225896
1.325749
-0.922661
-0.265240
-0.730569
0.134725
-0.551512
0.491894
1.297839
-0.062790
0.035954
0.063667
1.148523
-0.672672
-0.798015
-0.835161
-1.225896
1.325749
-0.922661
-0.265240
-0.730569
0.134725
