1.806905
-50.189705
-7628.860840
-6168.149902
-644.241821
4231.748535
-6916.088379
-1588.826050
1020.486694
4405.594238
9643.147461
-4307.872070
2553.329346
1645.780640
2909.249512
1289.076904
1.218273
0.474982
-89.185349
38.322636
34.215271
30.665781
-25.700560
-18.223188
-0.485710
33.480019
118.556900
45.001873
2.266110
26.125660
20.771509
1.036114
-1.022992
3.017271
44.020123
-16.735920
-16.601065
-16.165052
12.202613
10.765589
2.220621
-19.759594
-61.148582
-24.410345
-2.978033
-13.804096
-10.258881
0.421390
-3.749238
27.798782
4048.998535
3121.401367
286.872070
-2213.747070
3626.471924
745.935364
-586.076538
-2281.895996
-4970.573242
2366.343750
-1355.328735
-829.089539
-1542.727661
-634.744629
-0.554675
-0.449635
189.202011
158.702484
22.251076
-107.496704
172.136719
47.328888
-23.494120
-111.606102
-245.971146
101.664635
-67.362228
-46.295090
-68.048813
-33.620342
-0.241402
1.830542
289.504974
286.706512
48.540848
-171.013855
275.402039
91.595886
-24.178713
-186.053589
-418.196289
137.006195
-96.400711
-80.156151
-111.451431
-64.576736
1.696501
8.098746
1379.202637
915.318115
38.345760
-722.935608
1189.056396
156.621918
-241.271484
-727.359375
-1554.022949
876.860168
-455.956451
-235.478745
-502.144867
-170.268021
-1.958058
2.554625
384.859650
456.763214
87.388618
-244.774368
396.197418
175.906296
-10.369978
-273.515991
-627.284424
144.242569
-131.335846
-125.771828
-160.089737
-111.185982
0.834757
0.458308
-0.280848
1.213746
0.513909
-0.342741
0.961174
1.362938
0.344144
-0.381195
-1.148749
-0.526534
-0.221619
-0.708463
-0.058613
-0.084457
0.834757
0.458308
-0.280848
1.213746
0.513909
-0.342741
0.961174
1.362938
0.344144
-0.381195
-1.148749
-0.526534
-0.221619
-0.708463
-0.058613
-0.084457
0.834757
0.458308
-0.280848
1.213746
0.513909
-0.342741
0.961174
1.362938
0.344144
-0.381195
-1.148749
-0.526534
-0.221619
-0.708463
-0.058613
-0.084457
0.834757
0.458308
-0.280848
1.213746
0.513909
-0.342741
0.961174
1.362938
0.344144
-0.381195
-1.148749
-0.526534
-0.221619
-0.708463
-0.058613
-0.084457
0.834757
0.458308
-0.280848
1.213746
0.513909
-0.342741
0.961174
1.362938
0.344144
-0.381195
-1.148749
-0.526534
-0.221619
-0.708463
-0.058613
-0.084457
0.834757
0.458308
-0.280848
1.213746
0.513909
-0.342741
0.961174
1.362938
0.344144
-0.381195
-1.148749
-0.526534
-0.221619
-0.708463
-0.058613
-0.084457
0.834757
0.458308
-0.280848
1.213746
0.513909
-0.342741
0.961174
1.362938
0.344144
-0.381195
-1.148749
-0.526534
-0.221619
-0.708463
-0.058613
-0.084457
0.834757
0.458308
-0.280848
1.213746
0.513909
-0.342741
0.961174
1.362938
0.344144
-0.381195
-1.148749
-0.526534
-0.221619
-0.708463
-0.058613
-0.084457
0.834757
0.458308
-0.280848
1.213746
0.513909
-0.342741
0.961174
1.362938
0.344144
-0.381195
-1.148749
-0.526534
-0.221619
-0.708463
-0.058613
-0.084457
0.834757
0.458308
-0.280848
1.213746
0.513909
-0.342741
0.961174
1.362938
0.344144
-0.381195
-1.148749
-0.526534
-0.221619
-0.708463
-0.058613
-0.084457
0.834757
0.458308
-0.280848
1.213746
0.513909
-0.342741
0.961174
1.362938
0.344144
-0.381195
-1.148749
-0.526534
-0.221619
-0.708463
-0.058613
-0.084457
0.834757
0.458308
-0.280848
1.213746
0.513909
-0.342741
0.961174
1.362938
0.344144
-0.381195
-1.148749
-0.526534
-0.221619
-0.708463
-0.058613
-0.084457
