-12.666796
8.943012
31.270596
-10.773125
-27.707327
10.591507
3.772705
12.183084
-5.491398
-4.326847
15.598264
-16.384945
20.319633
18.089582
-8.929392
-11.236157
48.007153
-16.112505
3219.673340
-9855.229492
-4593.071777
926.087585
-940.178101
-7122.328613
-4260.262695
2914.318115
7939.079102
8328.522461
-889.919617
3725.190186
-267.055054
3257.706299
0.601265
-0.184494
1.181044
100.604706
43.054043
-25.301184
-24.610605
16.399137
35.784687
15.083255
92.859940
-107.361084
29.291904
5.673844
10.799458
-21.488852
0.890269
0.664589
-1.125970
-36.356434
-15.174746
9.087437
7.272672
-5.883600
-11.587827
-7.635974
-35.037476
38.543819
-9.480040
-2.696564
-4.568151
7.566996
-17.246319
6.291733
-1159.176392
3469.696045
1623.102173
-314.193726
317.915039
2519.249023
1515.295044
-1015.837646
-2783.663086
-2966.437256
326.169098
-1312.771851
97.330605
-1148.770508
-1.313914
2.847485
-196.351898
507.407166
243.150421
-36.539330
27.211174
371.186768
229.730591
-140.802460
-393.025818
-458.774200
56.728680
-190.220947
23.450457
-167.784012
-1.130292
1.028954
-231.300659
609.177551
289.376526
-45.674618
37.674690
442.408691
270.966003
-171.054062
-471.147797
-541.816895
67.256065
-230.156357
27.333481
-206.092300
-16.674479
3.377801
-953.602905
2857.605713
1334.157959
-261.234497
256.627563
2072.435303
1241.009155
-839.402100
-2287.975586
-2430.607666
265.084198
-1078.979614
88.571663
-946.680237
-0.658093
-0.239078
-0.259261
-0.179308
0.079237
0.170973
-0.308456
-0.040932
-0.094802
-0.017428
-0.465762
-0.187398
0.394425
0.029175
0.076485
-0.244695
-0.658093
-0.239078
-0.259261
-0.179308
0.079237
0.170973
-0.308456
-0.040932
-0.094802
-0.017428
-0.465762
-0.187398
0.394425
0.029175
0.076485
-0.244695
-0.658093
-0.239078
-0.259261
-0.179308
0.079237
0.170973
-0.308456
-0.040932
-0.094802
-0.017428
-0.465762
-0.187398
0.394425
0.029175
0.076485
-0.244695
-0.658093
-0.239078
-0.259261
-0.179308
0.079237
0.170973
-0.308456
-0.040932
-0.094802
-0.017428
-0.465762
-0.187398
0.394425
0.029175
0.076485
-0.244695
-0.658093
-0.239078
-0.259261
-0.179308
0.079237
0.170973
-0.308456
-0.040932
-0.094802
-0.017428
-0.465762
-0.187398
0.394425
0.029175
0.076485
-0.244695
-0.658093
-0.239078
-0.259261
-0.179308
0.079237
0.170973
-0.308456
-0.040932
-0.094802
-0.017428
-0.465762
-0.187398
0.394425
0.029175
0.076485
-0.244695
-0.658093
-0.239078
-0.259261
-0.179308
0.079237
0.170973
-0.308456
-0.040932
-0.094802
-0.017428
-0.465762
-0.187398
0.394425
0.029175
0.076485
-0.244695
-0.658093
-0.239078
-0.259261
-0.179308
0.079237
0.170973
-0.308456
-0.040932
-0.094802
-0.017428
-0.465762
-0.187398
0.394425
0.029175
0.076485
-0.244695
-0.658093
-0.239078
-0.259261
-0.179308
0.079237
0.170973
-0.308456
-0.040932
-0.094802
-0.017428
-0.465762
-0.187398
0.394425
0.029175
0.076485
-0.244695
-0.658093
-0.239078
-0.259261
-0.179308
0.079237
0.170973
-0.308456
-0.040932
-0.094802
-0.017428
-0.465762
-0.187398
0.394425
0.029175
0.076485
-0.244695
-0.658093
-0.239078
-0.259261
-0.179308
0.079237
0.170973
-0.308456
-0.040932
-0.094802
-0.017428
-0.465762
-0.187398
0.394425
0.029175
0.076485
-0.244695
-0.658093
-0.239078
-0.259261
-0.179308
0.079237
0.170973
-0.308456
-0.040932
-0.094802
-0.017428
-0.465762
-0.187398
0.394425
0.029175
0.076485
-0.244695
