9.867017
-13.158461
23.078648
18.555511
-21.883499
-13.324385
-7.816823
4.694118
2.501068
-3.906740
22.419876
3.699060
-6.171608
24.613745
6.065791
-9.904197
-36.794098
-10.540219
-6288.705078
5271.766602
3485.618408
1218.052124
-2212.929199
5173.678223
4070.645264
55.589897
-1550.187256
-8715.928711
2286.038330
-2214.034912
1490.668335
-1858.268066
0.814639
2.294936
-43.705585
-66.981148
-21.816309
31.727285
6.477314
-21.769526
-30.037638
5.738085
-9.793488
112.060219
-25.254799
12.544477
5.114382
17.975277
-1.238819
-2.108037
38.258945
63.809490
20.850035
-31.383514
-10.510815
17.554676
29.312403
-3.393037
14.113232
-105.246773
20.955793
-11.403194
-2.485487
-13.162624
33.261547
8.540157
5907.202637
-4959.897461
-3281.336182
-1143.906128
2083.507080
-4858.556641
-3821.979004
-52.257328
1471.979492
8191.458008
-2146.062744
2081.549072
-1398.981445
1756.791992
0.199667
-0.440278
-1.938557
-0.006730
0.463663
0.888483
-1.672144
0.974168
0.628521
0.946545
1.429433
-2.676598
1.376527
0.240177
0.775261
-0.762023
0.199667
-0.440278
-1.938557
-0.006730
0.463663
0.888483
-1.672144
0.974168
0.628521
0.946545
1.429433
-2.676598
1.376527
0.240177
0.775261
-0.762023
0.199667
-0.440278
-1.938557
-0.006730
0.463663
0.888483
-1.672144
0.974168
0.628521
0.946545
1.429433
-2.676598
1.376527
0.240177
0.775261
-0.762023
0.199667
-0.440278
-1.938557
-0.006730
0.463663
0.888483
-1.672144
0.974168
0.628521
0.946545
1.429433
-2.676598
1.376527
0.240177
0.775261
-0.762023
0.199667
-0.440278
-1.938557
-0.006730
0.463663
0.888483
-1.672144
0.974168
0.628521
0.946545
1.429433
-2.676598
1.376527
0.240177
0.775261
-0.762023
0.199667
-0.440278
-1.938557
-0.006730
0.463663
0.888483
-1.672144
0.974168
0.628521
0.946545
1.429433
-2.676598
1.376527
0.240177
0.775261
-0.762023
0.199667
-0.440278
-1.938557
-0.006730
0.463663
0.888483
-1.672144
0.974168
0.628521
0.946545
1.429433
-2.676598
1.376527
0.240177
0.775261
-0.762023
0.199667
-0.440278
-1.938557
-0.006730
0.463663
0.888483
-1.672144
0.974168
0.628521
0.946545
1.429433
-2.676598
1.376527
0.240177
0.775261
-0.762023
0.199667
-0.440278
-1.938557
-0.006730
0.463663
0.888483
-1.672144
0.974168
0.628521
0.946545
1.429433
-2.676598
1.376527
0.240177
0.775261
-0.762023
0.199667
-0.440278
-1.938557
-0.006730
0.463663
0.888483
-1.672144
0.974168
0.628521
0.946545
1.429433
-2.676598
1.376527
0.240177
0.775261
-0.762023
0.199667
-0.440278
-1.938557
-0.006730
0.463663
0.888483
-1.672144
0.974168
0.628521
0.946545
1.429433
-2.676598
1.376527
0.240177
0.775261
-0.762023
0.199667
-0.440278
-1.938557
-0.006730
0.463663
0.888483
-1.672144
0.974168
0.628521
0.946545
1.429433
-2.676598
1.376527
0.240177
0.775261
-0.762023
0.199667
-0.440278
-1.938557
-0.006730
0.463663
0.888483
-1.672144
0.974168
0.628521
0.946545
1.429433
-2.676598
1.376527
0.240177
0.775261
-0.762023
0.199667
-0.440278
-1.938557
-0.006730
0.463663
0.888483
-1.672144
0.974168
0.628521
0.946545
1.429433
-2.676598
1.376527
0.240177
0.775261
-0.762023
0.199667
-0.440278
-1.938557
-0.006730
0.463663
0.888483
-1.672144
0.974168
0.628521
0.946545
1.429433
-2.676598
1.376527
0.240177
0.775261
-0.762023
