-4.044245
6.884890
-12.392814
32.113148
11.422842
-24.569990
-9.852023
-15.148986
6.921747
0.472537
-5.725145
29.488258
-27.096504
0.831510
18.585047
3.001478
-19.989094
-40.412067
-8804.229492
-1515.905151
1610.100708
4136.903809
-6002.915039
1706.234253
3086.717285
3607.420898
6375.960449
-7492.236328
3199.538574
215.638687
2418.309570
39.866055
-0.919406
-1.907665
-84.785698
-13.356091
10.112021
46.563713
-10.258773
-21.316626
-18.722158
31.900814
90.145203
90.053673
-5.868264
25.855516
16.068542
7.329765
-2.496613
0.309952
62.303047
6.530048
-10.055018
-34.170853
8.711147
14.079611
11.899480
-21.766905
-61.473232
-62.996670
3.244626
-16.810349
-9.191585
-3.032754
13.712794
28.180525
6429.903320
1174.158325
-1152.010010
-3039.139404
4406.048828
-1211.418823
-2237.212158
-2655.925781
-4717.673828
5437.437988
-2338.269531
-178.650650
-1767.504639
-43.250813
3.873370
3.204715
509.630341
11.090814
-127.367958
-214.541855
316.416870
-145.850266
-203.960800
-173.943390
-291.654602
476.093475
-180.128677
15.384402
-134.990250
15.024940
2.325601
3.869324
678.520264
233.402222
-75.771019
-351.078491
499.418457
-54.404167
-196.505692
-327.901764
-600.361755
508.037445
-252.119522
-56.252422
-193.623672
-33.024776
0.038243
0.409612
-2.328279
-1.556271
-0.459680
1.408023
-1.341047
-0.491101
0.190898
1.290805
2.465921
-0.672506
1.081249
0.494946
0.986768
0.386172
0.038243
0.409612
-2.328279
-1.556271
-0.459680
1.408023
-1.341047
-0.491101
0.190898
1.290805
2.465921
-0.672506
1.081249
0.494946
0.986768
0.386172
0.038243
0.409612
-2.328279
-1.556271
-0.459680
1.408023
-1.341047
-0.491101
0.190898
1.290805
2.465921
-0.672506
1.081249
0.494946
0.986768
0.386172
0.038243
0.409612
-2.328279
-1.556271
-0.459680
1.408023
-1.341047
-0.491101
0.190898
1.290805
2.465921
-0.672506
1.081249
0.494946
0.986768
0.386172
0.038243
0.409612
-2.328279
-1.556271
-0.459680
1.408023
-1.341047
-0.491101
0.190898
1.290805
2.465921
-0.672506
1.081249
0.494946
0.986768
0.386172
0.038243
0.409612
-2.328279
-1.556271
-0.459680
1.408023
-1.341047
-0.491101
0.190898
1.290805
2.465921
-0.672506
1.081249
0.494946
0.986768
0.386172
0.038243
0.409612
-2.328279
-1.556271
-0.459680
1.408023
-1.341047
-0.491101
0.190898
1.290805
2.465921
-0.672506
1.081249
0.494946
0.986768
0.386172
0.038243
0.409612
-2.328279
-1.556271
-0.459680
1.408023
-1.341047
-0.491101
0.190898
1.290805
2.465921
-0.672506
1.081249
0.494946
0.986768
0.386172
0.038243
0.409612
-2.328279
-1.556271
-0.459680
1.408023
-1.341047
-0.491101
0.190898
1.290805
2.465921
-0.672506
1.081249
0.494946
0.986768
0.386172
0.038243
0.409612
-2.328279
-1.556271
-0.459680
1.408023
-1.341047
-0.491101
0.190898
1.290805
2.465921
-0.672506
1.081249
0.494946
0.986768
0.386172
0.038243
0.409612
-2.328279
-1.556271
-0.459680
1.408023
-1.341047
-0.491101
0.190898
1.290805
2.465921
-0.672506
1.081249
0.494946
0.986768
0.386172
0.038243
0.409612
-2.328279
-1.556271
-0.459680
1.408023
-1.341047
-0.491101
0.190898
1.290805
2.465921
-0.672506
1.081249
0.494946
0.986768
0.386172
0.038243
0.409612
-2.328279
-1.556271
-0.459680
1.408023
-1.341047
-0.491101
0.190898
1.290805
2.465921
-0.672506
1.081249
0.494946
0.986768
0.386172
