-5.691889
-10.379253
-35.329987
-5.611502
23.747469
5.802372
5.805468
-7.018853
2.902468
8.362807
-14.772892
7.693519
-9.829019
-20.260839
-4.280331
19.869488
34.835934
29.566980
9282.565430
-1746.300293
-3080.274902
-3393.354736
5406.444824
-3858.406006
-4228.353516
-2127.169678
-3186.090332
9482.136719
-2955.815430
1072.037720
-2504.811523
838.589966
-0.410601
-2.567825
79.509506
44.111984
5.074818
-49.473274
3.165166
26.177917
29.221008
-22.904589
-45.425903
-112.501579
16.301048
-20.225697
-10.568524
-10.263978
-1.081057
1.131465
-40.572132
-18.526144
-3.858072
25.884113
0.472646
-11.949009
-15.772196
9.229690
24.304075
61.176395
-11.121012
14.349100
8.113129
6.038754
-17.367229
-18.303267
-5050.342285
984.996826
1684.306396
1837.631226
-2933.218018
2116.974121
2310.333740
1141.572144
1697.658325
-5174.526367
1604.587402
-590.619751
1362.913818
-466.777985
0.359055
0.639738
-257.345856
62.525307
84.355911
91.757256
-145.508438
113.976364
120.881180
57.472622
77.680511
-268.606537
82.530426
-29.794777
68.587486
-28.555437
-4.674000
-0.970290
-664.575378
93.975937
211.540848
247.242813
-391.646301
263.123169
297.498230
163.352585
255.545883
-664.247070
212.221375
-71.874588
178.270935
-52.467144
-7.917374
-3.715834
-1488.933472
313.185791
514.894775
535.675842
-854.818420
646.118286
690.003845
325.742401
476.013885
-1541.703125
471.701874
-189.657700
397.963074
-142.251816
0.465048
1.314105
1.584836
1.259750
0.008186
-1.029034
1.356119
0.153976
-0.311162
-0.961924
-1.848650
1.044949
-0.845837
-0.120874
-0.366399
-0.009526
0.465048
1.314105
1.584836
1.259750
0.008186
-1.029034
1.356119
0.153976
-0.311162
-0.961924
-1.848650
1.044949
-0.845837
-0.120874
-0.366399
-0.009526
0.465048
1.314105
1.584836
1.259750
0.008186
-1.029034
1.356119
0.153976
-0.311162
-0.961924
-1.848650
1.044949
-0.845837
-0.120874
-0.366399
-0.009526
0.465048
1.314105
1.584836
1.259750
0.008186
-1.029034
1.356119
0.153976
-0.311162
-0.961924
-1.848650
1.044949
-0.845837
-0.120874
-0.366399
-0.009526
0.465048
1.314105
1.584836
1.259750
0.008186
-1.029034
1.356119
0.153976
-0.311162
-0.961924
-1.848650
1.044949
-0.845837
-0.120874
-0.366399
-0.009526
0.465048
1.314105
1.584836
1.259750
0.008186
-1.029034
1.356119
0.153976
-0.311162
-0.961924
-1.848650
1.044949
-0.845837
-0.120874
-0.366399
-0.009526
0.465048
1.314105
1.584836
1.259750
0.008186
-1.029034
1.356119
0.153976
-0.311162
-0.961924
-1.848650
1.044949
-0.845837
-0.120874
-0.366399
-0.009526
0.465048
1.314105
1.584836
1.259750
0.008186
-1.029034
1.356119
0.153976
-0.311162
-0.961924
-1.848650
1.044949
-0.845837
-0.120874
-0.366399
-0.009526
0.465048
1.314105
1.584836
1.259750
0.008186
-1.029034
1.356119
0.153976
-0.311162
-0.961924
-1.848650
1.044949
-0.845837
-0.120874
-0.366399
-0.009526
0.465048
1.314105
1.584836
1.259750
0.008186
-1.029034
1.356119
0.153976
-0.311162
-0.961924
-1.848650
1.044949
-0.845837
-0.120874
-0.366399
-0.009526
0.465048
1.314105
1.584836
1.259750
0.008186
-1.029034
1.356119
0.153976
-0.311162
-0.961924
-1.848650
1.044949
-0.845837
-0.120874
-0.366399
-0.009526
0.465048
1.314105
1.584836
1.259750
0.008186
-1.029034
1.356119
0.153976
-0.311162
-0.961924
-1.848650
1.044949
-0.845837
-0.120874
-0.366399
-0.009526
