-3.548534
-0.490711
4.593178
-1.871047
-6.218355
-0.340417
-5.142677
-1.959836
2.070200
1.185826
2.651840
-1.792399
-1.292775
-2.397278
0.498610
1.747385
1.559749
-6.123392
157.505447
1125.151978
1391.669678
1324.112793
-467.551392
-330.504974
279.252258
-327.845551
-494.705231
-277.421783
1265.029297
1.579053
794.746216
784.813660
-1.111899
1.989909
4.628969
-7.802786
-3.603883
18.178404
-6.649714
2.043487
0.398294
-2.974599
-4.320443
2.918553
-0.923270
13.839842
5.730816
-2.665843
0.037978
-0.205811
-16.045479
-52.555382
-75.404968
-37.817764
34.836754
-0.898265
1.933652
16.667624
27.898523
4.325885
-54.122074
5.616064
-44.222816
-20.475035
-3.564779
-2.837234
18.175495
-45.066582
-17.508884
-71.403366
10.567037
14.148952
-12.228419
4.222190
7.281871
18.572975
-33.402931
-21.114946
-8.617693
-34.644020
-1.509760
6.997423
-167.913177
-882.756592
-1157.131470
-1053.222534
355.342224
295.374573
-249.382706
274.854309
401.277771
220.243195
-1039.295166
32.735752
-660.806885
-640.448059
0.361639
-0.309159
0.053400
0.022543
0.227342
-0.204169
-0.021594
-0.054715
-0.094838
0.000578
-0.163462
0.141620
0.246330
-0.581113
-0.401874
-0.012440
0.361639
-0.309159
0.053400
0.022543
0.227342
-0.204169
-0.021594
-0.054715
-0.094838
0.000578
-0.163462
0.141620
0.246330
-0.581113
-0.401874
-0.012440
0.361639
-0.309159
0.053400
0.022543
0.227342
-0.204169
-0.021594
-0.054715
-0.094838
0.000578
-0.163462
0.141620
0.246330
-0.581113
-0.401874
-0.012440
0.361639
-0.309159
0.053400
0.022543
0.227342
-0.204169
-0.021594
-0.054715
-0.094838
0.000578
-0.163462
0.141620
0.246330
-0.581113
-0.401874
-0.012440
0.361639
-0.309159
0.053400
0.022543
0.227342
-0.204169
-0.021594
-0.054715
-0.094838
0.000578
-0.163462
0.141620
0.246330
-0.581113
-0.401874
-0.012440
0.361639
-0.309159
0.053400
0.022543
0.227342
-0.204169
-0.021594
-0.054715
-0.094838
0.000578
-0.163462
0.141620
0.246330
-0.581113
-0.401874
-0.012440
0.361639
-0.309159
0.053400
0.022543
0.227342
-0.204169
-0.021594
-0.054715
-0.094838
0.000578
-0.163462
0.141620
0.246330
-0.581113
-0.401874
-0.012440
0.361639
-0.309159
0.053400
0.022543
0.227342
-0.204169
-0.021594
-0.054715
-0.094838
0.000578
-0.163462
0.141620
0.246330
-0.581113
-0.401874
-0.012440
0.361639
-0.309159
0.053400
0.022543
0.227342
-0.204169
-0.021594
-0.054715
-0.094838
0.000578
-0.163462
0.141620
0.246330
-0.581113
-0.401874
-0.012440
0.361639
-0.309159
0.053400
0.022543
0.227342
-0.204169
-0.021594
-0.054715
-0.094838
0.000578
-0.163462
0.141620
0.246330
-0.581113
-0.401874
-0.012440
0.361639
-0.309159
0.053400
0.022543
0.227342
-0.204169
-0.021594
-0.054715
-0.094838
0.000578
-0.163462
0.141620
0.246330
-0.581113
-0.401874
-0.012440
0.361639
-0.309159
0.053400
0.022543
0.227342
-0.204169
-0.021594
-0.054715
-0.094838
0.000578
-0.163462
0.141620
0.246330
-0.581113
-0.401874
-0.012440
0.361639
-0.309159
0.053400
0.022543
0.227342
-0.204169
-0.021594
-0.054715
-0.094838
0.000578
-0.163462
0.141620
0.246330
-0.581113
-0.401874
-0.012440
0.361639
-0.309159
0.053400
0.022543
0.227342
-0.204169
-0.021594
-0.054715
-0.094838
0.000578
-0.163462
0.141620
0.246330
-0.581113
-0.401874
-0.012440
