12.270795
9.806154
3276.935547
-4139.674316
-5746.926758
2255.081543
5357.175293
3918.995117
-2992.906982
4004.818115
15167.566406
1904.293457
4568.185547
2986.607178
-3295.097900
7991.296387
2.312479
-2.755657
17.329342
45.626694
60.915718
-17.066969
28.139317
4.323786
29.124426
27.337446
184.827209
-35.846760
10.597964
44.246861
4.136723
-57.492096
-0.482554
-0.985511
-4.242122
-14.407084
-23.775133
3.451765
-9.820509
-1.295363
-8.677517
-12.358082
-64.122025
7.815787
-4.450531
-11.489479
-1.538761
21.251789
-5.159014
-5.091583
-1080.408569
1559.265381
1995.528809
-944.966431
-2014.583252
-1282.274780
985.862671
-1534.212402
-5477.233398
-351.539154
-1722.906494
-976.097107
998.978271
-2947.395264
-0.212134
-1.006121
-195.329834
188.783630
316.193695
-77.668739
-247.915588
-241.876907
184.453461
-181.504913
-768.119019
-201.092056
-213.947281
-182.832214
224.961639
-389.129822
-5.319500
0.673257
-844.526367
1260.674316
1601.802979
-777.721680
-1623.656250
-1000.167786
759.834290
-1201.833740
-4397.400879
-186.133194
-1369.241211
-743.027771
761.962524
-2363.424072
3.209738
-0.927941
-245.297256
223.320206
381.305725
-83.486938
-294.347626
-297.755249
229.009888
-217.404785
-918.114746
-266.200714
-252.016327
-232.594391
282.242035
-461.526062
0.174498
0.123397
0.026974
-0.141547
-0.053092
0.205074
-0.265001
0.439210
0.029395
0.013388
0.375186
0.696700
0.296773
-0.284417
-1.194040
0.168072
0.174498
0.123397
0.026974
-0.141547
-0.053092
0.205074
-0.265001
0.439210
0.029395
0.013388
0.375186
0.696700
0.296773
-0.284417
-1.194040
0.168072
0.174498
0.123397
0.026974
-0.141547
-0.053092
0.205074
-0.265001
0.439210
0.029395
0.013388
0.375186
0.696700
0.296773
-0.284417
-1.194040
0.168072
0.174498
0.123397
0.026974
-0.141547
-0.053092
0.205074
-0.265001
0.439210
0.029395
0.013388
0.375186
0.696700
0.296773
-0.284417
-1.194040
0.168072
0.174498
0.123397
0.026974
-0.141547
-0.053092
0.205074
-0.265001
0.439210
0.029395
0.013388
0.375186
0.696700
0.296773
-0.284417
-1.194040
0.168072
0.174498
0.123397
0.026974
-0.141547
-0.053092
0.205074
-0.265001
0.439210
0.029395
0.013388
0.375186
0.696700
0.296773
-0.284417
-1.194040
0.168072
0.174498
0.123397
0.026974
-0.141547
-0.053092
0.205074
-0.265001
0.439210
0.029395
0.013388
0.375186
0.696700
0.296773
-0.284417
-1.194040
0.168072
0.174498
0.123397
0.026974
-0.141547
-0.053092
0.205074
-0.265001
0.439210
0.029395
0.013388
0.375186
0.696700
0.296773
-0.284417
-1.194040
0.168072
0.174498
0.123397
0.026974
-0.141547
-0.053092
0.205074
-0.265001
0.439210
0.029395
0.013388
0.375186
0.696700
0.296773
-0.284417
-1.194040
0.168072
0.174498
0.123397
0.026974
-0.141547
-0.053092
0.205074
-0.265001
0.439210
0.029395
0.013388
0.375186
0.696700
0.296773
-0.284417
-1.194040
0.168072
0.174498
0.123397
0.026974
-0.141547
-0.053092
0.205074
-0.265001
0.439210
0.029395
0.013388
0.375186
0.696700
0.296773
-0.284417
-1.194040
0.168072
0.174498
0.123397
0.026974
-0.141547
-0.053092
0.205074
-0.265001
0.439210
0.029395
0.013388
0.375186
0.696700
0.296773
-0.284417
-1.194040
0.168072
0.174498
0.123397
0.026974
-0.141547
-0.053092
0.205074
-0.265001
0.439210
0.029395
0.013388
0.375186
0.696700
0.296773
-0.284417
-1.194040
0.168072
