-2.618562
-13.464308
-4605.973145
-1044.658813
3868.512207
3523.850830
1056.825684
-5262.245605
4168.446777
1124.069702
-3980.405273
-12269.589844
609.569397
-4451.718750
7160.781738
62.512882
-2.198647
0.711316
-47.815613
0.155650
-7.331522
51.282417
-14.589206
16.809238
-30.858040
13.507502
-41.379452
158.845612
-41.837521
-9.451871
47.552799
18.868938
1.862683
0.190632
39.223103
4.167103
8.214378
-47.257584
9.235461
-13.597899
28.851583
-12.812201
28.215708
-129.020905
32.218403
8.732429
-37.708496
-17.794891
3.467239
10.370224
3916.067871
906.394104
-3224.894531
-2941.069336
-838.290527
4332.099121
-3598.151123
-1044.004883
3068.663574
10326.089844
-519.531616
3769.034180
-6178.665527
-177.147415
-0.948751
4.138536
114.379890
-102.541725
-178.129944
14.875692
95.690674
159.389847
-96.864212
105.720581
456.958099
166.308075
99.602432
104.778038
-124.664909
210.958298
-0.002557
-0.088667
97.709976
172.970352
-13.033260
-233.163223
-211.286484
147.248718
-72.278305
-142.716492
-201.254654
502.325775
-151.573761
109.014244
-177.331726
-192.806381
-0.714048
-0.161151
0.877620
1.861257
0.018788
-2.141570
-1.075009
0.588676
-0.290241
-1.219223
-0.994720
3.993728
-1.465153
1.367108
-1.427864
-0.891195
-0.714048
-0.161151
0.877620
1.861257
0.018788
-2.141570
-1.075009
0.588676
-0.290241
-1.219223
-0.994720
3.993728
-1.465153
1.367108
-1.427864
-0.891195
-0.714048
-0.161151
0.877620
1.861257
0.018788
-2.141570
-1.075009
0.588676
-0.290241
-1.219223
-0.994720
3.993728
-1.465153
1.367108
-1.427864
-0.891195
-0.714048
-0.161151
0.877620
1.861257
0.018788
-2.141570
-1.075009
0.588676
-0.290241
-1.219223
-0.994720
3.993728
-1.465153
1.367108
-1.427864
-0.891195
-0.714048
-0.161151
0.877620
1.861257
0.018788
-2.141570
-1.075009
0.588676
-0.290241
-1.219223
-0.994720
3.993728
-1.465153
1.367108
-1.427864
-0.891195
-0.714048
-0.161151
0.877620
1.861257
0.018788
-2.141570
-1.075009
0.588676
-0.290241
-1.219223
-0.994720
3.993728
-1.465153
1.367108
-1.427864
-0.891195
-0.714048
-0.161151
0.877620
1.861257
0.018788
-2.141570
-1.075009
0.588676
-0.290241
-1.219223
-0.994720
3.993728
-1.465153
1.367108
-1.427864
-0.891195
-0.714048
-0.161151
0.877620
1.861257
0.018788
-2.141570
-1.075009
0.588676
-0.290241
-1.219223
-0.994720
3.993728
-1.465153
1.367108
-1.427864
-0.891195
-0.714048
-0.161151
0.877620
1.861257
0.018788
-2.141570
-1.075009
0.588676
-0.290241
-1.219223
-0.994720
3.993728
-1.465153
1.367108
-1.427864
-0.891195
-0.714048
-0.161151
0.877620
1.861257
0.018788
-2.141570
-1.075009
0.588676
-0.290241
-1.219223
-0.994720
3.993728
-1.465153
1.367108
-1.427864
-0.891195
-0.714048
-0.161151
0.877620
1.861257
0.018788
-2.141570
-1.075009
0.588676
-0.290241
-1.219223
-0.994720
3.993728
-1.465153
1.367108
-1.427864
-0.891195
-0.714048
-0.161151
0.877620
1.861257
0.018788
-2.141570
-1.075009
0.588676
-0.290241
-1.219223
-0.994720
3.993728
-1.465153
1.367108
-1.427864
-0.891195
-0.714048
-0.161151
0.877620
1.861257
0.018788
-2.141570
-1.075009
0.588676
-0.290241
-1.219223
-0.994720
3.993728
-1.465153
1.367108
-1.427864
-0.891195
-0.714048
-0.161151
0.877620
1.861257
0.018788
-2.141570
-1.075009
0.588676
-0.290241
-1.219223
-0.994720
3.993728
-1.465153
1.367108
-1.427864
-0.891195
