-1.491318
1.293660
12.143863
-50.400650
-18.007395
33.961716
-9.065540
22.761930
41.136505
-21.707346
-5.431492
4.485142
33.650036
-4.109194
3.436318
17.407110
45.868332
16.526361
-940.292725
6254.870605
3410.152588
1742.529053
3719.562988
-4955.040527
-5723.904297
-1964.322144
-644.203979
-130.748871
-2169.624512
3652.668213
1550.255127
-2070.963379
1.165533
-1.730020
-2.306561
22.656292
7.440280
-17.921507
0.675577
-10.306553
-16.612411
10.605549
3.947605
-1.600929
-14.746224
3.007013
0.546224
-7.381051
-18.993956
-8.389242
327.083252
-2598.258789
-1428.179321
-691.826477
-1490.989868
2088.421631
2388.340820
758.756653
268.978546
47.249893
859.233215
-1528.043457
-619.998291
869.498596
-4.400388
-3.512210
75.943901
-336.841492
-178.915436
-109.852921
-225.944382
253.900940
305.411072
130.807693
33.773514
11.459875
133.849091
-191.600510
-95.402000
107.078857
-2.898716
-2.689755
96.061699
-335.346436
-173.703079
-118.670166
-239.422928
244.660110
298.788635
145.849884
30.447891
10.039528
146.457352
-185.185059
-99.793999
101.466927
-10.540805
0.204683
159.262619
-1497.854370
-831.254272
-375.636200
-831.880615
1218.395874
1382.173706
405.487762
155.218155
25.254709
478.548645
-893.860413
-345.577362
509.947571
-0.171643
0.274041
0.977581
-1.017496
-0.109408
-0.305057
-1.415738
0.341708
0.372268
1.177131
-0.114796
0.148583
0.617160
-0.687509
-0.699809
-0.121087
-0.171643
0.274041
0.977581
-1.017496
-0.109408
-0.305057
-1.415738
0.341708
0.372268
1.177131
-0.114796
0.148583
0.617160
-0.687509
-0.699809
-0.121087
-0.171643
0.274041
0.977581
-1.017496
-0.109408
-0.305057
-1.415738
0.341708
0.372268
1.177131
-0.114796
0.148583
0.617160
-0.687509
-0.699809
-0.121087
-0.171643
0.274041
0.977581
-1.017496
-0.109408
-0.305057
-1.415738
0.341708
0.372268
1.177131
-0.114796
0.148583
0.617160
-0.687509
-0.699809
-0.121087
-0.171643
0.274041
0.977581
-1.017496
-0.109408
-0.305057
-1.415738
0.341708
0.372268
1.177131
-0.114796
0.148583
0.617160
-0.687509
-0.699809
-0.121087
-0.171643
0.274041
0.977581
-1.017496
-0.109408
-0.305057
-1.415738
0.341708
0.372268
1.177131
-0.114796
0.148583
0.617160
-0.687509
-0.699809
-0.121087
-0.171643
0.274041
0.977581
-1.017496
-0.109408
-0.305057
-1.415738
0.341708
0.372268
1.177131
-0.114796
0.148583
0.617160
-0.687509
-0.699809
-0.121087
-0.171643
0.274041
0.977581
-1.017496
-0.109408
-0.305057
-1.415738
0.341708
0.372268
1.177131
-0.114796
0.148583
0.617160
-0.687509
-0.699809
-0.121087
-0.171643
0.274041
0.977581
-1.017496
-0.109408
-0.305057
-1.415738
0.341708
0.372268
1.177131
-0.114796
0.148583
0.617160
-0.687509
-0.699809
-0.121087
-0.171643
0.274041
0.977581
-1.017496
-0.109408
-0.305057
-1.415738
0.341708
0.372268
1.177131
-0.114796
0.148583
0.617160
-0.687509
-0.699809
-0.121087
-0.171643
0.274041
0.977581
-1.017496
-0.109408
-0.305057
-1.415738
0.341708
0.372268
1.177131
-0.114796
0.148583
0.617160
-0.687509
-0.699809
-0.121087
-0.171643
0.274041
0.977581
-1.017496
-0.109408
-0.305057
-1.415738
0.341708
0.372268
1.177131
-0.114796
0.148583
0.617160
-0.687509
-0.699809
-0.121087
-0.171643
0.274041
0.977581
-1.017496
-0.109408
-0.305057
-1.415738
0.341708
0.372268
1.177131
-0.114796
0.148583
0.617160
-0.687509
-0.699809
-0.121087
