1.453264
0.854792
-23.733908
-13.968011
16.599457
-12.997834
-1.968637
5.324973
8.168777
19.113041
51.618694
-6.774230
6.270740
-1.057264
8.602668
-18.966085
0.891023
-0.416774
-2574.170654
897.068176
-1602.443726
-236.998978
71.764755
-564.397766
-628.003357
2373.269043
4320.655273
288.935669
117.984161
1097.867554
-256.381470
3860.781738
-1.760591
0.578335
11.201483
8.797079
-7.975683
7.976029
4.942716
-6.448967
-2.761491
-10.963663
-25.512501
4.767844
-6.923010
-2.120112
-5.688475
11.406299
2.620178
0.738212
1320.638550
-489.037079
831.439026
115.147583
-27.341986
292.340820
304.932098
-1239.029785
-2241.446045
-116.231163
-66.442337
-564.777466
100.262154
-2002.109375
-1.176958
-0.234732
96.890648
-19.150320
63.895695
15.601489
-1.515376
17.896479
30.527142
-87.133804
-161.548019
-28.876091
-0.631366
-45.451584
24.309637
-140.116394
-2.584665
1.540936
173.205643
-32.497841
102.939369
26.724714
-12.246840
33.541576
66.894142
-145.638870
-273.359680
-59.611729
0.368712
-71.181000
54.760689
-245.225174
0.028153
-0.705314
435.362366
-187.698608
276.269867
18.515684
-8.349719
99.195770
74.681259
-414.094238
-745.715576
8.026748
-33.784119
-187.277512
-8.410568
-667.581360
0.384674
0.086902
1.123705
-0.042695
-0.478504
0.389134
-0.232691
-0.154202
0.078811
-0.593878
-0.375620
-0.670865
0.635875
-0.049492
0.638738
-0.830161
0.384674
0.086902
1.123705
-0.042695
-0.478504
0.389134
-0.232691
-0.154202
0.078811
-0.593878
-0.375620
-0.670865
0.635875
-0.049492
0.638738
-0.830161
0.384674
0.086902
1.123705
-0.042695
-0.478504
0.389134
-0.232691
-0.154202
0.078811
-0.593878
-0.375620
-0.670865
0.635875
-0.049492
0.638738
-0.830161
0.384674
0.086902
1.123705
-0.042695
-0.478504
0.389134
-0.232691
-0.154202
0.078811
-0.593878
-0.375620
-0.670865
0.635875
-0.049492
0.638738
-0.830161
0.384674
0.086902
1.123705
-0.042695
-0.478504
0.389134
-0.232691
-0.154202
0.078811
-0.593878
-0.375620
-0.670865
0.635875
-0.049492
0.638738
-0.830161
0.384674
0.086902
1.123705
-0.042695
-0.478504
0.389134
-0.232691
-0.154202
0.078811
-0.593878
-0.375620
-0.670865
0.635875
-0.049492
0.638738
-0.830161
0.384674
0.086902
1.123705
-0.042695
-0.478504
0.389134
-0.232691
-0.154202
0.078811
-0.593878
-0.375620
-0.670865
0.635875
-0.049492
0.638738
-0.830161
0.384674
0.086902
1.123705
-0.042695
-0.478504
0.389134
-0.232691
-0.154202
0.078811
-0.593878
-0.375620
-0.670865
0.635875
-0.049492
0.638738
-0.830161
0.384674
0.086902
1.123705
-0.042695
-0.478504
0.389134
-0.232691
-0.154202
0.078811
-0.593878
-0.375620
-0.670865
0.635875
-0.049492
0.638738
-0.830161
0.384674
0.086902
1.123705
-0.042695
-0.478504
0.389134
-0.232691
-0.154202
0.078811
-0.593878
-0.375620
-0.670865
0.635875
-0.049492
0.638738
-0.830161
0.384674
0.086902
1.123705
-0.042695
-0.478504
0.389134
-0.232691
-0.154202
0.078811
-0.593878
-0.375620
-0.670865
0.635875
-0.049492
0.638738
-0.830161
0.384674
0.086902
1.123705
-0.042695
-0.478504
0.389134
-0.232691
-0.154202
0.078811
-0.593878
-0.375620
-0.670865
0.635875
-0.049492
0.638738
-0.830161
0.384674
0.086902
1.123705
-0.042695
-0.478504
0.389134
-0.232691
-0.154202
0.078811
-0.593878
-0.375620
-0.670865
0.635875
-0.049492
0.638738
-0.830161
