-3.242667
7.965614
1019.804626
-1162.744751
325.647583
677.184204
204.558044
-476.769775
1982.816895
-868.709412
3060.801514
-5142.577148
2628.507324
1815.813354
990.047729
4165.888184
-3.073180
0.996813
8.446292
12.945807
1.160568
7.475043
-2.729305
3.321451
-15.796860
-4.125881
38.463631
58.491337
6.878284
26.902426
19.014902
-25.280012
-0.194951
2.148500
-10.357666
-7.296068
2.630868
-4.045245
1.316137
-3.497364
11.482039
2.230020
-31.864452
-36.140354
-6.178365
-22.895458
-12.202891
20.693533
0.717503
-5.066263
-703.325562
796.261475
-224.891327
-469.293243
-143.647705
324.450958
-1344.188477
575.825378
-2096.916016
3463.141113
-1768.067505
-1242.056885
-639.096619
-2833.426270
2.288008
-0.595660
-41.718994
74.810608
-24.530565
-33.582382
-8.447819
27.742805
-102.025215
70.054970
-115.534729
321.743195
-164.563095
-73.044037
-101.414963
-221.935028
-0.739295
-2.372081
-114.738403
90.139961
-19.587673
-67.908691
-27.246243
41.655273
-205.726990
55.379971
-371.155457
452.977631
-225.701660
-214.972748
-39.963074
-415.988312
-0.278059
-0.499750
0.792129
0.152707
-0.252431
-0.154070
-0.112085
-0.026535
0.301274
-0.141565
0.754152
-0.371563
0.105038
0.421017
0.397063
-0.044572
-0.278059
-0.499750
0.792129
0.152707
-0.252431
-0.154070
-0.112085
-0.026535
0.301274
-0.141565
0.754152
-0.371563
0.105038
0.421017
0.397063
-0.044572
-0.278059
-0.499750
0.792129
0.152707
-0.252431
-0.154070
-0.112085
-0.026535
0.301274
-0.141565
0.754152
-0.371563
0.105038
0.421017
0.397063
-0.044572
-0.278059
-0.499750
0.792129
0.152707
-0.252431
-0.154070
-0.112085
-0.026535
0.301274
-0.141565
0.754152
-0.371563
0.105038
0.421017
0.397063
-0.044572
-0.278059
-0.499750
0.792129
0.152707
-0.252431
-0.154070
-0.112085
-0.026535
0.301274
-0.141565
0.754152
-0.371563
0.105038
0.421017
0.397063
-0.044572
-0.278059
-0.499750
0.792129
0.152707
-0.252431
-0.154070
-0.112085
-0.026535
0.301274
-0.141565
0.754152
-0.371563
0.105038
0.421017
0.397063
-0.044572
-0.278059
-0.499750
0.792129
0.152707
-0.252431
-0.154070
-0.112085
-0.026535
0.301274
-0.141565
0.754152
-0.371563
0.105038
0.421017
0.397063
-0.044572
-0.278059
-0.499750
0.792129
0.152707
-0.252431
-0.154070
-0.112085
-0.026535
0.301274
-0.141565
0.754152
-0.371563
0.105038
0.421017
0.397063
-0.044572
-0.278059
-0.499750
0.792129
0.152707
-0.252431
-0.154070
-0.112085
-0.026535
0.301274
-0.141565
0.754152
-0.371563
0.105038
0.421017
0.397063
-0.044572
-0.278059
-0.499750
0.792129
0.152707
-0.252431
-0.154070
-0.112085
-0.026535
0.301274
-0.141565
0.754152
-0.371563
0.105038
0.421017
0.397063
-0.044572
-0.278059
-0.499750
0.792129
0.152707
-0.252431
-0.154070
-0.112085
-0.026535
0.301274
-0.141565
0.754152
-0.371563
0.105038
0.421017
0.397063
-0.044572
-0.278059
-0.499750
0.792129
0.152707
-0.252431
-0.154070
-0.112085
-0.026535
0.301274
-0.141565
0.754152
-0.371563
0.105038
0.421017
0.397063
-0.044572
-0.278059
-0.499750
0.792129
0.152707
-0.252431
-0.154070
-0.112085
-0.026535
0.301274
-0.141565
0.754152
-0.371563
0.105038
0.421017
0.397063
-0.044572
-0.278059
-0.499750
0.792129
0.152707
-0.252431
-0.154070
-0.112085
-0.026535
0.301274
-0.141565
0.754152
-0.371563
0.105038
0.421017
0.397063
-0.044572
