-7.121481
-0.849701
1216.089600
1168.947388
-708.455688
206.433304
500.540558
209.022934
1020.914795
2393.132568
5879.504883
3356.269287
-2220.210205
3218.636230
-4223.637207
1150.913452
-0.232829
-0.321053
17.538826
-6.799970
5.978828
-3.722353
2.816874
3.147840
-2.668915
19.294695
72.507332
-48.274281
31.526562
-7.166991
-22.331888
-23.042387
1.832522
-0.104170
-7.006598
6.417331
-3.953699
0.123646
-1.121074
-0.163026
0.993064
-9.499991
-33.075821
26.267183
-16.149343
5.710483
12.756904
12.035079
2.625513
-0.873494
-609.993164
-599.557129
357.500244
-102.734825
-251.268692
-108.497505
-506.410187
-1219.366943
-2963.341553
-1726.455200
1136.250366
-1616.299927
2142.304199
-561.928467
2.168920
0.737010
-41.752590
-35.746349
19.501568
-7.869427
-15.844108
-4.253505
-38.690086
-73.656319
-195.736374
-91.455208
65.838394
-110.690804
131.127991
-45.803501
2.242082
0.283757
-92.618538
-77.195259
49.348881
-18.737835
-37.577034
-12.442783
-89.146408
-170.792969
-446.911346
-211.253281
143.968445
-243.218216
305.259247
-108.144539
0.654092
0.857514
-216.186798
-221.708542
131.930618
-32.429115
-91.566986
-41.553349
-175.644638
-440.694489
-1059.460571
-649.313965
427.356262
-578.312317
778.621094
-188.735687
0.247767
0.567768
-0.111580
-0.621784
0.052823
0.369774
0.138805
0.122926
0.009382
-0.350818
-0.899174
-1.589820
0.905666
-0.205478
1.511934
0.762178
0.247767
0.567768
-0.111580
-0.621784
0.052823
0.369774
0.138805
0.122926
0.009382
-0.350818
-0.899174
-1.589820
0.905666
-0.205478
1.511934
0.762178
0.247767
0.567768
-0.111580
-0.621784
0.052823
0.369774
0.138805
0.122926
0.009382
-0.350818
-0.899174
-1.589820
0.905666
-0.205478
1.511934
0.762178
0.247767
0.567768
-0.111580
-0.621784
0.052823
0.369774
0.138805
0.122926
0.009382
-0.350818
-0.899174
-1.589820
0.905666
-0.205478
1.511934
0.762178
0.247767
0.567768
-0.111580
-0.621784
0.052823
0.369774
0.138805
0.122926
0.009382
-0.350818
-0.899174
-1.589820
0.905666
-0.205478
1.511934
0.762178
0.247767
0.567768
-0.111580
-0.621784
0.052823
0.369774
0.138805
0.122926
0.009382
-0.350818
-0.899174
-1.589820
0.905666
-0.205478
1.511934
0.762178
0.247767
0.567768
-0.111580
-0.621784
0.052823
0.369774
0.138805
0.122926
0.009382
-0.350818
-0.899174
-1.589820
0.905666
-0.205478
1.511934
0.762178
0.247767
0.567768
-0.111580
-0.621784
0.052823
0.369774
0.138805
0.122926
0.009382
-0.350818
-0.899174
-1.589820
0.905666
-0.205478
1.511934
0.762178
0.247767
0.567768
-0.111580
-0.621784
0.052823
0.369774
0.138805
0.122926
0.009382
-0.350818
-0.899174
-1.589820
0.905666
-0.205478
1.511934
0.762178
0.247767
0.567768
-0.111580
-0.621784
0.052823
0.369774
0.138805
0.122926
0.009382
-0.350818
-0.899174
-1.589820
0.905666
-0.205478
1.511934
0.762178
0.247767
0.567768
-0.111580
-0.621784
0.052823
0.369774
0.138805
0.122926
0.009382
-0.350818
-0.899174
-1.589820
0.905666
-0.205478
1.511934
0.762178
0.247767
0.567768
-0.111580
-0.621784
0.052823
0.369774
0.138805
0.122926
0.009382
-0.350818
-0.899174
-1.589820
0.905666
-0.205478
1.511934
0.762178
0.247767
0.567768
-0.111580
-0.621784
0.052823
0.369774
0.138805
0.122926
0.009382
-0.350818
-0.899174
-1.589820
0.905666
-0.205478
1.511934
0.762178
