-1.367041
2.903176
1460.262939
-423.129517
-205.729752
786.148376
292.175201
-330.485474
2096.214111
13.618556
4501.773926
-3477.767822
1564.927612
2268.973389
-650.087036
3365.052979
3.438104
-0.160865
10.752350
8.774426
4.768116
6.008300
2.297942
1.551412
-15.689662
1.411453
54.438160
35.074295
15.599746
20.736313
10.001188
-23.073633
-0.496400
0.744896
-13.767169
-4.435012
-3.416956
-7.798652
-3.336285
-2.546843
12.892833
0.102813
-45.356525
-26.233393
-15.710928
-19.863451
-3.115617
22.744120
5.417083
-3.838269
-1184.428833
324.107605
193.104309
-662.719543
-234.902023
271.219025
-1707.203491
12.094477
-3650.899902
2870.724854
-1276.749634
-1866.280396
586.965881
-2786.202393
-1.517598
1.496600
-56.222305
32.511333
-4.488861
-28.210342
-9.079663
14.192258
-85.124100
12.748294
-155.358017
165.092468
-81.360374
-75.776031
-10.856037
-136.340790
-2.562174
0.394036
-74.999382
13.371964
12.666543
-29.657698
-19.618637
12.851460
-101.566505
-27.508259
-256.047668
119.709534
-53.266373
-120.251190
49.620213
-142.923843
0.139213
-0.244234
0.461313
0.177561
-0.083331
-0.538791
-0.143655
-0.180899
-0.060167
0.089209
0.585377
-0.055940
0.152190
0.339515
-0.586388
-0.057051
0.139213
-0.244234
0.461313
0.177561
-0.083331
-0.538791
-0.143655
-0.180899
-0.060167
0.089209
0.585377
-0.055940
0.152190
0.339515
-0.586388
-0.057051
0.139213
-0.244234
0.461313
0.177561
-0.083331
-0.538791
-0.143655
-0.180899
-0.060167
0.089209
0.585377
-0.055940
0.152190
0.339515
-0.586388
-0.057051
0.139213
-0.244234
0.461313
0.177561
-0.083331
-0.538791
-0.143655
-0.180899
-0.060167
0.089209
0.585377
-0.055940
0.152190
0.339515
-0.586388
-0.057051
0.139213
-0.244234
0.461313
0.177561
-0.083331
-0.538791
-0.143655
-0.180899
-0.060167
0.089209
0.585377
-0.055940
0.152190
0.339515
-0.586388
-0.057051
0.139213
-0.244234
0.461313
0.177561
-0.083331
-0.538791
-0.143655
-0.180899
-0.060167
0.089209
0.585377
-0.055940
0.152190
0.339515
-0.586388
-0.057051
0.139213
-0.244234
0.461313
0.177561
-0.083331
-0.538791
-0.143655
-0.180899
-0.060167
0.089209
0.585377
-0.055940
0.152190
0.339515
-0.586388
-0.057051
0.139213
-0.244234
0.461313
0.177561
-0.083331
-0.538791
-0.143655
-0.180899
-0.060167
0.089209
0.585377
-0.055940
0.152190
0.339515
-0.586388
-0.057051
0.139213
-0.244234
0.461313
0.177561
-0.083331
-0.538791
-0.143655
-0.180899
-0.060167
0.089209
0.585377
-0.055940
0.152190
0.339515
-0.586388
-0.057051
0.139213
-0.244234
0.461313
0.177561
-0.083331
-0.538791
-0.143655
-0.180899
-0.060167
0.089209
0.585377
-0.055940
0.152190
0.339515
-0.586388
-0.057051
0.139213
-0.244234
0.461313
0.177561
-0.083331
-0.538791
-0.143655
-0.180899
-0.060167
0.089209
0.585377
-0.055940
0.152190
0.339515
-0.586388
-0.057051
0.139213
-0.244234
0.461313
0.177561
-0.083331
-0.538791
-0.143655
-0.180899
-0.060167
0.089209
0.585377
-0.055940
0.152190
0.339515
-0.586388
-0.057051
0.139213
-0.244234
0.461313
0.177561
-0.083331
-0.538791
-0.143655
-0.180899
-0.060167
0.089209
0.585377
-0.055940
0.152190
0.339515
-0.586388
-0.057051
0.139213
-0.244234
0.461313
0.177561
-0.083331
-0.538791
-0.143655
-0.180899
-0.060167
0.089209
0.585377
-0.055940
0.152190
0.339515
-0.586388
-0.057051
