10.394548
0.176176
-2034.147217
778.161987
-1339.519531
1700.904785
2738.323730
-1158.837646
1099.437500
-2460.765137
-2632.686035
626.956238
1117.981323
13.276803
1669.705688
3288.443848
1.122712
1.267457
-15.337183
-11.949105
21.582010
2.821301
4.288030
13.585782
-12.763960
-16.232132
-29.133177
-7.070126
-5.555424
9.281088
21.291124
-16.466183
-3.044874
-1.110299
6.259118
6.846652
-9.319706
-2.496232
-1.586236
-5.358786
4.748991
6.081563
11.822618
3.989632
2.561938
-2.412574
-9.596537
8.045717
-3.833071
-1.981768
919.180847
-345.980988
606.014954
-770.944519
-1241.213623
518.269592
-502.256195
1112.246216
1193.144775
-276.095337
-505.503235
-9.795670
-741.415039
-1494.158569
0.622515
-1.929722
45.172855
-21.515429
30.942703
-39.087513
-61.855846
29.908773
-23.323042
55.988289
66.703613
-20.177799
-27.292715
-1.775903
-39.109146
-80.692383
-0.357899
-2.352222
77.830193
-32.784740
49.819111
-65.191368
-102.607872
46.953903
-37.515053
94.507965
102.363541
-30.767523
-43.909672
-0.780520
-67.357910
-123.281197
-2.464692
0.581621
142.814301
-58.055328
95.495934
-123.458794
-191.633118
86.495422
-74.440399
176.038300
185.419479
-46.370461
-81.828049
-0.187336
-126.829758
-230.622299
-2.917443
3.137370
446.222321
-162.696823
295.759033
-361.847992
-596.822632
241.118301
-246.249084
529.116638
570.649109
-129.145355
-242.436279
-3.763940
-354.296051
-718.080811
0.026371
0.351238
0.151309
0.486593
0.564311
-0.266572
-0.520651
0.027007
-0.396131
-0.084854
0.355931
0.092931
0.064912
-0.134336
0.736622
-0.866125
0.026371
0.351238
0.151309
0.486593
0.564311
-0.266572
-0.520651
0.027007
-0.396131
-0.084854
0.355931
0.092931
0.064912
-0.134336
0.736622
-0.866125
0.026371
0.351238
0.151309
0.486593
0.564311
-0.266572
-0.520651
0.027007
-0.396131
-0.084854
0.355931
0.092931
0.064912
-0.134336
0.736622
-0.866125
0.026371
0.351238
0.151309
0.486593
0.564311
-0.266572
-0.520651
0.027007
-0.396131
-0.084854
0.355931
0.092931
0.064912
-0.134336
0.736622
-0.866125
0.026371
0.351238
0.151309
0.486593
0.564311
-0.266572
-0.520651
0.027007
-0.396131
-0.084854
0.355931
0.092931
0.064912
-0.134336
0.736622
-0.866125
0.026371
0.351238
0.151309
0.486593
0.564311
-0.266572
-0.520651
0.027007
-0.396131
-0.084854
0.355931
0.092931
0.064912
-0.134336
0.736622
-0.866125
0.026371
0.351238
0.151309
0.486593
0.564311
-0.266572
-0.520651
0.027007
-0.396131
-0.084854
0.355931
0.092931
0.064912
-0.134336
0.736622
-0.866125
0.026371
0.351238
0.151309
0.486593
0.564311
-0.266572
-0.520651
0.027007
-0.396131
-0.084854
0.355931
0.092931
0.064912
-0.134336
0.736622
-0.866125
0.026371
0.351238
0.151309
0.486593
0.564311
-0.266572
-0.520651
0.027007
-0.396131
-0.084854
0.355931
0.092931
0.064912
-0.134336
0.736622
-0.866125
0.026371
0.351238
0.151309
0.486593
0.564311
-0.266572
-0.520651
0.027007
-0.396131
-0.084854
0.355931
0.092931
0.064912
-0.134336
0.736622
-0.866125
0.026371
0.351238
0.151309
0.486593
0.564311
-0.266572
-0.520651
0.027007
-0.396131
-0.084854
0.355931
0.092931
0.064912
-0.134336
0.736622
-0.866125
0.026371
0.351238
0.151309
0.486593
0.564311
-0.266572
-0.520651
0.027007
-0.396131
-0.084854
0.355931
0.092931
0.064912
-0.134336
0.736622
-0.866125
