-5.406979
2.494719
694.387695
-1350.001099
-2.643342
-1883.951294
-1285.699707
2234.740234
413.263184
2007.191162
1288.919922
-1656.639648
-817.711060
610.742859
-2755.876465
-1212.304565
-1.858045
-1.807907
4.145430
10.027434
-13.932385
-14.401610
3.309071
-9.326395
-1.236144
17.192780
17.006714
16.980268
8.073766
-4.460561
-21.622520
-3.504158
2.502815
1.019562
-0.777692
-9.504914
10.269074
13.284662
-2.150311
7.222611
-0.555697
-11.058590
-13.011660
-14.366850
-6.771683
5.147773
17.758039
2.629470
4.916525
-4.410538
-571.852356
1125.989258
2.209754
1561.654419
1060.877075
-1851.523193
-350.106842
-1653.551636
-1067.297119
1367.012451
679.212524
-518.139771
2288.198730
987.595093
-0.200742
0.296648
-0.429886
0.390263
-0.244078
0.542886
0.331329
-0.095858
0.080363
-0.313843
-0.935914
0.483580
0.142286
-0.285853
0.259692
0.420896
-0.200742
0.296648
-0.429886
0.390263
-0.244078
0.542886
0.331329
-0.095858
0.080363
-0.313843
-0.935914
0.483580
0.142286
-0.285853
0.259692
0.420896
-0.200742
0.296648
-0.429886
0.390263
-0.244078
0.542886
0.331329
-0.095858
0.080363
-0.313843
-0.935914
0.483580
0.142286
-0.285853
0.259692
0.420896
-0.200742
0.296648
-0.429886
0.390263
-0.244078
0.542886
0.331329
-0.095858
0.080363
-0.313843
-0.935914
0.483580
0.142286
-0.285853
0.259692
0.420896
-0.200742
0.296648
-0.429886
0.390263
-0.244078
0.542886
0.331329
-0.095858
0.080363
-0.313843
-0.935914
0.483580
0.142286
-0.285853
0.259692
0.420896
-0.200742
0.296648
-0.429886
0.390263
-0.244078
0.542886
0.331329
-0.095858
0.080363
-0.313843
-0.935914
0.483580
0.142286
-0.285853
0.259692
0.420896
-0.200742
0.296648
-0.429886
0.390263
-0.244078
0.542886
0.331329
-0.095858
0.080363
-0.313843
-0.935914
0.483580
0.142286
-0.285853
0.259692
0.420896
-0.200742
0.296648
-0.429886
0.390263
-0.244078
0.542886
0.331329
-0.095858
0.080363
-0.313843
-0.935914
0.483580
0.142286
-0.285853
0.259692
0.420896
-0.200742
0.296648
-0.429886
0.390263
-0.244078
0.542886
0.331329
-0.095858
0.080363
-0.313843
-0.935914
0.483580
0.142286
-0.285853
0.259692
0.420896
-0.200742
0.296648
-0.429886
0.390263
-0.244078
0.542886
0.331329
-0.095858
0.080363
-0.313843
-0.935914
0.483580
0.142286
-0.285853
0.259692
0.420896
-0.200742
0.296648
-0.429886
0.390263
-0.244078
0.542886
0.331329
-0.095858
0.080363
-0.313843
-0.935914
0.483580
0.142286
-0.285853
0.259692
0.420896
-0.200742
0.296648
-0.429886
0.390263
-0.244078
0.542886
0.331329
-0.095858
0.080363
-0.313843
-0.935914
0.483580
0.142286
-0.285853
0.259692
0.420896
-0.200742
0.296648
-0.429886
0.390263
-0.244078
0.542886
0.331329
-0.095858
0.080363
-0.313843
-0.935914
0.483580
0.142286
-0.285853
0.259692
0.420896
-0.200742
0.296648
-0.429886
0.390263
-0.244078
0.542886
0.331329
-0.095858
0.080363
-0.313843
-0.935914
0.483580
0.142286
-0.285853
0.259692
0.420896
-0.200742
0.296648
-0.429886
0.390263
-0.244078
0.542886
0.331329
-0.095858
0.080363
-0.313843
-0.935914
0.483580
0.142286
-0.285853
0.259692
0.420896
-0.200742
0.296648
-0.429886
0.390263
-0.244078
0.542886
0.331329
-0.095858
0.080363
-0.313843
-0.935914
0.483580
0.142286
-0.285853
0.259692
0.420896
