0.477810
-1.141611
10.563701
-17.321892
-0.736302
21.046659
-10.360214
6.830051
14.674702
-14.212683
1.220533
-32.541477
-11.542727
0.504765
21.296261
17.951147
4.333869
-9.883930
411.283539
2066.622803
1490.370728
1519.507813
-711.394592
-2809.110107
-2169.057861
-1483.946899
167.883606
2511.201416
276.561310
-1108.003418
3432.372070
-1122.681030
-0.730954
0.308694
-7.504391
8.595896
4.236032
-13.619773
3.981778
-5.601422
-8.722679
8.253442
-3.006718
20.041956
7.731254
-3.466311
-13.030301
-12.535022
-1.091179
5.773494
-239.889542
-1192.584839
-868.404175
-866.520630
427.848846
1618.884033
1254.892578
846.350769
-113.201469
-1450.053467
-158.076019
651.902344
-1988.126099
663.783203
-0.443090
2.647861
-10.039302
-77.913277
-57.800369
-61.897591
21.472586
106.756943
80.934647
58.898579
-2.335857
-93.086403
-10.796596
41.206337
-129.760681
35.914799
-1.763099
-0.118713
-14.975515
-106.467094
-67.947815
-85.536880
22.709106
143.624374
105.308578
83.161682
2.882403
-128.220413
-18.991383
51.383011
-177.492538
41.411808
-1.030456
0.798624
-68.416550
-271.759583
-201.805649
-191.780945
107.403015
368.788910
295.787720
188.653091
-31.722029
-331.066132
-28.703821
141.691528
-446.145782
168.446640
-0.100326
0.614734
0.538895
-0.564200
-0.652203
-0.534222
-0.260946
0.996521
0.155366
0.513233
0.351957
-0.737998
0.354100
0.479806
-0.617708
-0.520589
-0.100326
0.614734
0.538895
-0.564200
-0.652203
-0.534222
-0.260946
0.996521
0.155366
0.513233
0.351957
-0.737998
0.354100
0.479806
-0.617708
-0.520589
-0.100326
0.614734
0.538895
-0.564200
-0.652203
-0.534222
-0.260946
0.996521
0.155366
0.513233
0.351957
-0.737998
0.354100
0.479806
-0.617708
-0.520589
-0.100326
0.614734
0.538895
-0.564200
-0.652203
-0.534222
-0.260946
0.996521
0.155366
0.513233
0.351957
-0.737998
0.354100
0.479806
-0.617708
-0.520589
-0.100326
0.614734
0.538895
-0.564200
-0.652203
-0.534222
-0.260946
0.996521
0.155366
0.513233
0.351957
-0.737998
0.354100
0.479806
-0.617708
-0.520589
-0.100326
0.614734
0.538895
-0.564200
-0.652203
-0.534222
-0.260946
0.996521
0.155366
0.513233
0.351957
-0.737998
0.354100
0.479806
-0.617708
-0.520589
-0.100326
0.614734
0.538895
-0.564200
-0.652203
-0.534222
-0.260946
0.996521
0.155366
0.513233
0.351957
-0.737998
0.354100
0.479806
-0.617708
-0.520589
-0.100326
0.614734
0.538895
-0.564200
-0.652203
-0.534222
-0.260946
0.996521
0.155366
0.513233
0.351957
-0.737998
0.354100
0.479806
-0.617708
-0.520589
-0.100326
0.614734
0.538895
-0.564200
-0.652203
-0.534222
-0.260946
0.996521
0.155366
0.513233
0.351957
-0.737998
0.354100
0.479806
-0.617708
-0.520589
-0.100326
0.614734
0.538895
-0.564200
-0.652203
-0.534222
-0.260946
0.996521
0.155366
0.513233
0.351957
-0.737998
0.354100
0.479806
-0.617708
-0.520589
-0.100326
0.614734
0.538895
-0.564200
-0.652203
-0.534222
-0.260946
0.996521
0.155366
0.513233
0.351957
-0.737998
0.354100
0.479806
-0.617708
-0.520589
-0.100326
0.614734
0.538895
-0.564200
-0.652203
-0.534222
-0.260946
0.996521
0.155366
0.513233
0.351957
-0.737998
0.354100
0.479806
-0.617708
-0.520589
-0.100326
0.614734
0.538895
-0.564200
-0.652203
-0.534222
-0.260946
0.996521
0.155366
0.513233
0.351957
-0.737998
0.354100
0.479806
-0.617708
-0.520589
