-18.989573
-18.642025
-23.721207
5.941437
16.528515
-1.738489
8.496862
-9.687197
6.175406
5.497553
-15.196433
9.132762
-10.640284
-11.604808
6.602294
17.871922
0.198040
0.268368
8.226171
11.458453
-20.940071
-7.629576
0.156545
-9.232275
8.452701
15.862385
31.550400
1.376178
0.785174
-11.110964
-19.025702
9.530736
-10.181783
3.377094
1504.839844
-978.326172
1224.789795
-1693.393677
-2342.832031
1197.229858
-493.782928
2341.649902
2589.459961
-327.354248
-1267.572144
-116.117867
-1708.719971
-2559.916504
-3.405998
0.782211
-6.942243
-7.159085
14.323333
4.876901
0.720185
8.349466
-6.146240
-15.264498
-26.822096
1.857180
-1.541036
11.146646
17.335306
-7.134555
1.258107
1.721532
-28.703117
47.118526
-11.822021
78.974304
59.122562
-63.447994
-6.698174
-67.857445
-85.366112
73.955818
43.363014
-18.415424
92.134560
67.300728
5.148037
-4.070913
-1230.390137
815.389038
-1023.381714
1333.588989
1885.208984
-984.395691
352.485687
-1936.303467
-2099.832520
127.915459
1028.431030
126.129768
1356.252930
2044.372681
1.059911
0.686899
-84.305580
11.453972
-80.060699
60.969940
133.547195
-8.146257
78.589264
-90.703751
-119.453491
1.934431
54.366535
20.714649
35.732819
152.728302
-0.240904
0.742264
-0.170137
-0.187772
-0.470832
-0.149577
0.343718
0.491934
-0.103894
-0.429689
-0.295027
-0.193020
0.354167
0.161358
0.039690
0.088236
-0.240904
0.742264
-0.170137
-0.187772
-0.470832
-0.149577
0.343718
0.491934
-0.103894
-0.429689
-0.295027
-0.193020
0.354167
0.161358
0.039690
0.088236
-0.240904
0.742264
-0.170137
-0.187772
-0.470832
-0.149577
0.343718
0.491934
-0.103894
-0.429689
-0.295027
-0.193020
0.354167
0.161358
0.039690
0.088236
-0.240904
0.742264
-0.170137
-0.187772
-0.470832
-0.149577
0.343718
0.491934
-0.103894
-0.429689
-0.295027
-0.193020
0.354167
0.161358
0.039690
0.088236
-0.240904
0.742264
-0.170137
-0.187772
-0.470832
-0.149577
0.343718
0.491934
-0.103894
-0.429689
-0.295027
-0.193020
0.354167
0.161358
0.039690
0.088236
-0.240904
0.742264
-0.170137
-0.187772
-0.470832
-0.149577
0.343718
0.491934
-0.103894
-0.429689
-0.295027
-0.193020
0.354167
0.161358
0.039690
0.088236
-0.240904
0.742264
-0.170137
-0.187772
-0.470832
-0.149577
0.343718
0.491934
-0.103894
-0.429689
-0.295027
-0.193020
0.354167
0.161358
0.039690
0.088236
-0.240904
0.742264
-0.170137
-0.187772
-0.470832
-0.149577
0.343718
0.491934
-0.103894
-0.429689
-0.295027
-0.193020
0.354167
0.161358
0.039690
0.088236
-0.240904
0.742264
-0.170137
-0.187772
-0.470832
-0.149577
0.343718
0.491934
-0.103894
-0.429689
-0.295027
-0.193020
0.354167
0.161358
0.039690
0.088236
-0.240904
0.742264
-0.170137
-0.187772
-0.470832
-0.149577
0.343718
0.491934
-0.103894
-0.429689
-0.295027
-0.193020
0.354167
0.161358
0.039690
0.088236
-0.240904
0.742264
-0.170137
-0.187772
-0.470832
-0.149577
0.343718
0.491934
-0.103894
-0.429689
-0.295027
-0.193020
0.354167
0.161358
0.039690
0.088236
-0.240904
0.742264
-0.170137
-0.187772
-0.470832
-0.149577
0.343718
0.491934
-0.103894
-0.429689
-0.295027
-0.193020
0.354167
0.161358
0.039690
0.088236
-0.240904
0.742264
-0.170137
-0.187772
-0.470832
-0.149577
0.343718
0.491934
-0.103894
-0.429689
-0.295027
-0.193020
0.354167
0.161358
0.039690
0.088236
