-5.466338
5.893616
-776.456421
-1038.220459
-165.523224
-67.782600
1006.075684
1275.190186
-300.517456
-298.546417
-555.169250
-268.972229
1514.903687
2936.489258
-2482.150391
1600.256226
2.181545
0.638359
-9.363448
8.157764
2.241048
-1.947623
8.573605
-1.257778
-1.280447
-1.696165
-7.210169
5.109182
18.282837
20.954397
-9.002857
-16.685083
-0.366942
-0.372939
6.424553
-8.956394
1.560217
3.426211
-2.890219
-3.890184
0.441753
4.721871
6.244633
-2.938292
-14.389839
-19.249462
4.618927
15.377160
5.612818
-4.966736
594.152832
806.508118
128.358780
58.758934
-774.931213
-1001.984802
231.910324
232.520874
424.782074
210.246719
-1150.937134
-2275.752686
1927.289307
-1228.447144
1.002355
0.454977
37.251392
73.958015
6.594284
1.630928
-45.631294
-82.287857
13.142493
23.453638
32.896862
24.744715
-54.363026
-195.558899
170.583206
-66.362335
-3.604749
0.792993
44.709885
38.132736
9.273014
0.858475
-58.956882
-44.222778
16.579548
9.054958
29.011187
5.657253
-100.329483
-113.563408
92.969620
-93.963905
0.019557
0.425416
0.463157
0.005895
0.209824
0.079679
-0.062120
-0.638645
0.195960
0.028857
0.422086
0.150262
0.068709
-0.621526
0.221349
-0.315887
0.019557
0.425416
0.463157
0.005895
0.209824
0.079679
-0.062120
-0.638645
0.195960
0.028857
0.422086
0.150262
0.068709
-0.621526
0.221349
-0.315887
0.019557
0.425416
0.463157
0.005895
0.209824
0.079679
-0.062120
-0.638645
0.195960
0.028857
0.422086
0.150262
0.068709
-0.621526
0.221349
-0.315887
0.019557
0.425416
0.463157
0.005895
0.209824
0.079679
-0.062120
-0.638645
0.195960
0.028857
0.422086
0.150262
0.068709
-0.621526
0.221349
-0.315887
0.019557
0.425416
0.463157
0.005895
0.209824
0.079679
-0.062120
-0.638645
0.195960
0.028857
0.422086
0.150262
0.068709
-0.621526
0.221349
-0.315887
0.019557
0.425416
0.463157
0.005895
0.209824
0.079679
-0.062120
-0.638645
0.195960
0.028857
0.422086
0.150262
0.068709
-0.621526
0.221349
-0.315887
0.019557
0.425416
0.463157
0.005895
0.209824
0.079679
-0.062120
-0.638645
0.195960
0.028857
0.422086
0.150262
0.068709
-0.621526
0.221349
-0.315887
0.019557
0.425416
0.463157
0.005895
0.209824
0.079679
-0.062120
-0.638645
0.195960
0.028857
0.422086
0.150262
0.068709
-0.621526
0.221349
-0.315887
0.019557
0.425416
0.463157
0.005895
0.209824
0.079679
-0.062120
-0.638645
0.195960
0.028857
0.422086
0.150262
0.068709
-0.621526
0.221349
-0.315887
0.019557
0.425416
0.463157
0.005895
0.209824
0.079679
-0.062120
-0.638645
0.195960
0.028857
0.422086
0.150262
0.068709
-0.621526
0.221349
-0.315887
0.019557
0.425416
0.463157
0.005895
0.209824
0.079679
-0.062120
-0.638645
0.195960
0.028857
0.422086
0.150262
0.068709
-0.621526
0.221349
-0.315887
0.019557
0.425416
0.463157
0.005895
0.209824
0.079679
-0.062120
-0.638645
0.195960
0.028857
0.422086
0.150262
0.068709
-0.621526
0.221349
-0.315887
0.019557
0.425416
0.463157
0.005895
0.209824
0.079679
-0.062120
-0.638645
0.195960
0.028857
0.422086
0.150262
0.068709
-0.621526
0.221349
-0.315887
0.019557
0.425416
0.463157
0.005895
0.209824
0.079679
-0.062120
-0.638645
0.195960
0.028857
0.422086
0.150262
0.068709
-0.621526
0.221349
-0.315887
