-16.076376
4.412299
2510.003174
144.662430
1530.906860
-1060.845459
-1650.385254
1297.325439
27.177969
957.122803
747.754578
478.161469
-3084.568115
-20.274244
-1720.445679
-3640.687988
-0.014204
2.046284
25.256277
7.140289
-17.384739
2.587692
1.590564
-11.046257
-3.773578
6.383269
8.148946
-6.839462
5.232579
-27.478292
-22.727907
17.939783
0.098181
-3.395255
-20.448654
-3.786039
14.456789
-0.060096
-0.237107
5.750723
-1.317275
-5.641025
-10.198120
6.560588
-4.054571
16.797615
17.911861
-13.357986
10.894855
-3.730139
-1882.585693
-122.480804
-1167.702881
779.163574
1262.127686
-956.362793
-15.368999
-735.059937
-570.377991
-372.491699
2311.971680
52.837151
1257.107178
2759.730957
-0.551174
0.588172
-154.855286
-75.810074
-119.549835
28.889458
132.767273
-44.833313
21.863237
-52.021225
-31.935484
-48.117058
198.053055
72.675537
24.445301
273.272766
1.602626
-2.191422
-108.831390
45.231987
-40.161980
81.643097
40.885719
-90.877678
-22.904652
-39.120850
-42.223282
-2.784373
130.774490
-67.440811
148.558701
115.574577
0.569671
0.877859
-0.281517
-0.033803
-0.000108
0.324172
0.541778
0.084389
-0.330712
-0.262250
0.008857
0.005339
-0.116494
0.070356
-0.335526
0.625870
0.569671
0.877859
-0.281517
-0.033803
-0.000108
0.324172
0.541778
0.084389
-0.330712
-0.262250
0.008857
0.005339
-0.116494
0.070356
-0.335526
0.625870
0.569671
0.877859
-0.281517
-0.033803
-0.000108
0.324172
0.541778
0.084389
-0.330712
-0.262250
0.008857
0.005339
-0.116494
0.070356
-0.335526
0.625870
0.569671
0.877859
-0.281517
-0.033803
-0.000108
0.324172
0.541778
0.084389
-0.330712
-0.262250
0.008857
0.005339
-0.116494
0.070356
-0.335526
0.625870
0.569671
0.877859
-0.281517
-0.033803
-0.000108
0.324172
0.541778
0.084389
-0.330712
-0.262250
0.008857
0.005339
-0.116494
0.070356
-0.335526
0.625870
0.569671
0.877859
-0.281517
-0.033803
-0.000108
0.324172
0.541778
0.084389
-0.330712
-0.262250
0.008857
0.005339
-0.116494
0.070356
-0.335526
0.625870
0.569671
0.877859
-0.281517
-0.033803
-0.000108
0.324172
0.541778
0.084389
-0.330712
-0.262250
0.008857
0.005339
-0.116494
0.070356
-0.335526
0.625870
0.569671
0.877859
-0.281517
-0.033803
-0.000108
0.324172
0.541778
0.084389
-0.330712
-0.262250
0.008857
0.005339
-0.116494
0.070356
-0.335526
0.625870
0.569671
0.877859
-0.281517
-0.033803
-0.000108
0.324172
0.541778
0.084389
-0.330712
-0.262250
0.008857
0.005339
-0.116494
0.070356
-0.335526
0.625870
0.569671
0.877859
-0.281517
-0.033803
-0.000108
0.324172
0.541778
0.084389
-0.330712
-0.262250
0.008857
0.005339
-0.116494
0.070356
-0.335526
0.625870
0.569671
0.877859
-0.281517
-0.033803
-0.000108
0.324172
0.541778
0.084389
-0.330712
-0.262250
0.008857
0.005339
-0.116494
0.070356
-0.335526
0.625870
0.569671
0.877859
-0.281517
-0.033803
-0.000108
0.324172
0.541778
0.084389
-0.330712
-0.262250
0.008857
0.005339
-0.116494
0.070356
-0.335526
0.625870
0.569671
0.877859
-0.281517
-0.033803
-0.000108
0.324172
0.541778
0.084389
-0.330712
-0.262250
0.008857
0.005339
-0.116494
0.070356
-0.335526
0.625870
0.569671
0.877859
-0.281517
-0.033803
-0.000108
0.324172
0.541778
0.084389
-0.330712
-0.262250
0.008857
0.005339
-0.116494
0.070356
-0.335526
0.625870
