2.977364
-16.212505
-1335.774902
2038.886475
-98.590828
1778.246948
81.659698
-1893.991211
-602.866577
-167.734909
-537.716431
288.284912
1614.442871
-2109.989746
3557.713623
642.748901
-1.260402
-1.473205
4.024399
21.256474
-12.203564
-12.954595
6.984793
-4.297286
-3.173712
2.373371
6.815060
2.456985
23.812010
-9.238394
-25.328711
-5.986106
0.271479
1.150071
-7.172143
-21.153822
9.047977
13.748109
-5.727399
3.625161
3.087847
-3.759991
-7.490787
-2.902191
-20.629499
9.712382
26.383869
7.294693
-4.081197
14.969490
1352.865356
-2001.632080
97.363144
-1740.371094
-55.298557
1898.889282
628.442749
229.404785
614.909302
-290.315796
-1594.833740
2073.436768
-3553.198975
-678.469666
-0.105171
-0.134482
0.032414
0.026652
0.000524
-0.365225
-0.233935
-0.295937
-0.274601
-0.119705
0.333693
0.327916
-0.038618
-0.314708
-0.132408
-0.031444
-0.105171
-0.134482
0.032414
0.026652
0.000524
-0.365225
-0.233935
-0.295937
-0.274601
-0.119705
0.333693
0.327916
-0.038618
-0.314708
-0.132408
-0.031444
-0.105171
-0.134482
0.032414
0.026652
0.000524
-0.365225
-0.233935
-0.295937
-0.274601
-0.119705
0.333693
0.327916
-0.038618
-0.314708
-0.132408
-0.031444
-0.105171
-0.134482
0.032414
0.026652
0.000524
-0.365225
-0.233935
-0.295937
-0.274601
-0.119705
0.333693
0.327916
-0.038618
-0.314708
-0.132408
-0.031444
-0.105171
-0.134482
0.032414
0.026652
0.000524
-0.365225
-0.233935
-0.295937
-0.274601
-0.119705
0.333693
0.327916
-0.038618
-0.314708
-0.132408
-0.031444
-0.105171
-0.134482
0.032414
0.026652
0.000524
-0.365225
-0.233935
-0.295937
-0.274601
-0.119705
0.333693
0.327916
-0.038618
-0.314708
-0.132408
-0.031444
-0.105171
-0.134482
0.032414
0.026652
0.000524
-0.365225
-0.233935
-0.295937
-0.274601
-0.119705
0.333693
0.327916
-0.038618
-0.314708
-0.132408
-0.031444
-0.105171
-0.134482
0.032414
0.026652
0.000524
-0.365225
-0.233935
-0.295937
-0.274601
-0.119705
0.333693
0.327916
-0.038618
-0.314708
-0.132408
-0.031444
-0.105171
-0.134482
0.032414
0.026652
0.000524
-0.365225
-0.233935
-0.295937
-0.274601
-0.119705
0.333693
0.327916
-0.038618
-0.314708
-0.132408
-0.031444
-0.105171
-0.134482
0.032414
0.026652
0.000524
-0.365225
-0.233935
-0.295937
-0.274601
-0.119705
0.333693
0.327916
-0.038618
-0.314708
-0.132408
-0.031444
-0.105171
-0.134482
0.032414
0.026652
0.000524
-0.365225
-0.233935
-0.295937
-0.274601
-0.119705
0.333693
0.327916
-0.038618
-0.314708
-0.132408
-0.031444
-0.105171
-0.134482
0.032414
0.026652
0.000524
-0.365225
-0.233935
-0.295937
-0.274601
-0.119705
0.333693
0.327916
-0.038618
-0.314708
-0.132408
-0.031444
-0.105171
-0.134482
0.032414
0.026652
0.000524
-0.365225
-0.233935
-0.295937
-0.274601
-0.119705
0.333693
0.327916
-0.038618
-0.314708
-0.132408
-0.031444
-0.105171
-0.134482
0.032414
0.026652
0.000524
-0.365225
-0.233935
-0.295937
-0.274601
-0.119705
0.333693
0.327916
-0.038618
-0.314708
-0.132408
-0.031444
-0.105171
-0.134482
0.032414
0.026652
0.000524
-0.365225
-0.233935
-0.295937
-0.274601
-0.119705
0.333693
0.327916
-0.038618
-0.314708
-0.132408
-0.031444
-0.105171
-0.134482
0.032414
0.026652
0.000524
-0.365225
-0.233935
-0.295937
-0.274601
-0.119705
0.333693
0.327916
-0.038618
-0.314708
-0.132408
-0.031444
