-12.706364
-4.889436
2081.561035
1585.975830
1273.848511
419.780060
-1679.324829
214.943909
-855.794556
415.112915
-408.276459
1285.372559
-1680.302612
-1287.298584
369.175140
-3246.689453
-0.074114
-1.755407
24.886564
-7.257268
-9.536342
12.244574
-3.475382
-7.525392
4.627374
0.251986
-4.569754
-15.102442
-3.925605
-14.502049
-7.914414
16.101217
1.604802
-0.610171
-14.015612
3.357186
6.790451
-8.075987
2.625079
1.958212
-2.868097
-1.766708
4.282434
10.800901
3.730686
10.440643
5.872058
-11.230284
7.181636
2.684793
-1290.294312
-1058.827148
-826.351868
-275.066376
1062.356445
-104.624840
523.263062
-270.823120
264.749847
-819.372070
1057.038574
850.898621
-281.674896
2105.488525
-0.465505
3.810514
-171.929092
-234.215179
-109.959320
-94.248672
189.789825
27.879059
122.036102
-5.697935
95.668976
-121.578407
133.243881
191.222092
-149.313736
316.394135
-0.885611
1.129932
-153.902847
-29.862642
-78.426598
11.562013
86.088737
-52.220631
35.436005
-42.712841
-11.459806
-77.102592
122.274361
25.516356
62.451633
176.800491
-0.347792
-0.652399
0.408339
-0.193852
0.161386
-0.124419
0.214095
-0.697869
-0.029242
-0.466574
0.243032
-0.091073
-0.051907
0.408606
-0.170396
0.325743
-0.347792
-0.652399
0.408339
-0.193852
0.161386
-0.124419
0.214095
-0.697869
-0.029242
-0.466574
0.243032
-0.091073
-0.051907
0.408606
-0.170396
0.325743
-0.347792
-0.652399
0.408339
-0.193852
0.161386
-0.124419
0.214095
-0.697869
-0.029242
-0.466574
0.243032
-0.091073
-0.051907
0.408606
-0.170396
0.325743
-0.347792
-0.652399
0.408339
-0.193852
0.161386
-0.124419
0.214095
-0.697869
-0.029242
-0.466574
0.243032
-0.091073
-0.051907
0.408606
-0.170396
0.325743
-0.347792
-0.652399
0.408339
-0.193852
0.161386
-0.124419
0.214095
-0.697869
-0.029242
-0.466574
0.243032
-0.091073
-0.051907
0.408606
-0.170396
0.325743
-0.347792
-0.652399
0.408339
-0.193852
0.161386
-0.124419
0.214095
-0.697869
-0.029242
-0.466574
0.243032
-0.091073
-0.051907
0.408606
-0.170396
0.325743
-0.347792
-0.652399
0.408339
-0.193852
0.161386
-0.124419
0.214095
-0.697869
-0.029242
-0.466574
0.243032
-0.091073
-0.051907
0.408606
-0.170396
0.325743
-0.347792
-0.652399
0.408339
-0.193852
0.161386
-0.124419
0.214095
-0.697869
-0.029242
-0.466574
0.243032
-0.091073
-0.051907
0.408606
-0.170396
0.325743
-0.347792
-0.652399
0.408339
-0.193852
0.161386
-0.124419
0.214095
-0.697869
-0.029242
-0.466574
0.243032
-0.091073
-0.051907
0.408606
-0.170396
0.325743
-0.347792
-0.652399
0.408339
-0.193852
0.161386
-0.124419
0.214095
-0.697869
-0.029242
-0.466574
0.243032
-0.091073
-0.051907
0.408606
-0.170396
0.325743
-0.347792
-0.652399
0.408339
-0.193852
0.161386
-0.124419
0.214095
-0.697869
-0.029242
-0.466574
0.243032
-0.091073
-0.051907
0.408606
-0.170396
0.325743
-0.347792
-0.652399
0.408339
-0.193852
0.161386
-0.124419
0.214095
-0.697869
-0.029242
-0.466574
0.243032
-0.091073
-0.051907
0.408606
-0.170396
0.325743
-0.347792
-0.652399
0.408339
-0.193852
0.161386
-0.124419
0.214095
-0.697869
-0.029242
-0.466574
0.243032
-0.091073
-0.051907
0.408606
-0.170396
0.325743
-0.347792
-0.652399
0.408339
-0.193852
0.161386
-0.124419
0.214095
-0.697869
-0.029242
-0.466574
0.243032
-0.091073
-0.051907
0.408606
-0.170396
0.325743
