0.662739
1.263983
4.731229
-22.730526
6.708310
15.439938
-6.261769
1.332905
5.592202
-0.107552
-6.299219
-2.757256
-32.391609
-4.068942
17.854645
18.444120
-2.959228
-19.164902
-496.145660
2608.436279
499.064575
1512.968140
-1044.933350
-1984.096191
-788.027588
-100.603508
-585.624756
438.736969
835.611877
-3386.330322
3950.492920
-1249.705444
3.070119
7.922307
207.972275
-1000.004761
-182.783035
-587.003113
390.150360
770.974426
302.447357
42.634457
225.975998
-168.113419
-345.242554
1298.666260
-1528.763794
453.905975
1.294745
0.669142
7.360439
-140.388687
-38.896091
-75.046379
68.573341
97.607239
40.536072
0.263881
28.827213
-26.099617
-18.207668
182.839767
-196.007935
91.874397
-0.857394
1.131593
5.497877
-161.993317
-43.993237
-87.588989
79.989799
109.881454
50.875942
-1.303400
29.159893
-32.127914
-21.561087
213.333237
-230.984634
111.124619
-3.037302
4.956130
153.989685
-682.283203
-114.733383
-398.716217
254.625336
526.323547
205.285583
32.954971
159.211578
-105.147095
-249.700699
876.857910
-1048.682129
295.414490
-0.808409
0.613430
0.831088
-0.570065
0.036368
-0.259115
-0.638839
0.587410
0.523141
0.044413
0.595821
-0.163428
-1.052540
0.512394
-0.985728
-0.343933
-0.808409
0.613430
0.831088
-0.570065
0.036368
-0.259115
-0.638839
0.587410
0.523141
0.044413
0.595821
-0.163428
-1.052540
0.512394
-0.985728
-0.343933
-0.808409
0.613430
0.831088
-0.570065
0.036368
-0.259115
-0.638839
0.587410
0.523141
0.044413
0.595821
-0.163428
-1.052540
0.512394
-0.985728
-0.343933
-0.808409
0.613430
0.831088
-0.570065
0.036368
-0.259115
-0.638839
0.587410
0.523141
0.044413
0.595821
-0.163428
-1.052540
0.512394
-0.985728
-0.343933
-0.808409
0.613430
0.831088
-0.570065
0.036368
-0.259115
-0.638839
0.587410
0.523141
0.044413
0.595821
-0.163428
-1.052540
0.512394
-0.985728
-0.343933
-0.808409
0.613430
0.831088
-0.570065
0.036368
-0.259115
-0.638839
0.587410
0.523141
0.044413
0.595821
-0.163428
-1.052540
0.512394
-0.985728
-0.343933
-0.808409
0.613430
0.831088
-0.570065
0.036368
-0.259115
-0.638839
0.587410
0.523141
0.044413
0.595821
-0.163428
-1.052540
0.512394
-0.985728
-0.343933
-0.808409
0.613430
0.831088
-0.570065
0.036368
-0.259115
-0.638839
0.587410
0.523141
0.044413
0.595821
-0.163428
-1.052540
0.512394
-0.985728
-0.343933
-0.808409
0.613430
0.831088
-0.570065
0.036368
-0.259115
-0.638839
0.587410
0.523141
0.044413
0.595821
-0.163428
-1.052540
0.512394
-0.985728
-0.343933
-0.808409
0.613430
0.831088
-0.570065
0.036368
-0.259115
-0.638839
0.587410
0.523141
0.044413
0.595821
-0.163428
-1.052540
0.512394
-0.985728
-0.343933
-0.808409
0.613430
0.831088
-0.570065
0.036368
-0.259115
-0.638839
0.587410
0.523141
0.044413
0.595821
-0.163428
-1.052540
0.512394
-0.985728
-0.343933
-0.808409
0.613430
0.831088
-0.570065
0.036368
-0.259115
-0.638839
0.587410
0.523141
0.044413
0.595821
-0.163428
-1.052540
0.512394
-0.985728
-0.343933
-0.808409
0.613430
0.831088
-0.570065
0.036368
-0.259115
-0.638839
0.587410
0.523141
0.044413
0.595821
-0.163428
-1.052540
0.512394
-0.985728
-0.343933
-0.808409
0.613430
0.831088
-0.570065
0.036368
-0.259115
-0.638839
0.587410
0.523141
0.044413
0.595821
-0.163428
-1.052540
0.512394
-0.985728
-0.343933
