5.116242
-17.553083
-1497.703003
1802.093750
-536.009460
1790.321655
377.303192
-1963.644653
-355.736145
-640.012207
-829.819397
-213.949860
1575.518433
-2134.050293
3073.819580
913.722656
0.371376
4.158703
-8.120101
-19.713535
12.949325
9.239854
-4.962047
6.578260
1.946511
-3.339616
-10.057752
5.495028
-20.613716
7.177518
24.842505
3.713483
2.189403
-0.271001
8.120571
15.634480
-14.142128
-8.899886
2.006634
-5.303538
0.254440
3.765669
10.941913
-4.298401
20.200594
-4.865280
-21.877926
-3.801262
-6.112905
13.896448
1340.413086
-1640.072388
460.561310
-1630.950439
-325.857239
1778.444336
323.499329
569.502808
745.932190
198.382263
-1412.270264
1926.741699
-2786.430420
-809.245178
0.171580
0.608516
-0.552391
0.194815
0.242458
0.219495
0.486932
0.384676
0.345422
0.427416
0.098099
0.435589
-0.092673
-0.507969
-0.222364
0.643955
0.171580
0.608516
-0.552391
0.194815
0.242458
0.219495
0.486932
0.384676
0.345422
0.427416
0.098099
0.435589
-0.092673
-0.507969
-0.222364
0.643955
0.171580
0.608516
-0.552391
0.194815
0.242458
0.219495
0.486932
0.384676
0.345422
0.427416
0.098099
0.435589
-0.092673
-0.507969
-0.222364
0.643955
0.171580
0.608516
-0.552391
0.194815
0.242458
0.219495
0.486932
0.384676
0.345422
0.427416
0.098099
0.435589
-0.092673
-0.507969
-0.222364
0.643955
0.171580
0.608516
-0.552391
0.194815
0.242458
0.219495
0.486932
0.384676
0.345422
0.427416
0.098099
0.435589
-0.092673
-0.507969
-0.222364
0.643955
0.171580
0.608516
-0.552391
0.194815
0.242458
0.219495
0.486932
0.384676
0.345422
0.427416
0.098099
0.435589
-0.092673
-0.507969
-0.222364
0.643955
0.171580
0.608516
-0.552391
0.194815
0.242458
0.219495
0.486932
0.384676
0.345422
0.427416
0.098099
0.435589
-0.092673
-0.507969
-0.222364
0.643955
0.171580
0.608516
-0.552391
0.194815
0.242458
0.219495
0.486932
0.384676
0.345422
0.427416
0.098099
0.435589
-0.092673
-0.507969
-0.222364
0.643955
0.171580
0.608516
-0.552391
0.194815
0.242458
0.219495
0.486932
0.384676
0.345422
0.427416
0.098099
0.435589
-0.092673
-0.507969
-0.222364
0.643955
0.171580
0.608516
-0.552391
0.194815
0.242458
0.219495
0.486932
0.384676
0.345422
0.427416
0.098099
0.435589
-0.092673
-0.507969
-0.222364
0.643955
0.171580
0.608516
-0.552391
0.194815
0.242458
0.219495
0.486932
0.384676
0.345422
0.427416
0.098099
0.435589
-0.092673
-0.507969
-0.222364
0.643955
0.171580
0.608516
-0.552391
0.194815
0.242458
0.219495
0.486932
0.384676
0.345422
0.427416
0.098099
0.435589
-0.092673
-0.507969
-0.222364
0.643955
0.171580
0.608516
-0.552391
0.194815
0.242458
0.219495
0.486932
0.384676
0.345422
0.427416
0.098099
0.435589
-0.092673
-0.507969
-0.222364
0.643955
0.171580
0.608516
-0.552391
0.194815
0.242458
0.219495
0.486932
0.384676
0.345422
0.427416
0.098099
0.435589
-0.092673
-0.507969
-0.222364
0.643955
0.171580
0.608516
-0.552391
0.194815
0.242458
0.219495
0.486932
0.384676
0.345422
0.427416
0.098099
0.435589
-0.092673
-0.507969
-0.222364
0.643955
0.171580
0.608516
-0.552391
0.194815
0.242458
0.219495
0.486932
0.384676
0.345422
0.427416
0.098099
0.435589
-0.092673
-0.507969
-0.222364
0.643955
