0.708089
3.148982
7.698159
-3.438691
-4.517982
-0.651781
-7.564516
1.004597
-2.285256
-12.294776
-23.397444
-2.037041
1.401293
3.143428
-2.957475
-2.898599
-1.084157
-1.916551
10.735729
-11.562693
1.961501
-17.364252
2.486861
-3.390177
1.665592
13.632938
-1.389920
-11.943763
-5.544920
-4.104293
-6.157217
7.096827
-0.684614
-0.241082
0.223156
8.267131
3.836321
6.816744
5.538628
-5.296818
-3.785664
-0.463527
5.067964
1.163304
4.448366
2.390432
-0.993202
-3.833116
5.146109
-4.487937
385.407043
825.631653
330.399078
-409.957367
-1373.134033
-1212.567871
-55.336071
-1497.088013
-1701.395508
106.499336
43.324764
462.636230
-393.136139
0.145568
-3.539972
2.447772
-251.969284
-564.672302
-195.775833
244.767853
870.709167
792.118164
49.420643
959.730042
1074.456665
-95.062408
-32.347748
-292.302734
226.210907
10.130394
-0.114425
2.082808
-20.055902
-78.207253
-50.225613
45.093918
126.990898
149.365753
-29.599150
156.288239
193.331558
37.786411
6.981641
-50.171963
58.769852
3.418175
-0.095454
-1.144457
-17.017513
-15.453011
-8.996003
13.659115
54.927956
24.298277
9.112561
49.050434
53.275684
-14.147545
-6.236465
-14.867488
10.683903
-2.040176
0.880340
-1.965670
-32.660118
-34.949524
-13.180407
31.122971
86.715256
41.309353
24.903038
81.412239
86.762375
-32.576099
-7.543217
-20.839508
21.694759
-4.443387
0.442453
0.868913
0.073925
0.046258
-0.221043
0.291768
0.795434
0.154774
-0.202831
0.420889
0.305642
0.604698
-0.386096
0.035286
0.016493
-0.238651
0.442453
0.868913
0.073925
0.046258
-0.221043
0.291768
0.795434
0.154774
-0.202831
0.420889
0.305642
0.604698
-0.386096
0.035286
0.016493
-0.238651
0.442453
0.868913
0.073925
0.046258
-0.221043
0.291768
0.795434
0.154774
-0.202831
0.420889
0.305642
0.604698
-0.386096
0.035286
0.016493
-0.238651
0.442453
0.868913
0.073925
0.046258
-0.221043
0.291768
0.795434
0.154774
-0.202831
0.420889
0.305642
0.604698
-0.386096
0.035286
0.016493
-0.238651
0.442453
0.868913
0.073925
0.046258
-0.221043
0.291768
0.795434
0.154774
-0.202831
0.420889
0.305642
0.604698
-0.386096
0.035286
0.016493
-0.238651
0.442453
0.868913
0.073925
0.046258
-0.221043
0.291768
0.795434
0.154774
-0.202831
0.420889
0.305642
0.604698
-0.386096
0.035286
0.016493
-0.238651
0.442453
0.868913
0.073925
0.046258
-0.221043
0.291768
0.795434
0.154774
-0.202831
0.420889
0.305642
0.604698
-0.386096
0.035286
0.016493
-0.238651
0.442453
0.868913
0.073925
0.046258
-0.221043
0.291768
0.795434
0.154774
-0.202831
0.420889
0.305642
0.604698
-0.386096
0.035286
0.016493
-0.238651
0.442453
0.868913
0.073925
0.046258
-0.221043
0.291768
0.795434
0.154774
-0.202831
0.420889
0.305642
0.604698
-0.386096
0.035286
0.016493
-0.238651
0.442453
0.868913
0.073925
0.046258
-0.221043
0.291768
0.795434
0.154774
-0.202831
0.420889
0.305642
0.604698
-0.386096
0.035286
0.016493
-0.238651
0.442453
0.868913
0.073925
0.046258
-0.221043
0.291768
0.795434
0.154774
-0.202831
0.420889
0.305642
0.604698
-0.386096
0.035286
0.016493
-0.238651
0.442453
0.868913
0.073925
0.046258
-0.221043
0.291768
0.795434
0.154774
-0.202831
0.420889
0.305642
0.604698
-0.386096
0.035286
0.016493
-0.238651
