-4.643906
-6.706101
-12.677125
-11.989549
-22.851921
-8.857802
-2.201229
1.949119
10.260982
-6.216272
-17.515945
14.358406
-1.152711
-2.409403
12.503922
3.756358
0.418678
1.216884
-8.757818
4.953296
-6.288349
6.201198
5.660947
-0.210833
-3.385100
-3.095254
2.304310
6.223519
4.092474
-0.819390
3.967845
-4.076458
0.330328
-0.042643
-700.736145
1232.992310
153.722443
-193.707382
382.986481
-1987.510498
946.281006
-1104.021362
-848.521057
-926.814758
-196.537689
572.478516
-252.720581
-431.370178
0.516228
0.362693
-4.456091
-9.932119
-10.587217
-1.550546
-2.671340
-6.721198
-2.515346
4.035108
-1.015642
-4.763908
7.351756
0.780796
6.584483
8.799538
1.547610
0.815738
399.928436
-686.968811
-95.590965
101.450127
-232.523819
1130.809692
-539.354004
602.999084
459.529480
540.858032
113.097397
-330.105072
133.928741
253.124954
-2.401603
-0.692110
24.077772
-55.179859
-6.749702
9.949558
-4.132618
83.748779
-34.561104
57.135094
39.801231
31.028059
5.299689
-24.256681
12.350271
15.398589
1.240902
0.601720
129.714584
-156.154205
-16.471937
24.840824
-104.738838
261.160492
-164.748657
136.396912
100.464058
142.350464
46.270477
-68.670425
21.280647
61.437614
0.522052
-0.854904
15.982652
-77.713890
-6.426920
13.799212
13.996172
105.864609
-28.992445
72.219261
60.263760
30.305706
2.142516
-32.564785
24.375910
17.931704
-0.059303
1.131476
-0.023109
0.011809
0.086822
0.216696
-0.160570
1.247048
-0.409280
0.484668
0.368147
-0.042002
-0.340669
-0.060820
-0.539301
-0.421571
-0.059303
1.131476
-0.023109
0.011809
0.086822
0.216696
-0.160570
1.247048
-0.409280
0.484668
0.368147
-0.042002
-0.340669
-0.060820
-0.539301
-0.421571
-0.059303
1.131476
-0.023109
0.011809
0.086822
0.216696
-0.160570
1.247048
-0.409280
0.484668
0.368147
-0.042002
-0.340669
-0.060820
-0.539301
-0.421571
-0.059303
1.131476
-0.023109
0.011809
0.086822
0.216696
-0.160570
1.247048
-0.409280
0.484668
0.368147
-0.042002
-0.340669
-0.060820
-0.539301
-0.421571
-0.059303
1.131476
-0.023109
0.011809
0.086822
0.216696
-0.160570
1.247048
-0.409280
0.484668
0.368147
-0.042002
-0.340669
-0.060820
-0.539301
-0.421571
-0.059303
1.131476
-0.023109
0.011809
0.086822
0.216696
-0.160570
1.247048
-0.409280
0.484668
0.368147
-0.042002
-0.340669
-0.060820
-0.539301
-0.421571
-0.059303
1.131476
-0.023109
0.011809
0.086822
0.216696
-0.160570
1.247048
-0.409280
0.484668
0.368147
-0.042002
-0.340669
-0.060820
-0.539301
-0.421571
-0.059303
1.131476
-0.023109
0.011809
0.086822
0.216696
-0.160570
1.247048
-0.409280
0.484668
0.368147
-0.042002
-0.340669
-0.060820
-0.539301
-0.421571
-0.059303
1.131476
-0.023109
0.011809
0.086822
0.216696
-0.160570
1.247048
-0.409280
0.484668
0.368147
-0.042002
-0.340669
-0.060820
-0.539301
-0.421571
-0.059303
1.131476
-0.023109
0.011809
0.086822
0.216696
-0.160570
1.247048
-0.409280
0.484668
0.368147
-0.042002
-0.340669
-0.060820
-0.539301
-0.421571
-0.059303
1.131476
-0.023109
0.011809
0.086822
0.216696
-0.160570
1.247048
-0.409280
0.484668
0.368147
-0.042002
-0.340669
-0.060820
-0.539301
-0.421571
-0.059303
1.131476
-0.023109
0.011809
0.086822
0.216696
-0.160570
1.247048
-0.409280
0.484668
0.368147
-0.042002
-0.340669
-0.060820
-0.539301
-0.421571
