0.698296
-1.541955
1638.224121
1040.362305
-497.603668
125.193695
-1868.453491
-212.103409
-360.817383
-639.771912
-999.577332
889.497498
216.958252
660.679871
254.213333
-154.312363
-0.576406
1.296224
-3.521737
-7.581343
-9.401851
-0.154021
-5.212054
-3.452846
0.192284
3.771554
-4.910122
-5.439379
7.996203
-1.401613
8.604978
7.219466
1.003292
2.252523
-1035.189209
-669.852234
337.831299
-63.819328
1183.001953
145.467102
206.598160
433.761444
664.147522
-553.253174
-123.456841
-390.379333
-138.430389
81.292397
0.289220
-1.209157
-209.887024
-108.549698
48.949829
-20.488909
221.129196
8.032674
59.064198
61.811367
99.618340
-120.580971
-39.397980
-89.064972
-34.685524
26.426897
-0.460362
-0.994238
-99.083755
-71.118652
28.077284
-9.782363
123.317383
18.856674
19.418465
38.650368
63.491455
-52.966915
-14.061401
-47.782722
-20.326584
8.329742
-1.007032
-0.440204
-0.471785
-0.490045
0.309231
-0.222592
0.364024
0.737311
0.046811
-0.033205
0.516142
-0.082866
0.128358
-0.483770
0.442087
0.032065
-1.007032
-0.440204
-0.471785
-0.490045
0.309231
-0.222592
0.364024
0.737311
0.046811
-0.033205
0.516142
-0.082866
0.128358
-0.483770
0.442087
0.032065
-1.007032
-0.440204
-0.471785
-0.490045
0.309231
-0.222592
0.364024
0.737311
0.046811
-0.033205
0.516142
-0.082866
0.128358
-0.483770
0.442087
0.032065
-1.007032
-0.440204
-0.471785
-0.490045
0.309231
-0.222592
0.364024
0.737311
0.046811
-0.033205
0.516142
-0.082866
0.128358
-0.483770
0.442087
0.032065
-1.007032
-0.440204
-0.471785
-0.490045
0.309231
-0.222592
0.364024
0.737311
0.046811
-0.033205
0.516142
-0.082866
0.128358
-0.483770
0.442087
0.032065
-1.007032
-0.440204
-0.471785
-0.490045
0.309231
-0.222592
0.364024
0.737311
0.046811
-0.033205
0.516142
-0.082866
0.128358
-0.483770
0.442087
0.032065
-1.007032
-0.440204
-0.471785
-0.490045
0.309231
-0.222592
0.364024
0.737311
0.046811
-0.033205
0.516142
-0.082866
0.128358
-0.483770
0.442087
0.032065
-1.007032
-0.440204
-0.471785
-0.490045
0.309231
-0.222592
0.364024
0.737311
0.046811
-0.033205
0.516142
-0.082866
0.128358
-0.483770
0.442087
0.032065
-1.007032
-0.440204
-0.471785
-0.490045
0.309231
-0.222592
0.364024
0.737311
0.046811
-0.033205
0.516142
-0.082866
0.128358
-0.483770
0.442087
0.032065
-1.007032
-0.440204
-0.471785
-0.490045
0.309231
-0.222592
0.364024
0.737311
0.046811
-0.033205
0.516142
-0.082866
0.128358
-0.483770
0.442087
0.032065
-1.007032
-0.440204
-0.471785
-0.490045
0.309231
-0.222592
0.364024
0.737311
0.046811
-0.033205
0.516142
-0.082866
0.128358
-0.483770
0.442087
0.032065
-1.007032
-0.440204
-0.471785
-0.490045
0.309231
-0.222592
0.364024
0.737311
0.046811
-0.033205
0.516142
-0.082866
0.128358
-0.483770
0.442087
0.032065
-1.007032
-0.440204
-0.471785
-0.490045
0.309231
-0.222592
0.364024
0.737311
0.046811
-0.033205
0.516142
-0.082866
0.128358
-0.483770
0.442087
0.032065
-1.007032
-0.440204
-0.471785
-0.490045
0.309231
-0.222592
0.364024
0.737311
0.046811
-0.033205
0.516142
-0.082866
0.128358
-0.483770
0.442087
0.032065
-1.007032
-0.440204
-0.471785
-0.490045
0.309231
-0.222592
0.364024
0.737311
0.046811
-0.033205
0.516142
-0.082866
0.128358
-0.483770
0.442087
0.032065
