-3.532351
-1.733907
798.127136
-519.697083
-786.634216
-282.071716
-707.212646
1120.230347
-787.677002
912.432556
731.251953
747.726074
84.226692
-401.740631
247.500000
500.886047
-1.145796
-0.671794
3.035663
-3.418696
-1.870618
1.954411
-3.160506
0.292313
0.116256
2.140089
-0.680058
-1.068306
-3.937050
3.027807
1.645596
-1.702334
-1.197146
2.115047
17.185770
-2.248135
13.406068
-7.692981
1.755866
-0.160567
-0.245330
14.821554
8.847370
-15.053205
-2.085964
-0.102100
-8.481622
7.998537
2.369060
2.522297
-570.731445
397.096954
552.979553
196.800064
498.419220
-821.357910
551.321045
-632.297058
-512.308716
-521.707703
-47.380482
267.621582
-176.675079
-355.275970
1.288223
-2.408395
-59.655193
32.785583
67.850548
20.143726
54.062801
-88.322601
67.129097
-86.159294
-70.993843
-62.616909
-10.182033
44.850517
-23.290548
-38.549820
0.865199
-2.102585
-42.139145
20.156906
37.480061
20.290190
43.040016
-49.857632
43.218239
-40.118355
-32.128288
-40.457088
-7.985360
19.652464
-7.813629
-26.241976
-0.993941
-0.311648
-0.702990
-0.002481
0.084084
0.225017
0.697914
-0.534544
1.186759
0.155792
-0.312699
-0.224621
0.146202
-0.375113
-0.210196
-0.289391
-0.993941
-0.311648
-0.702990
-0.002481
0.084084
0.225017
0.697914
-0.534544
1.186759
0.155792
-0.312699
-0.224621
0.146202
-0.375113
-0.210196
-0.289391
-0.993941
-0.311648
-0.702990
-0.002481
0.084084
0.225017
0.697914
-0.534544
1.186759
0.155792
-0.312699
-0.224621
0.146202
-0.375113
-0.210196
-0.289391
-0.993941
-0.311648
-0.702990
-0.002481
0.084084
0.225017
0.697914
-0.534544
1.186759
0.155792
-0.312699
-0.224621
0.146202
-0.375113
-0.210196
-0.289391
-0.993941
-0.311648
-0.702990
-0.002481
0.084084
0.225017
0.697914
-0.534544
1.186759
0.155792
-0.312699
-0.224621
0.146202
-0.375113
-0.210196
-0.289391
-0.993941
-0.311648
-0.702990
-0.002481
0.084084
0.225017
0.697914
-0.534544
1.186759
0.155792
-0.312699
-0.224621
0.146202
-0.375113
-0.210196
-0.289391
-0.993941
-0.311648
-0.702990
-0.002481
0.084084
0.225017
0.697914
-0.534544
1.186759
0.155792
-0.312699
-0.224621
0.146202
-0.375113
-0.210196
-0.289391
-0.993941
-0.311648
-0.702990
-0.002481
0.084084
0.225017
0.697914
-0.534544
1.186759
0.155792
-0.312699
-0.224621
0.146202
-0.375113
-0.210196
-0.289391
-0.993941
-0.311648
-0.702990
-0.002481
0.084084
0.225017
0.697914
-0.534544
1.186759
0.155792
-0.312699
-0.224621
0.146202
-0.375113
-0.210196
-0.289391
-0.993941
-0.311648
-0.702990
-0.002481
0.084084
0.225017
0.697914
-0.534544
1.186759
0.155792
-0.312699
-0.224621
0.146202
-0.375113
-0.210196
-0.289391
-0.993941
-0.311648
-0.702990
-0.002481
0.084084
0.225017
0.697914
-0.534544
1.186759
0.155792
-0.312699
-0.224621
0.146202
-0.375113
-0.210196
-0.289391
-0.993941
-0.311648
-0.702990
-0.002481
0.084084
0.225017
0.697914
-0.534544
1.186759
0.155792
-0.312699
-0.224621
0.146202
-0.375113
-0.210196
-0.289391
-0.993941
-0.311648
-0.702990
-0.002481
0.084084
0.225017
0.697914
-0.534544
1.186759
0.155792
-0.312699
-0.224621
0.146202
-0.375113
-0.210196
-0.289391
-0.993941
-0.311648
-0.702990
-0.002481
0.084084
0.225017
0.697914
-0.534544
1.186759
0.155792
-0.312699
-0.224621
0.146202
-0.375113
-0.210196
-0.289391
