-0.262549
-0.178546
-2.978756
-6.525074
-10.537052
1.621525
-6.414337
-2.947416
-1.357818
6.816890
-0.836013
-5.630110
6.720994
-2.652137
9.477662
5.459455
-2.448838
-0.148011
-132.836716
-1699.482056
-400.745331
660.749817
537.598450
1674.889648
414.138184
949.331482
743.421387
-317.987396
-310.497437
-20.979826
634.031067
-149.344849
-0.077543
-0.771274
95.783630
1125.406250
259.640869
-439.200073
-368.835449
-1113.048828
-281.900421
-628.656738
-493.738312
218.212601
208.016449
9.137308
-420.768829
105.753136
-1.089449
2.347070
-2.725365
98.870415
28.978315
-37.110645
-17.519480
-99.133636
-19.219675
-58.499580
-48.091614
13.510367
18.172438
4.142265
-38.762341
0.018503
2.101921
1.968251
35.838596
178.040924
32.185394
-75.195976
-73.501686
-164.405930
-53.198780
-89.745834
-71.819801
39.019943
31.123909
0.495588
-65.724106
24.619740
0.048194
-0.803200
-0.261589
0.069428
-0.074531
-0.054268
0.093637
0.125182
-0.435192
-0.340652
-0.112720
0.282857
-0.245225
0.363006
-0.454115
-0.516760
0.048194
-0.803200
-0.261589
0.069428
-0.074531
-0.054268
0.093637
0.125182
-0.435192
-0.340652
-0.112720
0.282857
-0.245225
0.363006
-0.454115
-0.516760
0.048194
-0.803200
-0.261589
0.069428
-0.074531
-0.054268
0.093637
0.125182
-0.435192
-0.340652
-0.112720
0.282857
-0.245225
0.363006
-0.454115
-0.516760
0.048194
-0.803200
-0.261589
0.069428
-0.074531
-0.054268
0.093637
0.125182
-0.435192
-0.340652
-0.112720
0.282857
-0.245225
0.363006
-0.454115
-0.516760
0.048194
-0.803200
-0.261589
0.069428
-0.074531
-0.054268
0.093637
0.125182
-0.435192
-0.340652
-0.112720
0.282857
-0.245225
0.363006
-0.454115
-0.516760
0.048194
-0.803200
-0.261589
0.069428
-0.074531
-0.054268
0.093637
0.125182
-0.435192
-0.340652
-0.112720
0.282857
-0.245225
0.363006
-0.454115
-0.516760
0.048194
-0.803200
-0.261589
0.069428
-0.074531
-0.054268
0.093637
0.125182
-0.435192
-0.340652
-0.112720
0.282857
-0.245225
0.363006
-0.454115
-0.516760
0.048194
-0.803200
-0.261589
0.069428
-0.074531
-0.054268
0.093637
0.125182
-0.435192
-0.340652
-0.112720
0.282857
-0.245225
0.363006
-0.454115
-0.516760
0.048194
-0.803200
-0.261589
0.069428
-0.074531
-0.054268
0.093637
0.125182
-0.435192
-0.340652
-0.112720
0.282857
-0.245225
0.363006
-0.454115
-0.516760
0.048194
-0.803200
-0.261589
0.069428
-0.074531
-0.054268
0.093637
0.125182
-0.435192
-0.340652
-0.112720
0.282857
-0.245225
0.363006
-0.454115
-0.516760
0.048194
-0.803200
-0.261589
0.069428
-0.074531
-0.054268
0.093637
0.125182
-0.435192
-0.340652
-0.112720
0.282857
-0.245225
0.363006
-0.454115
-0.516760
0.048194
-0.803200
-0.261589
0.069428
-0.074531
-0.054268
0.093637
0.125182
-0.435192
-0.340652
-0.112720
0.282857
-0.245225
0.363006
-0.454115
-0.516760
0.048194
-0.803200
-0.261589
0.069428
-0.074531
-0.054268
0.093637
0.125182
-0.435192
-0.340652
-0.112720
0.282857
-0.245225
0.363006
-0.454115
-0.516760
0.048194
-0.803200
-0.261589
0.069428
-0.074531
-0.054268
0.093637
0.125182
-0.435192
-0.340652
-0.112720
0.282857
-0.245225
0.363006
-0.454115
-0.516760
0.048194
-0.803200
-0.261589
0.069428
-0.074531
-0.054268
0.093637
0.125182
-0.435192
-0.340652
-0.112720
0.282857
-0.245225
0.363006
-0.454115
-0.516760
