1.020318
-0.462919
7.195899
4.724893
4.842108
4.296244
-2.056023
-5.510719
-1.009077
4.707295
5.837050
-2.233819
-0.767541
-2.258580
-5.085385
-2.749974
-2.185277
3.077675
77.143944
-1605.410645
-507.628387
611.899048
247.323990
1529.258911
269.805389
935.232422
553.303589
-180.448227
-172.556152
-90.908623
453.368622
34.373188
1.758966
-2.892424
-48.875877
1162.013916
361.516785
-447.677734
-179.050461
-1105.536255
-201.720245
-683.331665
-411.545258
131.481293
124.926056
70.512077
-333.149872
-24.115549
0.894467
1.441518
22.058352
135.743866
32.153324
-58.276054
-50.274940
-121.750916
-37.944904
-67.403603
-36.218246
21.855183
9.825056
1.488436
-34.247089
7.825077
-1.933308
-0.166148
-27.838087
84.781448
38.369564
-25.722410
6.809723
-84.635666
-2.365299
-53.818520
-29.723997
1.436126
11.157157
5.165680
-23.153877
-13.605348
0.291666
0.278128
0.168631
0.710508
-0.101024
0.125878
-0.552642
-0.391906
-0.188468
-0.306047
-0.102930
-0.321099
-0.531261
0.271668
0.740736
-0.137720
0.291666
0.278128
0.168631
0.710508
-0.101024
0.125878
-0.552642
-0.391906
-0.188468
-0.306047
-0.102930
-0.321099
-0.531261
0.271668
0.740736
-0.137720
0.291666
0.278128
0.168631
0.710508
-0.101024
0.125878
-0.552642
-0.391906
-0.188468
-0.306047
-0.102930
-0.321099
-0.531261
0.271668
0.740736
-0.137720
0.291666
0.278128
0.168631
0.710508
-0.101024
0.125878
-0.552642
-0.391906
-0.188468
-0.306047
-0.102930
-0.321099
-0.531261
0.271668
0.740736
-0.137720
0.291666
0.278128
0.168631
0.710508
-0.101024
0.125878
-0.552642
-0.391906
-0.188468
-0.306047
-0.102930
-0.321099
-0.531261
0.271668
0.740736
-0.137720
0.291666
0.278128
0.168631
0.710508
-0.101024
0.125878
-0.552642
-0.391906
-0.188468
-0.306047
-0.102930
-0.321099
-0.531261
0.271668
0.740736
-0.137720
0.291666
0.278128
0.168631
0.710508
-0.101024
0.125878
-0.552642
-0.391906
-0.188468
-0.306047
-0.102930
-0.321099
-0.531261
0.271668
0.740736
-0.137720
0.291666
0.278128
0.168631
0.710508
-0.101024
0.125878
-0.552642
-0.391906
-0.188468
-0.306047
-0.102930
-0.321099
-0.531261
0.271668
0.740736
-0.137720
0.291666
0.278128
0.168631
0.710508
-0.101024
0.125878
-0.552642
-0.391906
-0.188468
-0.306047
-0.102930
-0.321099
-0.531261
0.271668
0.740736
-0.137720
0.291666
0.278128
0.168631
0.710508
-0.101024
0.125878
-0.552642
-0.391906
-0.188468
-0.306047
-0.102930
-0.321099
-0.531261
0.271668
0.740736
-0.137720
0.291666
0.278128
0.168631
0.710508
-0.101024
0.125878
-0.552642
-0.391906
-0.188468
-0.306047
-0.102930
-0.321099
-0.531261
0.271668
0.740736
-0.137720
0.291666
0.278128
0.168631
0.710508
-0.101024
0.125878
-0.552642
-0.391906
-0.188468
-0.306047
-0.102930
-0.321099
-0.531261
0.271668
0.740736
-0.137720
0.291666
0.278128
0.168631
0.710508
-0.101024
0.125878
-0.552642
-0.391906
-0.188468
-0.306047
-0.102930
-0.321099
-0.531261
0.271668
0.740736
-0.137720
0.291666
0.278128
0.168631
0.710508
-0.101024
0.125878
-0.552642
-0.391906
-0.188468
-0.306047
-0.102930
-0.321099
-0.531261
0.271668
0.740736
-0.137720
0.291666
0.278128
0.168631
0.710508
-0.101024
0.125878
-0.552642
-0.391906
-0.188468
-0.306047
-0.102930
-0.321099
-0.531261
0.271668
0.740736
-0.137720
