-4.886853
1.805004
795.136597
160.417374
-76.080994
49.259850
-1712.396973
338.444580
-1862.237183
129.112778
-594.166748
628.390808
855.717529
-16.790571
925.100525
1094.074585
-12.381718
-10.842876
-8.608345
-30.700584
7.115403
27.183233
17.777651
-6.050754
-4.554547
12.382873
-14.526523
-16.078983
11.644290
-11.143270
-12.324474
6.705553
1.352108
3.460916
4.868594
0.805982
2.539714
0.529971
-2.966649
-7.171804
16.866920
-4.519039
-10.454987
-8.392616
-1.973812
2.063952
9.669875
-2.856395
-0.250294
-0.128790
-5.850489
-0.444730
6.180890
2.326745
3.782880
2.475287
-1.173769
-2.601706
-4.777007
1.344109
-1.098097
3.231637
-1.112595
-4.268460
3.711998
2.068564
-613.651184
-119.021530
57.259594
-35.102474
1297.589600
-273.211304
1415.739746
-116.945084
438.453186
-495.393524
-647.331665
18.265451
-721.690063
-819.590210
-2.625742
-0.784954
-22.376598
-23.173784
4.763323
-1.271147
71.842392
27.786661
71.107574
43.161057
40.814327
-1.465207
-34.692570
-22.506401
-2.715398
-64.088356
-0.497215
-2.163744
-47.836376
15.853848
0.224064
-6.573287
90.700394
-71.588974
104.254463
-62.917152
16.751995
-49.818619
-49.788513
30.877756
-80.990463
-34.225208
0.080858
-0.624301
0.052506
-0.314599
-0.129643
-0.160130
-0.454526
0.296509
-0.375996
-0.061048
-0.319537
-0.161102
0.130851
0.065204
0.132682
0.274752
0.080858
-0.624301
0.052506
-0.314599
-0.129643
-0.160130
-0.454526
0.296509
-0.375996
-0.061048
-0.319537
-0.161102
0.130851
0.065204
0.132682
0.274752
0.080858
-0.624301
0.052506
-0.314599
-0.129643
-0.160130
-0.454526
0.296509
-0.375996
-0.061048
-0.319537
-0.161102
0.130851
0.065204
0.132682
0.274752
0.080858
-0.624301
0.052506
-0.314599
-0.129643
-0.160130
-0.454526
0.296509
-0.375996
-0.061048
-0.319537
-0.161102
0.130851
0.065204
0.132682
0.274752
0.080858
-0.624301
0.052506
-0.314599
-0.129643
-0.160130
-0.454526
0.296509
-0.375996
-0.061048
-0.319537
-0.161102
0.130851
0.065204
0.132682
0.274752
0.080858
-0.624301
0.052506
-0.314599
-0.129643
-0.160130
-0.454526
0.296509
-0.375996
-0.061048
-0.319537
-0.161102
0.130851
0.065204
0.132682
0.274752
0.080858
-0.624301
0.052506
-0.314599
-0.129643
-0.160130
-0.454526
0.296509
-0.375996
-0.061048
-0.319537
-0.161102
0.130851
0.065204
0.132682
0.274752
0.080858
-0.624301
0.052506
-0.314599
-0.129643
-0.160130
-0.454526
0.296509
-0.375996
-0.061048
-0.319537
-0.161102
0.130851
0.065204
0.132682
0.274752
0.080858
-0.624301
0.052506
-0.314599
-0.129643
-0.160130
-0.454526
0.296509
-0.375996
-0.061048
-0.319537
-0.161102
0.130851
0.065204
0.132682
0.274752
0.080858
-0.624301
0.052506
-0.314599
-0.129643
-0.160130
-0.454526
0.296509
-0.375996
-0.061048
-0.319537
-0.161102
0.130851
0.065204
0.132682
0.274752
0.080858
-0.624301
0.052506
-0.314599
-0.129643
-0.160130
-0.454526
0.296509
-0.375996
-0.061048
-0.319537
-0.161102
0.130851
0.065204
0.132682
0.274752
0.080858
-0.624301
0.052506
-0.314599
-0.129643
-0.160130
-0.454526
0.296509
-0.375996
-0.061048
-0.319537
-0.161102
0.130851
0.065204
0.132682
0.274752
0.080858
-0.624301
0.052506
-0.314599
-0.129643
-0.160130
-0.454526
0.296509
-0.375996
-0.061048
-0.319537
-0.161102
0.130851
0.065204
0.132682
0.274752
