-1.332940
-1.055968
2.544066
-9.421031
-1.473488
1.683218
-7.223122
3.929131
3.013382
-13.154577
-11.495402
1.707662
7.971412
3.682422
-5.694834
-7.488712
-4.276878
-18.399517
34.650154
5.339145
-24.777435
-7.179093
-4.685967
17.864178
-7.229547
-11.479324
24.565998
-2.089241
4.321885
16.337227
-0.802027
-17.528172
-0.246610
-1.831628
5.174842
0.030210
-5.809307
-5.778547
-4.096253
-2.469762
0.830072
2.445084
4.685269
0.745375
0.377805
-2.743455
-0.202005
5.124095
-0.058413
0.471543
232.097641
842.981995
10.145713
-120.833939
-1041.640869
-1715.169189
-710.647217
-1651.556152
-832.723816
-289.803864
297.506622
836.028687
-740.345642
1144.432251
0.725953
-0.166209
-135.805756
-483.953064
-1.683491
68.033928
616.299377
969.671143
424.827484
938.389099
477.884674
158.737747
-177.776596
-474.917114
414.973053
-653.030701
0.191984
0.191702
-2.518354
-50.115208
-4.511855
5.116062
41.436138
112.578728
22.547617
106.232964
44.996471
28.459082
-8.877148
-50.137966
58.279884
-60.835068
-2.171493
0.931267
-48.748196
-113.903244
-1.770233
18.776339
167.337067
228.170914
122.576462
222.207825
123.603386
27.563932
-50.796757
-114.388588
83.971573
-175.379974
-0.773479
0.164679
0.399538
0.285756
-0.164107
-0.057161
0.166281
-0.384816
-0.200587
0.018152
0.429734
-0.004161
-0.386533
0.356486
0.249615
0.008594
-0.773479
0.164679
0.399538
0.285756
-0.164107
-0.057161
0.166281
-0.384816
-0.200587
0.018152
0.429734
-0.004161
-0.386533
0.356486
0.249615
0.008594
-0.773479
0.164679
0.399538
0.285756
-0.164107
-0.057161
0.166281
-0.384816
-0.200587
0.018152
0.429734
-0.004161
-0.386533
0.356486
0.249615
0.008594
-0.773479
0.164679
0.399538
0.285756
-0.164107
-0.057161
0.166281
-0.384816
-0.200587
0.018152
0.429734
-0.004161
-0.386533
0.356486
0.249615
0.008594
-0.773479
0.164679
0.399538
0.285756
-0.164107
-0.057161
0.166281
-0.384816
-0.200587
0.018152
0.429734
-0.004161
-0.386533
0.356486
0.249615
0.008594
-0.773479
0.164679
0.399538
0.285756
-0.164107
-0.057161
0.166281
-0.384816
-0.200587
0.018152
0.429734
-0.004161
-0.386533
0.356486
0.249615
0.008594
-0.773479
0.164679
0.399538
0.285756
-0.164107
-0.057161
0.166281
-0.384816
-0.200587
0.018152
0.429734
-0.004161
-0.386533
0.356486
0.249615
0.008594
-0.773479
0.164679
0.399538
0.285756
-0.164107
-0.057161
0.166281
-0.384816
-0.200587
0.018152
0.429734
-0.004161
-0.386533
0.356486
0.249615
0.008594
-0.773479
0.164679
0.399538
0.285756
-0.164107
-0.057161
0.166281
-0.384816
-0.200587
0.018152
0.429734
-0.004161
-0.386533
0.356486
0.249615
0.008594
-0.773479
0.164679
0.399538
0.285756
-0.164107
-0.057161
0.166281
-0.384816
-0.200587
0.018152
0.429734
-0.004161
-0.386533
0.356486
0.249615
0.008594
-0.773479
0.164679
0.399538
0.285756
-0.164107
-0.057161
0.166281
-0.384816
-0.200587
0.018152
0.429734
-0.004161
-0.386533
0.356486
0.249615
0.008594
-0.773479
0.164679
0.399538
0.285756
-0.164107
-0.057161
0.166281
-0.384816
-0.200587
0.018152
0.429734
-0.004161
-0.386533
0.356486
0.249615
0.008594
-0.773479
0.164679
0.399538
0.285756
-0.164107
-0.057161
0.166281
-0.384816
-0.200587
0.018152
0.429734
-0.004161
-0.386533
0.356486
0.249615
0.008594
