3.403718
-3.644032
8.384711
0.528150
-3.839348
-3.241130
-7.264396
-0.567976
3.926047
-14.505427
-5.619761
7.963738
9.410283
5.025136
-3.632398
-12.440711
-4.654350
-3.556015
324.662598
460.222260
114.277565
-260.621155
-1179.258423
-2036.291138
-795.258423
-1768.080200
-804.722717
-345.042419
-122.846489
1186.467896
-1347.991821
915.919434
0.004589
2.257018
-172.519562
-303.557434
-55.585411
139.382050
703.882324
1225.115723
502.463165
1080.890015
510.482605
219.277893
55.953701
-718.902527
796.001221
-575.570679
4.225859
-1.149075
-55.203514
-43.961826
-15.077626
43.122639
182.041611
255.219849
112.900352
216.372864
95.789986
30.187649
11.241258
-153.287582
173.377243
-124.668129
0.954350
1.305022
-19.717289
-28.455500
-9.960808
14.173585
70.343292
131.499405
43.491642
114.382416
49.583717
26.053837
11.047696
-74.222260
92.998764
-54.455898
-0.114745
1.130118
-0.212271
0.614638
0.281241
-0.329383
0.130285
0.053467
0.371489
-0.039655
-0.043283
-0.021858
-0.262225
0.026627
0.224983
0.475630
-0.114745
1.130118
-0.212271
0.614638
0.281241
-0.329383
0.130285
0.053467
0.371489
-0.039655
-0.043283
-0.021858
-0.262225
0.026627
0.224983
0.475630
-0.114745
1.130118
-0.212271
0.614638
0.281241
-0.329383
0.130285
0.053467
0.371489
-0.039655
-0.043283
-0.021858
-0.262225
0.026627
0.224983
0.475630
-0.114745
1.130118
-0.212271
0.614638
0.281241
-0.329383
0.130285
0.053467
0.371489
-0.039655
-0.043283
-0.021858
-0.262225
0.026627
0.224983
0.475630
-0.114745
1.130118
-0.212271
0.614638
0.281241
-0.329383
0.130285
0.053467
0.371489
-0.039655
-0.043283
-0.021858
-0.262225
0.026627
0.224983
0.475630
-0.114745
1.130118
-0.212271
0.614638
0.281241
-0.329383
0.130285
0.053467
0.371489
-0.039655
-0.043283
-0.021858
-0.262225
0.026627
0.224983
0.475630
-0.114745
1.130118
-0.212271
0.614638
0.281241
-0.329383
0.130285
0.053467
0.371489
-0.039655
-0.043283
-0.021858
-0.262225
0.026627
0.224983
0.475630
-0.114745
1.130118
-0.212271
0.614638
0.281241
-0.329383
0.130285
0.053467
0.371489
-0.039655
-0.043283
-0.021858
-0.262225
0.026627
0.224983
0.475630
-0.114745
1.130118
-0.212271
0.614638
0.281241
-0.329383
0.130285
0.053467
0.371489
-0.039655
-0.043283
-0.021858
-0.262225
0.026627
0.224983
0.475630
-0.114745
1.130118
-0.212271
0.614638
0.281241
-0.329383
0.130285
0.053467
0.371489
-0.039655
-0.043283
-0.021858
-0.262225
0.026627
0.224983
0.475630
-0.114745
1.130118
-0.212271
0.614638
0.281241
-0.329383
0.130285
0.053467
0.371489
-0.039655
-0.043283
-0.021858
-0.262225
0.026627
0.224983
0.475630
-0.114745
1.130118
-0.212271
0.614638
0.281241
-0.329383
0.130285
0.053467
0.371489
-0.039655
-0.043283
-0.021858
-0.262225
0.026627
0.224983
0.475630
-0.114745
1.130118
-0.212271
0.614638
0.281241
-0.329383
0.130285
0.053467
0.371489
-0.039655
-0.043283
-0.021858
-0.262225
0.026627
0.224983
0.475630
-0.114745
1.130118
-0.212271
0.614638
0.281241
-0.329383
0.130285
0.053467
0.371489
-0.039655
-0.043283
-0.021858
-0.262225
0.026627
0.224983
0.475630
-0.114745
1.130118
-0.212271
0.614638
0.281241
-0.329383
0.130285
0.053467
0.371489
-0.039655
-0.043283
-0.021858
-0.262225
0.026627
0.224983
0.475630
