2.949635
0.284466
111.204536
-301.893677
187.456650
-608.815918
-829.215515
900.934143
1472.041992
747.382019
112.332703
-96.827293
-198.545258
-1715.172974
429.280365
-983.145325
4.135099
2.127084
-7.142337
8.348952
17.613277
-6.684619
-1.303080
-1.108098
-6.837339
-6.380902
-5.953658
7.365116
-1.568858
-1.682822
-6.562018
-0.699459
1.042120
-0.779457
3.446507
-2.707172
-5.896005
3.354240
-2.873666
-1.633824
2.193259
3.035188
3.407512
-4.859747
1.291080
-4.655848
1.887355
1.826950
1.331967
-0.704938
-0.133921
3.546169
-5.119261
-5.677828
-0.424040
-4.040611
-10.316591
6.734470
-0.159170
1.866185
-14.606648
-5.878626
0.037671
8.841969
0.341101
-0.789796
-68.886429
164.562485
-114.312408
324.086639
472.861237
-470.410370
-787.850647
-436.495209
-63.442513
56.509155
71.864471
934.270081
-253.059113
528.063293
0.001182
-0.100818
-1.378431
8.353334
-2.500550
17.498125
16.981480
-28.743076
-44.722355
-12.268244
-4.858645
-0.117196
14.563733
47.569683
-7.577376
30.015381
-0.785421
1.431333
-3.553667
25.229420
-1.207334
49.651489
39.028641
-84.730576
-123.007042
-22.458990
-6.586312
5.145244
52.625320
121.094490
-8.216626
80.839043
-0.496455
1.425012
-26.074684
44.496861
-47.383278
96.175461
164.942032
-125.472099
-216.784622
-167.537659
-18.639832
11.746437
-20.514099
289.897369
-101.574699
148.657608
-0.628635
-0.079814
-0.388590
0.124779
0.005124
-0.101702
-0.034556
-0.267149
-0.226760
-0.612257
0.043010
0.281291
0.235950
0.377547
-0.167113
-0.313818
-0.628635
-0.079814
-0.388590
0.124779
0.005124
-0.101702
-0.034556
-0.267149
-0.226760
-0.612257
0.043010
0.281291
0.235950
0.377547
-0.167113
-0.313818
-0.628635
-0.079814
-0.388590
0.124779
0.005124
-0.101702
-0.034556
-0.267149
-0.226760
-0.612257
0.043010
0.281291
0.235950
0.377547
-0.167113
-0.313818
-0.628635
-0.079814
-0.388590
0.124779
0.005124
-0.101702
-0.034556
-0.267149
-0.226760
-0.612257
0.043010
0.281291
0.235950
0.377547
-0.167113
-0.313818
-0.628635
-0.079814
-0.388590
0.124779
0.005124
-0.101702
-0.034556
-0.267149
-0.226760
-0.612257
0.043010
0.281291
0.235950
0.377547
-0.167113
-0.313818
-0.628635
-0.079814
-0.388590
0.124779
0.005124
-0.101702
-0.034556
-0.267149
-0.226760
-0.612257
0.043010
0.281291
0.235950
0.377547
-0.167113
-0.313818
-0.628635
-0.079814
-0.388590
0.124779
0.005124
-0.101702
-0.034556
-0.267149
-0.226760
-0.612257
0.043010
0.281291
0.235950
0.377547
-0.167113
-0.313818
-0.628635
-0.079814
-0.388590
0.124779
0.005124
-0.101702
-0.034556
-0.267149
-0.226760
-0.612257
0.043010
0.281291
0.235950
0.377547
-0.167113
-0.313818
-0.628635
-0.079814
-0.388590
0.124779
0.005124
-0.101702
-0.034556
-0.267149
-0.226760
-0.612257
0.043010
0.281291
0.235950
0.377547
-0.167113
-0.313818
-0.628635
-0.079814
-0.388590
0.124779
0.005124
-0.101702
-0.034556
-0.267149
-0.226760
-0.612257
0.043010
0.281291
0.235950
0.377547
-0.167113
-0.313818
-0.628635
-0.079814
-0.388590
0.124779
0.005124
-0.101702
-0.034556
-0.267149
-0.226760
-0.612257
0.043010
0.281291
0.235950
0.377547
-0.167113
-0.313818
-0.628635
-0.079814
-0.388590
0.124779
0.005124
-0.101702
-0.034556
-0.267149
-0.226760
-0.612257
0.043010
0.281291
0.235950
0.377547
-0.167113
-0.313818
