-2.111572
-1.177330
511.040649
-47.953445
773.614075
-358.222443
-1716.326050
-3.631517
191.967224
1250.041748
427.722809
-329.066711
1071.108032
-794.509827
1265.374146
-540.151855
4.162651
0.002521
-302.973083
41.757000
-464.638702
223.157990
1034.776245
-21.554880
-134.836472
-756.423462
-253.577301
202.213745
-639.880066
499.557220
-750.555725
341.432709
-1.529874
-4.923191
-19.513718
0.157802
-27.457355
10.903275
62.622482
3.287544
-1.889624
-45.635117
-15.601686
8.778839
-39.931965
24.124298
-45.724209
14.330119
-2.206111
1.403275
-28.863045
-8.375365
-41.621983
5.426846
82.928413
28.099110
12.346866
-65.686821
-29.113634
9.209809
-63.943390
19.549229
-73.819626
5.138501
1.658427
2.435100
-61.242496
14.529667
-84.191521
60.996780
206.849457
-36.183819
-50.732319
-142.092499
-39.606949
50.183323
-110.042480
117.638214
-143.552353
93.698135
-0.593940
0.113985
-0.629621
0.041190
0.266335
0.408649
0.155184
-0.129895
0.118109
0.071070
0.370729
0.416175
0.067663
-0.182611
-0.363885
0.520228
-0.593940
0.113985
-0.629621
0.041190
0.266335
0.408649
0.155184
-0.129895
0.118109
0.071070
0.370729
0.416175
0.067663
-0.182611
-0.363885
0.520228
-0.593940
0.113985
-0.629621
0.041190
0.266335
0.408649
0.155184
-0.129895
0.118109
0.071070
0.370729
0.416175
0.067663
-0.182611
-0.363885
0.520228
-0.593940
0.113985
-0.629621
0.041190
0.266335
0.408649
0.155184
-0.129895
0.118109
0.071070
0.370729
0.416175
0.067663
-0.182611
-0.363885
0.520228
-0.593940
0.113985
-0.629621
0.041190
0.266335
0.408649
0.155184
-0.129895
0.118109
0.071070
0.370729
0.416175
0.067663
-0.182611
-0.363885
0.520228
-0.593940
0.113985
-0.629621
0.041190
0.266335
0.408649
0.155184
-0.129895
0.118109
0.071070
0.370729
0.416175
0.067663
-0.182611
-0.363885
0.520228
-0.593940
0.113985
-0.629621
0.041190
0.266335
0.408649
0.155184
-0.129895
0.118109
0.071070
0.370729
0.416175
0.067663
-0.182611
-0.363885
0.520228
-0.593940
0.113985
-0.629621
0.041190
0.266335
0.408649
0.155184
-0.129895
0.118109
0.071070
0.370729
0.416175
0.067663
-0.182611
-0.363885
0.520228
-0.593940
0.113985
-0.629621
0.041190
0.266335
0.408649
0.155184
-0.129895
0.118109
0.071070
0.370729
0.416175
0.067663
-0.182611
-0.363885
0.520228
-0.593940
0.113985
-0.629621
0.041190
0.266335
0.408649
0.155184
-0.129895
0.118109
0.071070
0.370729
0.416175
0.067663
-0.182611
-0.363885
0.520228
-0.593940
0.113985
-0.629621
0.041190
0.266335
0.408649
0.155184
-0.129895
0.118109
0.071070
0.370729
0.416175
0.067663
-0.182611
-0.363885
0.520228
-0.593940
0.113985
-0.629621
0.041190
0.266335
0.408649
0.155184
-0.129895
0.118109
0.071070
0.370729
0.416175
0.067663
-0.182611
-0.363885
0.520228
-0.593940
0.113985
-0.629621
0.041190
0.266335
0.408649
0.155184
-0.129895
0.118109
0.071070
0.370729
0.416175
0.067663
-0.182611
-0.363885
0.520228
-0.593940
0.113985
-0.629621
0.041190
0.266335
0.408649
0.155184
-0.129895
0.118109
0.071070
0.370729
0.416175
0.067663
-0.182611
-0.363885
0.520228
-0.593940
0.113985
-0.629621
0.041190
0.266335
0.408649
0.155184
-0.129895
0.118109
0.071070
0.370729
0.416175
0.067663
-0.182611
-0.363885
0.520228
