1.667824
11.201155
-12.174788
-6.830481
-13.589160
6.924503
-2.506225
2.070384
-53.394367
0.855230
-61.979084
7.589090
-209.782318
62.676609
-9.112730
-1.993845
-8.473434
3.237140
-4.367558
-34.758312
19.147224
7.023642
19.245636
-8.598804
32.031757
-29.895216
13.869812
-62.747166
109.723717
-215.701706
-4.462703
0.733785
3.347808
1.319129
-137.804047
320.827911
49.374447
-553.507996
467.956818
299.518768
415.933258
384.707489
347.905029
457.019928
-517.633362
-402.073883
-455.506622
-272.282990
9.844336
-12.636631
4.175886
17.577477
2.012206
-7.103351
-4.075491
2.788222
6.891242
11.277379
14.442941
31.244417
37.573410
87.140083
5.913054
0.367492
-4.468194
-5.776698
5.699772
11.575215
7.772713
4.327838
-4.299088
0.133300
14.160289
17.790237
21.166828
21.485924
71.842377
51.238369
2.201133
1.558753
-3.441876
-1.191142
80.812759
-163.646072
-43.990185
282.601166
-242.762817
-159.868103
-193.459457
-214.517273
-161.234344
-247.657059
239.866455
242.500061
241.462662
144.096191
-0.394283
-0.391112
4.189017
-20.825382
4.410012
32.187210
-32.866924
-15.665442
-32.669830
-11.675653
-27.573423
-18.802763
34.316444
4.950108
27.483334
14.690856
0.359535
-2.490346
21.078348
-61.337200
0.187132
104.251266
-83.584808
-51.506474
-87.685936
-68.452553
-74.871521
-85.592911
121.201164
64.174309
79.527351
42.566498
-0.070152
-0.050385
0.579542
0.322121
-0.074854
-0.077989
0.265262
0.143135
-0.080058
-0.085091
-0.366610
0.391186
0.032337
0.126739
0.216959
-0.413457
-0.070152
-0.050385
0.579542
0.322121
-0.074854
-0.077989
0.265262
0.143135
-0.080058
-0.085091
-0.366610
0.391186
0.032337
0.126739
0.216959
-0.413457
-0.070152
-0.050385
0.579542
0.322121
-0.074854
-0.077989
0.265262
0.143135
-0.080058
-0.085091
-0.366610
0.391186
0.032337
0.126739
0.216959
-0.413457
-0.070152
-0.050385
0.579542
0.322121
-0.074854
-0.077989
0.265262
0.143135
-0.080058
-0.085091
-0.366610
0.391186
0.032337
0.126739
0.216959
-0.413457
-0.070152
-0.050385
0.579542
0.322121
-0.074854
-0.077989
0.265262
0.143135
-0.080058
-0.085091
-0.366610
0.391186
0.032337
0.126739
0.216959
-0.413457
-0.070152
-0.050385
0.579542
0.322121
-0.074854
-0.077989
0.265262
0.143135
-0.080058
-0.085091
-0.366610
0.391186
0.032337
0.126739
0.216959
-0.413457
-0.070152
-0.050385
0.579542
0.322121
-0.074854
-0.077989
0.265262
0.143135
-0.080058
-0.085091
-0.366610
0.391186
0.032337
0.126739
0.216959
-0.413457
-0.070152
-0.050385
0.579542
0.322121
-0.074854
-0.077989
0.265262
0.143135
-0.080058
-0.085091
-0.366610
0.391186
0.032337
0.126739
0.216959
-0.413457
-0.070152
-0.050385
0.579542
0.322121
-0.074854
-0.077989
0.265262
0.143135
-0.080058
-0.085091
-0.366610
0.391186
0.032337
0.126739
0.216959
-0.413457
-0.070152
-0.050385
0.579542
0.322121
-0.074854
-0.077989
0.265262
0.143135
-0.080058
-0.085091
-0.366610
0.391186
0.032337
0.126739
0.216959
-0.413457
-0.070152
-0.050385
0.579542
0.322121
-0.074854
-0.077989
0.265262
0.143135
-0.080058
-0.085091
-0.366610
0.391186
0.032337
0.126739
0.216959
-0.413457
-0.070152
-0.050385
0.579542
0.322121
-0.074854
-0.077989
0.265262
0.143135
-0.080058
-0.085091
-0.366610
0.391186
0.032337
0.126739
0.216959
-0.413457
