-0.768067
1.968566
2.531456
-3.641991
-2.365550
4.838931
-3.453196
-2.675761
1.642012
3.002492
0.083912
-6.045187
3.000412
-3.721410
1.856907
-1.125741
5.602026
6.885831
-337.127716
225.679230
208.003433
-484.037018
463.980194
613.851501
244.135208
600.041870
31.224310
719.346558
-214.388916
-751.043396
-433.069519
-408.912689
-0.601761
1.396061
0.324627
9.170827
-4.503789
-10.509098
-1.933151
8.244951
3.029607
-2.693342
-4.194852
1.617012
-5.401628
-5.339374
-4.756875
6.138896
7.193062
2.220229
24.673975
6.308228
-27.096672
-15.287058
-9.776069
-10.883212
0.808388
11.723289
27.165171
-0.457158
15.599864
-12.780336
-1.121931
13.710720
-2.326339
0.164513
22.110134
-15.468685
-9.414697
27.055996
-32.105877
-37.566193
-17.355675
-34.320415
-1.654532
-41.520847
15.866109
47.941830
28.057697
21.774479
-1.955070
-0.015930
187.737823
-128.549194
-118.559578
277.074646
-260.061615
-347.886017
-140.210526
-344.172089
-24.153759
-414.638062
122.284721
421.768829
245.991226
236.487915
-0.920560
-1.886107
50.019600
-32.095230
-29.930683
71.355225
-68.452057
-89.081718
-35.098335
-85.175713
-3.189472
-100.099022
30.120760
109.155731
61.282314
57.169182
-0.071893
-1.493536
0.027689
-0.116602
-0.297049
0.523040
-0.196841
-0.102548
0.146341
0.273234
0.064541
0.125005
0.326706
-0.149491
0.017419
-0.500569
-0.071893
-1.493536
0.027689
-0.116602
-0.297049
0.523040
-0.196841
-0.102548
0.146341
0.273234
0.064541
0.125005
0.326706
-0.149491
0.017419
-0.500569
-0.071893
-1.493536
0.027689
-0.116602
-0.297049
0.523040
-0.196841
-0.102548
0.146341
0.273234
0.064541
0.125005
0.326706
-0.149491
0.017419
-0.500569
-0.071893
-1.493536
0.027689
-0.116602
-0.297049
0.523040
-0.196841
-0.102548
0.146341
0.273234
0.064541
0.125005
0.326706
-0.149491
0.017419
-0.500569
-0.071893
-1.493536
0.027689
-0.116602
-0.297049
0.523040
-0.196841
-0.102548
0.146341
0.273234
0.064541
0.125005
0.326706
-0.149491
0.017419
-0.500569
-0.071893
-1.493536
0.027689
-0.116602
-0.297049
0.523040
-0.196841
-0.102548
0.146341
0.273234
0.064541
0.125005
0.326706
-0.149491
0.017419
-0.500569
-0.071893
-1.493536
0.027689
-0.116602
-0.297049
0.523040
-0.196841
-0.102548
0.146341
0.273234
0.064541
0.125005
0.326706
-0.149491
0.017419
-0.500569
-0.071893
-1.493536
0.027689
-0.116602
-0.297049
0.523040
-0.196841
-0.102548
0.146341
0.273234
0.064541
0.125005
0.326706
-0.149491
0.017419
-0.500569
-0.071893
-1.493536
0.027689
-0.116602
-0.297049
0.523040
-0.196841
-0.102548
0.146341
0.273234
0.064541
0.125005
0.326706
-0.149491
0.017419
-0.500569
-0.071893
-1.493536
0.027689
-0.116602
-0.297049
0.523040
-0.196841
-0.102548
0.146341
0.273234
0.064541
0.125005
0.326706
-0.149491
0.017419
-0.500569
-0.071893
-1.493536
0.027689
-0.116602
-0.297049
0.523040
-0.196841
-0.102548
0.146341
0.273234
0.064541
0.125005
0.326706
-0.149491
0.017419
-0.500569
-0.071893
-1.493536
0.027689
-0.116602
-0.297049
0.523040
-0.196841
-0.102548
0.146341
0.273234
0.064541
0.125005
0.326706
-0.149491
0.017419
-0.500569
-0.071893
-1.493536
0.027689
-0.116602
-0.297049
0.523040
-0.196841
-0.102548
0.146341
0.273234
0.064541
0.125005
0.326706
-0.149491
0.017419
-0.500569
