-3.872073
-0.139201
291.879059
-384.663483
207.282898
389.242767
-679.639893
-132.683777
-513.249146
-18.418625
-333.452484
-205.910263
473.914215
238.095245
544.603760
-169.997116
2.889665
-4.127880
-2.223634
19.075272
-15.007872
-8.433070
25.254713
-11.060038
19.367319
-12.028041
12.106805
0.286399
-24.833597
1.655863
-15.769127
17.317255
3.159033
1.405967
-244.010223
334.581818
-179.297211
-332.196411
583.456177
111.572693
433.290375
14.614561
284.359406
175.655426
-403.471344
-201.535095
-460.505981
145.931320
-0.692116
-0.863475
-0.500935
-0.543657
-0.140938
0.026588
-0.191956
0.529678
0.410553
-0.265617
-0.239441
0.229793
0.279941
-0.257278
-0.917009
-0.480783
-0.692116
-0.863475
-0.500935
-0.543657
-0.140938
0.026588
-0.191956
0.529678
0.410553
-0.265617
-0.239441
0.229793
0.279941
-0.257278
-0.917009
-0.480783
-0.692116
-0.863475
-0.500935
-0.543657
-0.140938
0.026588
-0.191956
0.529678
0.410553
-0.265617
-0.239441
0.229793
0.279941
-0.257278
-0.917009
-0.480783
-0.692116
-0.863475
-0.500935
-0.543657
-0.140938
0.026588
-0.191956
0.529678
0.410553
-0.265617
-0.239441
0.229793
0.279941
-0.257278
-0.917009
-0.480783
-0.692116
-0.863475
-0.500935
-0.543657
-0.140938
0.026588
-0.191956
0.529678
0.410553
-0.265617
-0.239441
0.229793
0.279941
-0.257278
-0.917009
-0.480783
-0.692116
-0.863475
-0.500935
-0.543657
-0.140938
0.026588
-0.191956
0.529678
0.410553
-0.265617
-0.239441
0.229793
0.279941
-0.257278
-0.917009
-0.480783
-0.692116
-0.863475
-0.500935
-0.543657
-0.140938
0.026588
-0.191956
0.529678
0.410553
-0.265617
-0.239441
0.229793
0.279941
-0.257278
-0.917009
-0.480783
-0.692116
-0.863475
-0.500935
-0.543657
-0.140938
0.026588
-0.191956
0.529678
0.410553
-0.265617
-0.239441
0.229793
0.279941
-0.257278
-0.917009
-0.480783
-0.692116
-0.863475
-0.500935
-0.543657
-0.140938
0.026588
-0.191956
0.529678
0.410553
-0.265617
-0.239441
0.229793
0.279941
-0.257278
-0.917009
-0.480783
-0.692116
-0.863475
-0.500935
-0.543657
-0.140938
0.026588
-0.191956
0.529678
0.410553
-0.265617
-0.239441
0.229793
0.279941
-0.257278
-0.917009
-0.480783
-0.692116
-0.863475
-0.500935
-0.543657
-0.140938
0.026588
-0.191956
0.529678
0.410553
-0.265617
-0.239441
0.229793
0.279941
-0.257278
-0.917009
-0.480783
-0.692116
-0.863475
-0.500935
-0.543657
-0.140938
0.026588
-0.191956
0.529678
0.410553
-0.265617
-0.239441
0.229793
0.279941
-0.257278
-0.917009
-0.480783
-0.692116
-0.863475
-0.500935
-0.543657
-0.140938
0.026588
-0.191956
0.529678
0.410553
-0.265617
-0.239441
0.229793
0.279941
-0.257278
-0.917009
-0.480783
-0.692116
-0.863475
-0.500935
-0.543657
-0.140938
0.026588
-0.191956
0.529678
0.410553
-0.265617
-0.239441
0.229793
0.279941
-0.257278
-0.917009
-0.480783
-0.692116
-0.863475
-0.500935
-0.543657
-0.140938
0.026588
-0.191956
0.529678
0.410553
-0.265617
-0.239441
0.229793
0.279941
-0.257278
-0.917009
-0.480783
-0.692116
-0.863475
-0.500935
-0.543657
-0.140938
0.026588
-0.191956
0.529678
0.410553
-0.265617
-0.239441
0.229793
0.279941
-0.257278
-0.917009
-0.480783
-0.692116
-0.863475
-0.500935
-0.543657
-0.140938
0.026588
-0.191956
0.529678
0.410553
-0.265617
-0.239441
0.229793
0.279941
-0.257278
-0.917009
-0.480783
