1.833919
-0.655325
23.246500
-7.995170
-35.386566
10.364396
-7.129145
-10.044365
6.878816
6.321960
10.633304
-25.233135
16.340862
-23.293602
0.115010
12.605829
-0.425321
-1.362421
-2.753750
-0.161269
4.556571
-0.935193
-2.774430
3.586559
0.002432
-3.323376
-5.093018
5.435537
-3.867442
0.277111
-1.856801
-3.310835
6.697083
14.187073
-38.210651
-3.550302
34.438011
-3.921272
2.850631
-20.676575
11.600290
15.050687
-13.608895
4.424307
-9.035150
-12.743003
5.606417
16.141645
2.224714
1.260091
-7.170245
3.215847
2.605028
-10.231319
-6.827420
1.770568
3.886207
0.755771
-6.736994
-4.543876
2.924029
-1.224671
-7.164268
-0.372170
-1.058123
-4.423703
248.648071
-118.697388
-733.923645
442.331665
229.031891
-696.842468
-114.091034
-678.511841
180.018784
-469.944153
143.809128
680.323547
59.308956
688.020874
1.096106
2.945746
-177.619202
84.505531
516.896301
-315.136383
-163.313690
486.360565
83.346420
477.507965
-126.619766
329.056000
-97.737022
-477.865021
-42.554298
-483.582031
-2.757760
0.043735
-20.471731
12.336347
65.089790
-45.537830
-12.870712
66.746628
14.282395
60.835709
-11.206534
43.286118
-24.707935
-61.404568
-12.449552
-60.895191
-1.129694
0.913280
-15.577592
5.649769
44.610279
-20.436941
-15.644989
41.928730
2.065530
41.469330
-13.883775
26.457703
-4.893794
-42.480156
-2.819107
-42.773636
-0.601858
0.142299
0.320043
0.422766
-0.144325
-0.012287
0.360833
0.024059
-0.082718
-0.349730
0.105549
-0.215569
-0.560607
0.216272
-0.018935
0.058122
-0.601858
0.142299
0.320043
0.422766
-0.144325
-0.012287
0.360833
0.024059
-0.082718
-0.349730
0.105549
-0.215569
-0.560607
0.216272
-0.018935
0.058122
-0.601858
0.142299
0.320043
0.422766
-0.144325
-0.012287
0.360833
0.024059
-0.082718
-0.349730
0.105549
-0.215569
-0.560607
0.216272
-0.018935
0.058122
-0.601858
0.142299
0.320043
0.422766
-0.144325
-0.012287
0.360833
0.024059
-0.082718
-0.349730
0.105549
-0.215569
-0.560607
0.216272
-0.018935
0.058122
-0.601858
0.142299
0.320043
0.422766
-0.144325
-0.012287
0.360833
0.024059
-0.082718
-0.349730
0.105549
-0.215569
-0.560607
0.216272
-0.018935
0.058122
-0.601858
0.142299
0.320043
0.422766
-0.144325
-0.012287
0.360833
0.024059
-0.082718
-0.349730
0.105549
-0.215569
-0.560607
0.216272
-0.018935
0.058122
-0.601858
0.142299
0.320043
0.422766
-0.144325
-0.012287
0.360833
0.024059
-0.082718
-0.349730
0.105549
-0.215569
-0.560607
0.216272
-0.018935
0.058122
-0.601858
0.142299
0.320043
0.422766
-0.144325
-0.012287
0.360833
0.024059
-0.082718
-0.349730
0.105549
-0.215569
-0.560607
0.216272
-0.018935
0.058122
-0.601858
0.142299
0.320043
0.422766
-0.144325
-0.012287
0.360833
0.024059
-0.082718
-0.349730
0.105549
-0.215569
-0.560607
0.216272
-0.018935
0.058122
-0.601858
0.142299
0.320043
0.422766
-0.144325
-0.012287
0.360833
0.024059
-0.082718
-0.349730
0.105549
-0.215569
-0.560607
0.216272
-0.018935
0.058122
-0.601858
0.142299
0.320043
0.422766
-0.144325
-0.012287
0.360833
0.024059
-0.082718
-0.349730
0.105549
-0.215569
-0.560607
0.216272
-0.018935
0.058122
-0.601858
0.142299
0.320043
0.422766
-0.144325
-0.012287
0.360833
0.024059
-0.082718
-0.349730
0.105549
-0.215569
-0.560607
0.216272
-0.018935
0.058122
