2.614830
0.455012
-15.232430
3.568028
3.020848
2.350155
9.437198
3.021371
1.884591
-4.507503
-8.587548
8.191482
11.895663
27.401707
-4.923389
-22.040308
0.614213
11.346034
-1290.311279
-673.909119
-170.380676
269.993469
1673.105957
793.986450
13.204366
-237.246475
-739.751892
-493.428894
2695.859863
2527.432373
-2232.281006
2704.739746
-0.438897
-10.959492
739.279114
406.036407
101.485176
-150.919693
-961.430237
-478.702271
-7.728446
133.548233
426.707947
295.425751
-1539.073730
-1490.461304
1318.101685
-1540.874756
-2.310292
2.531141
80.245262
21.968102
5.095491
-13.066194
-101.538597
-27.592266
0.070645
13.722959
44.837921
18.662193
-171.514297
-121.987213
99.547119
-176.115738
1.754723
-2.141253
44.147209
27.471205
4.167306
-10.912495
-57.001537
-25.676369
-1.052127
7.930696
25.786488
16.717489
-93.292488
-79.794861
74.914833
-91.238228
0.531770
-1.087571
167.121567
111.231285
28.170851
-39.623043
-215.674210
-132.840988
-7.606998
32.729599
94.104858
77.246826
-331.241730
-381.797913
343.319916
-335.227020
0.217966
-0.003163
0.340160
0.713776
-0.032192
-0.801151
-0.452163
-0.948032
0.114463
-0.237300
0.198414
-0.158435
-0.156100
0.034270
1.263182
-0.240691
0.217966
-0.003163
0.340160
0.713776
-0.032192
-0.801151
-0.452163
-0.948032
0.114463
-0.237300
0.198414
-0.158435
-0.156100
0.034270
1.263182
-0.240691
0.217966
-0.003163
0.340160
0.713776
-0.032192
-0.801151
-0.452163
-0.948032
0.114463
-0.237300
0.198414
-0.158435
-0.156100
0.034270
1.263182
-0.240691
0.217966
-0.003163
0.340160
0.713776
-0.032192
-0.801151
-0.452163
-0.948032
0.114463
-0.237300
0.198414
-0.158435
-0.156100
0.034270
1.263182
-0.240691
0.217966
-0.003163
0.340160
0.713776
-0.032192
-0.801151
-0.452163
-0.948032
0.114463
-0.237300
0.198414
-0.158435
-0.156100
0.034270
1.263182
-0.240691
0.217966
-0.003163
0.340160
0.713776
-0.032192
-0.801151
-0.452163
-0.948032
0.114463
-0.237300
0.198414
-0.158435
-0.156100
0.034270
1.263182
-0.240691
0.217966
-0.003163
0.340160
0.713776
-0.032192
-0.801151
-0.452163
-0.948032
0.114463
-0.237300
0.198414
-0.158435
-0.156100
0.034270
1.263182
-0.240691
0.217966
-0.003163
0.340160
0.713776
-0.032192
-0.801151
-0.452163
-0.948032
0.114463
-0.237300
0.198414
-0.158435
-0.156100
0.034270
1.263182
-0.240691
0.217966
-0.003163
0.340160
0.713776
-0.032192
-0.801151
-0.452163
-0.948032
0.114463
-0.237300
0.198414
-0.158435
-0.156100
0.034270
1.263182
-0.240691
0.217966
-0.003163
0.340160
0.713776
-0.032192
-0.801151
-0.452163
-0.948032
0.114463
-0.237300
0.198414
-0.158435
-0.156100
0.034270
1.263182
-0.240691
0.217966
-0.003163
0.340160
0.713776
-0.032192
-0.801151
-0.452163
-0.948032
0.114463
-0.237300
0.198414
-0.158435
-0.156100
0.034270
1.263182
-0.240691
0.217966
-0.003163
0.340160
0.713776
-0.032192
-0.801151
-0.452163
-0.948032
0.114463
-0.237300
0.198414
-0.158435
-0.156100
0.034270
1.263182
-0.240691
0.217966
-0.003163
0.340160
0.713776
-0.032192
-0.801151
-0.452163
-0.948032
0.114463
-0.237300
0.198414
-0.158435
-0.156100
0.034270
1.263182
-0.240691
0.217966
-0.003163
0.340160
0.713776
-0.032192
-0.801151
-0.452163
-0.948032
0.114463
-0.237300
0.198414
-0.158435
-0.156100
0.034270
1.263182
-0.240691
