4.062649
1.303557
13.506855
310.384918
125.280777
-303.844879
-199.210846
46.949905
-370.213318
-6.372038
-1216.765869
223.820740
-109.922447
-246.410324
108.883217
-452.070953
0.769538
-0.985023
-2.509216
6.544960
6.718474
-5.334266
4.200585
-2.180847
-3.445468
1.563199
-0.980621
5.799249
2.414009
1.794192
-3.973204
-0.294945
-0.885901
0.120115
2.302498
-7.977405
3.314403
11.152775
3.629874
-5.174547
-4.223193
4.965023
6.274446
0.529353
2.963710
3.949321
5.951482
-2.718585
-1.154480
-2.871983
-7.188925
-180.276886
-75.145378
175.461792
116.181786
-28.112400
214.960205
4.560300
707.253967
-136.750443
62.740635
150.233078
-61.445236
263.302612
-1.429351
2.053591
-3.243096
-15.807203
-4.168595
15.300600
8.780003
-0.922436
18.976839
1.836369
60.168522
-4.691763
6.080022
9.592851
-6.456141
22.521847
-2.400920
0.529583
0.006172
-10.328999
-6.458336
13.432557
9.970965
0.475391
14.235758
0.141574
48.104340
-6.384604
3.357544
9.170302
-2.614616
18.270607
0.214878
1.410392
-5.597033
-41.352257
-13.375052
42.874516
25.091396
-9.840611
50.819073
-4.923616
155.358521
-40.050365
20.342520
26.353258
-12.675197
59.368156
0.008586
-0.147483
0.573301
0.258006
-0.732570
-0.133386
-0.169332
-0.453372
0.412725
-0.499808
0.455846
-0.243669
0.318672
0.511557
0.149924
0.019312
0.008586
-0.147483
0.573301
0.258006
-0.732570
-0.133386
-0.169332
-0.453372
0.412725
-0.499808
0.455846
-0.243669
0.318672
0.511557
0.149924
0.019312
0.008586
-0.147483
0.573301
0.258006
-0.732570
-0.133386
-0.169332
-0.453372
0.412725
-0.499808
0.455846
-0.243669
0.318672
0.511557
0.149924
0.019312
0.008586
-0.147483
0.573301
0.258006
-0.732570
-0.133386
-0.169332
-0.453372
0.412725
-0.499808
0.455846
-0.243669
0.318672
0.511557
0.149924
0.019312
0.008586
-0.147483
0.573301
0.258006
-0.732570
-0.133386
-0.169332
-0.453372
0.412725
-0.499808
0.455846
-0.243669
0.318672
0.511557
0.149924
0.019312
0.008586
-0.147483
0.573301
0.258006
-0.732570
-0.133386
-0.169332
-0.453372
0.412725
-0.499808
0.455846
-0.243669
0.318672
0.511557
0.149924
0.019312
0.008586
-0.147483
0.573301
0.258006
-0.732570
-0.133386
-0.169332
-0.453372
0.412725
-0.499808
0.455846
-0.243669
0.318672
0.511557
0.149924
0.019312
0.008586
-0.147483
0.573301
0.258006
-0.732570
-0.133386
-0.169332
-0.453372
0.412725
-0.499808
0.455846
-0.243669
0.318672
0.511557
0.149924
0.019312
0.008586
-0.147483
0.573301
0.258006
-0.732570
-0.133386
-0.169332
-0.453372
0.412725
-0.499808
0.455846
-0.243669
0.318672
0.511557
0.149924
0.019312
0.008586
-0.147483
0.573301
0.258006
-0.732570
-0.133386
-0.169332
-0.453372
0.412725
-0.499808
0.455846
-0.243669
0.318672
0.511557
0.149924
0.019312
0.008586
-0.147483
0.573301
0.258006
-0.732570
-0.133386
-0.169332
-0.453372
0.412725
-0.499808
0.455846
-0.243669
0.318672
0.511557
0.149924
0.019312
0.008586
-0.147483
0.573301
0.258006
-0.732570
-0.133386
-0.169332
-0.453372
0.412725
-0.499808
0.455846
-0.243669
0.318672
0.511557
0.149924
0.019312
0.008586
-0.147483
0.573301
0.258006
-0.732570
-0.133386
-0.169332
-0.453372
0.412725
-0.499808
0.455846
-0.243669
0.318672
0.511557
0.149924
0.019312
