0.729128
-0.177681
-4.377947
3.990797
5.636399
-3.521358
4.641081
3.042523
-3.406263
-2.109297
-1.162134
6.213830
0.807269
5.549310
-3.661880
-2.357784
-3.140433
3.557902
-537.234558
11.668956
300.169586
201.746353
6.178190
-344.769135
32.199554
-414.970428
-12.693592
-1353.494019
103.873192
2.941435
316.932770
100.803093
1.181766
-2.260254
203.756927
7.533850
-109.931137
-80.930542
-7.469558
129.919403
-19.791334
154.277771
-23.027979
510.854584
-38.191586
-3.066647
-115.536880
-45.808197
1.299016
-2.381794
28.473200
-4.920680
-16.784657
-8.783667
4.363482
17.447790
-0.400218
20.471802
15.089334
70.417458
-8.181153
0.740622
-17.180666
-1.647005
0.669234
-3.086311
31.227182
-4.172677
-20.222918
-12.047060
0.660808
20.427845
1.736190
26.865408
12.718828
77.111275
-6.543553
1.426826
-18.053301
-1.596925
0.688348
2.847016
142.541351
7.501957
-77.164383
-60.257950
-7.379126
93.657379
-15.427736
111.613892
-22.509016
368.515045
-29.257629
-4.510102
-84.392059
-31.052986
-0.048736
0.216898
0.581392
0.201922
-0.591648
-0.198026
0.189620
-0.372972
0.456924
-0.128089
0.008639
0.214947
0.535548
0.358478
0.344305
-0.541945
-0.048736
0.216898
0.581392
0.201922
-0.591648
-0.198026
0.189620
-0.372972
0.456924
-0.128089
0.008639
0.214947
0.535548
0.358478
0.344305
-0.541945
-0.048736
0.216898
0.581392
0.201922
-0.591648
-0.198026
0.189620
-0.372972
0.456924
-0.128089
0.008639
0.214947
0.535548
0.358478
0.344305
-0.541945
-0.048736
0.216898
0.581392
0.201922
-0.591648
-0.198026
0.189620
-0.372972
0.456924
-0.128089
0.008639
0.214947
0.535548
0.358478
0.344305
-0.541945
-0.048736
0.216898
0.581392
0.201922
-0.591648
-0.198026
0.189620
-0.372972
0.456924
-0.128089
0.008639
0.214947
0.535548
0.358478
0.344305
-0.541945
-0.048736
0.216898
0.581392
0.201922
-0.591648
-0.198026
0.189620
-0.372972
0.456924
-0.128089
0.008639
0.214947
0.535548
0.358478
0.344305
-0.541945
-0.048736
0.216898
0.581392
0.201922
-0.591648
-0.198026
0.189620
-0.372972
0.456924
-0.128089
0.008639
0.214947
0.535548
0.358478
0.344305
-0.541945
-0.048736
0.216898
0.581392
0.201922
-0.591648
-0.198026
0.189620
-0.372972
0.456924
-0.128089
0.008639
0.214947
0.535548
0.358478
0.344305
-0.541945
-0.048736
0.216898
0.581392
0.201922
-0.591648
-0.198026
0.189620
-0.372972
0.456924
-0.128089
0.008639
0.214947
0.535548
0.358478
0.344305
-0.541945
-0.048736
0.216898
0.581392
0.201922
-0.591648
-0.198026
0.189620
-0.372972
0.456924
-0.128089
0.008639
0.214947
0.535548
0.358478
0.344305
-0.541945
-0.048736
0.216898
0.581392
0.201922
-0.591648
-0.198026
0.189620
-0.372972
0.456924
-0.128089
0.008639
0.214947
0.535548
0.358478
0.344305
-0.541945
-0.048736
0.216898
0.581392
0.201922
-0.591648
-0.198026
0.189620
-0.372972
0.456924
-0.128089
0.008639
0.214947
0.535548
0.358478
0.344305
-0.541945
-0.048736
0.216898
0.581392
0.201922
-0.591648
-0.198026
0.189620
-0.372972
0.456924
-0.128089
0.008639
0.214947
0.535548
0.358478
0.344305
-0.541945
-0.048736
0.216898
0.581392
0.201922
-0.591648
-0.198026
0.189620
-0.372972
0.456924
-0.128089
0.008639
0.214947
0.535548
0.358478
0.344305
-0.541945
