-4.299372
-2.775349
269.263489
-331.764496
-329.128876
28.605650
228.147171
44.523834
-47.114632
107.832344
1348.087158
371.996490
-156.993027
203.018097
21.394718
-49.907059
1.337765
-1.108907
0.929670
-5.363953
-3.111669
7.178019
-4.892480
-0.190723
4.794388
-0.810688
-2.875288
-6.388362
-3.166454
-4.378960
4.383921
-0.555965
1.884369
2.423126
-80.186127
107.275230
131.725525
-19.591860
-93.885040
-3.159214
18.449932
-15.176760
-560.251282
-131.462036
61.592274
-81.994423
-39.987175
1.045068
-0.618271
-5.099370
-22.251474
22.572351
21.524284
-1.635594
-14.770023
-10.953400
7.386503
-10.339318
-82.825134
-32.497952
9.371272
-12.748840
1.842500
6.161785
2.944396
1.123955
-18.177319
15.567509
13.936789
1.834074
-9.292262
-4.404569
2.585642
-11.422497
-60.144852
-21.220676
9.277407
-9.170801
2.893657
4.447886
-2.399413
-0.242834
-69.947891
107.291801
82.420654
-11.146492
-58.719650
-8.945419
3.988565
-35.463421
-336.879578
-74.113731
37.692112
-52.881916
13.653782
17.994633
0.025278
0.097631
-0.080965
-0.294717
0.223934
0.071694
-0.148082
-0.539238
0.236383
-0.069708
0.133964
0.134057
-0.185765
-0.104560
-0.056773
-0.327107
0.025278
0.097631
-0.080965
-0.294717
0.223934
0.071694
-0.148082
-0.539238
0.236383
-0.069708
0.133964
0.134057
-0.185765
-0.104560
-0.056773
-0.327107
0.025278
0.097631
-0.080965
-0.294717
0.223934
0.071694
-0.148082
-0.539238
0.236383
-0.069708
0.133964
0.134057
-0.185765
-0.104560
-0.056773
-0.327107
0.025278
0.097631
-0.080965
-0.294717
0.223934
0.071694
-0.148082
-0.539238
0.236383
-0.069708
0.133964
0.134057
-0.185765
-0.104560
-0.056773
-0.327107
0.025278
0.097631
-0.080965
-0.294717
0.223934
0.071694
-0.148082
-0.539238
0.236383
-0.069708
0.133964
0.134057
-0.185765
-0.104560
-0.056773
-0.327107
0.025278
0.097631
-0.080965
-0.294717
0.223934
0.071694
-0.148082
-0.539238
0.236383
-0.069708
0.133964
0.134057
-0.185765
-0.104560
-0.056773
-0.327107
0.025278
0.097631
-0.080965
-0.294717
0.223934
0.071694
-0.148082
-0.539238
0.236383
-0.069708
0.133964
0.134057
-0.185765
-0.104560
-0.056773
-0.327107
0.025278
0.097631
-0.080965
-0.294717
0.223934
0.071694
-0.148082
-0.539238
0.236383
-0.069708
0.133964
0.134057
-0.185765
-0.104560
-0.056773
-0.327107
0.025278
0.097631
-0.080965
-0.294717
0.223934
0.071694
-0.148082
-0.539238
0.236383
-0.069708
0.133964
0.134057
-0.185765
-0.104560
-0.056773
-0.327107
0.025278
0.097631
-0.080965
-0.294717
0.223934
0.071694
-0.148082
-0.539238
0.236383
-0.069708
0.133964
0.134057
-0.185765
-0.104560
-0.056773
-0.327107
0.025278
0.097631
-0.080965
-0.294717
0.223934
0.071694
-0.148082
-0.539238
0.236383
-0.069708
0.133964
0.134057
-0.185765
-0.104560
-0.056773
-0.327107
0.025278
0.097631
-0.080965
-0.294717
0.223934
0.071694
-0.148082
-0.539238
0.236383
-0.069708
0.133964
0.134057
-0.185765
-0.104560
-0.056773
-0.327107
0.025278
0.097631
-0.080965
-0.294717
0.223934
0.071694
-0.148082
-0.539238
0.236383
-0.069708
0.133964
0.134057
-0.185765
-0.104560
-0.056773
-0.327107
0.025278
0.097631
-0.080965
-0.294717
0.223934
0.071694
-0.148082
-0.539238
0.236383
-0.069708
0.133964
0.134057
-0.185765
-0.104560
-0.056773
-0.327107
