2.578485
0.902115
5.390363
-5.426918
-1.538650
10.117919
5.447260
-4.748113
-5.259737
2.007178
7.339598
5.115984
-2.552246
4.888062
7.791354
-0.912756
-0.917608
1.835952
-442.105469
243.984024
346.019867
104.100983
-116.691147
-224.831314
-35.945721
-309.415436
-718.786377
-1047.617188
217.730042
-109.195473
275.336060
107.842354
0.466493
-1.337614
395.264343
-215.405823
-309.574768
-96.293777
102.877007
197.737427
27.596376
274.727356
644.219360
931.134338
-198.631149
98.886734
-241.690643
-96.189079
0.665566
0.175542
0.404430
0.714144
-0.460499
-0.918498
0.037341
-0.169048
0.044623
-0.177898
0.020841
0.360109
-0.178903
0.271996
0.356871
0.114686
0.665566
0.175542
0.404430
0.714144
-0.460499
-0.918498
0.037341
-0.169048
0.044623
-0.177898
0.020841
0.360109
-0.178903
0.271996
0.356871
0.114686
0.665566
0.175542
0.404430
0.714144
-0.460499
-0.918498
0.037341
-0.169048
0.044623
-0.177898
0.020841
0.360109
-0.178903
0.271996
0.356871
0.114686
0.665566
0.175542
0.404430
0.714144
-0.460499
-0.918498
0.037341
-0.169048
0.044623
-0.177898
0.020841
0.360109
-0.178903
0.271996
0.356871
0.114686
0.665566
0.175542
0.404430
0.714144
-0.460499
-0.918498
0.037341
-0.169048
0.044623
-0.177898
0.020841
0.360109
-0.178903
0.271996
0.356871
0.114686
0.665566
0.175542
0.404430
0.714144
-0.460499
-0.918498
0.037341
-0.169048
0.044623
-0.177898
0.020841
0.360109
-0.178903
0.271996
0.356871
0.114686
0.665566
0.175542
0.404430
0.714144
-0.460499
-0.918498
0.037341
-0.169048
0.044623
-0.177898
0.020841
0.360109
-0.178903
0.271996
0.356871
0.114686
0.665566
0.175542
0.404430
0.714144
-0.460499
-0.918498
0.037341
-0.169048
0.044623
-0.177898
0.020841
0.360109
-0.178903
0.271996
0.356871
0.114686
0.665566
0.175542
0.404430
0.714144
-0.460499
-0.918498
0.037341
-0.169048
0.044623
-0.177898
0.020841
0.360109
-0.178903
0.271996
0.356871
0.114686
0.665566
0.175542
0.404430
0.714144
-0.460499
-0.918498
0.037341
-0.169048
0.044623
-0.177898
0.020841
0.360109
-0.178903
0.271996
0.356871
0.114686
0.665566
0.175542
0.404430
0.714144
-0.460499
-0.918498
0.037341
-0.169048
0.044623
-0.177898
0.020841
0.360109
-0.178903
0.271996
0.356871
0.114686
0.665566
0.175542
0.404430
0.714144
-0.460499
-0.918498
0.037341
-0.169048
0.044623
-0.177898
0.020841
0.360109
-0.178903
0.271996
0.356871
0.114686
0.665566
0.175542
0.404430
0.714144
-0.460499
-0.918498
0.037341
-0.169048
0.044623
-0.177898
0.020841
0.360109
-0.178903
0.271996
0.356871
0.114686
0.665566
0.175542
0.404430
0.714144
-0.460499
-0.918498
0.037341
-0.169048
0.044623
-0.177898
0.020841
0.360109
-0.178903
0.271996
0.356871
0.114686
0.665566
0.175542
0.404430
0.714144
-0.460499
-0.918498
0.037341
-0.169048
0.044623
-0.177898
0.020841
0.360109
-0.178903
0.271996
0.356871
0.114686
0.665566
0.175542
0.404430
0.714144
-0.460499
-0.918498
0.037341
-0.169048
0.044623
-0.177898
0.020841
0.360109
-0.178903
0.271996
0.356871
0.114686
0.665566
0.175542
0.404430
0.714144
-0.460499
-0.918498
0.037341
-0.169048
0.044623
-0.177898
0.020841
0.360109
-0.178903
0.271996
0.356871
0.114686
