-2.091482
4.121127
-396.131287
-354.553558
100.532677
332.989105
149.848648
-193.911057
278.568634
-189.559570
627.651062
-1096.993286
87.741676
122.285172
-37.829731
260.051300
1.457035
0.015761
300.908997
263.162445
-70.851204
-256.284698
-117.778587
144.936905
-212.706131
137.071320
-463.251312
823.864319
-72.604004
-95.782196
32.542564
-196.863297
-0.308068
-3.566916
19.550165
15.037897
-4.088543
-13.268277
-6.439640
10.009972
-12.215557
13.565116
-30.521242
56.819099
-3.438815
-7.660565
-1.131211
-13.859474
-0.895904
-0.901682
27.185820
27.175009
-7.359353
-22.624315
-10.003022
15.622290
-16.657942
17.155420
-50.503750
75.142120
-3.025023
-7.925959
0.365930
-18.061872
-0.120681
-0.476700
0.391665
0.074930
-0.098634
0.330383
-0.389031
0.403704
-0.465666
0.220122
-0.607643
0.000009
0.066736
-0.152501
-0.007748
0.099304
-0.120681
-0.476700
0.391665
0.074930
-0.098634
0.330383
-0.389031
0.403704
-0.465666
0.220122
-0.607643
0.000009
0.066736
-0.152501
-0.007748
0.099304
-0.120681
-0.476700
0.391665
0.074930
-0.098634
0.330383
-0.389031
0.403704
-0.465666
0.220122
-0.607643
0.000009
0.066736
-0.152501
-0.007748
0.099304
-0.120681
-0.476700
0.391665
0.074930
-0.098634
0.330383
-0.389031
0.403704
-0.465666
0.220122
-0.607643
0.000009
0.066736
-0.152501
-0.007748
0.099304
-0.120681
-0.476700
0.391665
0.074930
-0.098634
0.330383
-0.389031
0.403704
-0.465666
0.220122
-0.607643
0.000009
0.066736
-0.152501
-0.007748
0.099304
-0.120681
-0.476700
0.391665
0.074930
-0.098634
0.330383
-0.389031
0.403704
-0.465666
0.220122
-0.607643
0.000009
0.066736
-0.152501
-0.007748
0.099304
-0.120681
-0.476700
0.391665
0.074930
-0.098634
0.330383
-0.389031
0.403704
-0.465666
0.220122
-0.607643
0.000009
0.066736
-0.152501
-0.007748
0.099304
-0.120681
-0.476700
0.391665
0.074930
-0.098634
0.330383
-0.389031
0.403704
-0.465666
0.220122
-0.607643
0.000009
0.066736
-0.152501
-0.007748
0.099304
-0.120681
-0.476700
0.391665
0.074930
-0.098634
0.330383
-0.389031
0.403704
-0.465666
0.220122
-0.607643
0.000009
0.066736
-0.152501
-0.007748
0.099304
-0.120681
-0.476700
0.391665
0.074930
-0.098634
0.330383
-0.389031
0.403704
-0.465666
0.220122
-0.607643
0.000009
0.066736
-0.152501
-0.007748
0.099304
-0.120681
-0.476700
0.391665
0.074930
-0.098634
0.330383
-0.389031
0.403704
-0.465666
0.220122
-0.607643
0.000009
0.066736
-0.152501
-0.007748
0.099304
-0.120681
-0.476700
0.391665
0.074930
-0.098634
0.330383
-0.389031
0.403704
-0.465666
0.220122
-0.607643
0.000009
0.066736
-0.152501
-0.007748
0.099304
-0.120681
-0.476700
0.391665
0.074930
-0.098634
0.330383
-0.389031
0.403704
-0.465666
0.220122
-0.607643
0.000009
0.066736
-0.152501
-0.007748
0.099304
-0.120681
-0.476700
0.391665
0.074930
-0.098634
0.330383
-0.389031
0.403704
-0.465666
0.220122
-0.607643
0.000009
0.066736
-0.152501
-0.007748
0.099304
-0.120681
-0.476700
0.391665
0.074930
-0.098634
0.330383
-0.389031
0.403704
-0.465666
0.220122
-0.607643
0.000009
0.066736
-0.152501
-0.007748
0.099304
-0.120681
-0.476700
0.391665
0.074930
-0.098634
0.330383
-0.389031
0.403704
-0.465666
0.220122
-0.607643
0.000009
0.066736
-0.152501
-0.007748
0.099304
