-0.919553
0.041363
-7.628407
0.906852
8.433791
1.104628
2.653516
4.257242
-2.040092
-5.023497
-7.251997
4.576775
-5.896703
3.860461
-1.795413
-4.248034
-0.552508
1.588344
-180.667816
-116.721146
106.181496
678.412109
295.829010
-970.238953
897.340454
168.416855
358.131531
-323.580048
104.193336
-455.791199
-6.870695
596.221863
-0.820591
2.633043
6.620831
6.340448
8.675801
-25.213142
-29.788979
28.720087
-25.561108
-18.907202
-15.630179
7.212239
-10.390404
13.734232
7.937587
-21.323978
1.382521
2.124130
9.584104
4.057443
-17.249844
-25.704460
5.396497
41.722103
-39.732410
8.937778
-7.765135
18.977554
4.409654
19.435841
-9.629240
-17.381134
1.001729
-4.227823
150.649765
91.209900
-92.149582
-564.680359
-240.021469
813.841309
-752.085876
-134.617828
-295.473419
271.230988
-86.685448
381.609070
1.154018
-504.125519
-0.359758
-0.497912
-0.219921
0.277980
0.176623
-0.024370
0.346172
-0.092673
0.633915
0.220060
0.008605
0.064711
-0.250392
0.315444
0.286254
0.513436
-0.359758
-0.497912
-0.219921
0.277980
0.176623
-0.024370
0.346172
-0.092673
0.633915
0.220060
0.008605
0.064711
-0.250392
0.315444
0.286254
0.513436
-0.359758
-0.497912
-0.219921
0.277980
0.176623
-0.024370
0.346172
-0.092673
0.633915
0.220060
0.008605
0.064711
-0.250392
0.315444
0.286254
0.513436
-0.359758
-0.497912
-0.219921
0.277980
0.176623
-0.024370
0.346172
-0.092673
0.633915
0.220060
0.008605
0.064711
-0.250392
0.315444
0.286254
0.513436
-0.359758
-0.497912
-0.219921
0.277980
0.176623
-0.024370
0.346172
-0.092673
0.633915
0.220060
0.008605
0.064711
-0.250392
0.315444
0.286254
0.513436
-0.359758
-0.497912
-0.219921
0.277980
0.176623
-0.024370
0.346172
-0.092673
0.633915
0.220060
0.008605
0.064711
-0.250392
0.315444
0.286254
0.513436
-0.359758
-0.497912
-0.219921
0.277980
0.176623
-0.024370
0.346172
-0.092673
0.633915
0.220060
0.008605
0.064711
-0.250392
0.315444
0.286254
0.513436
-0.359758
-0.497912
-0.219921
0.277980
0.176623
-0.024370
0.346172
-0.092673
0.633915
0.220060
0.008605
0.064711
-0.250392
0.315444
0.286254
0.513436
-0.359758
-0.497912
-0.219921
0.277980
0.176623
-0.024370
0.346172
-0.092673
0.633915
0.220060
0.008605
0.064711
-0.250392
0.315444
0.286254
0.513436
-0.359758
-0.497912
-0.219921
0.277980
0.176623
-0.024370
0.346172
-0.092673
0.633915
0.220060
0.008605
0.064711
-0.250392
0.315444
0.286254
0.513436
-0.359758
-0.497912
-0.219921
0.277980
0.176623
-0.024370
0.346172
-0.092673
0.633915
0.220060
0.008605
0.064711
-0.250392
0.315444
0.286254
0.513436
-0.359758
-0.497912
-0.219921
0.277980
0.176623
-0.024370
0.346172
-0.092673
0.633915
0.220060
0.008605
0.064711
-0.250392
0.315444
0.286254
0.513436
-0.359758
-0.497912
-0.219921
0.277980
0.176623
-0.024370
0.346172
-0.092673
0.633915
0.220060
0.008605
0.064711
-0.250392
0.315444
0.286254
0.513436
-0.359758
-0.497912
-0.219921
0.277980
0.176623
-0.024370
0.346172
-0.092673
0.633915
0.220060
0.008605
0.064711
-0.250392
0.315444
0.286254
0.513436
-0.359758
-0.497912
-0.219921
0.277980
0.176623
-0.024370
0.346172
-0.092673
0.633915
0.220060
0.008605
0.064711
-0.250392
0.315444
0.286254
0.513436
