-1.186102
2.060284
3.519598
5.011939
-3.523611
-6.243080
3.810905
-3.256184
-1.469508
2.965583
6.769683
2.656679
5.510445
-0.007220
-1.933703
3.168630
-5.015907
4.602605
390.868439
201.857010
-443.597687
-140.501022
443.089355
782.202576
-973.118042
901.066895
-140.709351
923.522156
536.379456
155.319778
-295.968109
-403.772064
-0.120483
-2.612686
-12.117895
-8.180679
15.586100
3.751754
-18.521778
-34.544037
37.406151
-38.621624
6.514854
-36.611622
-24.121311
-6.269596
12.976363
15.291487
1.073320
-0.004596
-264.922791
-137.602051
299.423218
95.734474
-290.014526
-514.966248
650.287415
-598.191589
98.399460
-613.417908
-353.804382
-102.206612
197.493820
270.277435
1.287027
-3.784048
-36.041542
-18.165836
38.456142
16.701088
-36.553303
-73.419044
92.999046
-80.839165
11.219288
-87.504471
-49.329449
-15.730299
25.480751
39.693058
-0.197548
-0.571807
0.181214
0.059299
-0.501478
-0.167121
-0.164537
0.429921
-0.195925
0.079352
0.542602
-0.055322
0.306233
-0.102567
-0.078866
0.121236
-0.197548
-0.571807
0.181214
0.059299
-0.501478
-0.167121
-0.164537
0.429921
-0.195925
0.079352
0.542602
-0.055322
0.306233
-0.102567
-0.078866
0.121236
-0.197548
-0.571807
0.181214
0.059299
-0.501478
-0.167121
-0.164537
0.429921
-0.195925
0.079352
0.542602
-0.055322
0.306233
-0.102567
-0.078866
0.121236
-0.197548
-0.571807
0.181214
0.059299
-0.501478
-0.167121
-0.164537
0.429921
-0.195925
0.079352
0.542602
-0.055322
0.306233
-0.102567
-0.078866
0.121236
-0.197548
-0.571807
0.181214
0.059299
-0.501478
-0.167121
-0.164537
0.429921
-0.195925
0.079352
0.542602
-0.055322
0.306233
-0.102567
-0.078866
0.121236
-0.197548
-0.571807
0.181214
0.059299
-0.501478
-0.167121
-0.164537
0.429921
-0.195925
0.079352
0.542602
-0.055322
0.306233
-0.102567
-0.078866
0.121236
-0.197548
-0.571807
0.181214
0.059299
-0.501478
-0.167121
-0.164537
0.429921
-0.195925
0.079352
0.542602
-0.055322
0.306233
-0.102567
-0.078866
0.121236
-0.197548
-0.571807
0.181214
0.059299
-0.501478
-0.167121
-0.164537
0.429921
-0.195925
0.079352
0.542602
-0.055322
0.306233
-0.102567
-0.078866
0.121236
-0.197548
-0.571807
0.181214
0.059299
-0.501478
-0.167121
-0.164537
0.429921
-0.195925
0.079352
0.542602
-0.055322
0.306233
-0.102567
-0.078866
0.121236
-0.197548
-0.571807
0.181214
0.059299
-0.501478
-0.167121
-0.164537
0.429921
-0.195925
0.079352
0.542602
-0.055322
0.306233
-0.102567
-0.078866
0.121236
-0.197548
-0.571807
0.181214
0.059299
-0.501478
-0.167121
-0.164537
0.429921
-0.195925
0.079352
0.542602
-0.055322
0.306233
-0.102567
-0.078866
0.121236
-0.197548
-0.571807
0.181214
0.059299
-0.501478
-0.167121
-0.164537
0.429921
-0.195925
0.079352
0.542602
-0.055322
0.306233
-0.102567
-0.078866
0.121236
-0.197548
-0.571807
0.181214
0.059299
-0.501478
-0.167121
-0.164537
0.429921
-0.195925
0.079352
0.542602
-0.055322
0.306233
-0.102567
-0.078866
0.121236
-0.197548
-0.571807
0.181214
0.059299
-0.501478
-0.167121
-0.164537
0.429921
-0.195925
0.079352
0.542602
-0.055322
0.306233
-0.102567
-0.078866
0.121236
-0.197548
-0.571807
0.181214
0.059299
-0.501478
-0.167121
-0.164537
0.429921
-0.195925
0.079352
0.542602
-0.055322
0.306233
-0.102567
-0.078866
0.121236
