-0.145839
-4.911669
-23.690912
17.661320
31.274172
-8.931525
15.470751
7.537127
-12.376413
-12.121854
-16.663351
20.899170
-0.036778
15.463716
-12.796454
-9.894075
1.385693
-0.418099
2.481026
-2.830514
-3.300806
5.336320
-1.039775
-3.339747
0.799301
2.089305
-0.328401
-7.035371
2.961612
-3.871009
3.655041
0.354898
-1.648988
4.456682
264.489044
179.530121
-617.075134
-270.135590
584.133972
903.421997
-1166.367432
654.001892
-332.302795
653.473206
572.850464
396.540192
-396.435822
-388.550903
-0.290372
-1.151577
-125.365074
-84.206497
286.058777
129.791840
-268.427032
-424.264282
551.054138
-303.808350
157.467880
-302.756927
-265.510406
-188.555862
186.617371
182.058289
0.564099
-1.285229
-11.308359
-8.363007
29.656963
10.518205
-29.075167
-41.060104
54.958431
-31.297752
8.887088
-27.920845
-25.375784
-17.664017
18.756392
16.965929
-1.740729
-0.541646
-16.647272
-8.818506
38.300327
14.483648
-35.326370
-51.612038
66.446213
-41.129688
19.317104
-41.253185
-38.239677
-23.609993
23.334564
25.394487
0.697856
-1.805359
-51.856045
-39.947571
124.864868
57.474262
-116.320938
-185.372864
234.857208
-124.826477
72.588837
-133.402451
-112.900414
-82.599503
75.871140
76.658318
-0.348415
-0.560646
0.007495
0.250707
-0.484035
0.096485
0.038011
0.579678
-0.426857
-0.030699
0.155498
0.409284
0.125401
0.054375
-0.250379
-0.235528
-0.348415
-0.560646
0.007495
0.250707
-0.484035
0.096485
0.038011
0.579678
-0.426857
-0.030699
0.155498
0.409284
0.125401
0.054375
-0.250379
-0.235528
-0.348415
-0.560646
0.007495
0.250707
-0.484035
0.096485
0.038011
0.579678
-0.426857
-0.030699
0.155498
0.409284
0.125401
0.054375
-0.250379
-0.235528
-0.348415
-0.560646
0.007495
0.250707
-0.484035
0.096485
0.038011
0.579678
-0.426857
-0.030699
0.155498
0.409284
0.125401
0.054375
-0.250379
-0.235528
-0.348415
-0.560646
0.007495
0.250707
-0.484035
0.096485
0.038011
0.579678
-0.426857
-0.030699
0.155498
0.409284
0.125401
0.054375
-0.250379
-0.235528
-0.348415
-0.560646
0.007495
0.250707
-0.484035
0.096485
0.038011
0.579678
-0.426857
-0.030699
0.155498
0.409284
0.125401
0.054375
-0.250379
-0.235528
-0.348415
-0.560646
0.007495
0.250707
-0.484035
0.096485
0.038011
0.579678
-0.426857
-0.030699
0.155498
0.409284
0.125401
0.054375
-0.250379
-0.235528
-0.348415
-0.560646
0.007495
0.250707
-0.484035
0.096485
0.038011
0.579678
-0.426857
-0.030699
0.155498
0.409284
0.125401
0.054375
-0.250379
-0.235528
-0.348415
-0.560646
0.007495
0.250707
-0.484035
0.096485
0.038011
0.579678
-0.426857
-0.030699
0.155498
0.409284
0.125401
0.054375
-0.250379
-0.235528
-0.348415
-0.560646
0.007495
0.250707
-0.484035
0.096485
0.038011
0.579678
-0.426857
-0.030699
0.155498
0.409284
0.125401
0.054375
-0.250379
-0.235528
-0.348415
-0.560646
0.007495
0.250707
-0.484035
0.096485
0.038011
0.579678
-0.426857
-0.030699
0.155498
0.409284
0.125401
0.054375
-0.250379
-0.235528
-0.348415
-0.560646
0.007495
0.250707
-0.484035
0.096485
0.038011
0.579678
-0.426857
-0.030699
0.155498
0.409284
0.125401
0.054375
-0.250379
-0.235528
-0.348415
-0.560646
0.007495
0.250707
-0.484035
0.096485
0.038011
0.579678
-0.426857
-0.030699
0.155498
0.409284
0.125401
0.054375
-0.250379
-0.235528
