-5.199165
-6.245790
1168.475830
-798.162964
-26.231815
-297.742279
-1712.878296
1008.724976
235.110855
-13.348159
925.677551
-525.752502
-3709.388916
1112.067749
-1236.878784
-2975.834961
2.273056
0.084957
5.837708
8.268495
-2.030229
-1.230884
-1.293850
-6.997931
-0.717475
2.607878
12.450935
5.064470
21.554779
-26.087982
-14.968377
11.344525
3.215528
3.818795
-498.645203
341.818542
9.052674
132.828552
734.257690
-432.362762
-106.301712
4.484807
-401.156830
224.010895
1610.054810
-479.236572
537.561218
1282.990601
3.281120
-2.194974
-57.350849
43.108345
1.522800
13.625414
80.830238
-57.651402
-13.672370
0.986372
-43.021622
29.880728
179.059036
-67.988251
72.813721
145.833282
-1.891177
-1.852761
-68.530029
50.907696
2.582394
15.800976
98.004585
-63.496216
-13.533909
3.920106
-54.440853
33.493824
212.189880
-75.953239
79.897606
172.311386
-0.863201
2.193347
-261.596802
181.394699
5.943585
65.123672
388.527130
-232.285904
-49.087322
4.016348
-206.526932
120.067184
828.022217
-252.293442
281.455170
665.998779
-0.995671
-0.017040
-0.577895
-0.030193
-0.240899
-0.276326
0.243612
0.253412
-0.300787
0.178368
-0.323130
0.204723
0.643329
0.872813
-0.070902
1.104710
-0.995671
-0.017040
-0.577895
-0.030193
-0.240899
-0.276326
0.243612
0.253412
-0.300787
0.178368
-0.323130
0.204723
0.643329
0.872813
-0.070902
1.104710
-0.995671
-0.017040
-0.577895
-0.030193
-0.240899
-0.276326
0.243612
0.253412
-0.300787
0.178368
-0.323130
0.204723
0.643329
0.872813
-0.070902
1.104710
-0.995671
-0.017040
-0.577895
-0.030193
-0.240899
-0.276326
0.243612
0.253412
-0.300787
0.178368
-0.323130
0.204723
0.643329
0.872813
-0.070902
1.104710
-0.995671
-0.017040
-0.577895
-0.030193
-0.240899
-0.276326
0.243612
0.253412
-0.300787
0.178368
-0.323130
0.204723
0.643329
0.872813
-0.070902
1.104710
-0.995671
-0.017040
-0.577895
-0.030193
-0.240899
-0.276326
0.243612
0.253412
-0.300787
0.178368
-0.323130
0.204723
0.643329
0.872813
-0.070902
1.104710
-0.995671
-0.017040
-0.577895
-0.030193
-0.240899
-0.276326
0.243612
0.253412
-0.300787
0.178368
-0.323130
0.204723
0.643329
0.872813
-0.070902
1.104710
-0.995671
-0.017040
-0.577895
-0.030193
-0.240899
-0.276326
0.243612
0.253412
-0.300787
0.178368
-0.323130
0.204723
0.643329
0.872813
-0.070902
1.104710
-0.995671
-0.017040
-0.577895
-0.030193
-0.240899
-0.276326
0.243612
0.253412
-0.300787
0.178368
-0.323130
0.204723
0.643329
0.872813
-0.070902
1.104710
-0.995671
-0.017040
-0.577895
-0.030193
-0.240899
-0.276326
0.243612
0.253412
-0.300787
0.178368
-0.323130
0.204723
0.643329
0.872813
-0.070902
1.104710
-0.995671
-0.017040
-0.577895
-0.030193
-0.240899
-0.276326
0.243612
0.253412
-0.300787
0.178368
-0.323130
0.204723
0.643329
0.872813
-0.070902
1.104710
-0.995671
-0.017040
-0.577895
-0.030193
-0.240899
-0.276326
0.243612
0.253412
-0.300787
0.178368
-0.323130
0.204723
0.643329
0.872813
-0.070902
1.104710
-0.995671
-0.017040
-0.577895
-0.030193
-0.240899
-0.276326
0.243612
0.253412
-0.300787
0.178368
-0.323130
0.204723
0.643329
0.872813
-0.070902
1.104710
-0.995671
-0.017040
-0.577895
-0.030193
-0.240899
-0.276326
0.243612
0.253412
-0.300787
0.178368
-0.323130
0.204723
0.643329
0.872813
-0.070902
1.104710
