0.689578
-1.151710
-1.519638
6.249707
1.976154
-6.223886
2.389772
-2.781122
-2.924301
-0.742477
0.410012
5.051127
3.480510
3.013029
-3.692075
-1.895069
-0.477140
0.149856
224.906876
-48.043770
-665.627441
254.646515
994.811401
300.421661
-426.286591
1229.425415
301.414612
427.540649
749.294250
70.515251
-510.988281
73.856018
-0.039126
2.263475
-100.839897
22.770830
307.971100
-110.712059
-456.759827
-152.630981
211.227631
-570.815186
-136.010880
-202.644211
-346.694916
-38.880951
239.187607
-33.485916
1.422712
-0.445626
-17.065977
7.588965
44.040997
-24.407070
-73.592842
-10.831385
21.075651
-82.607330
-21.336874
-26.594740
-54.601059
2.777824
33.188732
-5.168400
0.066795
-0.833813
-8.573060
1.461208
24.292648
-12.425824
-35.813438
-7.751624
8.580948
-48.988400
-14.307082
-16.079662
-29.250587
-2.168821
17.386145
-4.176191
-0.842374
-0.637719
-47.404335
6.505852
141.387634
-42.121407
-201.868820
-72.412476
99.891533
-246.965210
-54.947716
-91.349831
-153.135727
-24.442183
107.918587
-7.568027
-0.999307
-1.034895
-0.056314
0.063511
0.482091
-0.113898
0.305862
0.498713
-0.249273
0.194281
0.011813
0.240877
-0.558169
0.349224
0.250894
0.621811
-0.999307
-1.034895
-0.056314
0.063511
0.482091
-0.113898
0.305862
0.498713
-0.249273
0.194281
0.011813
0.240877
-0.558169
0.349224
0.250894
0.621811
-0.999307
-1.034895
-0.056314
0.063511
0.482091
-0.113898
0.305862
0.498713
-0.249273
0.194281
0.011813
0.240877
-0.558169
0.349224
0.250894
0.621811
-0.999307
-1.034895
-0.056314
0.063511
0.482091
-0.113898
0.305862
0.498713
-0.249273
0.194281
0.011813
0.240877
-0.558169
0.349224
0.250894
0.621811
-0.999307
-1.034895
-0.056314
0.063511
0.482091
-0.113898
0.305862
0.498713
-0.249273
0.194281
0.011813
0.240877
-0.558169
0.349224
0.250894
0.621811
-0.999307
-1.034895
-0.056314
0.063511
0.482091
-0.113898
0.305862
0.498713
-0.249273
0.194281
0.011813
0.240877
-0.558169
0.349224
0.250894
0.621811
-0.999307
-1.034895
-0.056314
0.063511
0.482091
-0.113898
0.305862
0.498713
-0.249273
0.194281
0.011813
0.240877
-0.558169
0.349224
0.250894
0.621811
-0.999307
-1.034895
-0.056314
0.063511
0.482091
-0.113898
0.305862
0.498713
-0.249273
0.194281
0.011813
0.240877
-0.558169
0.349224
0.250894
0.621811
-0.999307
-1.034895
-0.056314
0.063511
0.482091
-0.113898
0.305862
0.498713
-0.249273
0.194281
0.011813
0.240877
-0.558169
0.349224
0.250894
0.621811
-0.999307
-1.034895
-0.056314
0.063511
0.482091
-0.113898
0.305862
0.498713
-0.249273
0.194281
0.011813
0.240877
-0.558169
0.349224
0.250894
0.621811
-0.999307
-1.034895
-0.056314
0.063511
0.482091
-0.113898
0.305862
0.498713
-0.249273
0.194281
0.011813
0.240877
-0.558169
0.349224
0.250894
0.621811
-0.999307
-1.034895
-0.056314
0.063511
0.482091
-0.113898
0.305862
0.498713
-0.249273
0.194281
0.011813
0.240877
-0.558169
0.349224
0.250894
0.621811
-0.999307
-1.034895
-0.056314
0.063511
0.482091
-0.113898
0.305862
0.498713
-0.249273
0.194281
0.011813
0.240877
-0.558169
0.349224
0.250894
0.621811
-0.999307
-1.034895
-0.056314
0.063511
0.482091
-0.113898
0.305862
0.498713
-0.249273
0.194281
0.011813
0.240877
-0.558169
0.349224
0.250894
0.621811
