-0.935251
1.297787
-1.992059
8.398138
2.472971
-11.092788
3.884733
0.206879
-6.794122
-1.439689
2.584142
7.631614
1.153794
4.921996
-5.118893
1.132525
2.116202
3.415942
-849.441345
-205.803192
-272.516632
252.520233
55.909676
-608.468994
654.375366
-579.883423
1063.219971
-743.918152
-419.178497
952.556885
-483.896973
739.657654
-3.089498
-2.207179
344.726440
73.361984
110.966110
-105.128372
-16.182341
245.984741
-256.957062
241.776749
-429.084717
315.972321
155.822601
-398.089630
184.041168
-306.200226
2.784030
-1.268463
40.109188
9.796921
11.428238
-10.488368
-3.459160
29.176474
-31.286108
29.378353
-51.104443
32.212345
24.267052
-44.385151
30.254524
-32.118698
-0.136129
-0.008375
51.459152
18.179842
17.909410
-14.479821
-6.599085
37.626877
-46.767616
29.871571
-70.689430
40.742088
32.318932
-54.057110
34.807877
-39.859566
0.620121
-0.260322
211.576431
40.804859
65.514282
-67.070343
-5.343240
154.073502
-152.578842
151.231232
-248.040054
199.140060
87.968544
-243.367401
107.017487
-190.629623
0.445713
0.142845
-0.622350
0.323054
0.164438
-0.002878
0.014797
0.211503
0.075950
-0.040673
0.235678
0.226415
-0.678841
0.103428
-0.076943
0.341371
0.445713
0.142845
-0.622350
0.323054
0.164438
-0.002878
0.014797
0.211503
0.075950
-0.040673
0.235678
0.226415
-0.678841
0.103428
-0.076943
0.341371
0.445713
0.142845
-0.622350
0.323054
0.164438
-0.002878
0.014797
0.211503
0.075950
-0.040673
0.235678
0.226415
-0.678841
0.103428
-0.076943
0.341371
0.445713
0.142845
-0.622350
0.323054
0.164438
-0.002878
0.014797
0.211503
0.075950
-0.040673
0.235678
0.226415
-0.678841
0.103428
-0.076943
0.341371
0.445713
0.142845
-0.622350
0.323054
0.164438
-0.002878
0.014797
0.211503
0.075950
-0.040673
0.235678
0.226415
-0.678841
0.103428
-0.076943
0.341371
0.445713
0.142845
-0.622350
0.323054
0.164438
-0.002878
0.014797
0.211503
0.075950
-0.040673
0.235678
0.226415
-0.678841
0.103428
-0.076943
0.341371
0.445713
0.142845
-0.622350
0.323054
0.164438
-0.002878
0.014797
0.211503
0.075950
-0.040673
0.235678
0.226415
-0.678841
0.103428
-0.076943
0.341371
0.445713
0.142845
-0.622350
0.323054
0.164438
-0.002878
0.014797
0.211503
0.075950
-0.040673
0.235678
0.226415
-0.678841
0.103428
-0.076943
0.341371
0.445713
0.142845
-0.622350
0.323054
0.164438
-0.002878
0.014797
0.211503
0.075950
-0.040673
0.235678
0.226415
-0.678841
0.103428
-0.076943
0.341371
0.445713
0.142845
-0.622350
0.323054
0.164438
-0.002878
0.014797
0.211503
0.075950
-0.040673
0.235678
0.226415
-0.678841
0.103428
-0.076943
0.341371
0.445713
0.142845
-0.622350
0.323054
0.164438
-0.002878
0.014797
0.211503
0.075950
-0.040673
0.235678
0.226415
-0.678841
0.103428
-0.076943
0.341371
0.445713
0.142845
-0.622350
0.323054
0.164438
-0.002878
0.014797
0.211503
0.075950
-0.040673
0.235678
0.226415
-0.678841
0.103428
-0.076943
0.341371
0.445713
0.142845
-0.622350
0.323054
0.164438
-0.002878
0.014797
0.211503
0.075950
-0.040673
0.235678
0.226415
-0.678841
0.103428
-0.076943
0.341371
0.445713
0.142845
-0.622350
0.323054
0.164438
-0.002878
0.014797
0.211503
0.075950
-0.040673
0.235678
0.226415
-0.678841
0.103428
-0.076943
0.341371
