1.603117
0.746234
-1.565808
1.032315
7.302440
1.915743
2.029592
-0.779412
-3.523094
4.706873
0.772350
1.287239
8.932371
-15.395567
-11.092364
10.159259
10.896454
5.060368
-1500.711060
1254.969604
356.910309
276.089325
1405.556885
-1098.795288
-261.666931
3.241983
-900.506775
636.176941
3639.194336
-2065.562500
2133.433594
3169.205078
-0.253913
-2.853575
-9.671893
-14.639754
-3.331766
6.059171
-0.397631
7.276371
2.786310
-2.261006
-9.747618
-5.931758
-27.110931
23.960754
20.340656
-12.693608
-3.770126
-2.157539
511.257172
-408.308868
-118.748047
-94.684807
-480.898132
357.528687
88.420280
-0.665588
306.474457
-206.211380
-1235.858521
669.321472
-695.253723
-1075.235352
-2.440867
-0.926526
93.428658
-81.792534
-25.441858
-18.299006
-91.426628
69.509270
18.025393
-2.079866
58.288868
-42.815044
-232.515976
142.635498
-140.894287
-200.735901
-0.714785
-0.139273
71.410172
-65.118935
-16.330057
-11.846590
-63.932224
57.696026
14.051646
0.126115
42.725739
-34.183590
-178.563400
106.341751
-111.349640
-151.280289
-1.638068
-1.301381
469.554871
-377.304260
-103.999901
-87.558708
-436.427399
326.268280
77.856224
3.710949
277.108459
-189.676620
-1128.330444
602.852539
-630.527588
-989.235840
-0.542319
0.266716
0.323684
-0.309447
-0.390375
-0.642431
-0.551187
0.350564
0.303221
0.061304
0.318135
-0.077262
-1.207368
-0.274532
0.090934
-0.858772
-0.542319
0.266716
0.323684
-0.309447
-0.390375
-0.642431
-0.551187
0.350564
0.303221
0.061304
0.318135
-0.077262
-1.207368
-0.274532
0.090934
-0.858772
-0.542319
0.266716
0.323684
-0.309447
-0.390375
-0.642431
-0.551187
0.350564
0.303221
0.061304
0.318135
-0.077262
-1.207368
-0.274532
0.090934
-0.858772
-0.542319
0.266716
0.323684
-0.309447
-0.390375
-0.642431
-0.551187
0.350564
0.303221
0.061304
0.318135
-0.077262
-1.207368
-0.274532
0.090934
-0.858772
-0.542319
0.266716
0.323684
-0.309447
-0.390375
-0.642431
-0.551187
0.350564
0.303221
0.061304
0.318135
-0.077262
-1.207368
-0.274532
0.090934
-0.858772
-0.542319
0.266716
0.323684
-0.309447
-0.390375
-0.642431
-0.551187
0.350564
0.303221
0.061304
0.318135
-0.077262
-1.207368
-0.274532
0.090934
-0.858772
-0.542319
0.266716
0.323684
-0.309447
-0.390375
-0.642431
-0.551187
0.350564
0.303221
0.061304
0.318135
-0.077262
-1.207368
-0.274532
0.090934
-0.858772
-0.542319
0.266716
0.323684
-0.309447
-0.390375
-0.642431
-0.551187
0.350564
0.303221
0.061304
0.318135
-0.077262
-1.207368
-0.274532
0.090934
-0.858772
-0.542319
0.266716
0.323684
-0.309447
-0.390375
-0.642431
-0.551187
0.350564
0.303221
0.061304
0.318135
-0.077262
-1.207368
-0.274532
0.090934
-0.858772
-0.542319
0.266716
0.323684
-0.309447
-0.390375
-0.642431
-0.551187
0.350564
0.303221
0.061304
0.318135
-0.077262
-1.207368
-0.274532
0.090934
-0.858772
-0.542319
0.266716
0.323684
-0.309447
-0.390375
-0.642431
-0.551187
0.350564
0.303221
0.061304
0.318135
-0.077262
-1.207368
-0.274532
0.090934
-0.858772
-0.542319
0.266716
0.323684
-0.309447
-0.390375
-0.642431
-0.551187
0.350564
0.303221
0.061304
0.318135
-0.077262
-1.207368
-0.274532
0.090934
-0.858772
-0.542319
0.266716
0.323684
-0.309447
-0.390375
-0.642431
-0.551187
0.350564
0.303221
0.061304
0.318135
-0.077262
-1.207368
-0.274532
0.090934
-0.858772
