-0.561393
-1.949779
-17.773109
15.521749
27.136147
-16.485689
-4.200830
-6.307342
-7.073645
-11.776187
-0.504732
13.918941
-8.162318
5.146413
-11.818652
-0.850573
0.921518
0.146905
5.462317
-8.058558
-0.679167
9.129657
6.651836
-3.636021
-2.051446
2.702832
8.833324
3.164330
0.143544
7.137775
9.369492
-0.782638
-1.350400
-0.140572
4.552002
-3.050233
-8.380611
0.865787
-4.289051
2.722673
2.285365
2.664500
3.980331
-3.371089
-2.071900
-1.381385
4.286715
3.162549
-1.094881
0.487360
54.539635
-505.109558
-194.214035
-175.027191
252.089752
209.227463
210.269867
654.046875
823.131775
280.479248
-155.301773
212.486542
-458.270203
-198.941788
-0.390700
0.063918
-12.496379
204.309784
83.916870
65.461021
-104.947746
-76.378769
-95.602715
-253.948730
-334.287994
-97.656143
55.045856
-87.908249
188.055023
77.413185
-0.387320
-1.284659
-6.179554
26.832390
8.362242
12.323732
-12.023527
-14.792972
-3.035492
-41.848637
-44.540623
-22.686291
11.254433
-9.214025
24.227762
12.464426
2.248976
1.503978
-5.144302
26.166357
11.588636
13.710153
-7.496927
-10.256332
-8.520746
-36.922142
-42.317909
-24.619219
10.356383
-12.562112
20.841633
12.782874
-0.137819
-0.092262
-2.627749
123.775833
47.834831
38.181381
-69.822769
-47.060272
-65.014221
-156.640076
-210.586288
-49.570511
34.725563
-54.578381
117.423195
39.963013
0.140084
-0.874627
0.267570
-0.387046
0.148239
0.009123
0.625936
-0.129983
0.221822
0.296906
0.171305
-0.054988
0.540969
-0.180689
0.012691
-0.091313
0.140084
-0.874627
0.267570
-0.387046
0.148239
0.009123
0.625936
-0.129983
0.221822
0.296906
0.171305
-0.054988
0.540969
-0.180689
0.012691
-0.091313
0.140084
-0.874627
0.267570
-0.387046
0.148239
0.009123
0.625936
-0.129983
0.221822
0.296906
0.171305
-0.054988
0.540969
-0.180689
0.012691
-0.091313
0.140084
-0.874627
0.267570
-0.387046
0.148239
0.009123
0.625936
-0.129983
0.221822
0.296906
0.171305
-0.054988
0.540969
-0.180689
0.012691
-0.091313
0.140084
-0.874627
0.267570
-0.387046
0.148239
0.009123
0.625936
-0.129983
0.221822
0.296906
0.171305
-0.054988
0.540969
-0.180689
0.012691
-0.091313
0.140084
-0.874627
0.267570
-0.387046
0.148239
0.009123
0.625936
-0.129983
0.221822
0.296906
0.171305
-0.054988
0.540969
-0.180689
0.012691
-0.091313
0.140084
-0.874627
0.267570
-0.387046
0.148239
0.009123
0.625936
-0.129983
0.221822
0.296906
0.171305
-0.054988
0.540969
-0.180689
0.012691
-0.091313
0.140084
-0.874627
0.267570
-0.387046
0.148239
0.009123
0.625936
-0.129983
0.221822
0.296906
0.171305
-0.054988
0.540969
-0.180689
0.012691
-0.091313
0.140084
-0.874627
0.267570
-0.387046
0.148239
0.009123
0.625936
-0.129983
0.221822
0.296906
0.171305
-0.054988
0.540969
-0.180689
0.012691
-0.091313
0.140084
-0.874627
0.267570
-0.387046
0.148239
0.009123
0.625936
-0.129983
0.221822
0.296906
0.171305
-0.054988
0.540969
-0.180689
0.012691
-0.091313
0.140084
-0.874627
0.267570
-0.387046
0.148239
0.009123
0.625936
-0.129983
0.221822
0.296906
0.171305
-0.054988
0.540969
-0.180689
0.012691
-0.091313
0.140084
-0.874627
0.267570
-0.387046
0.148239
0.009123
0.625936
-0.129983
0.221822
0.296906
0.171305
-0.054988
0.540969
-0.180689
0.012691
-0.091313
