3.019443
0.525708
-451.032959
-139.960617
-187.162308
168.284958
261.410797
-228.958344
691.200867
-65.662758
431.787048
-706.693054
150.576065
164.835663
-248.769867
423.905121
0.519320
-3.636880
20.923319
4.218023
3.314432
-6.789461
-9.045059
11.366448
-29.320799
3.584427
-13.159618
33.980164
-5.081681
-4.427420
9.150305
-21.368200
1.336181
-0.693384
182.967148
66.508713
79.816498
-66.072655
-112.960518
90.825691
-285.717987
14.210273
-191.435333
284.067261
-60.486187
-73.140450
109.760956
-173.057587
-2.559489
0.599246
34.284271
1.972252
10.544015
-15.185415
-16.676567
22.340466
-49.382336
14.851602
-20.201784
52.890713
-12.116703
-11.235977
8.898478
-34.005623
-2.350265
0.824815
103.026466
43.075661
52.794228
-37.521935
-68.309349
49.837158
-170.363968
5.898146
-118.546272
165.014877
-36.619041
-47.107449
69.375389
-94.443298
0.158656
0.430867
0.194442
0.787708
-0.496467
-0.236074
-0.110097
0.093213
0.198949
-0.130509
-0.178907
0.135597
0.123978
0.352084
0.736903
0.030911
0.158656
0.430867
0.194442
0.787708
-0.496467
-0.236074
-0.110097
0.093213
0.198949
-0.130509
-0.178907
0.135597
0.123978
0.352084
0.736903
0.030911
0.158656
0.430867
0.194442
0.787708
-0.496467
-0.236074
-0.110097
0.093213
0.198949
-0.130509
-0.178907
0.135597
0.123978
0.352084
0.736903
0.030911
0.158656
0.430867
0.194442
0.787708
-0.496467
-0.236074
-0.110097
0.093213
0.198949
-0.130509
-0.178907
0.135597
0.123978
0.352084
0.736903
0.030911
0.158656
0.430867
0.194442
0.787708
-0.496467
-0.236074
-0.110097
0.093213
0.198949
-0.130509
-0.178907
0.135597
0.123978
0.352084
0.736903
0.030911
0.158656
0.430867
0.194442
0.787708
-0.496467
-0.236074
-0.110097
0.093213
0.198949
-0.130509
-0.178907
0.135597
0.123978
0.352084
0.736903
0.030911
0.158656
0.430867
0.194442
0.787708
-0.496467
-0.236074
-0.110097
0.093213
0.198949
-0.130509
-0.178907
0.135597
0.123978
0.352084
0.736903
0.030911
0.158656
0.430867
0.194442
0.787708
-0.496467
-0.236074
-0.110097
0.093213
0.198949
-0.130509
-0.178907
0.135597
0.123978
0.352084
0.736903
0.030911
0.158656
0.430867
0.194442
0.787708
-0.496467
-0.236074
-0.110097
0.093213
0.198949
-0.130509
-0.178907
0.135597
0.123978
0.352084
0.736903
0.030911
0.158656
0.430867
0.194442
0.787708
-0.496467
-0.236074
-0.110097
0.093213
0.198949
-0.130509
-0.178907
0.135597
0.123978
0.352084
0.736903
0.030911
0.158656
0.430867
0.194442
0.787708
-0.496467
-0.236074
-0.110097
0.093213
0.198949
-0.130509
-0.178907
0.135597
0.123978
0.352084
0.736903
0.030911
0.158656
0.430867
0.194442
0.787708
-0.496467
-0.236074
-0.110097
0.093213
0.198949
-0.130509
-0.178907
0.135597
0.123978
0.352084
0.736903
0.030911
0.158656
0.430867
0.194442
0.787708
-0.496467
-0.236074
-0.110097
0.093213
0.198949
-0.130509
-0.178907
0.135597
0.123978
0.352084
0.736903
0.030911
0.158656
0.430867
0.194442
0.787708
-0.496467
-0.236074
-0.110097
0.093213
0.198949
-0.130509
-0.178907
0.135597
0.123978
0.352084
0.736903
0.030911
0.158656
0.430867
0.194442
0.787708
-0.496467
-0.236074
-0.110097
0.093213
0.198949
-0.130509
-0.178907
0.135597
0.123978
0.352084
0.736903
0.030911
