-0.416513
3.888978
21.377333
-1.936143
-31.013666
-4.329754
-5.539412
11.459529
-3.308419
12.624295
12.274926
-7.259951
5.789517
-1.857246
2.736622
8.963418
2.892174
0.250181
465.051239
236.839828
255.447174
-128.839523
-280.978363
176.759979
-630.617065
116.747429
-409.546783
671.585266
-121.683807
-219.139008
334.973938
-364.706757
-1.111770
-1.878798
4.253670
-4.258905
-7.178190
2.818285
-4.822630
1.733891
3.329588
0.406892
1.686617
-3.454457
-1.571501
-2.197967
3.451716
2.694981
-0.314829
1.199757
-3.356396
4.856708
5.889726
-2.979118
3.798361
-2.167774
-2.377192
-1.434656
-2.530127
3.726626
2.582229
3.010117
-1.879365
-4.684255
-2.120872
0.755578
-162.981415
-75.575630
-91.629311
47.334221
94.221741
-66.771461
220.340027
-49.300171
137.643387
-245.377823
45.018723
79.175308
-113.876320
133.352524
-0.284035
-1.877223
-19.763721
-11.312700
-11.683167
4.798873
11.495600
-8.645255
31.940887
-2.864811
20.368143
-28.914661
6.455365
10.424479
-17.997128
17.322397
0.817178
0.001596
-30.696798
-19.727640
-15.044909
5.635353
18.087120
-10.731568
42.707901
-2.775892
28.720200
-44.055099
8.734156
18.356085
-22.302797
22.153042
-2.073860
-1.567570
-140.314713
-67.755981
-73.367317
40.039005
82.807945
-51.996605
183.701447
-39.043671
114.618233
-196.991394
36.741756
59.978485
-94.900635
108.449341
0.666889
-0.105618
-0.484177
-0.194003
-0.202436
-0.200804
0.050493
0.642230
-0.349490
0.675535
0.251563
0.509851
-0.160878
0.411370
-0.480984
0.203824
0.666889
-0.105618
-0.484177
-0.194003
-0.202436
-0.200804
0.050493
0.642230
-0.349490
0.675535
0.251563
0.509851
-0.160878
0.411370
-0.480984
0.203824
0.666889
-0.105618
-0.484177
-0.194003
-0.202436
-0.200804
0.050493
0.642230
-0.349490
0.675535
0.251563
0.509851
-0.160878
0.411370
-0.480984
0.203824
0.666889
-0.105618
-0.484177
-0.194003
-0.202436
-0.200804
0.050493
0.642230
-0.349490
0.675535
0.251563
0.509851
-0.160878
0.411370
-0.480984
0.203824
0.666889
-0.105618
-0.484177
-0.194003
-0.202436
-0.200804
0.050493
0.642230
-0.349490
0.675535
0.251563
0.509851
-0.160878
0.411370
-0.480984
0.203824
0.666889
-0.105618
-0.484177
-0.194003
-0.202436
-0.200804
0.050493
0.642230
-0.349490
0.675535
0.251563
0.509851
-0.160878
0.411370
-0.480984
0.203824
0.666889
-0.105618
-0.484177
-0.194003
-0.202436
-0.200804
0.050493
0.642230
-0.349490
0.675535
0.251563
0.509851
-0.160878
0.411370
-0.480984
0.203824
0.666889
-0.105618
-0.484177
-0.194003
-0.202436
-0.200804
0.050493
0.642230
-0.349490
0.675535
0.251563
0.509851
-0.160878
0.411370
-0.480984
0.203824
0.666889
-0.105618
-0.484177
-0.194003
-0.202436
-0.200804
0.050493
0.642230
-0.349490
0.675535
0.251563
0.509851
-0.160878
0.411370
-0.480984
0.203824
0.666889
-0.105618
-0.484177
-0.194003
-0.202436
-0.200804
0.050493
0.642230
-0.349490
0.675535
0.251563
0.509851
-0.160878
0.411370
-0.480984
0.203824
0.666889
-0.105618
-0.484177
-0.194003
-0.202436
-0.200804
0.050493
0.642230
-0.349490
0.675535
0.251563
0.509851
-0.160878
0.411370
-0.480984
0.203824
0.666889
-0.105618
-0.484177
-0.194003
-0.202436
-0.200804
0.050493
0.642230
-0.349490
0.675535
0.251563
0.509851
-0.160878
0.411370
-0.480984
0.203824
