-0.631785
1.013422
4.992667
-2.864090
-7.428372
3.027340
-5.802703
-2.660197
2.851606
4.944220
3.477738
-4.429722
3.519237
-5.284061
3.888462
2.831216
-0.275864
2.414728
-158.824829
-428.175018
-216.540848
-43.069603
288.979279
89.224670
433.561737
435.310181
704.143616
-60.828094
-21.292942
179.616531
-449.601685
28.783094
-0.808564
0.647245
20.234964
21.292629
15.658628
-0.682916
-22.446049
2.423921
-43.559120
-18.889332
-46.754543
21.450792
-5.496577
-15.242444
28.409977
-12.386510
-1.923940
-1.796362
130.890076
330.917603
167.450226
29.299604
-222.354004
-63.440464
-337.406036
-322.911591
-537.231079
58.972923
17.163290
-140.206512
346.282135
-28.716488
2.027634
2.195354
-4.013035
23.170603
11.596638
9.465957
-15.292616
-14.210464
-9.742697
-34.642132
-39.875465
-17.916868
5.589399
-8.710748
23.047527
7.208960
-0.701672
0.394322
-0.635787
-0.078603
0.148688
0.316680
0.375815
0.010526
0.110280
0.462715
-0.320575
0.661581
0.146468
-0.382081
-0.494642
0.003252
-0.701672
0.394322
-0.635787
-0.078603
0.148688
0.316680
0.375815
0.010526
0.110280
0.462715
-0.320575
0.661581
0.146468
-0.382081
-0.494642
0.003252
-0.701672
0.394322
-0.635787
-0.078603
0.148688
0.316680
0.375815
0.010526
0.110280
0.462715
-0.320575
0.661581
0.146468
-0.382081
-0.494642
0.003252
-0.701672
0.394322
-0.635787
-0.078603
0.148688
0.316680
0.375815
0.010526
0.110280
0.462715
-0.320575
0.661581
0.146468
-0.382081
-0.494642
0.003252
-0.701672
0.394322
-0.635787
-0.078603
0.148688
0.316680
0.375815
0.010526
0.110280
0.462715
-0.320575
0.661581
0.146468
-0.382081
-0.494642
0.003252
-0.701672
0.394322
-0.635787
-0.078603
0.148688
0.316680
0.375815
0.010526
0.110280
0.462715
-0.320575
0.661581
0.146468
-0.382081
-0.494642
0.003252
-0.701672
0.394322
-0.635787
-0.078603
0.148688
0.316680
0.375815
0.010526
0.110280
0.462715
-0.320575
0.661581
0.146468
-0.382081
-0.494642
0.003252
-0.701672
0.394322
-0.635787
-0.078603
0.148688
0.316680
0.375815
0.010526
0.110280
0.462715
-0.320575
0.661581
0.146468
-0.382081
-0.494642
0.003252
-0.701672
0.394322
-0.635787
-0.078603
0.148688
0.316680
0.375815
0.010526
0.110280
0.462715
-0.320575
0.661581
0.146468
-0.382081
-0.494642
0.003252
-0.701672
0.394322
-0.635787
-0.078603
0.148688
0.316680
0.375815
0.010526
0.110280
0.462715
-0.320575
0.661581
0.146468
-0.382081
-0.494642
0.003252
-0.701672
0.394322
-0.635787
-0.078603
0.148688
0.316680
0.375815
0.010526
0.110280
0.462715
-0.320575
0.661581
0.146468
-0.382081
-0.494642
0.003252
-0.701672
0.394322
-0.635787
-0.078603
0.148688
0.316680
0.375815
0.010526
0.110280
0.462715
-0.320575
0.661581
0.146468
-0.382081
-0.494642
0.003252
-0.701672
0.394322
-0.635787
-0.078603
0.148688
0.316680
0.375815
0.010526
0.110280
0.462715
-0.320575
0.661581
0.146468
-0.382081
-0.494642
0.003252
-0.701672
0.394322
-0.635787
-0.078603
0.148688
0.316680
0.375815
0.010526
0.110280
0.462715
-0.320575
0.661581
0.146468
-0.382081
-0.494642
0.003252
-0.701672
0.394322
-0.635787
-0.078603
0.148688
0.316680
0.375815
0.010526
0.110280
0.462715
-0.320575
0.661581
0.146468
-0.382081
-0.494642
0.003252
