0.530965
0.275577
6.212114
0.510533
-9.772657
-4.109239
0.354691
-3.528414
-1.575740
6.909699
6.774220
-0.755030
6.220263
-0.262757
-0.581650
5.294340
1.943320
2.690646
-136.046661
334.153442
111.057953
182.872940
-136.785263
-265.408997
35.041622
-593.849426
-499.629700
-454.124786
129.597626
-99.323334
277.215057
239.034973
0.253383
-0.036261
115.259422
-277.885101
-91.180161
-149.842484
108.257072
219.620163
-29.844141
490.278961
409.922180
373.954102
-105.247147
83.179893
-230.329651
-203.491409
1.702237
-0.103458
-0.096740
-0.461429
-0.102522
0.465315
0.292331
0.123988
-0.649230
0.192228
0.397905
-0.178566
0.179983
0.201602
-0.325674
-0.108151
1.702237
-0.103458
-0.096740
-0.461429
-0.102522
0.465315
0.292331
0.123988
-0.649230
0.192228
0.397905
-0.178566
0.179983
0.201602
-0.325674
-0.108151
1.702237
-0.103458
-0.096740
-0.461429
-0.102522
0.465315
0.292331
0.123988
-0.649230
0.192228
0.397905
-0.178566
0.179983
0.201602
-0.325674
-0.108151
1.702237
-0.103458
-0.096740
-0.461429
-0.102522
0.465315
0.292331
0.123988
-0.649230
0.192228
0.397905
-0.178566
0.179983
0.201602
-0.325674
-0.108151
1.702237
-0.103458
-0.096740
-0.461429
-0.102522
0.465315
0.292331
0.123988
-0.649230
0.192228
0.397905
-0.178566
0.179983
0.201602
-0.325674
-0.108151
1.702237
-0.103458
-0.096740
-0.461429
-0.102522
0.465315
0.292331
0.123988
-0.649230
0.192228
0.397905
-0.178566
0.179983
0.201602
-0.325674
-0.108151
1.702237
-0.103458
-0.096740
-0.461429
-0.102522
0.465315
0.292331
0.123988
-0.649230
0.192228
0.397905
-0.178566
0.179983
0.201602
-0.325674
-0.108151
1.702237
-0.103458
-0.096740
-0.461429
-0.102522
0.465315
0.292331
0.123988
-0.649230
0.192228
0.397905
-0.178566
0.179983
0.201602
-0.325674
-0.108151
1.702237
-0.103458
-0.096740
-0.461429
-0.102522
0.465315
0.292331
0.123988
-0.649230
0.192228
0.397905
-0.178566
0.179983
0.201602
-0.325674
-0.108151
1.702237
-0.103458
-0.096740
-0.461429
-0.102522
0.465315
0.292331
0.123988
-0.649230
0.192228
0.397905
-0.178566
0.179983
0.201602
-0.325674
-0.108151
1.702237
-0.103458
-0.096740
-0.461429
-0.102522
0.465315
0.292331
0.123988
-0.649230
0.192228
0.397905
-0.178566
0.179983
0.201602
-0.325674
-0.108151
1.702237
-0.103458
-0.096740
-0.461429
-0.102522
0.465315
0.292331
0.123988
-0.649230
0.192228
0.397905
-0.178566
0.179983
0.201602
-0.325674
-0.108151
1.702237
-0.103458
-0.096740
-0.461429
-0.102522
0.465315
0.292331
0.123988
-0.649230
0.192228
0.397905
-0.178566
0.179983
0.201602
-0.325674
-0.108151
1.702237
-0.103458
-0.096740
-0.461429
-0.102522
0.465315
0.292331
0.123988
-0.649230
0.192228
0.397905
-0.178566
0.179983
0.201602
-0.325674
-0.108151
1.702237
-0.103458
-0.096740
-0.461429
-0.102522
0.465315
0.292331
0.123988
-0.649230
0.192228
0.397905
-0.178566
0.179983
0.201602
-0.325674
-0.108151
1.702237
-0.103458
-0.096740
-0.461429
-0.102522
0.465315
0.292331
0.123988
-0.649230
0.192228
0.397905
-0.178566
0.179983
0.201602
-0.325674
-0.108151
1.702237
-0.103458
-0.096740
-0.461429
-0.102522
0.465315
0.292331
0.123988
-0.649230
0.192228
0.397905
-0.178566
0.179983
0.201602
-0.325674
-0.108151
