1.526941
0.747480
-5.700112
3.522409
9.801545
0.200841
3.233962
-0.821540
-1.676642
-3.335508
-3.673929
1.080137
-1.278550
2.382069
-0.613776
-3.973862
-0.254995
-0.103197
-18.519747
10.013720
28.824171
-13.014711
-2.738953
-7.841125
-3.855151
-4.378757
-2.314324
15.567754
-1.581050
2.158891
-9.390962
-2.691448
1.556160
-2.329067
-7.229260
-2.527896
-5.471164
-7.110574
0.411628
-1.847966
-1.615463
-14.689296
-5.351438
25.038446
16.845007
-8.276124
-11.606553
-7.156603
-0.491285
0.413290
-668.577087
-388.485626
-134.531967
-1009.211670
-169.604431
-87.300278
-104.270409
-1882.569702
-361.727875
-2126.051270
-1684.388550
1198.362549
-1607.967773
-232.075623
1.006209
1.807331
264.746521
141.963776
66.873550
394.414642
69.788734
30.348661
66.744217
736.645630
167.344238
829.362244
645.724731
-490.956665
632.041626
67.680023
3.545912
-2.836476
39.416016
33.572323
-4.078084
67.940956
3.877355
5.164490
-21.322353
124.851265
-5.929914
145.141449
131.863190
-55.146252
103.101418
38.917313
1.768661
0.331095
27.893661
25.449116
-3.638898
49.808052
2.993796
1.795046
-17.142160
87.765236
-10.026381
100.334930
96.601288
-30.352654
73.555725
27.801628
-2.741554
-0.710839
180.241898
94.182373
50.497822
253.851425
42.498169
20.705854
53.080414
487.251984
129.599396
544.632568
409.562500
-336.968933
420.909546
36.857246
-0.799230
-0.199523
0.477561
-0.275927
-0.572412
-0.050695
0.000871
0.324207
-0.383133
-0.031028
-0.271795
-0.321872
0.285388
-0.001399
0.145470
0.055491
-0.799230
-0.199523
0.477561
-0.275927
-0.572412
-0.050695
0.000871
0.324207
-0.383133
-0.031028
-0.271795
-0.321872
0.285388
-0.001399
0.145470
0.055491
-0.799230
-0.199523
0.477561
-0.275927
-0.572412
-0.050695
0.000871
0.324207
-0.383133
-0.031028
-0.271795
-0.321872
0.285388
-0.001399
0.145470
0.055491
-0.799230
-0.199523
0.477561
-0.275927
-0.572412
-0.050695
0.000871
0.324207
-0.383133
-0.031028
-0.271795
-0.321872
0.285388
-0.001399
0.145470
0.055491
-0.799230
-0.199523
0.477561
-0.275927
-0.572412
-0.050695
0.000871
0.324207
-0.383133
-0.031028
-0.271795
-0.321872
0.285388
-0.001399
0.145470
0.055491
-0.799230
-0.199523
0.477561
-0.275927
-0.572412
-0.050695
0.000871
0.324207
-0.383133
-0.031028
-0.271795
-0.321872
0.285388
-0.001399
0.145470
0.055491
-0.799230
-0.199523
0.477561
-0.275927
-0.572412
-0.050695
0.000871
0.324207
-0.383133
-0.031028
-0.271795
-0.321872
0.285388
-0.001399
0.145470
0.055491
-0.799230
-0.199523
0.477561
-0.275927
-0.572412
-0.050695
0.000871
0.324207
-0.383133
-0.031028
-0.271795
-0.321872
0.285388
-0.001399
0.145470
0.055491
-0.799230
-0.199523
0.477561
-0.275927
-0.572412
-0.050695
0.000871
0.324207
-0.383133
-0.031028
-0.271795
-0.321872
0.285388
-0.001399
0.145470
0.055491
-0.799230
-0.199523
0.477561
-0.275927
-0.572412
-0.050695
0.000871
0.324207
-0.383133
-0.031028
-0.271795
-0.321872
0.285388
-0.001399
0.145470
0.055491
-0.799230
-0.199523
0.477561
-0.275927
-0.572412
-0.050695
0.000871
0.324207
-0.383133
-0.031028
-0.271795
-0.321872
0.285388
-0.001399
0.145470
0.055491
-0.799230
-0.199523
0.477561
-0.275927
-0.572412
-0.050695
0.000871
0.324207
-0.383133
-0.031028
-0.271795
-0.321872
0.285388
-0.001399
0.145470
0.055491
