-0.221180
-0.964863
-4.790384
4.717437
9.340045
-3.389270
3.275733
-2.967768
-3.147180
-1.236539
-3.499525
3.767605
2.448141
3.469616
-4.708941
-3.846766
-1.431955
1.847476
-6.360542
-5.514441
4.288959
-10.285914
-0.231240
-0.205308
13.560921
-10.406709
-20.496576
15.959871
15.696330
4.147207
0.018806
-7.153711
0.628574
-0.295601
-692.266418
281.147339
-781.706848
-455.596619
-176.594177
27.332502
-1636.912231
-1082.653809
-1834.010864
-969.147034
-128.060684
2111.802979
-1099.753540
1032.240723
-2.648921
2.179347
414.929779
-168.309967
465.411346
279.822540
104.917427
-12.688319
979.981506
651.074097
1096.032959
576.673279
83.130424
-1260.458618
659.820618
-611.664124
-0.392505
-0.569841
92.307747
-33.074406
102.921944
61.503990
23.684315
-4.900689
217.010590
155.200073
243.579651
140.986923
25.168945
-285.975586
151.308716
-133.062851
0.399912
-2.295254
50.170132
-21.264751
54.755241
28.396391
11.958776
-4.610184
114.551140
67.364883
127.086334
64.688644
2.480597
-145.833557
73.905312
-76.481804
0.064163
-0.258354
-0.326618
0.913435
0.272492
-0.237710
0.815346
-0.153304
0.377504
0.252751
0.093743
0.742608
-0.185340
-0.682729
0.467184
0.138891
0.064163
-0.258354
-0.326618
0.913435
0.272492
-0.237710
0.815346
-0.153304
0.377504
0.252751
0.093743
0.742608
-0.185340
-0.682729
0.467184
0.138891
0.064163
-0.258354
-0.326618
0.913435
0.272492
-0.237710
0.815346
-0.153304
0.377504
0.252751
0.093743
0.742608
-0.185340
-0.682729
0.467184
0.138891
0.064163
-0.258354
-0.326618
0.913435
0.272492
-0.237710
0.815346
-0.153304
0.377504
0.252751
0.093743
0.742608
-0.185340
-0.682729
0.467184
0.138891
0.064163
-0.258354
-0.326618
0.913435
0.272492
-0.237710
0.815346
-0.153304
0.377504
0.252751
0.093743
0.742608
-0.185340
-0.682729
0.467184
0.138891
0.064163
-0.258354
-0.326618
0.913435
0.272492
-0.237710
0.815346
-0.153304
0.377504
0.252751
0.093743
0.742608
-0.185340
-0.682729
0.467184
0.138891
0.064163
-0.258354
-0.326618
0.913435
0.272492
-0.237710
0.815346
-0.153304
0.377504
0.252751
0.093743
0.742608
-0.185340
-0.682729
0.467184
0.138891
0.064163
-0.258354
-0.326618
0.913435
0.272492
-0.237710
0.815346
-0.153304
0.377504
0.252751
0.093743
0.742608
-0.185340
-0.682729
0.467184
0.138891
0.064163
-0.258354
-0.326618
0.913435
0.272492
-0.237710
0.815346
-0.153304
0.377504
0.252751
0.093743
0.742608
-0.185340
-0.682729
0.467184
0.138891
0.064163
-0.258354
-0.326618
0.913435
0.272492
-0.237710
0.815346
-0.153304
0.377504
0.252751
0.093743
0.742608
-0.185340
-0.682729
0.467184
0.138891
0.064163
-0.258354
-0.326618
0.913435
0.272492
-0.237710
0.815346
-0.153304
0.377504
0.252751
0.093743
0.742608
-0.185340
-0.682729
0.467184
0.138891
0.064163
-0.258354
-0.326618
0.913435
0.272492
-0.237710
0.815346
-0.153304
0.377504
0.252751
0.093743
0.742608
-0.185340
-0.682729
0.467184
0.138891
0.064163
-0.258354
-0.326618
0.913435
0.272492
-0.237710
0.815346
-0.153304
0.377504
0.252751
0.093743
0.742608
-0.185340
-0.682729
0.467184
0.138891
0.064163
-0.258354
-0.326618
0.913435
0.272492
-0.237710
0.815346
-0.153304
0.377504
0.252751
0.093743
0.742608
-0.185340
-0.682729
0.467184
0.138891
