-2.192730
0.594978
7.364436
-0.198891
-7.293193
-3.547211
-4.010069
-1.979258
2.172369
3.713343
4.974543
0.529355
0.032641
-3.566895
0.988641
4.562089
0.535309
-0.267131
-5.602419
-3.359498
-3.919799
-7.419480
-0.118095
-1.375780
2.082095
-13.300023
-9.753641
15.389384
17.507730
-5.077421
-6.581259
-7.052713
5.266860
3.973077
-567.679871
-157.657288
-358.856384
-695.023926
-79.670303
-6.008930
-550.377869
-1509.632202
-669.851990
-1435.037231
-1163.813354
1380.722412
-1225.581909
167.418381
-0.743093
-1.476449
7.684669
-1.173847
-2.453273
7.805755
5.464014
1.159308
-1.758598
13.341400
6.685379
-19.119669
-12.644003
6.546796
4.153479
5.126479
0.284181
-3.441569
505.668488
140.455185
321.363525
622.322937
71.528854
5.596137
493.001923
1351.936523
597.209290
1283.706787
1042.421265
-1235.411255
1095.278687
-151.662460
0.164129
0.213608
-0.332370
-0.166243
0.356667
0.626388
1.016106
0.199196
1.211390
-0.829542
0.194846
-0.621024
-0.367951
-0.888619
-0.509628
-0.673108
0.164129
0.213608
-0.332370
-0.166243
0.356667
0.626388
1.016106
0.199196
1.211390
-0.829542
0.194846
-0.621024
-0.367951
-0.888619
-0.509628
-0.673108
0.164129
0.213608
-0.332370
-0.166243
0.356667
0.626388
1.016106
0.199196
1.211390
-0.829542
0.194846
-0.621024
-0.367951
-0.888619
-0.509628
-0.673108
0.164129
0.213608
-0.332370
-0.166243
0.356667
0.626388
1.016106
0.199196
1.211390
-0.829542
0.194846
-0.621024
-0.367951
-0.888619
-0.509628
-0.673108
0.164129
0.213608
-0.332370
-0.166243
0.356667
0.626388
1.016106
0.199196
1.211390
-0.829542
0.194846
-0.621024
-0.367951
-0.888619
-0.509628
-0.673108
0.164129
0.213608
-0.332370
-0.166243
0.356667
0.626388
1.016106
0.199196
1.211390
-0.829542
0.194846
-0.621024
-0.367951
-0.888619
-0.509628
-0.673108
0.164129
0.213608
-0.332370
-0.166243
0.356667
0.626388
1.016106
0.199196
1.211390
-0.829542
0.194846
-0.621024
-0.367951
-0.888619
-0.509628
-0.673108
0.164129
0.213608
-0.332370
-0.166243
0.356667
0.626388
1.016106
0.199196
1.211390
-0.829542
0.194846
-0.621024
-0.367951
-0.888619
-0.509628
-0.673108
0.164129
0.213608
-0.332370
-0.166243
0.356667
0.626388
1.016106
0.199196
1.211390
-0.829542
0.194846
-0.621024
-0.367951
-0.888619
-0.509628
-0.673108
0.164129
0.213608
-0.332370
-0.166243
0.356667
0.626388
1.016106
0.199196
1.211390
-0.829542
0.194846
-0.621024
-0.367951
-0.888619
-0.509628
-0.673108
0.164129
0.213608
-0.332370
-0.166243
0.356667
0.626388
1.016106
0.199196
1.211390
-0.829542
0.194846
-0.621024
-0.367951
-0.888619
-0.509628
-0.673108
0.164129
0.213608
-0.332370
-0.166243
0.356667
0.626388
1.016106
0.199196
1.211390
-0.829542
0.194846
-0.621024
-0.367951
-0.888619
-0.509628
-0.673108
0.164129
0.213608
-0.332370
-0.166243
0.356667
0.626388
1.016106
0.199196
1.211390
-0.829542
0.194846
-0.621024
-0.367951
-0.888619
-0.509628
-0.673108
0.164129
0.213608
-0.332370
-0.166243
0.356667
0.626388
1.016106
0.199196
1.211390
-0.829542
0.194846
-0.621024
-0.367951
-0.888619
-0.509628
-0.673108
0.164129
0.213608
-0.332370
-0.166243
0.356667
0.626388
1.016106
0.199196
1.211390
-0.829542
0.194846
-0.621024
-0.367951
-0.888619
-0.509628
-0.673108
