-0.987297
1.493798
1.443440
5.720015
-1.385980
-8.429480
0.397600
-3.443867
-3.689227
1.770415
3.349304
5.048061
3.966738
-0.619071
-4.973264
1.421651
0.752788
3.557742
0.461673
-7.124753
6.752995
-4.385131
-2.448728
0.667698
13.493010
5.894001
-15.389637
-5.508285
6.887764
17.632250
6.658426
-7.884441
2.668152
-0.233632
-195.059631
565.939026
-712.465820
337.130280
-13.794236
78.600983
-1553.178955
490.140961
-1491.517456
610.551270
1350.046021
1229.922363
114.325737
1254.173584
-0.549374
3.194517
173.303757
-489.339386
612.847717
-289.421753
11.897641
-69.772667
1339.493652
-420.847534
1289.805420
-524.318115
-1165.079224
-1062.223267
-96.701012
-1082.298340
0.590328
0.513907
-0.065649
-0.067416
-0.008374
-0.369975
-0.144516
0.606197
-0.238919
0.413505
0.670823
0.729421
0.258830
-0.183245
0.234256
0.141532
0.590328
0.513907
-0.065649
-0.067416
-0.008374
-0.369975
-0.144516
0.606197
-0.238919
0.413505
0.670823
0.729421
0.258830
-0.183245
0.234256
0.141532
0.590328
0.513907
-0.065649
-0.067416
-0.008374
-0.369975
-0.144516
0.606197
-0.238919
0.413505
0.670823
0.729421
0.258830
-0.183245
0.234256
0.141532
0.590328
0.513907
-0.065649
-0.067416
-0.008374
-0.369975
-0.144516
0.606197
-0.238919
0.413505
0.670823
0.729421
0.258830
-0.183245
0.234256
0.141532
0.590328
0.513907
-0.065649
-0.067416
-0.008374
-0.369975
-0.144516
0.606197
-0.238919
0.413505
0.670823
0.729421
0.258830
-0.183245
0.234256
0.141532
0.590328
0.513907
-0.065649
-0.067416
-0.008374
-0.369975
-0.144516
0.606197
-0.238919
0.413505
0.670823
0.729421
0.258830
-0.183245
0.234256
0.141532
0.590328
0.513907
-0.065649
-0.067416
-0.008374
-0.369975
-0.144516
0.606197
-0.238919
0.413505
0.670823
0.729421
0.258830
-0.183245
0.234256
0.141532
0.590328
0.513907
-0.065649
-0.067416
-0.008374
-0.369975
-0.144516
0.606197
-0.238919
0.413505
0.670823
0.729421
0.258830
-0.183245
0.234256
0.141532
0.590328
0.513907
-0.065649
-0.067416
-0.008374
-0.369975
-0.144516
0.606197
-0.238919
0.413505
0.670823
0.729421
0.258830
-0.183245
0.234256
0.141532
0.590328
0.513907
-0.065649
-0.067416
-0.008374
-0.369975
-0.144516
0.606197
-0.238919
0.413505
0.670823
0.729421
0.258830
-0.183245
0.234256
0.141532
0.590328
0.513907
-0.065649
-0.067416
-0.008374
-0.369975
-0.144516
0.606197
-0.238919
0.413505
0.670823
0.729421
0.258830
-0.183245
0.234256
0.141532
0.590328
0.513907
-0.065649
-0.067416
-0.008374
-0.369975
-0.144516
0.606197
-0.238919
0.413505
0.670823
0.729421
0.258830
-0.183245
0.234256
0.141532
0.590328
0.513907
-0.065649
-0.067416
-0.008374
-0.369975
-0.144516
0.606197
-0.238919
0.413505
0.670823
0.729421
0.258830
-0.183245
0.234256
0.141532
0.590328
0.513907
-0.065649
-0.067416
-0.008374
-0.369975
-0.144516
0.606197
-0.238919
0.413505
0.670823
0.729421
0.258830
-0.183245
0.234256
0.141532
0.590328
0.513907
-0.065649
-0.067416
-0.008374
-0.369975
-0.144516
0.606197
-0.238919
0.413505
0.670823
0.729421
0.258830
-0.183245
0.234256
0.141532
0.590328
0.513907
-0.065649
-0.067416
-0.008374
-0.369975
-0.144516
0.606197
-0.238919
0.413505
0.670823
0.729421
0.258830
-0.183245
0.234256
0.141532
