0.952933
5.270206
16.045965
-23.319078
-27.519701
30.545799
-16.573900
-0.581618
10.510262
12.549259
4.733232
-20.945704
1.108741
-25.370312
13.784445
3.530738
-0.097744
0.423776
-4.833218
-3.076754
11.147135
-5.028858
-0.380644
-3.598483
15.047019
0.217460
-20.261248
-4.759330
5.592394
8.953051
4.839324
-4.209230
-0.114964
-2.581601
-331.935181
496.450806
-756.801514
163.626602
-46.215088
87.681732
-1608.459229
160.974487
-1571.925537
263.714752
1054.479858
1460.921143
-149.160858
1233.748535
-0.314596
2.772566
3.537943
-19.424305
20.167915
-18.202087
-1.446542
-0.732682
50.401211
-28.495962
49.214558
-34.246849
-57.163712
-30.346533
-16.934879
-42.215607
0.409947
-1.613493
287.455109
-436.280914
656.386597
-143.319016
44.354958
-79.119362
1401.399414
-148.503296
1366.320679
-235.768478
-926.705383
-1266.148315
125.998611
-1072.329102
-0.081282
0.698046
-0.597807
-0.666685
0.151357
-0.366854
-0.492742
0.130803
-0.499469
0.156710
-0.413047
-0.440452
-0.696431
0.195060
-0.763180
0.783442
-0.081282
0.698046
-0.597807
-0.666685
0.151357
-0.366854
-0.492742
0.130803
-0.499469
0.156710
-0.413047
-0.440452
-0.696431
0.195060
-0.763180
0.783442
-0.081282
0.698046
-0.597807
-0.666685
0.151357
-0.366854
-0.492742
0.130803
-0.499469
0.156710
-0.413047
-0.440452
-0.696431
0.195060
-0.763180
0.783442
-0.081282
0.698046
-0.597807
-0.666685
0.151357
-0.366854
-0.492742
0.130803
-0.499469
0.156710
-0.413047
-0.440452
-0.696431
0.195060
-0.763180
0.783442
-0.081282
0.698046
-0.597807
-0.666685
0.151357
-0.366854
-0.492742
0.130803
-0.499469
0.156710
-0.413047
-0.440452
-0.696431
0.195060
-0.763180
0.783442
-0.081282
0.698046
-0.597807
-0.666685
0.151357
-0.366854
-0.492742
0.130803
-0.499469
0.156710
-0.413047
-0.440452
-0.696431
0.195060
-0.763180
0.783442
-0.081282
0.698046
-0.597807
-0.666685
0.151357
-0.366854
-0.492742
0.130803
-0.499469
0.156710
-0.413047
-0.440452
-0.696431
0.195060
-0.763180
0.783442
-0.081282
0.698046
-0.597807
-0.666685
0.151357
-0.366854
-0.492742
0.130803
-0.499469
0.156710
-0.413047
-0.440452
-0.696431
0.195060
-0.763180
0.783442
-0.081282
0.698046
-0.597807
-0.666685
0.151357
-0.366854
-0.492742
0.130803
-0.499469
0.156710
-0.413047
-0.440452
-0.696431
0.195060
-0.763180
0.783442
-0.081282
0.698046
-0.597807
-0.666685
0.151357
-0.366854
-0.492742
0.130803
-0.499469
0.156710
-0.413047
-0.440452
-0.696431
0.195060
-0.763180
0.783442
-0.081282
0.698046
-0.597807
-0.666685
0.151357
-0.366854
-0.492742
0.130803
-0.499469
0.156710
-0.413047
-0.440452
-0.696431
0.195060
-0.763180
0.783442
-0.081282
0.698046
-0.597807
-0.666685
0.151357
-0.366854
-0.492742
0.130803
-0.499469
0.156710
-0.413047
-0.440452
-0.696431
0.195060
-0.763180
0.783442
-0.081282
0.698046
-0.597807
-0.666685
0.151357
-0.366854
-0.492742
0.130803
-0.499469
0.156710
-0.413047
-0.440452
-0.696431
0.195060
-0.763180
0.783442
-0.081282
0.698046
-0.597807
-0.666685
0.151357
-0.366854
-0.492742
0.130803
-0.499469
0.156710
-0.413047
-0.440452
-0.696431
0.195060
-0.763180
0.783442
-0.081282
0.698046
-0.597807
-0.666685
0.151357
-0.366854
-0.492742
0.130803
-0.499469
0.156710
-0.413047
-0.440452
-0.696431
0.195060
-0.763180
0.783442
