-1.583664
2.929587
14.791606
7.342775
-17.976612
-18.857441
-1.335491
1.974532
-6.853001
11.035986
7.682788
1.467138
5.407996
9.490829
2.925657
10.012359
-0.425284
0.280504
6.399271
-0.294662
-8.404899
0.857580
-2.314734
-2.701106
0.716842
4.422801
4.479100
-2.425132
3.455960
-3.514038
2.308455
4.499532
3.412035
2.007311
-0.414005
5.401956
-8.987513
3.767499
0.019970
-0.313102
-11.108480
-2.009778
19.014439
-4.971820
-7.957525
-13.560556
-6.252885
4.652871
-3.012811
-0.554833
208.679642
-470.649567
778.635376
-178.662216
-1.665784
68.512810
1743.626709
-20.510798
1731.954468
-174.812866
-1142.543091
-1422.107300
94.404381
-1286.727661
0.713852
-0.022367
-5.202148
0.541966
7.908034
-0.737121
3.112813
2.878132
0.312539
-3.536308
-3.255839
2.599602
-4.199807
3.271259
-2.274766
-2.880498
1.838885
-0.676130
-96.817467
204.082245
-341.006958
76.289108
4.599166
-25.512100
-741.132019
-3.605166
-738.761536
64.665092
485.634033
629.874512
-47.760612
554.271790
1.349605
-0.799108
-10.506304
38.293087
-57.713333
25.674377
3.495192
-2.413439
-139.400314
26.548124
-135.675415
40.536545
108.262901
93.960640
4.514829
103.600471
0.251171
-2.191157
-1.268971
15.432629
-22.049622
15.511827
-0.052919
-2.413450
-56.748718
21.682426
-53.580139
20.433378
51.387135
35.382744
8.240552
40.167156
1.520594
1.774020
-59.314384
107.090599
-184.151031
21.277416
-0.626377
-18.751139
-415.321198
-29.721432
-418.792908
7.493689
237.954880
350.162659
-45.274895
305.299713
0.091876
-0.090427
0.548218
0.232182
0.395646
0.296228
-0.074079
-0.473196
0.056081
-0.776841
-0.056541
-0.387024
-0.293332
-0.238247
-0.459936
-0.061904
0.091876
-0.090427
0.548218
0.232182
0.395646
0.296228
-0.074079
-0.473196
0.056081
-0.776841
-0.056541
-0.387024
-0.293332
-0.238247
-0.459936
-0.061904
0.091876
-0.090427
0.548218
0.232182
0.395646
0.296228
-0.074079
-0.473196
0.056081
-0.776841
-0.056541
-0.387024
-0.293332
-0.238247
-0.459936
-0.061904
0.091876
-0.090427
0.548218
0.232182
0.395646
0.296228
-0.074079
-0.473196
0.056081
-0.776841
-0.056541
-0.387024
-0.293332
-0.238247
-0.459936
-0.061904
0.091876
-0.090427
0.548218
0.232182
0.395646
0.296228
-0.074079
-0.473196
0.056081
-0.776841
-0.056541
-0.387024
-0.293332
-0.238247
-0.459936
-0.061904
0.091876
-0.090427
0.548218
0.232182
0.395646
0.296228
-0.074079
-0.473196
0.056081
-0.776841
-0.056541
-0.387024
-0.293332
-0.238247
-0.459936
-0.061904
0.091876
-0.090427
0.548218
0.232182
0.395646
0.296228
-0.074079
-0.473196
0.056081
-0.776841
-0.056541
-0.387024
-0.293332
-0.238247
-0.459936
-0.061904
0.091876
-0.090427
0.548218
0.232182
0.395646
0.296228
-0.074079
-0.473196
0.056081
-0.776841
-0.056541
-0.387024
-0.293332
-0.238247
-0.459936
-0.061904
0.091876
-0.090427
0.548218
0.232182
0.395646
0.296228
-0.074079
-0.473196
0.056081
-0.776841
-0.056541
-0.387024
-0.293332
-0.238247
-0.459936
-0.061904
0.091876
-0.090427
0.548218
0.232182
0.395646
0.296228
-0.074079
-0.473196
0.056081
-0.776841
-0.056541
-0.387024
-0.293332
-0.238247
-0.459936
-0.061904
0.091876
-0.090427
0.548218
0.232182
0.395646
0.296228
-0.074079
-0.473196
0.056081
-0.776841
-0.056541
-0.387024
-0.293332
-0.238247
-0.459936
-0.061904
