1.967566
1.740393
-27.090115
22.278217
35.621140
-16.881353
17.718729
3.844975
-12.154305
-16.616884
-15.518082
21.905519
-2.075572
13.517438
-12.825647
-11.937794
-1.923107
-0.566386
-85.993607
-356.580780
-186.729706
-194.455933
230.994598
-114.209366
220.613022
-128.604416
707.805542
-138.694473
-543.549988
112.851456
-327.364166
-239.200104
0.803477
0.463804
-5.505353
-10.837013
9.025530
8.422843
-0.395763
-7.520669
-0.015184
4.706474
6.238851
-7.450392
8.337854
0.804147
3.607629
-10.113631
0.669383
0.123397
-1.389546
-4.160312
2.790761
7.259157
-3.511919
-2.364525
3.268827
1.620196
-2.572887
-3.469855
0.522874
-6.037947
1.716995
-1.764304
0.882993
-1.443970
-0.098571
14.579586
10.083300
9.173899
-9.941877
1.371329
-8.341289
1.917994
-31.399532
3.132978
21.958721
-2.144547
8.734776
12.258179
0.866674
0.499340
36.783981
150.915634
76.190460
80.823784
-95.071648
49.009872
-90.314804
54.795589
-290.164337
62.763828
224.142548
-49.800068
137.226639
99.704750
-1.395077
-0.714142
6.285582
24.524313
13.068245
13.902709
-17.177418
2.446840
-18.914013
5.249243
-51.182476
4.593927
37.168884
-2.965335
20.529285
21.472422
-0.424179
2.679428
23.234873
81.173363
43.365986
47.518211
-56.509884
33.467384
-55.039585
33.168587
-171.911118
34.576740
132.306595
-31.298992
80.444153
54.859898
-0.387308
-0.201707
0.687580
0.079911
-0.288433
-0.122807
-0.273922
0.196050
-0.500700
-0.416395
-0.206148
0.101190
0.144246
-0.151587
-0.217319
-0.355460
-0.387308
-0.201707
0.687580
0.079911
-0.288433
-0.122807
-0.273922
0.196050
-0.500700
-0.416395
-0.206148
0.101190
0.144246
-0.151587
-0.217319
-0.355460
-0.387308
-0.201707
0.687580
0.079911
-0.288433
-0.122807
-0.273922
0.196050
-0.500700
-0.416395
-0.206148
0.101190
0.144246
-0.151587
-0.217319
-0.355460
-0.387308
-0.201707
0.687580
0.079911
-0.288433
-0.122807
-0.273922
0.196050
-0.500700
-0.416395
-0.206148
0.101190
0.144246
-0.151587
-0.217319
-0.355460
-0.387308
-0.201707
0.687580
0.079911
-0.288433
-0.122807
-0.273922
0.196050
-0.500700
-0.416395
-0.206148
0.101190
0.144246
-0.151587
-0.217319
-0.355460
-0.387308
-0.201707
0.687580
0.079911
-0.288433
-0.122807
-0.273922
0.196050
-0.500700
-0.416395
-0.206148
0.101190
0.144246
-0.151587
-0.217319
-0.355460
-0.387308
-0.201707
0.687580
0.079911
-0.288433
-0.122807
-0.273922
0.196050
-0.500700
-0.416395
-0.206148
0.101190
0.144246
-0.151587
-0.217319
-0.355460
-0.387308
-0.201707
0.687580
0.079911
-0.288433
-0.122807
-0.273922
0.196050
-0.500700
-0.416395
-0.206148
0.101190
0.144246
-0.151587
-0.217319
-0.355460
-0.387308
-0.201707
0.687580
0.079911
-0.288433
-0.122807
-0.273922
0.196050
-0.500700
-0.416395
-0.206148
0.101190
0.144246
-0.151587
-0.217319
-0.355460
-0.387308
-0.201707
0.687580
0.079911
-0.288433
-0.122807
-0.273922
0.196050
-0.500700
-0.416395
-0.206148
0.101190
0.144246
-0.151587
-0.217319
-0.355460
-0.387308
-0.201707
0.687580
0.079911
-0.288433
-0.122807
-0.273922
0.196050
-0.500700
-0.416395
-0.206148
0.101190
0.144246
-0.151587
-0.217319
-0.355460
-0.387308
-0.201707
0.687580
0.079911
-0.288433
-0.122807
-0.273922
0.196050
-0.500700
-0.416395
-0.206148
0.101190
0.144246
-0.151587
-0.217319
-0.355460
