-3.772882
0.473308
30.356592
25.094204
5.197458
-43.016853
-10.312225
2.727681
45.778530
-54.853012
48.857212
-32.951008
138.210770
-232.672836
7.817555
-15.168800
-6.719450
6.919989
-15.264114
-7.844403
-28.087299
5.282618
-10.596090
2.614280
-70.118713
16.031946
-54.424171
19.605551
-269.960327
110.765869
-2.733318
8.254699
1.493422
1.480858
5.388542
6.345448
-7.322587
-7.122274
0.889282
-3.968467
-2.471222
2.745008
5.395560
3.002211
5.318761
-0.921859
-2.324101
3.462557
0.964208
0.688972
-4.953097
-7.293395
8.133170
1.140529
-1.971966
-5.542300
0.751042
4.336025
4.375948
-5.691769
3.895245
0.191122
0.033763
-9.166467
-2.971498
-11.519233
-1.546966
-2.043118
0.348696
16.949408
3.182628
0.678993
-1.851019
16.835728
2.005953
15.546423
22.997755
109.564896
4.392840
4.017079
0.185877
-1.058275
271.420410
-228.239151
93.038391
-203.483093
138.708054
173.981506
93.483612
50.805317
194.664673
535.448914
-248.129333
-284.840942
62.646004
-329.609558
-10.885540
6.870440
4.246938
9.938221
8.031333
6.388161
7.089527
5.514298
25.983934
13.289472
21.310640
14.130295
105.592194
29.726746
0.483709
-2.152264
-0.415232
-0.994656
-109.748711
98.585915
-31.959282
88.827332
-61.973663
-72.760193
-45.178204
-17.723351
-99.182213
-224.105606
127.364746
110.583969
-26.737082
137.281982
-0.793833
1.208464
-17.114332
11.214782
-3.217982
12.585929
-6.949277
-7.055488
-1.916210
-1.754520
-11.185562
-29.719101
9.950792
12.479311
-1.787849
20.385786
-0.946652
-0.622798
-66.934517
54.388023
-28.826685
48.111023
-31.192757
-40.765011
-18.589149
-17.424082
-35.069214
-132.763000
44.819290
78.204842
-16.370792
81.159790
0.827468
0.227504
0.186630
-0.067237
0.236406
0.153617
0.272071
-0.404162
-0.244274
0.175428
0.360469
0.536043
0.060311
-0.108679
-0.607000
-0.306385
0.827468
0.227504
0.186630
-0.067237
0.236406
0.153617
0.272071
-0.404162
-0.244274
0.175428
0.360469
0.536043
0.060311
-0.108679
-0.607000
-0.306385
0.827468
0.227504
0.186630
-0.067237
0.236406
0.153617
0.272071
-0.404162
-0.244274
0.175428
0.360469
0.536043
0.060311
-0.108679
-0.607000
-0.306385
0.827468
0.227504
0.186630
-0.067237
0.236406
0.153617
0.272071
-0.404162
-0.244274
0.175428
0.360469
0.536043
0.060311
-0.108679
-0.607000
-0.306385
0.827468
0.227504
0.186630
-0.067237
0.236406
0.153617
0.272071
-0.404162
-0.244274
0.175428
0.360469
0.536043
0.060311
-0.108679
-0.607000
-0.306385
0.827468
0.227504
0.186630
-0.067237
0.236406
0.153617
0.272071
-0.404162
-0.244274
0.175428
0.360469
0.536043
0.060311
-0.108679
-0.607000
-0.306385
0.827468
0.227504
0.186630
-0.067237
0.236406
0.153617
0.272071
-0.404162
-0.244274
0.175428
0.360469
0.536043
0.060311
-0.108679
-0.607000
-0.306385
0.827468
0.227504
0.186630
-0.067237
0.236406
0.153617
0.272071
-0.404162
-0.244274
0.175428
0.360469
0.536043
0.060311
-0.108679
-0.607000
-0.306385
0.827468
0.227504
0.186630
-0.067237
0.236406
0.153617
0.272071
-0.404162
-0.244274
0.175428
0.360469
0.536043
0.060311
-0.108679
-0.607000
-0.306385
0.827468
0.227504
0.186630
-0.067237
0.236406
0.153617
0.272071
-0.404162
-0.244274
0.175428
0.360469
0.536043
0.060311
-0.108679
-0.607000
-0.306385
