-0.120165
0.445295
-21.309219
6.092602
17.626760
1.080725
-8.388960
0.406101
-2.669230
10.617609
20.159603
46.793564
14.208799
28.938597
7.448224
-10.347569
-1.895904
6.528323
-1599.219360
-1350.680786
-1009.291260
1199.761597
-1510.436646
-729.815552
722.909668
1179.393677
1348.544189
-3926.929199
2989.007813
2786.891113
222.107147
2194.632813
-1.797619
-0.261298
17.735754
-1.456857
-15.385902
-6.138420
7.799615
-0.103367
4.180779
-11.523135
-19.816977
-43.311855
-18.320852
-28.176655
-3.014615
10.084990
1.300858
-5.561807
1510.552979
1278.605469
948.115601
-1136.152588
1428.473511
689.645447
-678.204529
-1120.388306
-1274.110352
3705.739502
-2821.551270
-2630.505371
-212.063202
-2071.285156
-0.215578
-0.045292
0.010673
0.149647
0.462696
-0.191868
-0.393266
-0.560916
0.004925
-0.137896
-0.518787
0.092317
-0.256599
-0.368078
0.277394
-0.180291
-0.215578
-0.045292
0.010673
0.149647
0.462696
-0.191868
-0.393266
-0.560916
0.004925
-0.137896
-0.518787
0.092317
-0.256599
-0.368078
0.277394
-0.180291
-0.215578
-0.045292
0.010673
0.149647
0.462696
-0.191868
-0.393266
-0.560916
0.004925
-0.137896
-0.518787
0.092317
-0.256599
-0.368078
0.277394
-0.180291
-0.215578
-0.045292
0.010673
0.149647
0.462696
-0.191868
-0.393266
-0.560916
0.004925
-0.137896
-0.518787
0.092317
-0.256599
-0.368078
0.277394
-0.180291
-0.215578
-0.045292
0.010673
0.149647
0.462696
-0.191868
-0.393266
-0.560916
0.004925
-0.137896
-0.518787
0.092317
-0.256599
-0.368078
0.277394
-0.180291
-0.215578
-0.045292
0.010673
0.149647
0.462696
-0.191868
-0.393266
-0.560916
0.004925
-0.137896
-0.518787
0.092317
-0.256599
-0.368078
0.277394
-0.180291
-0.215578
-0.045292
0.010673
0.149647
0.462696
-0.191868
-0.393266
-0.560916
0.004925
-0.137896
-0.518787
0.092317
-0.256599
-0.368078
0.277394
-0.180291
-0.215578
-0.045292
0.010673
0.149647
0.462696
-0.191868
-0.393266
-0.560916
0.004925
-0.137896
-0.518787
0.092317
-0.256599
-0.368078
0.277394
-0.180291
-0.215578
-0.045292
0.010673
0.149647
0.462696
-0.191868
-0.393266
-0.560916
0.004925
-0.137896
-0.518787
0.092317
-0.256599
-0.368078
0.277394
-0.180291
-0.215578
-0.045292
0.010673
0.149647
0.462696
-0.191868
-0.393266
-0.560916
0.004925
-0.137896
-0.518787
0.092317
-0.256599
-0.368078
0.277394
-0.180291
-0.215578
-0.045292
0.010673
0.149647
0.462696
-0.191868
-0.393266
-0.560916
0.004925
-0.137896
-0.518787
0.092317
-0.256599
-0.368078
0.277394
-0.180291
-0.215578
-0.045292
0.010673
0.149647
0.462696
-0.191868
-0.393266
-0.560916
0.004925
-0.137896
-0.518787
0.092317
-0.256599
-0.368078
0.277394
-0.180291
-0.215578
-0.045292
0.010673
0.149647
0.462696
-0.191868
-0.393266
-0.560916
0.004925
-0.137896
-0.518787
0.092317
-0.256599
-0.368078
0.277394
-0.180291
-0.215578
-0.045292
0.010673
0.149647
0.462696
-0.191868
-0.393266
-0.560916
0.004925
-0.137896
-0.518787
0.092317
-0.256599
-0.368078
0.277394
-0.180291
-0.215578
-0.045292
0.010673
0.149647
0.462696
-0.191868
-0.393266
-0.560916
0.004925
-0.137896
-0.518787
0.092317
-0.256599
-0.368078
0.277394
-0.180291
-0.215578
-0.045292
0.010673
0.149647
0.462696
-0.191868
-0.393266
-0.560916
0.004925
-0.137896
-0.518787
0.092317
-0.256599
-0.368078
0.277394
-0.180291
