0.619367
-0.343395
3.211954
-0.645336
-7.819238
1.274475
-0.903080
-3.239565
0.787308
2.388508
3.878505
-5.338126
8.081802
-0.397759
4.975731
0.052331
0.911085
1.464311
-77.315956
210.438232
-65.991623
-205.759995
-210.506714
147.791687
52.283234
-6.693003
-288.664307
20.470135
-206.202682
84.341072
-350.008301
171.765503
-0.160966
-1.068401
4.526631
-16.834869
3.919639
14.132987
15.630956
-9.184021
-2.909557
0.667079
23.571253
1.044804
15.117487
-10.271601
30.053341
-9.949138
1.173198
2.290981
3.694603
-13.242063
2.502559
14.722505
17.473070
-6.907018
-2.128997
-2.976830
19.086786
-2.950481
14.073298
-7.104178
22.335758
-9.161307
1.281579
-2.614292
60.470123
-160.981628
50.548862
160.186554
154.760223
-112.599930
-40.565548
4.647962
216.585709
-15.275288
157.737030
-62.449444
261.661621
-134.497528
0.331294
0.821903
0.619073
0.108082
-0.062875
0.029825
0.633039
-0.992893
-0.532961
0.298779
-0.083474
0.142987
0.105971
0.565145
0.303806
0.274853
0.331294
0.821903
0.619073
0.108082
-0.062875
0.029825
0.633039
-0.992893
-0.532961
0.298779
-0.083474
0.142987
0.105971
0.565145
0.303806
0.274853
0.331294
0.821903
0.619073
0.108082
-0.062875
0.029825
0.633039
-0.992893
-0.532961
0.298779
-0.083474
0.142987
0.105971
0.565145
0.303806
0.274853
0.331294
0.821903
0.619073
0.108082
-0.062875
0.029825
0.633039
-0.992893
-0.532961
0.298779
-0.083474
0.142987
0.105971
0.565145
0.303806
0.274853
0.331294
0.821903
0.619073
0.108082
-0.062875
0.029825
0.633039
-0.992893
-0.532961
0.298779
-0.083474
0.142987
0.105971
0.565145
0.303806
0.274853
0.331294
0.821903
0.619073
0.108082
-0.062875
0.029825
0.633039
-0.992893
-0.532961
0.298779
-0.083474
0.142987
0.105971
0.565145
0.303806
0.274853
0.331294
0.821903
0.619073
0.108082
-0.062875
0.029825
0.633039
-0.992893
-0.532961
0.298779
-0.083474
0.142987
0.105971
0.565145
0.303806
0.274853
0.331294
0.821903
0.619073
0.108082
-0.062875
0.029825
0.633039
-0.992893
-0.532961
0.298779
-0.083474
0.142987
0.105971
0.565145
0.303806
0.274853
0.331294
0.821903
0.619073
0.108082
-0.062875
0.029825
0.633039
-0.992893
-0.532961
0.298779
-0.083474
0.142987
0.105971
0.565145
0.303806
0.274853
0.331294
0.821903
0.619073
0.108082
-0.062875
0.029825
0.633039
-0.992893
-0.532961
0.298779
-0.083474
0.142987
0.105971
0.565145
0.303806
0.274853
0.331294
0.821903
0.619073
0.108082
-0.062875
0.029825
0.633039
-0.992893
-0.532961
0.298779
-0.083474
0.142987
0.105971
0.565145
0.303806
0.274853
0.331294
0.821903
0.619073
0.108082
-0.062875
0.029825
0.633039
-0.992893
-0.532961
0.298779
-0.083474
0.142987
0.105971
0.565145
0.303806
0.274853
0.331294
0.821903
0.619073
0.108082
-0.062875
0.029825
0.633039
-0.992893
-0.532961
0.298779
-0.083474
0.142987
0.105971
0.565145
0.303806
0.274853
0.331294
0.821903
0.619073
0.108082
-0.062875
0.029825
0.633039
-0.992893
-0.532961
0.298779
-0.083474
0.142987
0.105971
0.565145
0.303806
0.274853
0.331294
0.821903
0.619073
0.108082
-0.062875
0.029825
0.633039
-0.992893
-0.532961
0.298779
-0.083474
0.142987
0.105971
0.565145
0.303806
0.274853
