-27.136427
-3.219030
32.972973
-38.821594
-23.909800
32.278763
14.032470
12.046762
-18.196020
1.686830
15.612082
-29.376266
25.030306
6.383853
-20.515806
-10.026992
1.451623
-4.102364
152.998245
115.003578
-135.356705
-52.398983
19.044548
187.254868
-0.775309
-11.023382
-8.439876
113.539490
2.219550
195.840424
60.796913
190.442322
0.663356
3.467465
-122.469269
-86.525612
104.999367
34.404400
-23.081150
-142.614975
-1.601270
10.676134
4.848392
-87.073471
-2.631376
-147.763840
-55.656773
-148.053757
-0.093847
0.400683
-0.268891
-0.331923
0.057375
0.165941
-0.266819
-0.370773
-0.274823
-0.919120
0.037448
-0.235391
0.028528
0.162316
-0.012503
-0.033574
-0.093847
0.400683
-0.268891
-0.331923
0.057375
0.165941
-0.266819
-0.370773
-0.274823
-0.919120
0.037448
-0.235391
0.028528
0.162316
-0.012503
-0.033574
-0.093847
0.400683
-0.268891
-0.331923
0.057375
0.165941
-0.266819
-0.370773
-0.274823
-0.919120
0.037448
-0.235391
0.028528
0.162316
-0.012503
-0.033574
-0.093847
0.400683
-0.268891
-0.331923
0.057375
0.165941
-0.266819
-0.370773
-0.274823
-0.919120
0.037448
-0.235391
0.028528
0.162316
-0.012503
-0.033574
-0.093847
0.400683
-0.268891
-0.331923
0.057375
0.165941
-0.266819
-0.370773
-0.274823
-0.919120
0.037448
-0.235391
0.028528
0.162316
-0.012503
-0.033574
-0.093847
0.400683
-0.268891
-0.331923
0.057375
0.165941
-0.266819
-0.370773
-0.274823
-0.919120
0.037448
-0.235391
0.028528
0.162316
-0.012503
-0.033574
-0.093847
0.400683
-0.268891
-0.331923
0.057375
0.165941
-0.266819
-0.370773
-0.274823
-0.919120
0.037448
-0.235391
0.028528
0.162316
-0.012503
-0.033574
-0.093847
0.400683
-0.268891
-0.331923
0.057375
0.165941
-0.266819
-0.370773
-0.274823
-0.919120
0.037448
-0.235391
0.028528
0.162316
-0.012503
-0.033574
-0.093847
0.400683
-0.268891
-0.331923
0.057375
0.165941
-0.266819
-0.370773
-0.274823
-0.919120
0.037448
-0.235391
0.028528
0.162316
-0.012503
-0.033574
-0.093847
0.400683
-0.268891
-0.331923
0.057375
0.165941
-0.266819
-0.370773
-0.274823
-0.919120
0.037448
-0.235391
0.028528
0.162316
-0.012503
-0.033574
-0.093847
0.400683
-0.268891
-0.331923
0.057375
0.165941
-0.266819
-0.370773
-0.274823
-0.919120
0.037448
-0.235391
0.028528
0.162316
-0.012503
-0.033574
-0.093847
0.400683
-0.268891
-0.331923
0.057375
0.165941
-0.266819
-0.370773
-0.274823
-0.919120
0.037448
-0.235391
0.028528
0.162316
-0.012503
-0.033574
-0.093847
0.400683
-0.268891
-0.331923
0.057375
0.165941
-0.266819
-0.370773
-0.274823
-0.919120
0.037448
-0.235391
0.028528
0.162316
-0.012503
-0.033574
-0.093847
0.400683
-0.268891
-0.331923
0.057375
0.165941
-0.266819
-0.370773
-0.274823
-0.919120
0.037448
-0.235391
0.028528
0.162316
-0.012503
-0.033574
-0.093847
0.400683
-0.268891
-0.331923
0.057375
0.165941
-0.266819
-0.370773
-0.274823
-0.919120
0.037448
-0.235391
0.028528
0.162316
-0.012503
-0.033574
-0.093847
0.400683
-0.268891
-0.331923
0.057375
0.165941
-0.266819
-0.370773
-0.274823
-0.919120
0.037448
-0.235391
0.028528
0.162316
-0.012503
-0.033574
-0.093847
0.400683
-0.268891
-0.331923
0.057375
0.165941
-0.266819
-0.370773
-0.274823
-0.919120
0.037448
-0.235391
0.028528
0.162316
-0.012503
-0.033574
