-1.296669
-1.661039
1.977830
6.433562
-4.100057
-8.682711
4.349914
-3.064707
-4.693521
2.106920
4.335532
5.102510
5.480857
1.006638
-4.241736
5.548716
-0.295253
-1.544177
-1.767979
184.105423
-10.654865
-109.770874
-64.563042
88.597694
59.191463
2.533356
-45.367805
32.796108
-144.863907
67.989128
-118.662048
91.360535
-3.441949
4.231953
4.915930
-174.178314
5.767814
104.993454
61.262207
-82.730522
-59.450504
-1.564451
47.151295
-27.722198
138.477798
-64.415039
121.268448
-79.277359
-0.487314
-0.377424
-0.773972
0.343279
0.405206
0.173397
-0.306761
0.440518
0.103444
0.223108
-0.580959
0.166163
-0.306572
-0.381466
-0.192849
0.127514
-0.487314
-0.377424
-0.773972
0.343279
0.405206
0.173397
-0.306761
0.440518
0.103444
0.223108
-0.580959
0.166163
-0.306572
-0.381466
-0.192849
0.127514
-0.487314
-0.377424
-0.773972
0.343279
0.405206
0.173397
-0.306761
0.440518
0.103444
0.223108
-0.580959
0.166163
-0.306572
-0.381466
-0.192849
0.127514
-0.487314
-0.377424
-0.773972
0.343279
0.405206
0.173397
-0.306761
0.440518
0.103444
0.223108
-0.580959
0.166163
-0.306572
-0.381466
-0.192849
0.127514
-0.487314
-0.377424
-0.773972
0.343279
0.405206
0.173397
-0.306761
0.440518
0.103444
0.223108
-0.580959
0.166163
-0.306572
-0.381466
-0.192849
0.127514
-0.487314
-0.377424
-0.773972
0.343279
0.405206
0.173397
-0.306761
0.440518
0.103444
0.223108
-0.580959
0.166163
-0.306572
-0.381466
-0.192849
0.127514
-0.487314
-0.377424
-0.773972
0.343279
0.405206
0.173397
-0.306761
0.440518
0.103444
0.223108
-0.580959
0.166163
-0.306572
-0.381466
-0.192849
0.127514
-0.487314
-0.377424
-0.773972
0.343279
0.405206
0.173397
-0.306761
0.440518
0.103444
0.223108
-0.580959
0.166163
-0.306572
-0.381466
-0.192849
0.127514
-0.487314
-0.377424
-0.773972
0.343279
0.405206
0.173397
-0.306761
0.440518
0.103444
0.223108
-0.580959
0.166163
-0.306572
-0.381466
-0.192849
0.127514
-0.487314
-0.377424
-0.773972
0.343279
0.405206
0.173397
-0.306761
0.440518
0.103444
0.223108
-0.580959
0.166163
-0.306572
-0.381466
-0.192849
0.127514
-0.487314
-0.377424
-0.773972
0.343279
0.405206
0.173397
-0.306761
0.440518
0.103444
0.223108
-0.580959
0.166163
-0.306572
-0.381466
-0.192849
0.127514
-0.487314
-0.377424
-0.773972
0.343279
0.405206
0.173397
-0.306761
0.440518
0.103444
0.223108
-0.580959
0.166163
-0.306572
-0.381466
-0.192849
0.127514
-0.487314
-0.377424
-0.773972
0.343279
0.405206
0.173397
-0.306761
0.440518
0.103444
0.223108
-0.580959
0.166163
-0.306572
-0.381466
-0.192849
0.127514
-0.487314
-0.377424
-0.773972
0.343279
0.405206
0.173397
-0.306761
0.440518
0.103444
0.223108
-0.580959
0.166163
-0.306572
-0.381466
-0.192849
0.127514
-0.487314
-0.377424
-0.773972
0.343279
0.405206
0.173397
-0.306761
0.440518
0.103444
0.223108
-0.580959
0.166163
-0.306572
-0.381466
-0.192849
0.127514
-0.487314
-0.377424
-0.773972
0.343279
0.405206
0.173397
-0.306761
0.440518
0.103444
0.223108
-0.580959
0.166163
-0.306572
-0.381466
-0.192849
0.127514
-0.487314
-0.377424
-0.773972
0.343279
0.405206
0.173397
-0.306761
0.440518
0.103444
0.223108
-0.580959
0.166163
-0.306572
-0.381466
-0.192849
0.127514
