-2.882542
-0.407317
19.745495
-24.633785
-34.868473
28.223335
-17.949080
-1.985716
12.862269
18.784657
18.431900
-24.744787
11.147779
-24.539286
14.767180
8.790770
1.509613
1.529434
3.414231
1.616425
-7.180105
-0.846619
3.248478
-4.756792
-3.397670
2.276145
7.233879
-0.518048
6.169001
3.225994
3.560083
4.874572
-1.842204
-2.148578
-169.979141
-64.219040
126.971573
-13.714384
-103.442963
-98.505020
-6.306283
-45.670879
-9.011922
-100.966080
-176.991074
-130.748383
-143.471451
-177.402710
4.861305
-4.711502
19.266291
-49.221729
-11.669230
26.474567
14.076312
6.154537
-16.396505
-0.075751
6.941635
-32.436638
27.540112
4.984911
-9.562499
-3.156813
1.901410
-5.527957
26.050871
-19.644482
31.211723
-1.921444
-16.702562
-26.110298
2.836668
35.720589
2.505390
-2.206829
-32.554020
-3.345766
-7.692241
-14.053343
1.919356
-2.353432
143.701263
56.760082
-105.881172
8.085681
84.152969
85.645134
3.616066
37.673695
6.627065
85.861053
149.632309
110.124779
116.153648
148.036163
0.701084
-0.301267
0.531493
-0.050051
-0.094651
-0.460650
-0.495502
0.711694
-0.056644
0.313828
0.041337
-0.357686
-0.236045
0.264778
-0.003776
0.464236
0.701084
-0.301267
0.531493
-0.050051
-0.094651
-0.460650
-0.495502
0.711694
-0.056644
0.313828
0.041337
-0.357686
-0.236045
0.264778
-0.003776
0.464236
0.701084
-0.301267
0.531493
-0.050051
-0.094651
-0.460650
-0.495502
0.711694
-0.056644
0.313828
0.041337
-0.357686
-0.236045
0.264778
-0.003776
0.464236
0.701084
-0.301267
0.531493
-0.050051
-0.094651
-0.460650
-0.495502
0.711694
-0.056644
0.313828
0.041337
-0.357686
-0.236045
0.264778
-0.003776
0.464236
0.701084
-0.301267
0.531493
-0.050051
-0.094651
-0.460650
-0.495502
0.711694
-0.056644
0.313828
0.041337
-0.357686
-0.236045
0.264778
-0.003776
0.464236
0.701084
-0.301267
0.531493
-0.050051
-0.094651
-0.460650
-0.495502
0.711694
-0.056644
0.313828
0.041337
-0.357686
-0.236045
0.264778
-0.003776
0.464236
0.701084
-0.301267
0.531493
-0.050051
-0.094651
-0.460650
-0.495502
0.711694
-0.056644
0.313828
0.041337
-0.357686
-0.236045
0.264778
-0.003776
0.464236
0.701084
-0.301267
0.531493
-0.050051
-0.094651
-0.460650
-0.495502
0.711694
-0.056644
0.313828
0.041337
-0.357686
-0.236045
0.264778
-0.003776
0.464236
0.701084
-0.301267
0.531493
-0.050051
-0.094651
-0.460650
-0.495502
0.711694
-0.056644
0.313828
0.041337
-0.357686
-0.236045
0.264778
-0.003776
0.464236
0.701084
-0.301267
0.531493
-0.050051
-0.094651
-0.460650
-0.495502
0.711694
-0.056644
0.313828
0.041337
-0.357686
-0.236045
0.264778
-0.003776
0.464236
0.701084
-0.301267
0.531493
-0.050051
-0.094651
-0.460650
-0.495502
0.711694
-0.056644
0.313828
0.041337
-0.357686
-0.236045
0.264778
-0.003776
0.464236
0.701084
-0.301267
0.531493
-0.050051
-0.094651
-0.460650
-0.495502
0.711694
-0.056644
0.313828
0.041337
-0.357686
-0.236045
0.264778
-0.003776
0.464236
0.701084
-0.301267
0.531493
-0.050051
-0.094651
-0.460650
-0.495502
0.711694
-0.056644
0.313828
0.041337
-0.357686
-0.236045
0.264778
-0.003776
0.464236
0.701084
-0.301267
0.531493
-0.050051
-0.094651
-0.460650
-0.495502
0.711694
-0.056644
0.313828
0.041337
-0.357686
-0.236045
0.264778
-0.003776
0.464236
