-2.121160
1.649644
20.344557
-0.836690
-11.483873
-7.904232
6.898813
5.688920
7.976271
-7.175371
-3.008922
-47.728378
1.424395
-34.173714
-13.902055
8.555025
4.606931
-6.454915
1971.260620
549.717896
319.646606
-1513.897827
1785.150024
178.352005
-1184.466675
-852.333984
-2.785888
4047.329590
-3507.174561
-1287.746460
-989.422852
-1960.601807
-1.922534
-0.437054
-13.975476
1.986771
7.434231
8.192099
-8.541345
-5.127830
-7.373553
6.255162
5.958367
41.846176
0.758127
36.097443
12.203313
-9.489629
-2.223418
1.849868
-1763.709473
-497.940399
-295.464691
1353.272461
-1597.236084
-163.835846
1061.001465
763.536133
9.335934
-3626.445068
3131.323242
1160.975098
876.491943
1757.379272
-3.417148
0.888755
-48.304161
-67.657936
-46.825470
40.704662
-50.845974
-48.078503
13.865734
55.276829
103.867546
-125.375343
76.944061
128.307159
-17.810978
87.329201
-1.977980
-2.212406
-75.544327
29.848360
27.314186
54.310184
-60.440933
37.634769
55.653797
-0.031329
-93.854279
-126.542641
142.658783
-40.616844
77.755440
40.252911
-0.035517
0.284252
-0.138300
-0.237181
-0.462429
0.402817
-0.386430
-0.284944
0.019297
0.088772
0.428719
-0.406577
0.874197
0.491868
0.038960
-0.009368
-0.035517
0.284252
-0.138300
-0.237181
-0.462429
0.402817
-0.386430
-0.284944
0.019297
0.088772
0.428719
-0.406577
0.874197
0.491868
0.038960
-0.009368
-0.035517
0.284252
-0.138300
-0.237181
-0.462429
0.402817
-0.386430
-0.284944
0.019297
0.088772
0.428719
-0.406577
0.874197
0.491868
0.038960
-0.009368
-0.035517
0.284252
-0.138300
-0.237181
-0.462429
0.402817
-0.386430
-0.284944
0.019297
0.088772
0.428719
-0.406577
0.874197
0.491868
0.038960
-0.009368
-0.035517
0.284252
-0.138300
-0.237181
-0.462429
0.402817
-0.386430
-0.284944
0.019297
0.088772
0.428719
-0.406577
0.874197
0.491868
0.038960
-0.009368
-0.035517
0.284252
-0.138300
-0.237181
-0.462429
0.402817
-0.386430
-0.284944
0.019297
0.088772
0.428719
-0.406577
0.874197
0.491868
0.038960
-0.009368
-0.035517
0.284252
-0.138300
-0.237181
-0.462429
0.402817
-0.386430
-0.284944
0.019297
0.088772
0.428719
-0.406577
0.874197
0.491868
0.038960
-0.009368
-0.035517
0.284252
-0.138300
-0.237181
-0.462429
0.402817
-0.386430
-0.284944
0.019297
0.088772
0.428719
-0.406577
0.874197
0.491868
0.038960
-0.009368
-0.035517
0.284252
-0.138300
-0.237181
-0.462429
0.402817
-0.386430
-0.284944
0.019297
0.088772
0.428719
-0.406577
0.874197
0.491868
0.038960
-0.009368
-0.035517
0.284252
-0.138300
-0.237181
-0.462429
0.402817
-0.386430
-0.284944
0.019297
0.088772
0.428719
-0.406577
0.874197
0.491868
0.038960
-0.009368
-0.035517
0.284252
-0.138300
-0.237181
-0.462429
0.402817
-0.386430
-0.284944
0.019297
0.088772
0.428719
-0.406577
0.874197
0.491868
0.038960
-0.009368
-0.035517
0.284252
-0.138300
-0.237181
-0.462429
0.402817
-0.386430
-0.284944
0.019297
0.088772
0.428719
-0.406577
0.874197
0.491868
0.038960
-0.009368
-0.035517
0.284252
-0.138300
-0.237181
-0.462429
0.402817
-0.386430
-0.284944
0.019297
0.088772
0.428719
-0.406577
0.874197
0.491868
0.038960
-0.009368
-0.035517
0.284252
-0.138300
-0.237181
-0.462429
0.402817
-0.386430
-0.284944
0.019297
0.088772
0.428719
-0.406577
0.874197
0.491868
0.038960
-0.009368
