0.839386
-0.954669
8.571829
9.219784
-2.989614
-19.877031
-2.772399
5.410778
-16.773468
-1.239381
2.065669
12.506011
4.443121
5.314013
-8.205243
3.066310
0.879835
1.275006
70.652435
-293.378082
196.556503
-81.874275
-250.922760
-129.472656
-138.325485
32.637035
320.066315
-349.020874
150.834656
-169.836441
176.912125
-412.816467
-1.018388
-2.059273
5.940188
-3.340339
-8.887757
3.430273
-3.514898
-5.019907
2.167689
3.951741
6.177614
-4.436788
5.275577
-4.022613
4.168076
3.655419
-1.641424
0.437001
-34.787327
120.119545
-81.083763
33.792049
103.707191
56.643879
55.922043
-10.246112
-138.393829
142.517883
-65.426704
65.259285
-78.349678
167.982819
-0.064594
-1.923032
-1.323270
20.659286
-13.635619
7.274407
17.912909
5.713120
11.836196
-5.499707
-15.983109
25.094700
-6.183815
11.666573
-7.163749
27.575909
-1.061518
-0.195319
-20.229164
67.800652
-49.614323
19.773500
57.632977
35.131721
34.305321
-7.632339
-82.365211
76.665581
-34.862347
38.276028
-49.252602
95.273445
-0.404470
0.589662
0.721810
0.637920
0.077651
-0.359152
0.903910
-1.054640
-0.689815
-0.039420
-0.126437
-0.178106
-0.447545
0.653457
0.618854
-0.086182
-0.404470
0.589662
0.721810
0.637920
0.077651
-0.359152
0.903910
-1.054640
-0.689815
-0.039420
-0.126437
-0.178106
-0.447545
0.653457
0.618854
-0.086182
-0.404470
0.589662
0.721810
0.637920
0.077651
-0.359152
0.903910
-1.054640
-0.689815
-0.039420
-0.126437
-0.178106
-0.447545
0.653457
0.618854
-0.086182
-0.404470
0.589662
0.721810
0.637920
0.077651
-0.359152
0.903910
-1.054640
-0.689815
-0.039420
-0.126437
-0.178106
-0.447545
0.653457
0.618854
-0.086182
-0.404470
0.589662
0.721810
0.637920
0.077651
-0.359152
0.903910
-1.054640
-0.689815
-0.039420
-0.126437
-0.178106
-0.447545
0.653457
0.618854
-0.086182
-0.404470
0.589662
0.721810
0.637920
0.077651
-0.359152
0.903910
-1.054640
-0.689815
-0.039420
-0.126437
-0.178106
-0.447545
0.653457
0.618854
-0.086182
-0.404470
0.589662
0.721810
0.637920
0.077651
-0.359152
0.903910
-1.054640
-0.689815
-0.039420
-0.126437
-0.178106
-0.447545
0.653457
0.618854
-0.086182
-0.404470
0.589662
0.721810
0.637920
0.077651
-0.359152
0.903910
-1.054640
-0.689815
-0.039420
-0.126437
-0.178106
-0.447545
0.653457
0.618854
-0.086182
-0.404470
0.589662
0.721810
0.637920
0.077651
-0.359152
0.903910
-1.054640
-0.689815
-0.039420
-0.126437
-0.178106
-0.447545
0.653457
0.618854
-0.086182
-0.404470
0.589662
0.721810
0.637920
0.077651
-0.359152
0.903910
-1.054640
-0.689815
-0.039420
-0.126437
-0.178106
-0.447545
0.653457
0.618854
-0.086182
-0.404470
0.589662
0.721810
0.637920
0.077651
-0.359152
0.903910
-1.054640
-0.689815
-0.039420
-0.126437
-0.178106
-0.447545
0.653457
0.618854
-0.086182
-0.404470
0.589662
0.721810
0.637920
0.077651
-0.359152
0.903910
-1.054640
-0.689815
-0.039420
-0.126437
-0.178106
-0.447545
0.653457
0.618854
-0.086182
-0.404470
0.589662
0.721810
0.637920
0.077651
-0.359152
0.903910
-1.054640
-0.689815
-0.039420
-0.126437
-0.178106
-0.447545
0.653457
0.618854
-0.086182
-0.404470
0.589662
0.721810
0.637920
0.077651
-0.359152
0.903910
-1.054640
-0.689815
-0.039420
-0.126437
-0.178106
-0.447545
0.653457
0.618854
-0.086182
