0.117368
-1.225794
6.913485
-0.390348
-7.067182
0.504831
-1.993067
-5.325881
-1.501255
8.728647
8.973328
-3.605568
4.194250
-2.824427
1.490680
5.024516
1.854479
0.950504
4.091888
295.781189
-130.825760
115.796463
205.901611
29.343000
111.280991
-34.178204
-169.798325
373.994202
-70.178185
167.944427
-42.090309
385.251923
0.220851
1.770095
-5.605062
-239.401840
111.764473
-95.059914
-169.039841
-25.507847
-91.097878
28.318090
138.647446
-305.316895
57.003136
-143.523453
34.994434
-319.379608
0.028520
-0.304206
-0.041689
0.352759
0.091679
-0.079391
-0.141570
-0.155502
0.256547
0.931870
0.206330
-0.194245
0.228096
0.475128
-0.247523
-0.925992
0.028520
-0.304206
-0.041689
0.352759
0.091679
-0.079391
-0.141570
-0.155502
0.256547
0.931870
0.206330
-0.194245
0.228096
0.475128
-0.247523
-0.925992
0.028520
-0.304206
-0.041689
0.352759
0.091679
-0.079391
-0.141570
-0.155502
0.256547
0.931870
0.206330
-0.194245
0.228096
0.475128
-0.247523
-0.925992
0.028520
-0.304206
-0.041689
0.352759
0.091679
-0.079391
-0.141570
-0.155502
0.256547
0.931870
0.206330
-0.194245
0.228096
0.475128
-0.247523
-0.925992
0.028520
-0.304206
-0.041689
0.352759
0.091679
-0.079391
-0.141570
-0.155502
0.256547
0.931870
0.206330
-0.194245
0.228096
0.475128
-0.247523
-0.925992
0.028520
-0.304206
-0.041689
0.352759
0.091679
-0.079391
-0.141570
-0.155502
0.256547
0.931870
0.206330
-0.194245
0.228096
0.475128
-0.247523
-0.925992
0.028520
-0.304206
-0.041689
0.352759
0.091679
-0.079391
-0.141570
-0.155502
0.256547
0.931870
0.206330
-0.194245
0.228096
0.475128
-0.247523
-0.925992
0.028520
-0.304206
-0.041689
0.352759
0.091679
-0.079391
-0.141570
-0.155502
0.256547
0.931870
0.206330
-0.194245
0.228096
0.475128
-0.247523
-0.925992
0.028520
-0.304206
-0.041689
0.352759
0.091679
-0.079391
-0.141570
-0.155502
0.256547
0.931870
0.206330
-0.194245
0.228096
0.475128
-0.247523
-0.925992
0.028520
-0.304206
-0.041689
0.352759
0.091679
-0.079391
-0.141570
-0.155502
0.256547
0.931870
0.206330
-0.194245
0.228096
0.475128
-0.247523
-0.925992
0.028520
-0.304206
-0.041689
0.352759
0.091679
-0.079391
-0.141570
-0.155502
0.256547
0.931870
0.206330
-0.194245
0.228096
0.475128
-0.247523
-0.925992
0.028520
-0.304206
-0.041689
0.352759
0.091679
-0.079391
-0.141570
-0.155502
0.256547
0.931870
0.206330
-0.194245
0.228096
0.475128
-0.247523
-0.925992
0.028520
-0.304206
-0.041689
0.352759
0.091679
-0.079391
-0.141570
-0.155502
0.256547
0.931870
0.206330
-0.194245
0.228096
0.475128
-0.247523
-0.925992
0.028520
-0.304206
-0.041689
0.352759
0.091679
-0.079391
-0.141570
-0.155502
0.256547
0.931870
0.206330
-0.194245
0.228096
0.475128
-0.247523
-0.925992
0.028520
-0.304206
-0.041689
0.352759
0.091679
-0.079391
-0.141570
-0.155502
0.256547
0.931870
0.206330
-0.194245
0.228096
0.475128
-0.247523
-0.925992
0.028520
-0.304206
-0.041689
0.352759
0.091679
-0.079391
-0.141570
-0.155502
0.256547
0.931870
0.206330
-0.194245
0.228096
0.475128
-0.247523
-0.925992
0.028520
-0.304206
-0.041689
0.352759
0.091679
-0.079391
-0.141570
-0.155502
0.256547
0.931870
0.206330
-0.194245
0.228096
0.475128
-0.247523
-0.925992
