-3.166630
0.493774
250.791214
22.714054
63.990147
118.675682
38.381405
-194.702652
-15.313900
-157.153595
300.896332
290.189880
-1.086612
154.120026
276.240845
165.294632
2.231350
0.085726
-6.710190
5.217597
6.687473
-6.150867
3.758056
3.869867
-2.304909
-5.713158
-3.117953
8.303863
-0.595281
6.644732
-2.081577
-3.433269
2.050605
0.576515
-211.712616
-17.520737
-51.065052
-103.040321
-34.260983
160.295761
16.171284
131.973526
-250.476837
-248.445953
-0.275075
-128.478561
-229.981613
-138.515152
0.823300
0.857430
-0.212694
0.275243
-0.703257
-0.170247
0.401803
0.296077
0.067776
-0.209841
-0.203419
0.033148
0.106862
-0.255251
0.359339
0.443823
0.823300
0.857430
-0.212694
0.275243
-0.703257
-0.170247
0.401803
0.296077
0.067776
-0.209841
-0.203419
0.033148
0.106862
-0.255251
0.359339
0.443823
0.823300
0.857430
-0.212694
0.275243
-0.703257
-0.170247
0.401803
0.296077
0.067776
-0.209841
-0.203419
0.033148
0.106862
-0.255251
0.359339
0.443823
0.823300
0.857430
-0.212694
0.275243
-0.703257
-0.170247
0.401803
0.296077
0.067776
-0.209841
-0.203419
0.033148
0.106862
-0.255251
0.359339
0.443823
0.823300
0.857430
-0.212694
0.275243
-0.703257
-0.170247
0.401803
0.296077
0.067776
-0.209841
-0.203419
0.033148
0.106862
-0.255251
0.359339
0.443823
0.823300
0.857430
-0.212694
0.275243
-0.703257
-0.170247
0.401803
0.296077
0.067776
-0.209841
-0.203419
0.033148
0.106862
-0.255251
0.359339
0.443823
0.823300
0.857430
-0.212694
0.275243
-0.703257
-0.170247
0.401803
0.296077
0.067776
-0.209841
-0.203419
0.033148
0.106862
-0.255251
0.359339
0.443823
0.823300
0.857430
-0.212694
0.275243
-0.703257
-0.170247
0.401803
0.296077
0.067776
-0.209841
-0.203419
0.033148
0.106862
-0.255251
0.359339
0.443823
0.823300
0.857430
-0.212694
0.275243
-0.703257
-0.170247
0.401803
0.296077
0.067776
-0.209841
-0.203419
0.033148
0.106862
-0.255251
0.359339
0.443823
0.823300
0.857430
-0.212694
0.275243
-0.703257
-0.170247
0.401803
0.296077
0.067776
-0.209841
-0.203419
0.033148
0.106862
-0.255251
0.359339
0.443823
0.823300
0.857430
-0.212694
0.275243
-0.703257
-0.170247
0.401803
0.296077
0.067776
-0.209841
-0.203419
0.033148
0.106862
-0.255251
0.359339
0.443823
0.823300
0.857430
-0.212694
0.275243
-0.703257
-0.170247
0.401803
0.296077
0.067776
-0.209841
-0.203419
0.033148
0.106862
-0.255251
0.359339
0.443823
0.823300
0.857430
-0.212694
0.275243
-0.703257
-0.170247
0.401803
0.296077
0.067776
-0.209841
-0.203419
0.033148
0.106862
-0.255251
0.359339
0.443823
0.823300
0.857430
-0.212694
0.275243
-0.703257
-0.170247
0.401803
0.296077
0.067776
-0.209841
-0.203419
0.033148
0.106862
-0.255251
0.359339
0.443823
0.823300
0.857430
-0.212694
0.275243
-0.703257
-0.170247
0.401803
0.296077
0.067776
-0.209841
-0.203419
0.033148
0.106862
-0.255251
0.359339
0.443823
0.823300
0.857430
-0.212694
0.275243
-0.703257
-0.170247
0.401803
0.296077
0.067776
-0.209841
-0.203419
0.033148
0.106862
-0.255251
0.359339
0.443823
0.823300
0.857430
-0.212694
0.275243
-0.703257
-0.170247
0.401803
0.296077
0.067776
-0.209841
-0.203419
0.033148
0.106862
-0.255251
0.359339
0.443823
