3.175119
-1.346016
-6.321670
30.765886
5.421751
-29.248669
19.267761
-9.415354
-20.362972
0.119854
-2.011309
38.103992
11.222704
14.848492
-22.788513
5.955822
-0.716296
-0.562801
-0.540141
3.750278
-3.201373
-8.169588
2.905432
1.605541
-3.751758
-0.528068
3.778732
5.231297
1.864384
7.996508
-2.593089
4.823616
-17.367619
27.213673
29.452648
-21.972784
-19.168119
13.673196
-1.874888
16.474783
-15.041709
-0.288531
16.232874
-20.252510
21.780315
16.526350
-8.172460
-18.089186
-0.515794
3.045135
-244.677200
48.915089
-133.262634
-119.541656
-17.330624
187.377548
95.608734
75.058434
-402.503052
-150.799210
-160.128098
-116.669907
-329.563354
-26.287605
1.658957
1.146736
13.464289
2.852952
2.254944
10.367671
8.401617
-9.611443
-1.321556
-2.313006
19.052879
16.519653
2.560672
9.538462
13.899171
14.123157
0.950319
0.413911
13.208341
-11.712870
9.802079
0.820743
-7.649430
-11.331459
-7.299534
-0.824580
28.853310
-3.670277
15.759791
1.213766
22.061136
-9.271578
-1.723064
-2.811277
196.209549
-37.493793
108.702232
91.805916
11.700369
-152.194214
-78.262184
-61.833359
323.336182
119.049568
126.036865
96.785400
264.767242
21.893023
0.545372
-0.151076
0.050538
-0.753889
-0.106152
-0.371144
-0.778200
-0.007293
-0.436829
-0.297415
0.491694
0.241934
0.325379
0.038880
-0.536094
-0.206640
0.545372
-0.151076
0.050538
-0.753889
-0.106152
-0.371144
-0.778200
-0.007293
-0.436829
-0.297415
0.491694
0.241934
0.325379
0.038880
-0.536094
-0.206640
0.545372
-0.151076
0.050538
-0.753889
-0.106152
-0.371144
-0.778200
-0.007293
-0.436829
-0.297415
0.491694
0.241934
0.325379
0.038880
-0.536094
-0.206640
0.545372
-0.151076
0.050538
-0.753889
-0.106152
-0.371144
-0.778200
-0.007293
-0.436829
-0.297415
0.491694
0.241934
0.325379
0.038880
-0.536094
-0.206640
0.545372
-0.151076
0.050538
-0.753889
-0.106152
-0.371144
-0.778200
-0.007293
-0.436829
-0.297415
0.491694
0.241934
0.325379
0.038880
-0.536094
-0.206640
0.545372
-0.151076
0.050538
-0.753889
-0.106152
-0.371144
-0.778200
-0.007293
-0.436829
-0.297415
0.491694
0.241934
0.325379
0.038880
-0.536094
-0.206640
0.545372
-0.151076
0.050538
-0.753889
-0.106152
-0.371144
-0.778200
-0.007293
-0.436829
-0.297415
0.491694
0.241934
0.325379
0.038880
-0.536094
-0.206640
0.545372
-0.151076
0.050538
-0.753889
-0.106152
-0.371144
-0.778200
-0.007293
-0.436829
-0.297415
0.491694
0.241934
0.325379
0.038880
-0.536094
-0.206640
0.545372
-0.151076
0.050538
-0.753889
-0.106152
-0.371144
-0.778200
-0.007293
-0.436829
-0.297415
0.491694
0.241934
0.325379
0.038880
-0.536094
-0.206640
0.545372
-0.151076
0.050538
-0.753889
-0.106152
-0.371144
-0.778200
-0.007293
-0.436829
-0.297415
0.491694
0.241934
0.325379
0.038880
-0.536094
-0.206640
0.545372
-0.151076
0.050538
-0.753889
-0.106152
-0.371144
-0.778200
-0.007293
-0.436829
-0.297415
0.491694
0.241934
0.325379
0.038880
-0.536094
-0.206640
0.545372
-0.151076
0.050538
-0.753889
-0.106152
-0.371144
-0.778200
-0.007293
-0.436829
-0.297415
0.491694
0.241934
0.325379
0.038880
-0.536094
-0.206640
0.545372
-0.151076
0.050538
-0.753889
-0.106152
-0.371144
-0.778200
-0.007293
-0.436829
-0.297415
0.491694
0.241934
0.325379
0.038880
-0.536094
-0.206640
