-0.328731
0.548454
1.454593
-7.857704
-2.850943
7.054286
-5.143889
-1.404385
5.342589
2.763380
-0.541600
-9.514316
-0.817671
-6.610622
5.159225
-0.667065
-1.731396
0.395422
-149.109070
197.269043
-113.722595
-1.919197
106.702637
165.657578
120.695389
103.017807
-417.090485
108.210007
-64.980637
-47.732204
-248.702850
125.071739
-0.706629
0.458107
145.354385
-192.035431
109.626968
5.610724
-101.477577
-154.617493
-115.507759
-98.385002
403.705109
-106.022377
63.805382
42.369312
242.243851
-122.171890
0.987893
0.748755
0.075980
-0.735015
-0.513122
0.601690
-0.183635
0.709063
-0.193913
0.103157
0.068590
-0.261326
0.040848
-0.100328
-0.382491
0.182612
0.987893
0.748755
0.075980
-0.735015
-0.513122
0.601690
-0.183635
0.709063
-0.193913
0.103157
0.068590
-0.261326
0.040848
-0.100328
-0.382491
0.182612
0.987893
0.748755
0.075980
-0.735015
-0.513122
0.601690
-0.183635
0.709063
-0.193913
0.103157
0.068590
-0.261326
0.040848
-0.100328
-0.382491
0.182612
0.987893
0.748755
0.075980
-0.735015
-0.513122
0.601690
-0.183635
0.709063
-0.193913
0.103157
0.068590
-0.261326
0.040848
-0.100328
-0.382491
0.182612
0.987893
0.748755
0.075980
-0.735015
-0.513122
0.601690
-0.183635
0.709063
-0.193913
0.103157
0.068590
-0.261326
0.040848
-0.100328
-0.382491
0.182612
0.987893
0.748755
0.075980
-0.735015
-0.513122
0.601690
-0.183635
0.709063
-0.193913
0.103157
0.068590
-0.261326
0.040848
-0.100328
-0.382491
0.182612
0.987893
0.748755
0.075980
-0.735015
-0.513122
0.601690
-0.183635
0.709063
-0.193913
0.103157
0.068590
-0.261326
0.040848
-0.100328
-0.382491
0.182612
0.987893
0.748755
0.075980
-0.735015
-0.513122
0.601690
-0.183635
0.709063
-0.193913
0.103157
0.068590
-0.261326
0.040848
-0.100328
-0.382491
0.182612
0.987893
0.748755
0.075980
-0.735015
-0.513122
0.601690
-0.183635
0.709063
-0.193913
0.103157
0.068590
-0.261326
0.040848
-0.100328
-0.382491
0.182612
0.987893
0.748755
0.075980
-0.735015
-0.513122
0.601690
-0.183635
0.709063
-0.193913
0.103157
0.068590
-0.261326
0.040848
-0.100328
-0.382491
0.182612
0.987893
0.748755
0.075980
-0.735015
-0.513122
0.601690
-0.183635
0.709063
-0.193913
0.103157
0.068590
-0.261326
0.040848
-0.100328
-0.382491
0.182612
0.987893
0.748755
0.075980
-0.735015
-0.513122
0.601690
-0.183635
0.709063
-0.193913
0.103157
0.068590
-0.261326
0.040848
-0.100328
-0.382491
0.182612
0.987893
0.748755
0.075980
-0.735015
-0.513122
0.601690
-0.183635
0.709063
-0.193913
0.103157
0.068590
-0.261326
0.040848
-0.100328
-0.382491
0.182612
0.987893
0.748755
0.075980
-0.735015
-0.513122
0.601690
-0.183635
0.709063
-0.193913
0.103157
0.068590
-0.261326
0.040848
-0.100328
-0.382491
0.182612
0.987893
0.748755
0.075980
-0.735015
-0.513122
0.601690
-0.183635
0.709063
-0.193913
0.103157
0.068590
-0.261326
0.040848
-0.100328
-0.382491
0.182612
0.987893
0.748755
0.075980
-0.735015
-0.513122
0.601690
-0.183635
0.709063
-0.193913
0.103157
0.068590
-0.261326
0.040848
-0.100328
-0.382491
0.182612
0.987893
0.748755
0.075980
-0.735015
-0.513122
0.601690
-0.183635
0.709063
-0.193913
0.103157
0.068590
-0.261326
0.040848
-0.100328
-0.382491
0.182612
