0.413432
0.681576
2.009060
3.499217
-3.346698
-5.584278
6.317512
0.397335
-2.772651
-0.941993
4.598695
4.714616
0.396335
6.489334
-0.153526
4.716501
0.271688
-0.838119
-154.331451
-246.382202
40.949123
-102.513405
-135.799118
54.692417
-71.924858
58.177834
-42.582844
-485.171387
45.240776
-109.223213
-85.361824
-305.690643
0.617981
3.103059
136.353134
202.879913
-33.736576
90.527260
121.616669
-47.890259
66.568085
-51.269581
39.287163
401.049774
-38.772690
91.320038
68.890968
254.724899
0.322844
-0.939064
-0.193942
-0.132251
0.189353
0.274489
-0.267055
-0.306614
0.158158
0.478635
0.614475
-0.678415
0.841511
-0.024168
0.240564
-0.312366
0.322844
-0.939064
-0.193942
-0.132251
0.189353
0.274489
-0.267055
-0.306614
0.158158
0.478635
0.614475
-0.678415
0.841511
-0.024168
0.240564
-0.312366
0.322844
-0.939064
-0.193942
-0.132251
0.189353
0.274489
-0.267055
-0.306614
0.158158
0.478635
0.614475
-0.678415
0.841511
-0.024168
0.240564
-0.312366
0.322844
-0.939064
-0.193942
-0.132251
0.189353
0.274489
-0.267055
-0.306614
0.158158
0.478635
0.614475
-0.678415
0.841511
-0.024168
0.240564
-0.312366
0.322844
-0.939064
-0.193942
-0.132251
0.189353
0.274489
-0.267055
-0.306614
0.158158
0.478635
0.614475
-0.678415
0.841511
-0.024168
0.240564
-0.312366
0.322844
-0.939064
-0.193942
-0.132251
0.189353
0.274489
-0.267055
-0.306614
0.158158
0.478635
0.614475
-0.678415
0.841511
-0.024168
0.240564
-0.312366
0.322844
-0.939064
-0.193942
-0.132251
0.189353
0.274489
-0.267055
-0.306614
0.158158
0.478635
0.614475
-0.678415
0.841511
-0.024168
0.240564
-0.312366
0.322844
-0.939064
-0.193942
-0.132251
0.189353
0.274489
-0.267055
-0.306614
0.158158
0.478635
0.614475
-0.678415
0.841511
-0.024168
0.240564
-0.312366
0.322844
-0.939064
-0.193942
-0.132251
0.189353
0.274489
-0.267055
-0.306614
0.158158
0.478635
0.614475
-0.678415
0.841511
-0.024168
0.240564
-0.312366
0.322844
-0.939064
-0.193942
-0.132251
0.189353
0.274489
-0.267055
-0.306614
0.158158
0.478635
0.614475
-0.678415
0.841511
-0.024168
0.240564
-0.312366
0.322844
-0.939064
-0.193942
-0.132251
0.189353
0.274489
-0.267055
-0.306614
0.158158
0.478635
0.614475
-0.678415
0.841511
-0.024168
0.240564
-0.312366
0.322844
-0.939064
-0.193942
-0.132251
0.189353
0.274489
-0.267055
-0.306614
0.158158
0.478635
0.614475
-0.678415
0.841511
-0.024168
0.240564
-0.312366
0.322844
-0.939064
-0.193942
-0.132251
0.189353
0.274489
-0.267055
-0.306614
0.158158
0.478635
0.614475
-0.678415
0.841511
-0.024168
0.240564
-0.312366
0.322844
-0.939064
-0.193942
-0.132251
0.189353
0.274489
-0.267055
-0.306614
0.158158
0.478635
0.614475
-0.678415
0.841511
-0.024168
0.240564
-0.312366
0.322844
-0.939064
-0.193942
-0.132251
0.189353
0.274489
-0.267055
-0.306614
0.158158
0.478635
0.614475
-0.678415
0.841511
-0.024168
0.240564
-0.312366
0.322844
-0.939064
-0.193942
-0.132251
0.189353
0.274489
-0.267055
-0.306614
0.158158
0.478635
0.614475
-0.678415
0.841511
-0.024168
0.240564
-0.312366
0.322844
-0.939064
-0.193942
-0.132251
0.189353
0.274489
-0.267055
-0.306614
0.158158
0.478635
0.614475
-0.678415
0.841511
-0.024168
0.240564
-0.312366
