-0.018057
1.825819
-1.276705
4.678062
2.281738
-8.936687
1.395829
-3.965461
-1.367540
3.518838
2.737056
5.762494
4.784153
0.327926
-4.889216
0.369223
3.027505
-0.146453
97.008492
142.002914
-160.993866
89.990692
201.339813
70.769867
-100.903236
-9.506144
-46.874950
281.080811
-16.007591
29.931753
154.493073
210.651413
-0.889785
-0.372067
-95.245598
-140.969772
155.495407
-89.459679
-197.825241
-65.542953
97.095184
13.861042
48.916840
-272.252808
18.099928
-31.431946
-153.810715
-205.529434
1.111615
0.283113
-0.574844
-0.447734
0.079793
0.459078
-0.228059
0.331596
-0.291718
0.330846
-0.366402
0.731552
-0.256314
-0.721510
-0.771767
-0.105282
1.111615
0.283113
-0.574844
-0.447734
0.079793
0.459078
-0.228059
0.331596
-0.291718
0.330846
-0.366402
0.731552
-0.256314
-0.721510
-0.771767
-0.105282
1.111615
0.283113
-0.574844
-0.447734
0.079793
0.459078
-0.228059
0.331596
-0.291718
0.330846
-0.366402
0.731552
-0.256314
-0.721510
-0.771767
-0.105282
1.111615
0.283113
-0.574844
-0.447734
0.079793
0.459078
-0.228059
0.331596
-0.291718
0.330846
-0.366402
0.731552
-0.256314
-0.721510
-0.771767
-0.105282
1.111615
0.283113
-0.574844
-0.447734
0.079793
0.459078
-0.228059
0.331596
-0.291718
0.330846
-0.366402
0.731552
-0.256314
-0.721510
-0.771767
-0.105282
1.111615
0.283113
-0.574844
-0.447734
0.079793
0.459078
-0.228059
0.331596
-0.291718
0.330846
-0.366402
0.731552
-0.256314
-0.721510
-0.771767
-0.105282
1.111615
0.283113
-0.574844
-0.447734
0.079793
0.459078
-0.228059
0.331596
-0.291718
0.330846
-0.366402
0.731552
-0.256314
-0.721510
-0.771767
-0.105282
1.111615
0.283113
-0.574844
-0.447734
0.079793
0.459078
-0.228059
0.331596
-0.291718
0.330846
-0.366402
0.731552
-0.256314
-0.721510
-0.771767
-0.105282
1.111615
0.283113
-0.574844
-0.447734
0.079793
0.459078
-0.228059
0.331596
-0.291718
0.330846
-0.366402
0.731552
-0.256314
-0.721510
-0.771767
-0.105282
1.111615
0.283113
-0.574844
-0.447734
0.079793
0.459078
-0.228059
0.331596
-0.291718
0.330846
-0.366402
0.731552
-0.256314
-0.721510
-0.771767
-0.105282
1.111615
0.283113
-0.574844
-0.447734
0.079793
0.459078
-0.228059
0.331596
-0.291718
0.330846
-0.366402
0.731552
-0.256314
-0.721510
-0.771767
-0.105282
1.111615
0.283113
-0.574844
-0.447734
0.079793
0.459078
-0.228059
0.331596
-0.291718
0.330846
-0.366402
0.731552
-0.256314
-0.721510
-0.771767
-0.105282
1.111615
0.283113
-0.574844
-0.447734
0.079793
0.459078
-0.228059
0.331596
-0.291718
0.330846
-0.366402
0.731552
-0.256314
-0.721510
-0.771767
-0.105282
1.111615
0.283113
-0.574844
-0.447734
0.079793
0.459078
-0.228059
0.331596
-0.291718
0.330846
-0.366402
0.731552
-0.256314
-0.721510
-0.771767
-0.105282
1.111615
0.283113
-0.574844
-0.447734
0.079793
0.459078
-0.228059
0.331596
-0.291718
0.330846
-0.366402
0.731552
-0.256314
-0.721510
-0.771767
-0.105282
1.111615
0.283113
-0.574844
-0.447734
0.079793
0.459078
-0.228059
0.331596
-0.291718
0.330846
-0.366402
0.731552
-0.256314
-0.721510
-0.771767
-0.105282
1.111615
0.283113
-0.574844
-0.447734
0.079793
0.459078
-0.228059
0.331596
-0.291718
0.330846
-0.366402
0.731552
-0.256314
-0.721510
-0.771767
-0.105282
