2.930830
-1.521129
6.372801
17.612732
2.684331
-21.112556
0.534521
-0.716854
-12.700379
-5.854533
1.767018
11.466736
-3.566178
2.743614
-3.758615
4.632392
-0.035597
-0.232375
7.398705
1.211299
-6.709394
0.272317
-2.307411
-6.090560
1.119607
5.245104
5.137110
-2.706599
1.754998
-6.526225
0.969748
5.611046
0.552941
0.771154
93.023872
-159.960938
169.955078
109.228401
-37.157154
-223.824280
37.345970
105.641747
301.186340
-65.510658
40.400902
10.230062
122.637909
-239.330872
1.471129
-0.847507
-76.537415
127.881699
-135.639847
-86.306053
29.435934
182.100983
-28.769949
-87.763863
-244.920029
54.750748
-30.534494
-11.690635
-100.246086
192.555771
-0.205929
-0.018979
-0.149752
0.279748
0.474192
0.344183
0.201372
-0.605471
-0.184913
-0.236684
-0.055591
0.559469
-0.437829
-0.235858
-0.396680
-0.181239
-0.205929
-0.018979
-0.149752
0.279748
0.474192
0.344183
0.201372
-0.605471
-0.184913
-0.236684
-0.055591
0.559469
-0.437829
-0.235858
-0.396680
-0.181239
-0.205929
-0.018979
-0.149752
0.279748
0.474192
0.344183
0.201372
-0.605471
-0.184913
-0.236684
-0.055591
0.559469
-0.437829
-0.235858
-0.396680
-0.181239
-0.205929
-0.018979
-0.149752
0.279748
0.474192
0.344183
0.201372
-0.605471
-0.184913
-0.236684
-0.055591
0.559469
-0.437829
-0.235858
-0.396680
-0.181239
-0.205929
-0.018979
-0.149752
0.279748
0.474192
0.344183
0.201372
-0.605471
-0.184913
-0.236684
-0.055591
0.559469
-0.437829
-0.235858
-0.396680
-0.181239
-0.205929
-0.018979
-0.149752
0.279748
0.474192
0.344183
0.201372
-0.605471
-0.184913
-0.236684
-0.055591
0.559469
-0.437829
-0.235858
-0.396680
-0.181239
-0.205929
-0.018979
-0.149752
0.279748
0.474192
0.344183
0.201372
-0.605471
-0.184913
-0.236684
-0.055591
0.559469
-0.437829
-0.235858
-0.396680
-0.181239
-0.205929
-0.018979
-0.149752
0.279748
0.474192
0.344183
0.201372
-0.605471
-0.184913
-0.236684
-0.055591
0.559469
-0.437829
-0.235858
-0.396680
-0.181239
-0.205929
-0.018979
-0.149752
0.279748
0.474192
0.344183
0.201372
-0.605471
-0.184913
-0.236684
-0.055591
0.559469
-0.437829
-0.235858
-0.396680
-0.181239
-0.205929
-0.018979
-0.149752
0.279748
0.474192
0.344183
0.201372
-0.605471
-0.184913
-0.236684
-0.055591
0.559469
-0.437829
-0.235858
-0.396680
-0.181239
-0.205929
-0.018979
-0.149752
0.279748
0.474192
0.344183
0.201372
-0.605471
-0.184913
-0.236684
-0.055591
0.559469
-0.437829
-0.235858
-0.396680
-0.181239
-0.205929
-0.018979
-0.149752
0.279748
0.474192
0.344183
0.201372
-0.605471
-0.184913
-0.236684
-0.055591
0.559469
-0.437829
-0.235858
-0.396680
-0.181239
-0.205929
-0.018979
-0.149752
0.279748
0.474192
0.344183
0.201372
-0.605471
-0.184913
-0.236684
-0.055591
0.559469
-0.437829
-0.235858
-0.396680
-0.181239
-0.205929
-0.018979
-0.149752
0.279748
0.474192
0.344183
0.201372
-0.605471
-0.184913
-0.236684
-0.055591
0.559469
-0.437829
-0.235858
-0.396680
-0.181239
-0.205929
-0.018979
-0.149752
0.279748
0.474192
0.344183
0.201372
-0.605471
-0.184913
-0.236684
-0.055591
0.559469
-0.437829
-0.235858
-0.396680
-0.181239
-0.205929
-0.018979
-0.149752
0.279748
0.474192
0.344183
0.201372
-0.605471
-0.184913
-0.236684
-0.055591
0.559469
-0.437829
-0.235858
-0.396680
-0.181239
