-3.247353
4.518002
-4.969077
45.160114
-10.011143
-33.697117
-21.280964
-10.106824
-23.364891
-39.526691
-7.981462
7.448414
-118.651421
-67.991432
18.441185
-0.169725
0.752703
0.681898
-0.498231
-4.141449
2.183972
6.821056
-5.908327
-1.117915
5.149987
-0.909284
-5.373758
-4.110546
1.001833
-5.383041
2.428847
-3.590455
3.271737
-2.739206
5.565385
30.243490
-1.642135
-35.270641
15.114911
-13.152163
-20.295481
6.157470
12.201424
21.091656
15.188480
11.278717
-19.066612
-0.055723
-1.496847
-1.468627
8.590579
-1.798089
-5.861820
6.749036
5.725783
-1.731070
-7.437122
-2.704894
5.222417
6.808774
-3.531138
5.806606
9.760885
3.894166
0.036724
3.542896
-20.640831
-36.953903
14.124094
-20.607668
-22.452309
18.865686
34.752960
8.948711
-3.532367
-0.072312
-16.855129
13.791950
-18.169754
12.066737
1.079344
1.584155
1.399959
-9.077899
10.406417
15.211039
9.093015
5.980192
18.979454
42.145164
12.705164
18.947281
88.683517
102.125450
-6.694411
4.633942
-3.969954
-7.492397
3.769074
-9.682148
-9.130472
-10.798818
-4.994030
-4.823219
-8.280598
-43.435146
-9.312445
-29.376972
-50.434925
-112.582977
4.200422
-4.415043
2.949460
-0.555879
79.416191
157.779755
-185.077362
63.933846
214.446060
107.968132
-117.572128
-40.832081
-112.706856
279.484070
-45.978237
19.971111
123.713852
221.792175
-2.036523
-0.552039
-64.083237
-132.413559
151.757599
-50.285137
-169.327423
-86.035812
95.059189
38.237381
101.639725
-227.425430
36.235298
-17.746441
-106.409294
-179.736603
-0.374020
-0.965576
0.571554
0.024303
-0.339123
0.174656
-0.119386
-0.023605
-0.161957
-0.340661
-0.192522
0.142336
0.222792
-0.105405
0.257875
-0.623912
-0.374020
-0.965576
0.571554
0.024303
-0.339123
0.174656
-0.119386
-0.023605
-0.161957
-0.340661
-0.192522
0.142336
0.222792
-0.105405
0.257875
-0.623912
-0.374020
-0.965576
0.571554
0.024303
-0.339123
0.174656
-0.119386
-0.023605
-0.161957
-0.340661
-0.192522
0.142336
0.222792
-0.105405
0.257875
-0.623912
-0.374020
-0.965576
0.571554
0.024303
-0.339123
0.174656
-0.119386
-0.023605
-0.161957
-0.340661
-0.192522
0.142336
0.222792
-0.105405
0.257875
-0.623912
-0.374020
-0.965576
0.571554
0.024303
-0.339123
0.174656
-0.119386
-0.023605
-0.161957
-0.340661
-0.192522
0.142336
0.222792
-0.105405
0.257875
-0.623912
-0.374020
-0.965576
0.571554
0.024303
-0.339123
0.174656
-0.119386
-0.023605
-0.161957
-0.340661
-0.192522
0.142336
0.222792
-0.105405
0.257875
-0.623912
-0.374020
-0.965576
0.571554
0.024303
-0.339123
0.174656
-0.119386
-0.023605
-0.161957
-0.340661
-0.192522
0.142336
0.222792
-0.105405
0.257875
-0.623912
-0.374020
-0.965576
0.571554
0.024303
-0.339123
0.174656
-0.119386
-0.023605
-0.161957
-0.340661
-0.192522
0.142336
0.222792
-0.105405
0.257875
-0.623912
-0.374020
-0.965576
0.571554
0.024303
-0.339123
0.174656
-0.119386
-0.023605
-0.161957
-0.340661
-0.192522
0.142336
0.222792
-0.105405
0.257875
-0.623912
-0.374020
-0.965576
0.571554
0.024303
-0.339123
0.174656
-0.119386
-0.023605
-0.161957
-0.340661
-0.192522
0.142336
0.222792
-0.105405
0.257875
-0.623912
-0.374020
-0.965576
0.571554
0.024303
-0.339123
0.174656
-0.119386
-0.023605
-0.161957
-0.340661
-0.192522
0.142336
0.222792
-0.105405
0.257875
-0.623912
