-1.211656
-0.448396
6.397610
0.481231
-9.881351
-3.480004
-2.587398
-4.780741
0.010225
4.135743
6.935943
-1.888452
5.783620
-1.667688
-0.562235
4.320389
-0.296725
3.130623
15.877139
-36.571899
31.437550
-10.829896
-31.420641
-15.516591
18.459146
31.033693
5.533254
-3.592654
-23.639620
13.900906
-9.815480
-11.901408
-0.514417
-0.584719
5.475582
6.959024
-7.901649
-4.781281
3.442073
8.294462
1.215940
-3.070185
-3.304720
6.234662
-7.903023
-4.121480
-2.467946
9.795633
0.871615
0.960039
161.648102
-76.995293
51.280777
211.148010
141.263687
-191.210938
-33.841629
110.661385
271.288422
139.535431
3.163835
26.692152
234.156235
-101.813637
-2.119535
1.793962
-10.646663
6.819998
-6.108226
-15.324875
-11.041139
15.464229
5.265916
-7.804293
-18.542002
-4.309592
1.085883
-1.756962
-13.885670
9.617870
0.755509
-0.531832
-83.921059
38.152992
-24.020361
-109.138443
-72.769135
98.403374
17.714495
-54.517918
-139.318314
-76.420876
0.279319
-13.998445
-123.295258
52.880085
-2.627970
-0.968651
-26.175989
13.650347
-9.957715
-37.955334
-26.385704
34.000534
4.851101
-22.087425
-48.102951
-23.948013
0.034269
-2.344343
-39.622215
16.045567
0.514734
-0.059533
-0.143674
0.384500
0.184726
0.394245
-0.011337
-0.336693
0.305203
0.005692
-0.324402
-0.405543
-0.125230
0.289527
0.110164
0.222129
0.514734
-0.059533
-0.143674
0.384500
0.184726
0.394245
-0.011337
-0.336693
0.305203
0.005692
-0.324402
-0.405543
-0.125230
0.289527
0.110164
0.222129
0.514734
-0.059533
-0.143674
0.384500
0.184726
0.394245
-0.011337
-0.336693
0.305203
0.005692
-0.324402
-0.405543
-0.125230
0.289527
0.110164
0.222129
0.514734
-0.059533
-0.143674
0.384500
0.184726
0.394245
-0.011337
-0.336693
0.305203
0.005692
-0.324402
-0.405543
-0.125230
0.289527
0.110164
0.222129
0.514734
-0.059533
-0.143674
0.384500
0.184726
0.394245
-0.011337
-0.336693
0.305203
0.005692
-0.324402
-0.405543
-0.125230
0.289527
0.110164
0.222129
0.514734
-0.059533
-0.143674
0.384500
0.184726
0.394245
-0.011337
-0.336693
0.305203
0.005692
-0.324402
-0.405543
-0.125230
0.289527
0.110164
0.222129
0.514734
-0.059533
-0.143674
0.384500
0.184726
0.394245
-0.011337
-0.336693
0.305203
0.005692
-0.324402
-0.405543
-0.125230
0.289527
0.110164
0.222129
0.514734
-0.059533
-0.143674
0.384500
0.184726
0.394245
-0.011337
-0.336693
0.305203
0.005692
-0.324402
-0.405543
-0.125230
0.289527
0.110164
0.222129
0.514734
-0.059533
-0.143674
0.384500
0.184726
0.394245
-0.011337
-0.336693
0.305203
0.005692
-0.324402
-0.405543
-0.125230
0.289527
0.110164
0.222129
0.514734
-0.059533
-0.143674
0.384500
0.184726
0.394245
-0.011337
-0.336693
0.305203
0.005692
-0.324402
-0.405543
-0.125230
0.289527
0.110164
0.222129
0.514734
-0.059533
-0.143674
0.384500
0.184726
0.394245
-0.011337
-0.336693
0.305203
0.005692
-0.324402
-0.405543
-0.125230
0.289527
0.110164
0.222129
0.514734
-0.059533
-0.143674
0.384500
0.184726
0.394245
-0.011337
-0.336693
0.305203
0.005692
-0.324402
-0.405543
-0.125230
0.289527
0.110164
0.222129
0.514734
-0.059533
-0.143674
0.384500
0.184726
0.394245
-0.011337
-0.336693
0.305203
0.005692
-0.324402
-0.405543
-0.125230
0.289527
0.110164
0.222129
