1.981001
-2.991363
6.334378
-19.954512
-23.814432
23.558470
-21.182325
7.265965
24.947371
-0.158091
-0.979638
-22.037310
0.406934
-28.850430
17.923044
8.857396
16.356813
-26.614998
36.718510
27.609886
-26.017973
-17.485909
-17.905479
15.706422
2.114906
-12.688390
28.348549
9.781282
-5.107643
19.278835
7.756885
-15.353714
7.671225
-3.049575
30.224020
-37.201115
29.205847
-0.044588
-23.516050
-21.897530
2.515227
32.375992
4.609136
-7.208086
-26.855921
6.729167
-9.129976
-17.950205
-0.691819
-0.180918
417.098694
-21.943171
-513.652405
59.132935
-198.979935
28.815449
153.478058
207.763519
229.888275
682.894531
-161.378799
2.881250
56.474533
292.205231
1.113756
-2.494116
-155.740234
12.222693
188.871140
-24.510714
75.072365
-9.693595
-55.002380
-74.311676
-90.194008
-251.097183
59.660416
-0.858804
-19.924223
-107.483139
0.412502
0.895332
-25.448460
-1.793759
33.978291
1.080214
10.680928
1.787974
-7.514150
-13.506560
-9.935953
-42.042839
11.594533
-3.065294
-4.633166
-17.731216
0.605641
1.875820
-24.463181
1.362941
27.473955
-3.832541
8.248575
-3.342257
-6.296294
-11.581146
-7.514558
-34.829441
9.501652
1.057237
-0.095288
-15.805701
0.353151
0.221161
-113.727745
8.358785
141.459442
-18.360901
54.091679
-10.649164
-45.605801
-58.119968
-69.919479
-188.926132
43.412128
-4.434904
-21.320448
-80.363998
-0.867636
-0.073259
0.515088
-0.151649
-0.783384
-0.437230
0.056794
-0.453331
-0.072221
0.058177
-0.330587
0.297021
0.351920
0.488340
0.021209
-0.365475
-0.867636
-0.073259
0.515088
-0.151649
-0.783384
-0.437230
0.056794
-0.453331
-0.072221
0.058177
-0.330587
0.297021
0.351920
0.488340
0.021209
-0.365475
-0.867636
-0.073259
0.515088
-0.151649
-0.783384
-0.437230
0.056794
-0.453331
-0.072221
0.058177
-0.330587
0.297021
0.351920
0.488340
0.021209
-0.365475
-0.867636
-0.073259
0.515088
-0.151649
-0.783384
-0.437230
0.056794
-0.453331
-0.072221
0.058177
-0.330587
0.297021
0.351920
0.488340
0.021209
-0.365475
-0.867636
-0.073259
0.515088
-0.151649
-0.783384
-0.437230
0.056794
-0.453331
-0.072221
0.058177
-0.330587
0.297021
0.351920
0.488340
0.021209
-0.365475
-0.867636
-0.073259
0.515088
-0.151649
-0.783384
-0.437230
0.056794
-0.453331
-0.072221
0.058177
-0.330587
0.297021
0.351920
0.488340
0.021209
-0.365475
-0.867636
-0.073259
0.515088
-0.151649
-0.783384
-0.437230
0.056794
-0.453331
-0.072221
0.058177
-0.330587
0.297021
0.351920
0.488340
0.021209
-0.365475
-0.867636
-0.073259
0.515088
-0.151649
-0.783384
-0.437230
0.056794
-0.453331
-0.072221
0.058177
-0.330587
0.297021
0.351920
0.488340
0.021209
-0.365475
-0.867636
-0.073259
0.515088
-0.151649
-0.783384
-0.437230
0.056794
-0.453331
-0.072221
0.058177
-0.330587
0.297021
0.351920
0.488340
0.021209
-0.365475
-0.867636
-0.073259
0.515088
-0.151649
-0.783384
-0.437230
0.056794
-0.453331
-0.072221
0.058177
-0.330587
0.297021
0.351920
0.488340
0.021209
-0.365475
-0.867636
-0.073259
0.515088
-0.151649
-0.783384
-0.437230
0.056794
-0.453331
-0.072221
0.058177
-0.330587
0.297021
0.351920
0.488340
0.021209
-0.365475
-0.867636
-0.073259
0.515088
-0.151649
-0.783384
-0.437230
0.056794
-0.453331
-0.072221
0.058177
-0.330587
0.297021
0.351920
0.488340
0.021209
-0.365475
