-1.731798
0.878135
-350.010132
11.511850
394.707428
-32.438618
129.136032
43.709213
-100.748833
-219.475510
-135.955551
-602.386475
110.375496
22.883736
-50.107231
-229.612930
0.849930
-0.145086
271.263245
-13.706231
-304.095490
25.732754
-100.020523
-38.796391
74.903511
169.551590
100.318405
459.810486
-84.893173
-14.582629
34.605404
175.849609
1.369104
2.384241
16.779507
2.982384
-22.871706
-3.183154
-5.343068
-0.232401
5.237254
9.189831
2.176176
37.792023
-7.026290
-4.579884
1.144592
15.931287
-0.244377
0.112972
-0.032697
0.082690
-0.352778
0.170117
-0.025216
0.962666
0.011313
0.045555
-0.404012
-0.094293
0.420835
0.519818
0.318807
0.015995
-0.244377
0.112972
-0.032697
0.082690
-0.352778
0.170117
-0.025216
0.962666
0.011313
0.045555
-0.404012
-0.094293
0.420835
0.519818
0.318807
0.015995
-0.244377
0.112972
-0.032697
0.082690
-0.352778
0.170117
-0.025216
0.962666
0.011313
0.045555
-0.404012
-0.094293
0.420835
0.519818
0.318807
0.015995
-0.244377
0.112972
-0.032697
0.082690
-0.352778
0.170117
-0.025216
0.962666
0.011313
0.045555
-0.404012
-0.094293
0.420835
0.519818
0.318807
0.015995
-0.244377
0.112972
-0.032697
0.082690
-0.352778
0.170117
-0.025216
0.962666
0.011313
0.045555
-0.404012
-0.094293
0.420835
0.519818
0.318807
0.015995
-0.244377
0.112972
-0.032697
0.082690
-0.352778
0.170117
-0.025216
0.962666
0.011313
0.045555
-0.404012
-0.094293
0.420835
0.519818
0.318807
0.015995
-0.244377
0.112972
-0.032697
0.082690
-0.352778
0.170117
-0.025216
0.962666
0.011313
0.045555
-0.404012
-0.094293
0.420835
0.519818
0.318807
0.015995
-0.244377
0.112972
-0.032697
0.082690
-0.352778
0.170117
-0.025216
0.962666
0.011313
0.045555
-0.404012
-0.094293
0.420835
0.519818
0.318807
0.015995
-0.244377
0.112972
-0.032697
0.082690
-0.352778
0.170117
-0.025216
0.962666
0.011313
0.045555
-0.404012
-0.094293
0.420835
0.519818
0.318807
0.015995
-0.244377
0.112972
-0.032697
0.082690
-0.352778
0.170117
-0.025216
0.962666
0.011313
0.045555
-0.404012
-0.094293
0.420835
0.519818
0.318807
0.015995
-0.244377
0.112972
-0.032697
0.082690
-0.352778
0.170117
-0.025216
0.962666
0.011313
0.045555
-0.404012
-0.094293
0.420835
0.519818
0.318807
0.015995
-0.244377
0.112972
-0.032697
0.082690
-0.352778
0.170117
-0.025216
0.962666
0.011313
0.045555
-0.404012
-0.094293
0.420835
0.519818
0.318807
0.015995
-0.244377
0.112972
-0.032697
0.082690
-0.352778
0.170117
-0.025216
0.962666
0.011313
0.045555
-0.404012
-0.094293
0.420835
0.519818
0.318807
0.015995
-0.244377
0.112972
-0.032697
0.082690
-0.352778
0.170117
-0.025216
0.962666
0.011313
0.045555
-0.404012
-0.094293
0.420835
0.519818
0.318807
0.015995
-0.244377
0.112972
-0.032697
0.082690
-0.352778
0.170117
-0.025216
0.962666
0.011313
0.045555
-0.404012
-0.094293
0.420835
0.519818
0.318807
0.015995
-0.244377
0.112972
-0.032697
0.082690
-0.352778
0.170117
-0.025216
0.962666
0.011313
0.045555
-0.404012
-0.094293
0.420835
0.519818
0.318807
0.015995
-0.244377
0.112972
-0.032697
0.082690
-0.352778
0.170117
-0.025216
0.962666
0.011313
0.045555
-0.404012
-0.094293
0.420835
0.519818
0.318807
0.015995
