-2.379717
1.971249
28.507048
-2.565397
-32.902779
14.914087
1.086043
-24.947439
-0.137959
16.111807
29.576620
-22.972904
23.577936
-0.602439
19.533819
10.864240
0.902531
-1.051337
-250.878937
331.924744
279.462250
-377.587067
149.667099
-84.166756
-268.954620
-32.729164
-600.142822
-269.138611
130.576889
-112.697357
-210.853409
-122.567795
-1.766782
1.595073
13.473667
-20.221395
-13.455037
24.883337
-10.451733
6.050238
14.746711
0.289071
41.265621
9.366018
-6.590749
9.331985
15.639974
5.673211
2.881098
-1.517408
139.480530
-180.654236
-156.786392
207.902588
-82.461830
47.372795
151.242661
18.803585
328.258972
153.563034
-73.053757
58.925636
114.382271
69.968636
-4.047312
0.472179
45.226593
-47.950108
-48.290466
51.495953
-27.946676
7.429915
37.079151
12.379530
89.817406
55.054405
-20.996098
17.474812
30.962036
20.312737
-1.014564
0.859442
-0.983626
-0.207446
0.486642
-0.301565
-0.131233
-0.259457
0.073192
-0.393870
-0.892034
0.931584
-0.371845
-0.448192
-0.352625
0.627908
-1.014564
0.859442
-0.983626
-0.207446
0.486642
-0.301565
-0.131233
-0.259457
0.073192
-0.393870
-0.892034
0.931584
-0.371845
-0.448192
-0.352625
0.627908
-1.014564
0.859442
-0.983626
-0.207446
0.486642
-0.301565
-0.131233
-0.259457
0.073192
-0.393870
-0.892034
0.931584
-0.371845
-0.448192
-0.352625
0.627908
-1.014564
0.859442
-0.983626
-0.207446
0.486642
-0.301565
-0.131233
-0.259457
0.073192
-0.393870
-0.892034
0.931584
-0.371845
-0.448192
-0.352625
0.627908
-1.014564
0.859442
-0.983626
-0.207446
0.486642
-0.301565
-0.131233
-0.259457
0.073192
-0.393870
-0.892034
0.931584
-0.371845
-0.448192
-0.352625
0.627908
-1.014564
0.859442
-0.983626
-0.207446
0.486642
-0.301565
-0.131233
-0.259457
0.073192
-0.393870
-0.892034
0.931584
-0.371845
-0.448192
-0.352625
0.627908
-1.014564
0.859442
-0.983626
-0.207446
0.486642
-0.301565
-0.131233
-0.259457
0.073192
-0.393870
-0.892034
0.931584
-0.371845
-0.448192
-0.352625
0.627908
-1.014564
0.859442
-0.983626
-0.207446
0.486642
-0.301565
-0.131233
-0.259457
0.073192
-0.393870
-0.892034
0.931584
-0.371845
-0.448192
-0.352625
0.627908
-1.014564
0.859442
-0.983626
-0.207446
0.486642
-0.301565
-0.131233
-0.259457
0.073192
-0.393870
-0.892034
0.931584
-0.371845
-0.448192
-0.352625
0.627908
-1.014564
0.859442
-0.983626
-0.207446
0.486642
-0.301565
-0.131233
-0.259457
0.073192
-0.393870
-0.892034
0.931584
-0.371845
-0.448192
-0.352625
0.627908
-1.014564
0.859442
-0.983626
-0.207446
0.486642
-0.301565
-0.131233
-0.259457
0.073192
-0.393870
-0.892034
0.931584
-0.371845
-0.448192
-0.352625
0.627908
-1.014564
0.859442
-0.983626
-0.207446
0.486642
-0.301565
-0.131233
-0.259457
0.073192
-0.393870
-0.892034
0.931584
-0.371845
-0.448192
-0.352625
0.627908
-1.014564
0.859442
-0.983626
-0.207446
0.486642
-0.301565
-0.131233
-0.259457
0.073192
-0.393870
-0.892034
0.931584
-0.371845
-0.448192
-0.352625
0.627908
-1.014564
0.859442
-0.983626
-0.207446
0.486642
-0.301565
-0.131233
-0.259457
0.073192
-0.393870
-0.892034
0.931584
-0.371845
-0.448192
-0.352625
0.627908
-1.014564
0.859442
-0.983626
-0.207446
0.486642
-0.301565
-0.131233
-0.259457
0.073192
-0.393870
-0.892034
0.931584
-0.371845
-0.448192
-0.352625
0.627908
