0.300888
0.267222
-1.938273
6.734125
5.025408
-7.301397
3.671311
-2.887582
-2.705452
0.058965
-2.743461
6.842867
3.593689
2.970040
-4.905698
0.097173
1.550724
-1.577480
7.783403
-7.677917
-0.787921
9.340952
6.029094
-6.604578
-2.267073
0.528678
6.360244
2.177852
-1.340110
6.447480
10.369563
-3.238068
0.520387
2.707554
-334.119293
239.337662
367.162231
-285.396790
148.130783
-34.779522
-234.571167
-111.860954
-497.229553
-412.446777
166.728897
-62.536674
-173.076523
-160.799484
-1.016363
-1.850165
24.638697
-11.374440
-25.371185
15.641605
-11.921134
0.393226
13.675783
5.784874
29.726826
32.610176
-13.047770
4.545419
12.163013
8.374268
-0.480888
-0.504550
203.968277
-148.960846
-223.149933
173.941299
-92.078743
21.059525
140.257492
69.728096
301.003387
249.937668
-97.586472
40.035805
104.845779
94.508278
-0.288245
-1.334378
40.705276
-29.627098
-44.325146
42.251083
-15.622482
7.729999
33.668797
11.415462
69.403893
47.410080
-21.481569
8.810126
24.826017
21.482689
-0.674331
-0.943693
0.059822
0.217425
-0.186795
0.388946
0.231274
-0.001050
-0.052061
-0.371842
-0.503441
0.334513
0.525056
-0.498993
0.149361
-0.279046
-0.674331
-0.943693
0.059822
0.217425
-0.186795
0.388946
0.231274
-0.001050
-0.052061
-0.371842
-0.503441
0.334513
0.525056
-0.498993
0.149361
-0.279046
-0.674331
-0.943693
0.059822
0.217425
-0.186795
0.388946
0.231274
-0.001050
-0.052061
-0.371842
-0.503441
0.334513
0.525056
-0.498993
0.149361
-0.279046
-0.674331
-0.943693
0.059822
0.217425
-0.186795
0.388946
0.231274
-0.001050
-0.052061
-0.371842
-0.503441
0.334513
0.525056
-0.498993
0.149361
-0.279046
-0.674331
-0.943693
0.059822
0.217425
-0.186795
0.388946
0.231274
-0.001050
-0.052061
-0.371842
-0.503441
0.334513
0.525056
-0.498993
0.149361
-0.279046
-0.674331
-0.943693
0.059822
0.217425
-0.186795
0.388946
0.231274
-0.001050
-0.052061
-0.371842
-0.503441
0.334513
0.525056
-0.498993
0.149361
-0.279046
-0.674331
-0.943693
0.059822
0.217425
-0.186795
0.388946
0.231274
-0.001050
-0.052061
-0.371842
-0.503441
0.334513
0.525056
-0.498993
0.149361
-0.279046
-0.674331
-0.943693
0.059822
0.217425
-0.186795
0.388946
0.231274
-0.001050
-0.052061
-0.371842
-0.503441
0.334513
0.525056
-0.498993
0.149361
-0.279046
-0.674331
-0.943693
0.059822
0.217425
-0.186795
0.388946
0.231274
-0.001050
-0.052061
-0.371842
-0.503441
0.334513
0.525056
-0.498993
0.149361
-0.279046
-0.674331
-0.943693
0.059822
0.217425
-0.186795
0.388946
0.231274
-0.001050
-0.052061
-0.371842
-0.503441
0.334513
0.525056
-0.498993
0.149361
-0.279046
-0.674331
-0.943693
0.059822
0.217425
-0.186795
0.388946
0.231274
-0.001050
-0.052061
-0.371842
-0.503441
0.334513
0.525056
-0.498993
0.149361
-0.279046
-0.674331
-0.943693
0.059822
0.217425
-0.186795
0.388946
0.231274
-0.001050
-0.052061
-0.371842
-0.503441
0.334513
0.525056
-0.498993
0.149361
-0.279046
-0.674331
-0.943693
0.059822
0.217425
-0.186795
0.388946
0.231274
-0.001050
-0.052061
-0.371842
-0.503441
0.334513
0.525056
-0.498993
0.149361
-0.279046
-0.674331
-0.943693
0.059822
0.217425
-0.186795
0.388946
0.231274
-0.001050
-0.052061
-0.371842
-0.503441
0.334513
0.525056
-0.498993
0.149361
-0.279046
