0.726687
-0.753488
24.173018
0.513900
-29.275663
2.012346
-2.262280
2.503940
-1.059516
11.998395
15.515786
-16.693117
2.576293
-1.015682
7.951843
9.459489
1.233883
-0.878779
3.818919
-3.611053
-3.455140
5.947916
-1.565264
-4.329599
1.293770
4.627027
0.892022
-5.926706
4.708817
-3.672051
1.708997
1.236974
-1.139593
-3.980482
46.470322
29.021826
-200.997070
-43.708385
-116.338234
246.866425
-36.358856
80.833282
-390.039764
1050.851563
83.557770
-111.232834
71.445549
444.849579
2.488827
-1.284221
-19.048166
-9.275284
88.246758
17.830971
48.859890
-107.552643
16.231987
-36.562653
169.549835
-462.796936
-35.867985
48.901745
-29.155478
-196.085175
1.954523
0.465981
-1.985536
-0.495062
12.596239
3.772465
3.509860
-11.786143
0.150627
-1.790136
19.790680
-62.904297
-3.088322
5.370245
-9.114915
-24.327806
-0.395679
-0.101206
-1.377549
-0.955257
6.701077
2.916555
3.550025
-8.981581
0.986987
-6.777414
15.263714
-53.890686
-2.704023
4.496090
-7.434451
-22.728964
-1.381751
0.855947
-11.814573
-6.554334
44.667992
8.104175
27.993227
-53.808014
6.403167
-16.858040
83.302368
-225.050232
-21.508804
25.912827
-15.057192
-93.118973
-0.488406
-0.620242
-0.229607
-0.162944
0.454399
-0.221296
-0.468042
-0.148562
0.564195
-0.077239
-0.206692
-0.108473
0.300722
0.610390
-0.255554
0.130322
-0.488406
-0.620242
-0.229607
-0.162944
0.454399
-0.221296
-0.468042
-0.148562
0.564195
-0.077239
-0.206692
-0.108473
0.300722
0.610390
-0.255554
0.130322
-0.488406
-0.620242
-0.229607
-0.162944
0.454399
-0.221296
-0.468042
-0.148562
0.564195
-0.077239
-0.206692
-0.108473
0.300722
0.610390
-0.255554
0.130322
-0.488406
-0.620242
-0.229607
-0.162944
0.454399
-0.221296
-0.468042
-0.148562
0.564195
-0.077239
-0.206692
-0.108473
0.300722
0.610390
-0.255554
0.130322
-0.488406
-0.620242
-0.229607
-0.162944
0.454399
-0.221296
-0.468042
-0.148562
0.564195
-0.077239
-0.206692
-0.108473
0.300722
0.610390
-0.255554
0.130322
-0.488406
-0.620242
-0.229607
-0.162944
0.454399
-0.221296
-0.468042
-0.148562
0.564195
-0.077239
-0.206692
-0.108473
0.300722
0.610390
-0.255554
0.130322
-0.488406
-0.620242
-0.229607
-0.162944
0.454399
-0.221296
-0.468042
-0.148562
0.564195
-0.077239
-0.206692
-0.108473
0.300722
0.610390
-0.255554
0.130322
-0.488406
-0.620242
-0.229607
-0.162944
0.454399
-0.221296
-0.468042
-0.148562
0.564195
-0.077239
-0.206692
-0.108473
0.300722
0.610390
-0.255554
0.130322
-0.488406
-0.620242
-0.229607
-0.162944
0.454399
-0.221296
-0.468042
-0.148562
0.564195
-0.077239
-0.206692
-0.108473
0.300722
0.610390
-0.255554
0.130322
-0.488406
-0.620242
-0.229607
-0.162944
0.454399
-0.221296
-0.468042
-0.148562
0.564195
-0.077239
-0.206692
-0.108473
0.300722
0.610390
-0.255554
0.130322
-0.488406
-0.620242
-0.229607
-0.162944
0.454399
-0.221296
-0.468042
-0.148562
0.564195
-0.077239
-0.206692
-0.108473
0.300722
0.610390
-0.255554
0.130322
-0.488406
-0.620242
-0.229607
-0.162944
0.454399
-0.221296
-0.468042
-0.148562
0.564195
-0.077239
-0.206692
-0.108473
0.300722
0.610390
-0.255554
0.130322
-0.488406
-0.620242
-0.229607
-0.162944
0.454399
-0.221296
-0.468042
-0.148562
0.564195
-0.077239
-0.206692
-0.108473
0.300722
0.610390
-0.255554
0.130322
