-1.701285
-1.895814
32.001057
-13.218135
-42.407352
10.696616
-16.066893
-10.673058
3.482116
12.060554
27.411304
-23.124704
9.411768
-18.974287
19.545559
14.729569
-0.151910
1.512537
0.068295
3.911106
-1.078456
-8.194319
4.253223
4.953892
-3.239732
-2.280346
2.743494
8.489964
-2.588230
5.211782
-4.130972
3.119469
4.894618
1.748329
-37.490604
-24.589016
-10.623488
-30.890469
-20.096596
40.060604
33.195499
-3.781513
-3.623567
-1.052599
6.230155
17.304014
-16.131104
18.760900
-0.545215
2.734206
-6.299112
-57.041286
43.695324
158.745117
288.700073
-41.638374
120.294876
7.402064
1030.844727
-190.796967
-183.727005
-79.970360
295.179321
-280.947906
-0.241648
-2.515039
2.059266
34.247074
-29.052246
-94.897598
-173.736176
22.709494
-76.759789
-9.163545
-639.580444
111.728836
111.616035
51.873447
-182.343170
171.623398
2.975679
-0.306821
-1.777512
4.744305
0.238976
-11.776958
-20.243605
6.740786
-5.838364
1.427819
-63.846897
15.211753
9.103415
3.219663
-17.889694
23.096859
-1.709587
0.260724
0.785326
7.640578
-3.872144
-21.065432
-37.104145
4.002298
-14.547033
0.648303
-127.688789
17.040028
20.963505
9.594443
-41.320511
29.392332
0.303277
0.323424
0.166951
0.117393
-0.030218
0.162847
-0.195128
-0.318372
-0.118942
0.333599
0.093375
-0.100600
-0.175622
-0.147440
-0.383179
-0.011371
0.303277
0.323424
0.166951
0.117393
-0.030218
0.162847
-0.195128
-0.318372
-0.118942
0.333599
0.093375
-0.100600
-0.175622
-0.147440
-0.383179
-0.011371
0.303277
0.323424
0.166951
0.117393
-0.030218
0.162847
-0.195128
-0.318372
-0.118942
0.333599
0.093375
-0.100600
-0.175622
-0.147440
-0.383179
-0.011371
0.303277
0.323424
0.166951
0.117393
-0.030218
0.162847
-0.195128
-0.318372
-0.118942
0.333599
0.093375
-0.100600
-0.175622
-0.147440
-0.383179
-0.011371
0.303277
0.323424
0.166951
0.117393
-0.030218
0.162847
-0.195128
-0.318372
-0.118942
0.333599
0.093375
-0.100600
-0.175622
-0.147440
-0.383179
-0.011371
0.303277
0.323424
0.166951
0.117393
-0.030218
0.162847
-0.195128
-0.318372
-0.118942
0.333599
0.093375
-0.100600
-0.175622
-0.147440
-0.383179
-0.011371
0.303277
0.323424
0.166951
0.117393
-0.030218
0.162847
-0.195128
-0.318372
-0.118942
0.333599
0.093375
-0.100600
-0.175622
-0.147440
-0.383179
-0.011371
0.303277
0.323424
0.166951
0.117393
-0.030218
0.162847
-0.195128
-0.318372
-0.118942
0.333599
0.093375
-0.100600
-0.175622
-0.147440
-0.383179
-0.011371
0.303277
0.323424
0.166951
0.117393
-0.030218
0.162847
-0.195128
-0.318372
-0.118942
0.333599
0.093375
-0.100600
-0.175622
-0.147440
-0.383179
-0.011371
0.303277
0.323424
0.166951
0.117393
-0.030218
0.162847
-0.195128
-0.318372
-0.118942
0.333599
0.093375
-0.100600
-0.175622
-0.147440
-0.383179
-0.011371
0.303277
0.323424
0.166951
0.117393
-0.030218
0.162847
-0.195128
-0.318372
-0.118942
0.333599
0.093375
-0.100600
-0.175622
-0.147440
-0.383179
-0.011371
0.303277
0.323424
0.166951
0.117393
-0.030218
0.162847
-0.195128
-0.318372
-0.118942
0.333599
0.093375
-0.100600
-0.175622
-0.147440
-0.383179
-0.011371
0.303277
0.323424
0.166951
0.117393
-0.030218
0.162847
-0.195128
-0.318372
-0.118942
0.333599
0.093375
-0.100600
-0.175622
-0.147440
-0.383179
-0.011371
