4.661449
0.582338
17.801554
7.903364
-20.743202
-14.848452
-3.736902
3.204799
-9.054084
9.249695
11.858647
5.929088
5.240436
4.981716
1.820892
4.955643
-0.510622
-3.480289
7.726642
-18.787683
-12.254809
27.009560
-18.814535
-18.815083
14.924738
13.564749
3.238218
-32.684219
8.746519
-25.292891
13.250163
-6.501701
-1.609707
-3.122678
24.539497
-23.341019
-80.439865
116.362816
169.565002
170.301636
46.982162
81.932297
648.680542
588.141479
-44.076145
-135.315308
348.201050
63.743961
-0.471767
-0.935171
-28.586708
20.626839
74.794754
-107.932449
-154.796326
-159.285004
-42.832386
-73.181587
-605.668457
-551.120300
40.578362
124.727135
-328.250916
-60.162746
-0.412120
-0.200527
0.061711
0.306451
0.258202
0.126549
-0.012888
-0.461268
0.322499
-0.783350
0.077785
-0.400478
0.303652
-0.253586
-0.204069
-0.340627
-0.412120
-0.200527
0.061711
0.306451
0.258202
0.126549
-0.012888
-0.461268
0.322499
-0.783350
0.077785
-0.400478
0.303652
-0.253586
-0.204069
-0.340627
-0.412120
-0.200527
0.061711
0.306451
0.258202
0.126549
-0.012888
-0.461268
0.322499
-0.783350
0.077785
-0.400478
0.303652
-0.253586
-0.204069
-0.340627
-0.412120
-0.200527
0.061711
0.306451
0.258202
0.126549
-0.012888
-0.461268
0.322499
-0.783350
0.077785
-0.400478
0.303652
-0.253586
-0.204069
-0.340627
-0.412120
-0.200527
0.061711
0.306451
0.258202
0.126549
-0.012888
-0.461268
0.322499
-0.783350
0.077785
-0.400478
0.303652
-0.253586
-0.204069
-0.340627
-0.412120
-0.200527
0.061711
0.306451
0.258202
0.126549
-0.012888
-0.461268
0.322499
-0.783350
0.077785
-0.400478
0.303652
-0.253586
-0.204069
-0.340627
-0.412120
-0.200527
0.061711
0.306451
0.258202
0.126549
-0.012888
-0.461268
0.322499
-0.783350
0.077785
-0.400478
0.303652
-0.253586
-0.204069
-0.340627
-0.412120
-0.200527
0.061711
0.306451
0.258202
0.126549
-0.012888
-0.461268
0.322499
-0.783350
0.077785
-0.400478
0.303652
-0.253586
-0.204069
-0.340627
-0.412120
-0.200527
0.061711
0.306451
0.258202
0.126549
-0.012888
-0.461268
0.322499
-0.783350
0.077785
-0.400478
0.303652
-0.253586
-0.204069
-0.340627
-0.412120
-0.200527
0.061711
0.306451
0.258202
0.126549
-0.012888
-0.461268
0.322499
-0.783350
0.077785
-0.400478
0.303652
-0.253586
-0.204069
-0.340627
-0.412120
-0.200527
0.061711
0.306451
0.258202
0.126549
-0.012888
-0.461268
0.322499
-0.783350
0.077785
-0.400478
0.303652
-0.253586
-0.204069
-0.340627
-0.412120
-0.200527
0.061711
0.306451
0.258202
0.126549
-0.012888
-0.461268
0.322499
-0.783350
0.077785
-0.400478
0.303652
-0.253586
-0.204069
-0.340627
-0.412120
-0.200527
0.061711
0.306451
0.258202
0.126549
-0.012888
-0.461268
0.322499
-0.783350
0.077785
-0.400478
0.303652
-0.253586
-0.204069
-0.340627
-0.412120
-0.200527
0.061711
0.306451
0.258202
0.126549
-0.012888
-0.461268
0.322499
-0.783350
0.077785
-0.400478
0.303652
-0.253586
-0.204069
-0.340627
-0.412120
-0.200527
0.061711
0.306451
0.258202
0.126549
-0.012888
-0.461268
0.322499
-0.783350
0.077785
-0.400478
0.303652
-0.253586
-0.204069
-0.340627
-0.412120
-0.200527
0.061711
0.306451
0.258202
0.126549
-0.012888
-0.461268
0.322499
-0.783350
0.077785
-0.400478
0.303652
-0.253586
-0.204069
-0.340627
