-0.961961
-0.452029
5.340118
5.865154
-1.719397
-9.690721
-0.901137
-3.403510
-4.290162
2.490862
3.296739
7.234141
2.215544
-0.246402
-5.326266
3.767904
-1.191580
-0.352025
-16.608568
68.236755
33.870411
-144.560181
-270.871460
-84.813812
-109.441566
-57.248486
-1058.813477
-296.787109
140.507767
149.919464
-401.994263
108.456245
5.097305
-2.953918
-25.601625
41.110626
-25.412489
2.040043
26.047617
12.938351
-5.089256
-34.114586
0.650539
8.390497
19.814421
-6.318950
14.821954
14.722892
2.251151
0.816304
7.637161
-27.772421
-13.629058
61.999046
117.440697
41.695656
45.508133
29.625883
438.755554
138.408081
-58.452465
-65.499794
170.793884
-38.922363
-1.319784
0.996094
0.164713
-0.513962
0.150005
6.042142
17.811014
1.078705
7.948633
0.377220
58.791744
3.495457
-12.603697
-2.876345
25.529854
-10.163847
0.069437
0.686391
-0.296978
-2.290086
0.982935
8.093657
13.061710
0.829038
6.424006
-3.326474
64.064819
3.642256
-9.118555
-7.518022
17.806000
-13.455559
0.374906
-1.588058
4.592200
-18.174566
-9.379830
31.916124
61.182453
21.672245
26.512783
17.122482
243.427658
87.933846
-30.105326
-38.138107
95.670509
-12.510883
-0.333930
1.134019
0.180580
-0.109484
-0.345174
-0.037446
-0.127697
0.516073
-0.065265
0.170372
-0.139471
0.111990
0.354188
0.191699
-0.186194
0.255193
-0.333930
1.134019
0.180580
-0.109484
-0.345174
-0.037446
-0.127697
0.516073
-0.065265
0.170372
-0.139471
0.111990
0.354188
0.191699
-0.186194
0.255193
-0.333930
1.134019
0.180580
-0.109484
-0.345174
-0.037446
-0.127697
0.516073
-0.065265
0.170372
-0.139471
0.111990
0.354188
0.191699
-0.186194
0.255193
-0.333930
1.134019
0.180580
-0.109484
-0.345174
-0.037446
-0.127697
0.516073
-0.065265
0.170372
-0.139471
0.111990
0.354188
0.191699
-0.186194
0.255193
-0.333930
1.134019
0.180580
-0.109484
-0.345174
-0.037446
-0.127697
0.516073
-0.065265
0.170372
-0.139471
0.111990
0.354188
0.191699
-0.186194
0.255193
-0.333930
1.134019
0.180580
-0.109484
-0.345174
-0.037446
-0.127697
0.516073
-0.065265
0.170372
-0.139471
0.111990
0.354188
0.191699
-0.186194
0.255193
-0.333930
1.134019
0.180580
-0.109484
-0.345174
-0.037446
-0.127697
0.516073
-0.065265
0.170372
-0.139471
0.111990
0.354188
0.191699
-0.186194
0.255193
-0.333930
1.134019
0.180580
-0.109484
-0.345174
-0.037446
-0.127697
0.516073
-0.065265
0.170372
-0.139471
0.111990
0.354188
0.191699
-0.186194
0.255193
-0.333930
1.134019
0.180580
-0.109484
-0.345174
-0.037446
-0.127697
0.516073
-0.065265
0.170372
-0.139471
0.111990
0.354188
0.191699
-0.186194
0.255193
-0.333930
1.134019
0.180580
-0.109484
-0.345174
-0.037446
-0.127697
0.516073
-0.065265
0.170372
-0.139471
0.111990
0.354188
0.191699
-0.186194
0.255193
-0.333930
1.134019
0.180580
-0.109484
-0.345174
-0.037446
-0.127697
0.516073
-0.065265
0.170372
-0.139471
0.111990
0.354188
0.191699
-0.186194
0.255193
-0.333930
1.134019
0.180580
-0.109484
-0.345174
-0.037446
-0.127697
0.516073
-0.065265
0.170372
-0.139471
0.111990
0.354188
0.191699
-0.186194
0.255193
-0.333930
1.134019
0.180580
-0.109484
-0.345174
-0.037446
-0.127697
0.516073
-0.065265
0.170372
-0.139471
0.111990
0.354188
0.191699
-0.186194
0.255193
