0.391907
1.026331
127.443886
-62.311100
71.586571
-146.396271
65.393188
-144.149155
45.011654
-28.251387
-64.260460
-139.691895
-206.520889
17.193306
-174.897217
-186.636398
6.895483
15.725842
32.976166
33.353233
-29.947958
-20.140615
-15.534923
10.045893
-0.617250
-11.041808
14.870540
10.869586
-3.051223
30.140408
13.927665
-11.242144
0.531308
1.376681
-9.170568
-3.040167
7.359168
6.472516
3.551429
2.630665
2.157447
-5.048800
-7.258843
-2.547280
-0.987849
2.339420
-0.383976
-5.527360
-0.858009
6.637434
-37.424458
-26.271879
-13.908234
-19.381802
-12.430211
32.685677
29.302515
-11.070579
-1.218351
-10.745770
18.533073
25.538481
-9.209887
19.031746
-0.628011
-1.158145
-4.934627
7.139483
-5.585029
14.887648
0.089255
10.946816
-5.344402
6.770188
7.867262
8.972362
14.783695
-4.114956
17.773010
13.622845
-0.692241
2.228158
-95.797546
42.328392
-54.206799
106.425392
-49.334423
106.229332
-33.472355
20.657290
47.653046
105.910606
150.870163
-12.901953
125.640038
137.985077
-0.507108
0.248276
0.139820
0.205725
0.042592
-0.489744
0.295598
-0.675869
0.366561
0.024554
0.713362
-0.280199
-0.000437
0.305881
0.295932
-0.110898
-0.507108
0.248276
0.139820
0.205725
0.042592
-0.489744
0.295598
-0.675869
0.366561
0.024554
0.713362
-0.280199
-0.000437
0.305881
0.295932
-0.110898
-0.507108
0.248276
0.139820
0.205725
0.042592
-0.489744
0.295598
-0.675869
0.366561
0.024554
0.713362
-0.280199
-0.000437
0.305881
0.295932
-0.110898
-0.507108
0.248276
0.139820
0.205725
0.042592
-0.489744
0.295598
-0.675869
0.366561
0.024554
0.713362
-0.280199
-0.000437
0.305881
0.295932
-0.110898
-0.507108
0.248276
0.139820
0.205725
0.042592
-0.489744
0.295598
-0.675869
0.366561
0.024554
0.713362
-0.280199
-0.000437
0.305881
0.295932
-0.110898
-0.507108
0.248276
0.139820
0.205725
0.042592
-0.489744
0.295598
-0.675869
0.366561
0.024554
0.713362
-0.280199
-0.000437
0.305881
0.295932
-0.110898
-0.507108
0.248276
0.139820
0.205725
0.042592
-0.489744
0.295598
-0.675869
0.366561
0.024554
0.713362
-0.280199
-0.000437
0.305881
0.295932
-0.110898
-0.507108
0.248276
0.139820
0.205725
0.042592
-0.489744
0.295598
-0.675869
0.366561
0.024554
0.713362
-0.280199
-0.000437
0.305881
0.295932
-0.110898
-0.507108
0.248276
0.139820
0.205725
0.042592
-0.489744
0.295598
-0.675869
0.366561
0.024554
0.713362
-0.280199
-0.000437
0.305881
0.295932
-0.110898
-0.507108
0.248276
0.139820
0.205725
0.042592
-0.489744
0.295598
-0.675869
0.366561
0.024554
0.713362
-0.280199
-0.000437
0.305881
0.295932
-0.110898
-0.507108
0.248276
0.139820
0.205725
0.042592
-0.489744
0.295598
-0.675869
0.366561
0.024554
0.713362
-0.280199
-0.000437
0.305881
0.295932
-0.110898
-0.507108
0.248276
0.139820
0.205725
0.042592
-0.489744
0.295598
-0.675869
0.366561
0.024554
0.713362
-0.280199
-0.000437
0.305881
0.295932
-0.110898
-0.507108
0.248276
0.139820
0.205725
0.042592
-0.489744
0.295598
-0.675869
0.366561
0.024554
0.713362
-0.280199
-0.000437
0.305881
0.295932
-0.110898
-0.507108
0.248276
0.139820
0.205725
0.042592
-0.489744
0.295598
-0.675869
0.366561
0.024554
0.713362
-0.280199
-0.000437
0.305881
0.295932
-0.110898
