0.942002
0.982740
-8.150532
6.287976
2.375624
-10.159849
-6.519496
4.296778
2.694917
-2.706145
-5.611415
-5.990794
1.274602
-6.578522
-10.418179
0.874698
1.932297
-3.043292
-10.933358
17.501936
12.536264
-26.644455
0.873123
-1.795502
-4.325041
-6.868222
1.139318
18.915335
-4.908620
8.836523
-2.960731
9.558380
9.986397
-3.250707
1.012614
-47.617409
5.044762
-17.961870
-36.275330
11.549443
31.222799
21.265129
5.395205
-12.158362
-3.934598
24.002684
-12.821874
-0.105022
0.395133
-1.817999
8.028345
-3.231989
-10.875805
1.227865
-4.902437
0.755693
1.921736
3.303911
7.727855
-1.597875
-0.602138
-4.006828
3.742400
5.064358
4.583576
-0.761856
75.326683
112.586098
147.478836
18.765207
177.933792
61.111465
41.541161
19.434147
86.996017
-122.826859
-103.628471
-176.352402
116.000145
-214.811813
-4.477949
-0.720994
-43.972031
-74.080269
-99.120522
-8.737566
-109.661392
-39.414730
-27.852030
-12.260009
-54.907284
78.331306
67.433418
111.914772
-74.705894
135.552109
0.735409
1.298273
-9.346720
-14.048562
-13.273609
-3.046628
-22.086451
-2.841673
-3.052046
-1.370384
-11.462761
12.789708
12.613835
16.718138
-13.568240
22.541929
-0.493646
0.185899
0.414538
-0.082131
-0.215555
0.194542
0.487778
-0.148855
0.107345
-0.180724
0.176045
-0.411152
0.913065
-0.382083
0.168430
-0.145337
-0.493646
0.185899
0.414538
-0.082131
-0.215555
0.194542
0.487778
-0.148855
0.107345
-0.180724
0.176045
-0.411152
0.913065
-0.382083
0.168430
-0.145337
-0.493646
0.185899
0.414538
-0.082131
-0.215555
0.194542
0.487778
-0.148855
0.107345
-0.180724
0.176045
-0.411152
0.913065
-0.382083
0.168430
-0.145337
-0.493646
0.185899
0.414538
-0.082131
-0.215555
0.194542
0.487778
-0.148855
0.107345
-0.180724
0.176045
-0.411152
0.913065
-0.382083
0.168430
-0.145337
-0.493646
0.185899
0.414538
-0.082131
-0.215555
0.194542
0.487778
-0.148855
0.107345
-0.180724
0.176045
-0.411152
0.913065
-0.382083
0.168430
-0.145337
-0.493646
0.185899
0.414538
-0.082131
-0.215555
0.194542
0.487778
-0.148855
0.107345
-0.180724
0.176045
-0.411152
0.913065
-0.382083
0.168430
-0.145337
-0.493646
0.185899
0.414538
-0.082131
-0.215555
0.194542
0.487778
-0.148855
0.107345
-0.180724
0.176045
-0.411152
0.913065
-0.382083
0.168430
-0.145337
-0.493646
0.185899
0.414538
-0.082131
-0.215555
0.194542
0.487778
-0.148855
0.107345
-0.180724
0.176045
-0.411152
0.913065
-0.382083
0.168430
-0.145337
-0.493646
0.185899
0.414538
-0.082131
-0.215555
0.194542
0.487778
-0.148855
0.107345
-0.180724
0.176045
-0.411152
0.913065
-0.382083
0.168430
-0.145337
-0.493646
0.185899
0.414538
-0.082131
-0.215555
0.194542
0.487778
-0.148855
0.107345
-0.180724
0.176045
-0.411152
0.913065
-0.382083
0.168430
-0.145337
-0.493646
0.185899
0.414538
-0.082131
-0.215555
0.194542
0.487778
-0.148855
0.107345
-0.180724
0.176045
-0.411152
0.913065
-0.382083
0.168430
-0.145337
-0.493646
0.185899
0.414538
-0.082131
-0.215555
0.194542
0.487778
-0.148855
0.107345
-0.180724
0.176045
-0.411152
0.913065
-0.382083
0.168430
-0.145337
-0.493646
0.185899
0.414538
-0.082131
-0.215555
0.194542
0.487778
-0.148855
0.107345
-0.180724
0.176045
-0.411152
0.913065
-0.382083
0.168430
-0.145337
