10.083039
16.134518
-18.914553
-49.876011
15.298459
31.554825
22.402754
-3.439246
-7.809634
16.706835
-12.672760
-17.731762
21.301191
-16.886745
-20.563660
12.076020
0.278468
1.823935
8.160476
-5.928155
-4.221257
9.813823
7.976237
-5.541109
-1.447185
0.621234
3.595958
3.239318
-1.072249
6.888809
9.685771
-1.855720
-0.467297
0.458965
-124.985657
11.197318
-122.925987
116.413727
-130.063492
127.960564
-44.637325
22.235939
2.668690
169.332230
204.592300
40.013626
93.256004
241.438568
-2.331388
-0.580389
-11.866618
9.785890
16.645308
-17.208229
-5.480210
0.389544
-2.685227
-10.529320
-9.748732
12.265357
-1.228371
4.333982
-8.275390
1.247175
1.554199
0.076273
-7.576684
-4.675344
9.379974
4.947814
-4.391697
3.398484
2.861657
-5.427989
-9.311139
-0.597525
-5.367513
-0.693123
-1.476935
-7.627533
-1.422308
-0.208529
75.507210
-9.047030
72.124161
-70.346352
75.341209
-75.522614
25.498600
-15.426003
-4.527585
-103.554588
-123.535927
-22.200771
-58.366142
-144.658859
0.600541
-1.083116
16.930336
-1.701269
17.393337
-17.222195
16.774374
-20.116241
3.588679
-2.591017
-0.666665
-21.835850
-28.374073
-4.652706
-14.899164
-32.728413
1.013482
-0.278127
-0.758698
0.225699
0.012004
-0.224317
-0.101756
-0.159996
-0.031441
-0.282238
0.201444
0.214541
-0.960542
-0.142357
-0.014488
0.500387
1.013482
-0.278127
-0.758698
0.225699
0.012004
-0.224317
-0.101756
-0.159996
-0.031441
-0.282238
0.201444
0.214541
-0.960542
-0.142357
-0.014488
0.500387
1.013482
-0.278127
-0.758698
0.225699
0.012004
-0.224317
-0.101756
-0.159996
-0.031441
-0.282238
0.201444
0.214541
-0.960542
-0.142357
-0.014488
0.500387
1.013482
-0.278127
-0.758698
0.225699
0.012004
-0.224317
-0.101756
-0.159996
-0.031441
-0.282238
0.201444
0.214541
-0.960542
-0.142357
-0.014488
0.500387
1.013482
-0.278127
-0.758698
0.225699
0.012004
-0.224317
-0.101756
-0.159996
-0.031441
-0.282238
0.201444
0.214541
-0.960542
-0.142357
-0.014488
0.500387
1.013482
-0.278127
-0.758698
0.225699
0.012004
-0.224317
-0.101756
-0.159996
-0.031441
-0.282238
0.201444
0.214541
-0.960542
-0.142357
-0.014488
0.500387
1.013482
-0.278127
-0.758698
0.225699
0.012004
-0.224317
-0.101756
-0.159996
-0.031441
-0.282238
0.201444
0.214541
-0.960542
-0.142357
-0.014488
0.500387
1.013482
-0.278127
-0.758698
0.225699
0.012004
-0.224317
-0.101756
-0.159996
-0.031441
-0.282238
0.201444
0.214541
-0.960542
-0.142357
-0.014488
0.500387
1.013482
-0.278127
-0.758698
0.225699
0.012004
-0.224317
-0.101756
-0.159996
-0.031441
-0.282238
0.201444
0.214541
-0.960542
-0.142357
-0.014488
0.500387
1.013482
-0.278127
-0.758698
0.225699
0.012004
-0.224317
-0.101756
-0.159996
-0.031441
-0.282238
0.201444
0.214541
-0.960542
-0.142357
-0.014488
0.500387
1.013482
-0.278127
-0.758698
0.225699
0.012004
-0.224317
-0.101756
-0.159996
-0.031441
-0.282238
0.201444
0.214541
-0.960542
-0.142357
-0.014488
0.500387
1.013482
-0.278127
-0.758698
0.225699
0.012004
-0.224317
-0.101756
-0.159996
-0.031441
-0.282238
0.201444
0.214541
-0.960542
-0.142357
-0.014488
0.500387
1.013482
-0.278127
-0.758698
0.225699
0.012004
-0.224317
-0.101756
-0.159996
-0.031441
-0.282238
0.201444
0.214541
-0.960542
-0.142357
-0.014488
0.500387
