-0.418473
-0.045081
-10.363475
11.831377
-7.523483
7.254654
9.640648
5.956681
-7.546240
-8.843167
-2.453454
-1.458301
11.215299
-3.590300
10.683419
6.977790
-1.154047
1.253233
-118.666725
-131.461380
-149.358383
-30.703316
-160.369705
-80.929237
-18.914543
-7.097320
-45.501213
113.979736
100.202354
193.599869
-114.097809
224.877579
0.849117
0.750321
4.469415
-7.439165
-4.293061
9.441552
-4.746535
-2.157012
6.461694
3.437003
2.798312
-9.829694
-1.075732
-7.254599
5.838324
-1.718043
0.364535
-0.134583
2.341980
10.273108
15.763271
1.611778
14.449461
7.735644
4.605650
-2.170033
1.427284
-11.473510
-8.689287
-18.695911
5.878848
-16.298916
0.865680
-0.656426
78.178925
78.553505
89.751900
17.131172
95.438927
47.710472
8.028502
7.136670
29.497206
-65.041206
-62.906761
-114.016273
71.562126
-142.684006
0.441083
-2.709122
14.103222
21.142635
19.024786
6.436387
22.253572
12.338807
0.508721
-3.128957
4.690531
-17.048595
-11.198629
-28.705334
14.899740
-29.049143
-0.467390
0.437864
0.202760
-0.512115
-0.207308
-0.330443
-0.703999
-0.568489
-0.162610
0.151768
-0.210942
-0.013357
-0.139807
0.372574
0.141991
0.240512
-0.467390
0.437864
0.202760
-0.512115
-0.207308
-0.330443
-0.703999
-0.568489
-0.162610
0.151768
-0.210942
-0.013357
-0.139807
0.372574
0.141991
0.240512
-0.467390
0.437864
0.202760
-0.512115
-0.207308
-0.330443
-0.703999
-0.568489
-0.162610
0.151768
-0.210942
-0.013357
-0.139807
0.372574
0.141991
0.240512
-0.467390
0.437864
0.202760
-0.512115
-0.207308
-0.330443
-0.703999
-0.568489
-0.162610
0.151768
-0.210942
-0.013357
-0.139807
0.372574
0.141991
0.240512
-0.467390
0.437864
0.202760
-0.512115
-0.207308
-0.330443
-0.703999
-0.568489
-0.162610
0.151768
-0.210942
-0.013357
-0.139807
0.372574
0.141991
0.240512
-0.467390
0.437864
0.202760
-0.512115
-0.207308
-0.330443
-0.703999
-0.568489
-0.162610
0.151768
-0.210942
-0.013357
-0.139807
0.372574
0.141991
0.240512
-0.467390
0.437864
0.202760
-0.512115
-0.207308
-0.330443
-0.703999
-0.568489
-0.162610
0.151768
-0.210942
-0.013357
-0.139807
0.372574
0.141991
0.240512
-0.467390
0.437864
0.202760
-0.512115
-0.207308
-0.330443
-0.703999
-0.568489
-0.162610
0.151768
-0.210942
-0.013357
-0.139807
0.372574
0.141991
0.240512
-0.467390
0.437864
0.202760
-0.512115
-0.207308
-0.330443
-0.703999
-0.568489
-0.162610
0.151768
-0.210942
-0.013357
-0.139807
0.372574
0.141991
0.240512
-0.467390
0.437864
0.202760
-0.512115
-0.207308
-0.330443
-0.703999
-0.568489
-0.162610
0.151768
-0.210942
-0.013357
-0.139807
0.372574
0.141991
0.240512
-0.467390
0.437864
0.202760
-0.512115
-0.207308
-0.330443
-0.703999
-0.568489
-0.162610
0.151768
-0.210942
-0.013357
-0.139807
0.372574
0.141991
0.240512
-0.467390
0.437864
0.202760
-0.512115
-0.207308
-0.330443
-0.703999
-0.568489
-0.162610
0.151768
-0.210942
-0.013357
-0.139807
0.372574
0.141991
0.240512
-0.467390
0.437864
0.202760
-0.512115
-0.207308
-0.330443
-0.703999
-0.568489
-0.162610
0.151768
-0.210942
-0.013357
-0.139807
0.372574
0.141991
0.240512
-0.467390
0.437864
0.202760
-0.512115
-0.207308
-0.330443
-0.703999
-0.568489
-0.162610
0.151768
-0.210942
-0.013357
-0.139807
0.372574
0.141991
0.240512
