-23.809042
-11.398446
18.038771
-48.288681
-11.342708
30.220638
17.447512
4.524232
-12.459634
10.264946
3.234235
-31.302887
25.393478
-0.054192
-24.959196
-1.470232
0.251424
0.714146
5.563691
-8.715130
-1.790459
9.233731
2.354258
-6.434576
-3.226717
2.332951
5.244861
1.880992
3.872624
8.820965
10.747368
-4.612125
-1.791162
-0.705979
-3.223999
5.241362
5.729967
-8.642871
4.621156
0.831927
-6.321000
-3.013159
-1.041261
8.776427
0.582386
7.265493
-6.532995
1.025058
0.938033
-0.810055
133.502289
84.346451
131.870087
-33.802414
172.261246
21.289446
21.098715
8.637111
11.630914
-116.362068
-122.296280
-114.598717
25.365019
-211.278046
-0.979111
-3.056523
-109.125488
-65.492493
-99.880310
27.509661
-135.678009
-15.738464
-19.172079
-8.038996
-13.449423
95.697243
95.182823
89.857811
-20.224161
171.881271
0.421056
-0.821210
0.048818
0.141015
0.377861
-0.090819
-0.559676
0.428989
0.189110
-0.318075
-0.046561
-0.572011
-0.297781
0.268447
0.181775
0.245484
0.421056
-0.821210
0.048818
0.141015
0.377861
-0.090819
-0.559676
0.428989
0.189110
-0.318075
-0.046561
-0.572011
-0.297781
0.268447
0.181775
0.245484
0.421056
-0.821210
0.048818
0.141015
0.377861
-0.090819
-0.559676
0.428989
0.189110
-0.318075
-0.046561
-0.572011
-0.297781
0.268447
0.181775
0.245484
0.421056
-0.821210
0.048818
0.141015
0.377861
-0.090819
-0.559676
0.428989
0.189110
-0.318075
-0.046561
-0.572011
-0.297781
0.268447
0.181775
0.245484
0.421056
-0.821210
0.048818
0.141015
0.377861
-0.090819
-0.559676
0.428989
0.189110
-0.318075
-0.046561
-0.572011
-0.297781
0.268447
0.181775
0.245484
0.421056
-0.821210
0.048818
0.141015
0.377861
-0.090819
-0.559676
0.428989
0.189110
-0.318075
-0.046561
-0.572011
-0.297781
0.268447
0.181775
0.245484
0.421056
-0.821210
0.048818
0.141015
0.377861
-0.090819
-0.559676
0.428989
0.189110
-0.318075
-0.046561
-0.572011
-0.297781
0.268447
0.181775
0.245484
0.421056
-0.821210
0.048818
0.141015
0.377861
-0.090819
-0.559676
0.428989
0.189110
-0.318075
-0.046561
-0.572011
-0.297781
0.268447
0.181775
0.245484
0.421056
-0.821210
0.048818
0.141015
0.377861
-0.090819
-0.559676
0.428989
0.189110
-0.318075
-0.046561
-0.572011
-0.297781
0.268447
0.181775
0.245484
0.421056
-0.821210
0.048818
0.141015
0.377861
-0.090819
-0.559676
0.428989
0.189110
-0.318075
-0.046561
-0.572011
-0.297781
0.268447
0.181775
0.245484
0.421056
-0.821210
0.048818
0.141015
0.377861
-0.090819
-0.559676
0.428989
0.189110
-0.318075
-0.046561
-0.572011
-0.297781
0.268447
0.181775
0.245484
0.421056
-0.821210
0.048818
0.141015
0.377861
-0.090819
-0.559676
0.428989
0.189110
-0.318075
-0.046561
-0.572011
-0.297781
0.268447
0.181775
0.245484
0.421056
-0.821210
0.048818
0.141015
0.377861
-0.090819
-0.559676
0.428989
0.189110
-0.318075
-0.046561
-0.572011
-0.297781
0.268447
0.181775
0.245484
0.421056
-0.821210
0.048818
0.141015
0.377861
-0.090819
-0.559676
0.428989
0.189110
-0.318075
-0.046561
-0.572011
-0.297781
0.268447
0.181775
0.245484
0.421056
-0.821210
0.048818
0.141015
0.377861
-0.090819
-0.559676
0.428989
0.189110
-0.318075
-0.046561
-0.572011
-0.297781
0.268447
0.181775
0.245484
