1.152353
1.445484
16.012640
-22.238834
-20.106237
10.289869
5.755960
-4.560133
-2.558112
-12.351618
-54.299671
-27.090439
-34.830036
-19.895794
7.086584
18.835777
3.480633
-2.053858
704.726563
2590.592285
2150.751465
-443.149963
575.851257
1878.089111
120.176529
-1871.315308
-4161.541992
2502.429199
-833.161621
-4858.555176
1671.286011
-2347.140137
0.315309
-2.278344
-2.990663
16.723841
3.652081
-5.264769
-4.019637
5.058806
1.425036
4.030035
29.016079
12.874305
16.774298
13.092761
-1.904821
-10.700023
-0.792887
0.810965
-314.093292
-1224.498413
-1016.564209
193.881271
-251.912903
-885.254883
-65.215691
880.144714
1978.145508
-1149.502686
358.741089
2287.209229
-805.744385
1096.522827
1.420940
3.055694
-70.535736
-149.258377
-125.663910
52.067261
-56.357533
-109.490547
15.778565
112.321617
227.786606
-197.597458
103.405289
289.342010
-74.653618
160.044662
-1.178075
-1.807343
-54.011398
-112.792229
-90.707298
39.262047
-40.556263
-80.491028
11.514066
85.716141
164.235825
-146.793121
77.475792
210.736893
-53.126030
117.932549
-0.308636
2.554763
-106.750084
-525.355103
-432.554718
61.394299
-92.764130
-380.055023
-50.254566
373.368744
854.718079
-443.716431
105.350868
976.913269
-363.023682
443.393158
-0.011460
0.941029
0.137121
-0.166054
0.061123
-0.672409
0.282985
-0.389266
-0.358034
0.695678
1.301625
0.357380
-0.797618
0.999354
-0.344538
0.174370
-0.011460
0.941029
0.137121
-0.166054
0.061123
-0.672409
0.282985
-0.389266
-0.358034
0.695678
1.301625
0.357380
-0.797618
0.999354
-0.344538
0.174370
-0.011460
0.941029
0.137121
-0.166054
0.061123
-0.672409
0.282985
-0.389266
-0.358034
0.695678
1.301625
0.357380
-0.797618
0.999354
-0.344538
0.174370
-0.011460
0.941029
0.137121
-0.166054
0.061123
-0.672409
0.282985
-0.389266
-0.358034
0.695678
1.301625
0.357380
-0.797618
0.999354
-0.344538
0.174370
-0.011460
0.941029
0.137121
-0.166054
0.061123
-0.672409
0.282985
-0.389266
-0.358034
0.695678
1.301625
0.357380
-0.797618
0.999354
-0.344538
0.174370
-0.011460
0.941029
0.137121
-0.166054
0.061123
-0.672409
0.282985
-0.389266
-0.358034
0.695678
1.301625
0.357380
-0.797618
0.999354
-0.344538
0.174370
-0.011460
0.941029
0.137121
-0.166054
0.061123
-0.672409
0.282985
-0.389266
-0.358034
0.695678
1.301625
0.357380
-0.797618
0.999354
-0.344538
0.174370
-0.011460
0.941029
0.137121
-0.166054
0.061123
-0.672409
0.282985
-0.389266
-0.358034
0.695678
1.301625
0.357380
-0.797618
0.999354
-0.344538
0.174370
-0.011460
0.941029
0.137121
-0.166054
0.061123
-0.672409
0.282985
-0.389266
-0.358034
0.695678
1.301625
0.357380
-0.797618
0.999354
-0.344538
0.174370
-0.011460
0.941029
0.137121
-0.166054
0.061123
-0.672409
0.282985
-0.389266
-0.358034
0.695678
1.301625
0.357380
-0.797618
0.999354
-0.344538
0.174370
-0.011460
0.941029
0.137121
-0.166054
0.061123
-0.672409
0.282985
-0.389266
-0.358034
0.695678
1.301625
0.357380
-0.797618
0.999354
-0.344538
0.174370
-0.011460
0.941029
0.137121
-0.166054
0.061123
-0.672409
0.282985
-0.389266
-0.358034
0.695678
1.301625
0.357380
-0.797618
0.999354
-0.344538
0.174370
-0.011460
0.941029
0.137121
-0.166054
0.061123
-0.672409
0.282985
-0.389266
-0.358034
0.695678
1.301625
0.357380
-0.797618
0.999354
-0.344538
0.174370
