-1.347346
-2.629710
-21.938572
-125.128624
-53.307896
12.224075
-177.948776
-125.209854
102.553345
-125.114609
-33.472580
-86.403351
26.877100
-83.096077
-28.973104
29.704376
-0.218669
0.673237
1.657892
6.862789
3.763813
-9.220510
1.376298
-3.783776
-5.069560
1.263749
0.637354
8.999352
3.107120
3.963690
-6.226837
-1.047651
1.100230
2.183848
14.280374
94.739822
39.451801
-15.596729
130.933350
103.324265
-79.364922
98.420204
19.645992
63.809608
-17.599440
64.675812
13.803303
-20.900221
-0.464387
-0.044723
-0.839124
-0.206480
0.419942
0.896434
-0.060969
0.101229
0.172846
0.416718
-0.095834
0.387910
-0.004818
-0.291329
0.210751
0.027494
-0.464387
-0.044723
-0.839124
-0.206480
0.419942
0.896434
-0.060969
0.101229
0.172846
0.416718
-0.095834
0.387910
-0.004818
-0.291329
0.210751
0.027494
-0.464387
-0.044723
-0.839124
-0.206480
0.419942
0.896434
-0.060969
0.101229
0.172846
0.416718
-0.095834
0.387910
-0.004818
-0.291329
0.210751
0.027494
-0.464387
-0.044723
-0.839124
-0.206480
0.419942
0.896434
-0.060969
0.101229
0.172846
0.416718
-0.095834
0.387910
-0.004818
-0.291329
0.210751
0.027494
-0.464387
-0.044723
-0.839124
-0.206480
0.419942
0.896434
-0.060969
0.101229
0.172846
0.416718
-0.095834
0.387910
-0.004818
-0.291329
0.210751
0.027494
-0.464387
-0.044723
-0.839124
-0.206480
0.419942
0.896434
-0.060969
0.101229
0.172846
0.416718
-0.095834
0.387910
-0.004818
-0.291329
0.210751
0.027494
-0.464387
-0.044723
-0.839124
-0.206480
0.419942
0.896434
-0.060969
0.101229
0.172846
0.416718
-0.095834
0.387910
-0.004818
-0.291329
0.210751
0.027494
-0.464387
-0.044723
-0.839124
-0.206480
0.419942
0.896434
-0.060969
0.101229
0.172846
0.416718
-0.095834
0.387910
-0.004818
-0.291329
0.210751
0.027494
-0.464387
-0.044723
-0.839124
-0.206480
0.419942
0.896434
-0.060969
0.101229
0.172846
0.416718
-0.095834
0.387910
-0.004818
-0.291329
0.210751
0.027494
-0.464387
-0.044723
-0.839124
-0.206480
0.419942
0.896434
-0.060969
0.101229
0.172846
0.416718
-0.095834
0.387910
-0.004818
-0.291329
0.210751
0.027494
-0.464387
-0.044723
-0.839124
-0.206480
0.419942
0.896434
-0.060969
0.101229
0.172846
0.416718
-0.095834
0.387910
-0.004818
-0.291329
0.210751
0.027494
-0.464387
-0.044723
-0.839124
-0.206480
0.419942
0.896434
-0.060969
0.101229
0.172846
0.416718
-0.095834
0.387910
-0.004818
-0.291329
0.210751
0.027494
-0.464387
-0.044723
-0.839124
-0.206480
0.419942
0.896434
-0.060969
0.101229
0.172846
0.416718
-0.095834
0.387910
-0.004818
-0.291329
0.210751
0.027494
-0.464387
-0.044723
-0.839124
-0.206480
0.419942
0.896434
-0.060969
0.101229
0.172846
0.416718
-0.095834
0.387910
-0.004818
-0.291329
0.210751
0.027494
-0.464387
-0.044723
-0.839124
-0.206480
0.419942
0.896434
-0.060969
0.101229
0.172846
0.416718
-0.095834
0.387910
-0.004818
-0.291329
0.210751
0.027494
-0.464387
-0.044723
-0.839124
-0.206480
0.419942
0.896434
-0.060969
0.101229
0.172846
0.416718
-0.095834
0.387910
-0.004818
-0.291329
0.210751
0.027494
-0.464387
-0.044723
-0.839124
-0.206480
0.419942
0.896434
-0.060969
0.101229
0.172846
0.416718
-0.095834
0.387910
-0.004818
-0.291329
0.210751
0.027494
