-0.653361
1.781481
-1.295891
-2.794459
4.350310
6.796200
-4.818900
-3.745684
4.091455
-0.257214
-6.104340
-6.086508
0.276385
-6.142433
2.106399
-6.248796
0.396374
3.930223
-23.456951
-15.105160
21.821104
36.289532
-0.608225
18.540394
3.639473
-13.417347
-28.586035
-18.023376
-19.457869
-12.219877
8.937164
-16.108728
5.949956
10.588152
50.340668
-21.209084
-27.873554
16.182077
8.172211
13.094832
-15.333005
-2.626323
28.486912
-14.281125
22.255245
17.541632
-20.699665
-18.151245
0.571825
-0.148951
-46.453957
-126.702461
-53.380383
-38.569611
-189.501999
-144.831879
134.962585
-151.691483
-40.344513
-134.213623
-7.422449
-98.386620
-71.397537
25.077284
-1.100531
-1.706872
35.261276
93.123886
37.235443
29.977539
143.929474
102.373016
-98.345200
115.706902
28.774200
103.771286
4.560076
74.100380
57.545216
-15.621634
0.039284
0.548673
-0.109127
-0.608856
0.260331
0.776824
-0.097071
-0.667849
-0.327415
-0.207474
-0.536944
-0.272525
0.605558
-0.325646
-0.416880
-0.385927
0.039284
0.548673
-0.109127
-0.608856
0.260331
0.776824
-0.097071
-0.667849
-0.327415
-0.207474
-0.536944
-0.272525
0.605558
-0.325646
-0.416880
-0.385927
0.039284
0.548673
-0.109127
-0.608856
0.260331
0.776824
-0.097071
-0.667849
-0.327415
-0.207474
-0.536944
-0.272525
0.605558
-0.325646
-0.416880
-0.385927
0.039284
0.548673
-0.109127
-0.608856
0.260331
0.776824
-0.097071
-0.667849
-0.327415
-0.207474
-0.536944
-0.272525
0.605558
-0.325646
-0.416880
-0.385927
0.039284
0.548673
-0.109127
-0.608856
0.260331
0.776824
-0.097071
-0.667849
-0.327415
-0.207474
-0.536944
-0.272525
0.605558
-0.325646
-0.416880
-0.385927
0.039284
0.548673
-0.109127
-0.608856
0.260331
0.776824
-0.097071
-0.667849
-0.327415
-0.207474
-0.536944
-0.272525
0.605558
-0.325646
-0.416880
-0.385927
0.039284
0.548673
-0.109127
-0.608856
0.260331
0.776824
-0.097071
-0.667849
-0.327415
-0.207474
-0.536944
-0.272525
0.605558
-0.325646
-0.416880
-0.385927
0.039284
0.548673
-0.109127
-0.608856
0.260331
0.776824
-0.097071
-0.667849
-0.327415
-0.207474
-0.536944
-0.272525
0.605558
-0.325646
-0.416880
-0.385927
0.039284
0.548673
-0.109127
-0.608856
0.260331
0.776824
-0.097071
-0.667849
-0.327415
-0.207474
-0.536944
-0.272525
0.605558
-0.325646
-0.416880
-0.385927
0.039284
0.548673
-0.109127
-0.608856
0.260331
0.776824
-0.097071
-0.667849
-0.327415
-0.207474
-0.536944
-0.272525
0.605558
-0.325646
-0.416880
-0.385927
0.039284
0.548673
-0.109127
-0.608856
0.260331
0.776824
-0.097071
-0.667849
-0.327415
-0.207474
-0.536944
-0.272525
0.605558
-0.325646
-0.416880
-0.385927
0.039284
0.548673
-0.109127
-0.608856
0.260331
0.776824
-0.097071
-0.667849
-0.327415
-0.207474
-0.536944
-0.272525
0.605558
-0.325646
-0.416880
-0.385927
0.039284
0.548673
-0.109127
-0.608856
0.260331
0.776824
-0.097071
-0.667849
-0.327415
-0.207474
-0.536944
-0.272525
0.605558
-0.325646
-0.416880
-0.385927
0.039284
0.548673
-0.109127
-0.608856
0.260331
0.776824
-0.097071
-0.667849
-0.327415
-0.207474
-0.536944
-0.272525
0.605558
-0.325646
-0.416880
-0.385927
0.039284
0.548673
-0.109127
-0.608856
0.260331
0.776824
-0.097071
-0.667849
-0.327415
-0.207474
-0.536944
-0.272525
0.605558
-0.325646
-0.416880
-0.385927
