1.443194
4.094480
6.049841
11.942892
-3.144102
-22.767454
-6.889149
0.132676
-8.312146
-1.988621
4.916954
14.658659
3.006837
2.856905
-1.187948
4.109147
0.876386
1.210378
-83.907036
-57.451622
-44.199512
-16.050674
-208.742493
-100.471390
59.865849
-137.756989
-82.885269
-109.950981
-13.647264
-93.475121
-55.802574
41.157001
-0.876954
-0.885573
66.728104
47.256149
27.112482
10.998926
167.689743
78.839836
-46.989624
106.893341
69.291328
87.992096
15.259784
78.616730
47.599628
-30.251589
-0.481374
-0.970483
0.336954
-0.269926
-0.014343
-0.101734
-0.294492
-0.080750
-0.255706
0.095307
-0.154043
0.810036
-0.273043
0.232228
-0.233411
0.197012
-0.481374
-0.970483
0.336954
-0.269926
-0.014343
-0.101734
-0.294492
-0.080750
-0.255706
0.095307
-0.154043
0.810036
-0.273043
0.232228
-0.233411
0.197012
-0.481374
-0.970483
0.336954
-0.269926
-0.014343
-0.101734
-0.294492
-0.080750
-0.255706
0.095307
-0.154043
0.810036
-0.273043
0.232228
-0.233411
0.197012
-0.481374
-0.970483
0.336954
-0.269926
-0.014343
-0.101734
-0.294492
-0.080750
-0.255706
0.095307
-0.154043
0.810036
-0.273043
0.232228
-0.233411
0.197012
-0.481374
-0.970483
0.336954
-0.269926
-0.014343
-0.101734
-0.294492
-0.080750
-0.255706
0.095307
-0.154043
0.810036
-0.273043
0.232228
-0.233411
0.197012
-0.481374
-0.970483
0.336954
-0.269926
-0.014343
-0.101734
-0.294492
-0.080750
-0.255706
0.095307
-0.154043
0.810036
-0.273043
0.232228
-0.233411
0.197012
-0.481374
-0.970483
0.336954
-0.269926
-0.014343
-0.101734
-0.294492
-0.080750
-0.255706
0.095307
-0.154043
0.810036
-0.273043
0.232228
-0.233411
0.197012
-0.481374
-0.970483
0.336954
-0.269926
-0.014343
-0.101734
-0.294492
-0.080750
-0.255706
0.095307
-0.154043
0.810036
-0.273043
0.232228
-0.233411
0.197012
-0.481374
-0.970483
0.336954
-0.269926
-0.014343
-0.101734
-0.294492
-0.080750
-0.255706
0.095307
-0.154043
0.810036
-0.273043
0.232228
-0.233411
0.197012
-0.481374
-0.970483
0.336954
-0.269926
-0.014343
-0.101734
-0.294492
-0.080750
-0.255706
0.095307
-0.154043
0.810036
-0.273043
0.232228
-0.233411
0.197012
-0.481374
-0.970483
0.336954
-0.269926
-0.014343
-0.101734
-0.294492
-0.080750
-0.255706
0.095307
-0.154043
0.810036
-0.273043
0.232228
-0.233411
0.197012
-0.481374
-0.970483
0.336954
-0.269926
-0.014343
-0.101734
-0.294492
-0.080750
-0.255706
0.095307
-0.154043
0.810036
-0.273043
0.232228
-0.233411
0.197012
-0.481374
-0.970483
0.336954
-0.269926
-0.014343
-0.101734
-0.294492
-0.080750
-0.255706
0.095307
-0.154043
0.810036
-0.273043
0.232228
-0.233411
0.197012
-0.481374
-0.970483
0.336954
-0.269926
-0.014343
-0.101734
-0.294492
-0.080750
-0.255706
0.095307
-0.154043
0.810036
-0.273043
0.232228
-0.233411
0.197012
-0.481374
-0.970483
0.336954
-0.269926
-0.014343
-0.101734
-0.294492
-0.080750
-0.255706
0.095307
-0.154043
0.810036
-0.273043
0.232228
-0.233411
0.197012
-0.481374
-0.970483
0.336954
-0.269926
-0.014343
-0.101734
-0.294492
-0.080750
-0.255706
0.095307
-0.154043
0.810036
-0.273043
0.232228
-0.233411
0.197012
-0.481374
-0.970483
0.336954
-0.269926
-0.014343
-0.101734
-0.294492
-0.080750
-0.255706
0.095307
-0.154043
0.810036
-0.273043
0.232228
-0.233411
0.197012
