5.569853
-1.396375
396.411652
-2933.507813
452.791016
-1610.430420
460.706879
358.037903
-2063.858887
-980.768921
-1465.634033
3917.956543
-852.712585
-180.588364
-3675.459229
-1537.715942
-0.562958
1.512963
-5.403695
25.918024
-14.030704
-11.017880
4.813609
-1.776331
15.781120
-9.083437
-24.487545
-48.576889
0.778979
-8.067237
-27.895391
0.110457
0.083792
-3.077675
7.977748
-21.451283
10.698733
9.855232
-0.460217
-1.181244
-12.389712
9.986504
21.411406
39.726040
-3.090738
9.091261
24.036781
-1.783208
-3.645018
0.537180
-343.085022
2468.685303
-392.582489
1357.386230
-388.127197
-301.110535
1743.821167
836.132202
1249.475830
-3305.838379
720.901062
156.347275
3095.840576
1304.665894
-0.450796
0.206804
-0.960060
0.953540
0.035774
0.532033
0.385583
0.309767
0.039619
0.166256
0.631173
-0.301866
0.131366
-0.152608
0.387423
0.981099
-0.450796
0.206804
-0.960060
0.953540
0.035774
0.532033
0.385583
0.309767
0.039619
0.166256
0.631173
-0.301866
0.131366
-0.152608
0.387423
0.981099
-0.450796
0.206804
-0.960060
0.953540
0.035774
0.532033
0.385583
0.309767
0.039619
0.166256
0.631173
-0.301866
0.131366
-0.152608
0.387423
0.981099
-0.450796
0.206804
-0.960060
0.953540
0.035774
0.532033
0.385583
0.309767
0.039619
0.166256
0.631173
-0.301866
0.131366
-0.152608
0.387423
0.981099
-0.450796
0.206804
-0.960060
0.953540
0.035774
0.532033
0.385583
0.309767
0.039619
0.166256
0.631173
-0.301866
0.131366
-0.152608
0.387423
0.981099
-0.450796
0.206804
-0.960060
0.953540
0.035774
0.532033
0.385583
0.309767
0.039619
0.166256
0.631173
-0.301866
0.131366
-0.152608
0.387423
0.981099
-0.450796
0.206804
-0.960060
0.953540
0.035774
0.532033
0.385583
0.309767
0.039619
0.166256
0.631173
-0.301866
0.131366
-0.152608
0.387423
0.981099
-0.450796
0.206804
-0.960060
0.953540
0.035774
0.532033
0.385583
0.309767
0.039619
0.166256
0.631173
-0.301866
0.131366
-0.152608
0.387423
0.981099
-0.450796
0.206804
-0.960060
0.953540
0.035774
0.532033
0.385583
0.309767
0.039619
0.166256
0.631173
-0.301866
0.131366
-0.152608
0.387423
0.981099
-0.450796
0.206804
-0.960060
0.953540
0.035774
0.532033
0.385583
0.309767
0.039619
0.166256
0.631173
-0.301866
0.131366
-0.152608
0.387423
0.981099
-0.450796
0.206804
-0.960060
0.953540
0.035774
0.532033
0.385583
0.309767
0.039619
0.166256
0.631173
-0.301866
0.131366
-0.152608
0.387423
0.981099
-0.450796
0.206804
-0.960060
0.953540
0.035774
0.532033
0.385583
0.309767
0.039619
0.166256
0.631173
-0.301866
0.131366
-0.152608
0.387423
0.981099
-0.450796
0.206804
-0.960060
0.953540
0.035774
0.532033
0.385583
0.309767
0.039619
0.166256
0.631173
-0.301866
0.131366
-0.152608
0.387423
0.981099
-0.450796
0.206804
-0.960060
0.953540
0.035774
0.532033
0.385583
0.309767
0.039619
0.166256
0.631173
-0.301866
0.131366
-0.152608
0.387423
0.981099
-0.450796
0.206804
-0.960060
0.953540
0.035774
0.532033
0.385583
0.309767
0.039619
0.166256
0.631173
-0.301866
0.131366
-0.152608
0.387423
0.981099
-0.450796
0.206804
-0.960060
0.953540
0.035774
0.532033
0.385583
0.309767
0.039619
0.166256
0.631173
-0.301866
0.131366
-0.152608
0.387423
0.981099
