8.346652
-2.138738
1085.152344
2343.392822
1881.488037
-816.107666
498.185547
1702.473877
-322.529175
-1752.011841
-3818.716064
2645.386719
-1063.541870
-4040.123291
1170.464355
-2280.735352
-0.789600
-5.413179
18.128479
-19.972792
-20.920216
4.903587
3.847171
-4.119797
0.438613
-11.851980
-48.934616
-29.236433
-30.734081
-16.184345
-1.039094
18.829538
-2.914212
1.498008
-14.170587
14.416853
14.739246
-5.075499
-5.618371
0.184388
-1.914819
6.367840
30.913889
21.121923
13.534481
9.870687
0.930927
-9.897647
-3.035947
0.531898
-704.040405
-1475.536011
-1186.610352
524.472900
-324.343536
-1077.666748
216.773438
1106.799194
2401.071533
-1698.832031
695.785706
2550.726074
-725.626465
1448.934204
-3.113382
-2.459041
-29.987123
-71.764336
-55.252869
22.920404
-12.076697
-50.144550
6.624314
56.839912
116.978020
-75.160759
27.245106
120.969070
-36.497898
69.271019
-2.619316
0.458994
-30.632603
-129.591110
-102.521111
22.512033
-12.759410
-90.816536
-0.275388
91.784157
217.382645
-97.257904
15.057264
215.565231
-79.139900
102.681984
-1.256084
2.893431
-143.611755
-238.767624
-191.267639
115.225731
-73.821358
-175.309875
58.193405
184.946259
377.063965
-335.869873
169.661346
422.673157
-98.720268
261.027832
-0.243065
0.264424
0.127057
0.065970
-0.471453
-0.517915
-0.249565
0.054167
-0.624178
0.039882
1.205567
0.507614
-0.850821
1.020526
-0.251653
0.152293
-0.243065
0.264424
0.127057
0.065970
-0.471453
-0.517915
-0.249565
0.054167
-0.624178
0.039882
1.205567
0.507614
-0.850821
1.020526
-0.251653
0.152293
-0.243065
0.264424
0.127057
0.065970
-0.471453
-0.517915
-0.249565
0.054167
-0.624178
0.039882
1.205567
0.507614
-0.850821
1.020526
-0.251653
0.152293
-0.243065
0.264424
0.127057
0.065970
-0.471453
-0.517915
-0.249565
0.054167
-0.624178
0.039882
1.205567
0.507614
-0.850821
1.020526
-0.251653
0.152293
-0.243065
0.264424
0.127057
0.065970
-0.471453
-0.517915
-0.249565
0.054167
-0.624178
0.039882
1.205567
0.507614
-0.850821
1.020526
-0.251653
0.152293
-0.243065
0.264424
0.127057
0.065970
-0.471453
-0.517915
-0.249565
0.054167
-0.624178
0.039882
1.205567
0.507614
-0.850821
1.020526
-0.251653
0.152293
-0.243065
0.264424
0.127057
0.065970
-0.471453
-0.517915
-0.249565
0.054167
-0.624178
0.039882
1.205567
0.507614
-0.850821
1.020526
-0.251653
0.152293
-0.243065
0.264424
0.127057
0.065970
-0.471453
-0.517915
-0.249565
0.054167
-0.624178
0.039882
1.205567
0.507614
-0.850821
1.020526
-0.251653
0.152293
-0.243065
0.264424
0.127057
0.065970
-0.471453
-0.517915
-0.249565
0.054167
-0.624178
0.039882
1.205567
0.507614
-0.850821
1.020526
-0.251653
0.152293
-0.243065
0.264424
0.127057
0.065970
-0.471453
-0.517915
-0.249565
0.054167
-0.624178
0.039882
1.205567
0.507614
-0.850821
1.020526
-0.251653
0.152293
-0.243065
0.264424
0.127057
0.065970
-0.471453
-0.517915
-0.249565
0.054167
-0.624178
0.039882
1.205567
0.507614
-0.850821
1.020526
-0.251653
0.152293
-0.243065
0.264424
0.127057
0.065970
-0.471453
-0.517915
-0.249565
0.054167
-0.624178
0.039882
1.205567
0.507614
-0.850821
1.020526
-0.251653
0.152293
-0.243065
0.264424
0.127057
0.065970
-0.471453
-0.517915
-0.249565
0.054167
-0.624178
0.039882
1.205567
0.507614
-0.850821
1.020526
-0.251653
0.152293
