1.273028
0.915584
68.059074
120.019150
55.871490
25.935823
160.209320
118.862633
-114.343452
104.847450
32.169811
74.969307
7.709356
78.550148
62.737465
-52.897980
-0.243980
-0.161180
-61.866249
-100.520386
-50.433865
-24.270761
-140.184479
-97.880196
104.490143
-97.199234
-32.866238
-69.167610
-7.871952
-71.616516
-54.530968
50.226299
0.220968
0.295259
0.366640
-0.058408
0.190612
-0.764796
0.156963
0.743521
0.195857
0.309611
0.426497
0.269571
-0.670660
0.481567
0.079351
-0.080370
0.220968
0.295259
0.366640
-0.058408
0.190612
-0.764796
0.156963
0.743521
0.195857
0.309611
0.426497
0.269571
-0.670660
0.481567
0.079351
-0.080370
0.220968
0.295259
0.366640
-0.058408
0.190612
-0.764796
0.156963
0.743521
0.195857
0.309611
0.426497
0.269571
-0.670660
0.481567
0.079351
-0.080370
0.220968
0.295259
0.366640
-0.058408
0.190612
-0.764796
0.156963
0.743521
0.195857
0.309611
0.426497
0.269571
-0.670660
0.481567
0.079351
-0.080370
0.220968
0.295259
0.366640
-0.058408
0.190612
-0.764796
0.156963
0.743521
0.195857
0.309611
0.426497
0.269571
-0.670660
0.481567
0.079351
-0.080370
0.220968
0.295259
0.366640
-0.058408
0.190612
-0.764796
0.156963
0.743521
0.195857
0.309611
0.426497
0.269571
-0.670660
0.481567
0.079351
-0.080370
0.220968
0.295259
0.366640
-0.058408
0.190612
-0.764796
0.156963
0.743521
0.195857
0.309611
0.426497
0.269571
-0.670660
0.481567
0.079351
-0.080370
0.220968
0.295259
0.366640
-0.058408
0.190612
-0.764796
0.156963
0.743521
0.195857
0.309611
0.426497
0.269571
-0.670660
0.481567
0.079351
-0.080370
0.220968
0.295259
0.366640
-0.058408
0.190612
-0.764796
0.156963
0.743521
0.195857
0.309611
0.426497
0.269571
-0.670660
0.481567
0.079351
-0.080370
0.220968
0.295259
0.366640
-0.058408
0.190612
-0.764796
0.156963
0.743521
0.195857
0.309611
0.426497
0.269571
-0.670660
0.481567
0.079351
-0.080370
0.220968
0.295259
0.366640
-0.058408
0.190612
-0.764796
0.156963
0.743521
0.195857
0.309611
0.426497
0.269571
-0.670660
0.481567
0.079351
-0.080370
0.220968
0.295259
0.366640
-0.058408
0.190612
-0.764796
0.156963
0.743521
0.195857
0.309611
0.426497
0.269571
-0.670660
0.481567
0.079351
-0.080370
0.220968
0.295259
0.366640
-0.058408
0.190612
-0.764796
0.156963
0.743521
0.195857
0.309611
0.426497
0.269571
-0.670660
0.481567
0.079351
-0.080370
0.220968
0.295259
0.366640
-0.058408
0.190612
-0.764796
0.156963
0.743521
0.195857
0.309611
0.426497
0.269571
-0.670660
0.481567
0.079351
-0.080370
0.220968
0.295259
0.366640
-0.058408
0.190612
-0.764796
0.156963
0.743521
0.195857
0.309611
0.426497
0.269571
-0.670660
0.481567
0.079351
-0.080370
0.220968
0.295259
0.366640
-0.058408
0.190612
-0.764796
0.156963
0.743521
0.195857
0.309611
0.426497
0.269571
-0.670660
0.481567
0.079351
-0.080370
0.220968
0.295259
0.366640
-0.058408
0.190612
-0.764796
0.156963
0.743521
0.195857
0.309611
0.426497
0.269571
-0.670660
0.481567
0.079351
-0.080370
0.220968
0.295259
0.366640
-0.058408
0.190612
-0.764796
0.156963
0.743521
0.195857
0.309611
0.426497
0.269571
-0.670660
0.481567
0.079351
-0.080370
