-1.257308
0.408347
-8.964458
1.996889
12.056684
-2.293905
-7.829186
-2.478480
2.261787
2.315131
-0.200249
-3.650252
7.032817
-7.396186
-6.382536
-7.917796
-0.365690
1.185784
-3.317562
-2.647255
3.721782
7.087871
0.365042
3.204375
1.823778
-3.841657
-5.387854
-1.997886
-2.678584
2.492347
3.191899
-3.766206
3.530864
0.822015
8.459612
-13.996902
-15.323064
28.388922
2.880568
5.276684
6.907228
6.209561
-3.300929
-11.907741
9.224940
-5.298028
9.568669
-6.983278
-2.645791
2.062332
-42.399437
-2.184685
30.908146
-1.754766
-1.043467
-19.054058
2.771300
6.506491
-27.653120
7.826823
-5.669956
-26.244942
-1.642598
29.159184
-0.887880
2.957318
37.832939
-306.816803
265.669495
-61.295624
-278.974640
-67.386055
-205.177750
111.582085
230.991165
-177.511826
-134.997665
-7.749414
-38.469715
-337.570526
1.782459
-1.356099
-20.280590
150.351486
-128.261887
27.282570
137.034088
35.140137
102.547462
-52.613049
-112.292007
79.093880
64.596603
9.692615
17.722330
161.037262
0.763470
0.512095
-0.231657
26.257395
-22.903097
5.450470
22.888922
4.319647
15.074569
-11.952660
-17.109783
20.662605
10.116439
-4.787826
4.511625
27.366663
0.283761
0.021005
-13.096796
62.098885
-52.196373
8.306600
52.624763
19.332872
45.058811
-22.885284
-51.310734
35.636745
25.789753
0.851075
-1.000048
68.118965
0.931503
-1.000059
-0.466486
-0.098993
0.893750
0.286833
-0.584880
0.322758
-0.007468
0.571088
0.304101
0.169738
0.088793
-0.138080
-0.333223
0.273605
0.931503
-1.000059
-0.466486
-0.098993
0.893750
0.286833
-0.584880
0.322758
-0.007468
0.571088
0.304101
0.169738
0.088793
-0.138080
-0.333223
0.273605
0.931503
-1.000059
-0.466486
-0.098993
0.893750
0.286833
-0.584880
0.322758
-0.007468
0.571088
0.304101
0.169738
0.088793
-0.138080
-0.333223
0.273605
0.931503
-1.000059
-0.466486
-0.098993
0.893750
0.286833
-0.584880
0.322758
-0.007468
0.571088
0.304101
0.169738
0.088793
-0.138080
-0.333223
0.273605
0.931503
-1.000059
-0.466486
-0.098993
0.893750
0.286833
-0.584880
0.322758
-0.007468
0.571088
0.304101
0.169738
0.088793
-0.138080
-0.333223
0.273605
0.931503
-1.000059
-0.466486
-0.098993
0.893750
0.286833
-0.584880
0.322758
-0.007468
0.571088
0.304101
0.169738
0.088793
-0.138080
-0.333223
0.273605
0.931503
-1.000059
-0.466486
-0.098993
0.893750
0.286833
-0.584880
0.322758
-0.007468
0.571088
0.304101
0.169738
0.088793
-0.138080
-0.333223
0.273605
0.931503
-1.000059
-0.466486
-0.098993
0.893750
0.286833
-0.584880
0.322758
-0.007468
0.571088
0.304101
0.169738
0.088793
-0.138080
-0.333223
0.273605
0.931503
-1.000059
-0.466486
-0.098993
0.893750
0.286833
-0.584880
0.322758
-0.007468
0.571088
0.304101
0.169738
0.088793
-0.138080
-0.333223
0.273605
0.931503
-1.000059
-0.466486
-0.098993
0.893750
0.286833
-0.584880
0.322758
-0.007468
0.571088
0.304101
0.169738
0.088793
-0.138080
-0.333223
0.273605
0.931503
-1.000059
-0.466486
-0.098993
0.893750
0.286833
-0.584880
0.322758
-0.007468
0.571088
0.304101
0.169738
0.088793
-0.138080
-0.333223
0.273605
0.931503
-1.000059
-0.466486
-0.098993
0.893750
0.286833
-0.584880
0.322758
-0.007468
0.571088
0.304101
0.169738
0.088793
-0.138080
-0.333223
0.273605
