-0.803907
-2.727546
-5.343017
-23.925526
-4.447764
34.441746
-9.418482
4.942562
27.541338
-8.072490
-13.024456
-24.886810
-19.242487
-12.168616
21.087711
-4.240072
1.127129
-1.555722
-0.005642
-5.248368
4.438542
6.628186
-5.040508
-0.752316
4.158957
-0.272413
-4.327249
-4.034904
-1.942153
-4.917854
0.927160
-4.691065
-0.580922
-0.744814
-6.828705
-7.392701
8.885404
5.998277
0.255927
-8.041116
-1.410857
1.293034
1.492315
-0.996321
6.034807
1.336498
4.764612
-9.016709
3.173538
-0.498243
-106.121964
274.128387
-227.204834
18.803761
226.259552
99.234367
198.612778
-61.215595
-232.423462
108.982620
113.926292
28.418728
-32.947910
314.434906
-1.660370
0.500112
108.262932
-272.089325
224.334534
-21.953745
-226.892654
-98.047157
-197.499847
61.916393
228.861832
-106.683495
-112.175285
-27.319113
33.071980
-315.785736
0.189691
-0.345308
-0.262540
-1.089192
-0.464062
0.457304
-0.396020
-0.407800
0.399234
-0.274506
-0.074974
-0.120818
0.741591
-0.554814
-0.414626
-0.493640
0.189691
-0.345308
-0.262540
-1.089192
-0.464062
0.457304
-0.396020
-0.407800
0.399234
-0.274506
-0.074974
-0.120818
0.741591
-0.554814
-0.414626
-0.493640
0.189691
-0.345308
-0.262540
-1.089192
-0.464062
0.457304
-0.396020
-0.407800
0.399234
-0.274506
-0.074974
-0.120818
0.741591
-0.554814
-0.414626
-0.493640
0.189691
-0.345308
-0.262540
-1.089192
-0.464062
0.457304
-0.396020
-0.407800
0.399234
-0.274506
-0.074974
-0.120818
0.741591
-0.554814
-0.414626
-0.493640
0.189691
-0.345308
-0.262540
-1.089192
-0.464062
0.457304
-0.396020
-0.407800
0.399234
-0.274506
-0.074974
-0.120818
0.741591
-0.554814
-0.414626
-0.493640
0.189691
-0.345308
-0.262540
-1.089192
-0.464062
0.457304
-0.396020
-0.407800
0.399234
-0.274506
-0.074974
-0.120818
0.741591
-0.554814
-0.414626
-0.493640
0.189691
-0.345308
-0.262540
-1.089192
-0.464062
0.457304
-0.396020
-0.407800
0.399234
-0.274506
-0.074974
-0.120818
0.741591
-0.554814
-0.414626
-0.493640
0.189691
-0.345308
-0.262540
-1.089192
-0.464062
0.457304
-0.396020
-0.407800
0.399234
-0.274506
-0.074974
-0.120818
0.741591
-0.554814
-0.414626
-0.493640
0.189691
-0.345308
-0.262540
-1.089192
-0.464062
0.457304
-0.396020
-0.407800
0.399234
-0.274506
-0.074974
-0.120818
0.741591
-0.554814
-0.414626
-0.493640
0.189691
-0.345308
-0.262540
-1.089192
-0.464062
0.457304
-0.396020
-0.407800
0.399234
-0.274506
-0.074974
-0.120818
0.741591
-0.554814
-0.414626
-0.493640
0.189691
-0.345308
-0.262540
-1.089192
-0.464062
0.457304
-0.396020
-0.407800
0.399234
-0.274506
-0.074974
-0.120818
0.741591
-0.554814
-0.414626
-0.493640
0.189691
-0.345308
-0.262540
-1.089192
-0.464062
0.457304
-0.396020
-0.407800
0.399234
-0.274506
-0.074974
-0.120818
0.741591
-0.554814
-0.414626
-0.493640
0.189691
-0.345308
-0.262540
-1.089192
-0.464062
0.457304
-0.396020
-0.407800
0.399234
-0.274506
-0.074974
-0.120818
0.741591
-0.554814
-0.414626
-0.493640
0.189691
-0.345308
-0.262540
-1.089192
-0.464062
0.457304
-0.396020
-0.407800
0.399234
-0.274506
-0.074974
-0.120818
0.741591
-0.554814
-0.414626
-0.493640
0.189691
-0.345308
-0.262540
-1.089192
-0.464062
0.457304
-0.396020
-0.407800
0.399234
-0.274506
-0.074974
-0.120818
0.741591
-0.554814
-0.414626
-0.493640
