-2.967565
-1.977451
-178.534058
-318.351715
576.470581
496.876221
414.227142
-524.142944
470.979370
816.225952
1333.347900
393.635620
109.499672
-394.672760
502.591553
-322.030396
4.059778
0.463152
65.627853
112.534988
-211.732132
-167.426987
-135.008087
193.060181
-176.490143
-282.783173
-472.682251
-114.788635
-36.340763
136.993088
-174.824997
122.517883
-0.432966
-0.559749
11.357902
15.165403
-25.497272
-27.487417
-27.397818
20.347448
-21.967506
-43.033768
-64.074280
-32.266346
-8.772540
23.995012
-28.292665
7.714706
-0.539446
0.509820
10.406422
20.462643
-34.926971
-32.441143
-31.004908
29.680128
-22.137836
-51.699635
-79.125900
-30.374329
-7.159291
22.642603
-35.058136
10.990105
-0.922127
1.002525
52.047276
87.897064
-172.129379
-136.267975
-109.753212
158.029022
-148.241943
-233.500916
-398.349396
-101.777466
-24.402086
114.556381
-140.481812
107.315491
0.935714
-0.001407
0.728772
-0.260084
0.017842
0.324756
0.385377
-0.239944
0.226523
0.340799
-0.027969
-0.228208
0.542288
0.338025
0.195903
-0.953571
0.935714
-0.001407
0.728772
-0.260084
0.017842
0.324756
0.385377
-0.239944
0.226523
0.340799
-0.027969
-0.228208
0.542288
0.338025
0.195903
-0.953571
0.935714
-0.001407
0.728772
-0.260084
0.017842
0.324756
0.385377
-0.239944
0.226523
0.340799
-0.027969
-0.228208
0.542288
0.338025
0.195903
-0.953571
0.935714
-0.001407
0.728772
-0.260084
0.017842
0.324756
0.385377
-0.239944
0.226523
0.340799
-0.027969
-0.228208
0.542288
0.338025
0.195903
-0.953571
0.935714
-0.001407
0.728772
-0.260084
0.017842
0.324756
0.385377
-0.239944
0.226523
0.340799
-0.027969
-0.228208
0.542288
0.338025
0.195903
-0.953571
0.935714
-0.001407
0.728772
-0.260084
0.017842
0.324756
0.385377
-0.239944
0.226523
0.340799
-0.027969
-0.228208
0.542288
0.338025
0.195903
-0.953571
0.935714
-0.001407
0.728772
-0.260084
0.017842
0.324756
0.385377
-0.239944
0.226523
0.340799
-0.027969
-0.228208
0.542288
0.338025
0.195903
-0.953571
0.935714
-0.001407
0.728772
-0.260084
0.017842
0.324756
0.385377
-0.239944
0.226523
0.340799
-0.027969
-0.228208
0.542288
0.338025
0.195903
-0.953571
0.935714
-0.001407
0.728772
-0.260084
0.017842
0.324756
0.385377
-0.239944
0.226523
0.340799
-0.027969
-0.228208
0.542288
0.338025
0.195903
-0.953571
0.935714
-0.001407
0.728772
-0.260084
0.017842
0.324756
0.385377
-0.239944
0.226523
0.340799
-0.027969
-0.228208
0.542288
0.338025
0.195903
-0.953571
0.935714
-0.001407
0.728772
-0.260084
0.017842
0.324756
0.385377
-0.239944
0.226523
0.340799
-0.027969
-0.228208
0.542288
0.338025
0.195903
-0.953571
0.935714
-0.001407
0.728772
-0.260084
0.017842
0.324756
0.385377
-0.239944
0.226523
0.340799
-0.027969
-0.228208
0.542288
0.338025
0.195903
-0.953571
0.935714
-0.001407
0.728772
-0.260084
0.017842
0.324756
0.385377
-0.239944
0.226523
0.340799
-0.027969
-0.228208
0.542288
0.338025
0.195903
-0.953571
0.935714
-0.001407
0.728772
-0.260084
0.017842
0.324756
0.385377
-0.239944
0.226523
0.340799
-0.027969
-0.228208
0.542288
0.338025
0.195903
-0.953571
0.935714
-0.001407
0.728772
-0.260084
0.017842
0.324756
0.385377
-0.239944
0.226523
0.340799
-0.027969
-0.228208
0.542288
0.338025
0.195903
-0.953571
