1.952091
-0.404677
-14.605750
37.830162
-31.514477
7.645468
45.879078
11.521741
-11.283045
-36.998619
-2.400003
1.286730
14.352704
-13.149500
24.479645
15.588352
-0.033266
0.048367
3.321473
-5.776346
-7.576852
3.439675
-2.973370
0.568284
5.309988
3.004063
3.939552
-7.014238
-2.594729
-4.108243
3.202961
3.513180
-0.269016
-0.214192
-250.260696
-210.657059
655.254639
311.926117
252.859619
-610.577881
643.776917
615.150818
1323.861450
27.794001
23.261192
-384.779022
385.354950
-419.213776
-1.050470
-1.662417
106.716431
97.644096
-287.470551
-147.388382
-121.603539
273.917206
-280.337128
-280.658508
-592.863464
-27.761902
-15.641183
168.885712
-184.300659
184.398819
0.296887
-1.397908
6.354228
7.070366
-26.753477
-12.330414
-10.255368
24.378487
-23.086754
-24.017611
-55.630043
-1.341797
2.087488
13.577582
-17.194448
18.461699
2.371706
0.594727
19.995327
11.249872
-47.679741
-21.071703
-16.379627
43.960678
-48.403721
-40.850414
-89.039566
2.436097
4.157224
27.790663
-22.826174
23.970402
-1.277751
1.301831
54.041225
51.788483
-138.900955
-79.759605
-67.461823
128.609619
-137.641037
-148.406555
-291.290253
-28.264263
-12.883392
86.443459
-89.993492
89.016457
0.789287
-0.365343
-0.558294
0.124971
0.072557
0.406769
-0.408504
0.669717
0.278800
-0.443920
-0.440811
0.127539
0.392037
-1.104005
-0.466061
-0.792306
0.789287
-0.365343
-0.558294
0.124971
0.072557
0.406769
-0.408504
0.669717
0.278800
-0.443920
-0.440811
0.127539
0.392037
-1.104005
-0.466061
-0.792306
0.789287
-0.365343
-0.558294
0.124971
0.072557
0.406769
-0.408504
0.669717
0.278800
-0.443920
-0.440811
0.127539
0.392037
-1.104005
-0.466061
-0.792306
0.789287
-0.365343
-0.558294
0.124971
0.072557
0.406769
-0.408504
0.669717
0.278800
-0.443920
-0.440811
0.127539
0.392037
-1.104005
-0.466061
-0.792306
0.789287
-0.365343
-0.558294
0.124971
0.072557
0.406769
-0.408504
0.669717
0.278800
-0.443920
-0.440811
0.127539
0.392037
-1.104005
-0.466061
-0.792306
0.789287
-0.365343
-0.558294
0.124971
0.072557
0.406769
-0.408504
0.669717
0.278800
-0.443920
-0.440811
0.127539
0.392037
-1.104005
-0.466061
-0.792306
0.789287
-0.365343
-0.558294
0.124971
0.072557
0.406769
-0.408504
0.669717
0.278800
-0.443920
-0.440811
0.127539
0.392037
-1.104005
-0.466061
-0.792306
0.789287
-0.365343
-0.558294
0.124971
0.072557
0.406769
-0.408504
0.669717
0.278800
-0.443920
-0.440811
0.127539
0.392037
-1.104005
-0.466061
-0.792306
0.789287
-0.365343
-0.558294
0.124971
0.072557
0.406769
-0.408504
0.669717
0.278800
-0.443920
-0.440811
0.127539
0.392037
-1.104005
-0.466061
-0.792306
0.789287
-0.365343
-0.558294
0.124971
0.072557
0.406769
-0.408504
0.669717
0.278800
-0.443920
-0.440811
0.127539
0.392037
-1.104005
-0.466061
-0.792306
0.789287
-0.365343
-0.558294
0.124971
0.072557
0.406769
-0.408504
0.669717
0.278800
-0.443920
-0.440811
0.127539
0.392037
-1.104005
-0.466061
-0.792306
0.789287
-0.365343
-0.558294
0.124971
0.072557
0.406769
-0.408504
0.669717
0.278800
-0.443920
-0.440811
0.127539
0.392037
-1.104005
-0.466061
-0.792306
0.789287
-0.365343
-0.558294
0.124971
0.072557
0.406769
-0.408504
0.669717
0.278800
-0.443920
-0.440811
0.127539
0.392037
-1.104005
-0.466061
-0.792306
