-0.157700
0.846313
0.823571
1.603951
-1.177086
-7.351863
0.365733
1.223584
-5.111707
-2.009660
2.602065
5.926931
-1.626404
7.842782
-3.678177
4.347881
11.021002
-13.352384
-45.294537
-17.334181
35.180264
10.117126
9.960336
-15.531124
13.389585
20.014225
-30.889997
-2.117803
-7.721151
-28.324923
-18.626072
17.148455
0.229918
0.617882
15.564402
-94.451042
-101.047554
140.624283
200.646423
-175.029572
-69.718399
77.293884
145.749542
124.387527
-72.534302
-33.107597
180.298264
251.469330
0.285354
-1.313921
-13.413204
76.344177
83.678116
-115.403397
-167.145096
140.696381
58.641258
-63.776997
-119.183807
-99.592728
59.451706
27.927162
-144.411438
-209.334198
-0.628966
-0.325287
-0.959290
0.003677
0.164042
0.014386
0.158577
0.298608
0.534534
0.094892
-0.183660
-0.467807
0.226559
0.177107
-0.078598
0.326180
-0.628966
-0.325287
-0.959290
0.003677
0.164042
0.014386
0.158577
0.298608
0.534534
0.094892
-0.183660
-0.467807
0.226559
0.177107
-0.078598
0.326180
-0.628966
-0.325287
-0.959290
0.003677
0.164042
0.014386
0.158577
0.298608
0.534534
0.094892
-0.183660
-0.467807
0.226559
0.177107
-0.078598
0.326180
-0.628966
-0.325287
-0.959290
0.003677
0.164042
0.014386
0.158577
0.298608
0.534534
0.094892
-0.183660
-0.467807
0.226559
0.177107
-0.078598
0.326180
-0.628966
-0.325287
-0.959290
0.003677
0.164042
0.014386
0.158577
0.298608
0.534534
0.094892
-0.183660
-0.467807
0.226559
0.177107
-0.078598
0.326180
-0.628966
-0.325287
-0.959290
0.003677
0.164042
0.014386
0.158577
0.298608
0.534534
0.094892
-0.183660
-0.467807
0.226559
0.177107
-0.078598
0.326180
-0.628966
-0.325287
-0.959290
0.003677
0.164042
0.014386
0.158577
0.298608
0.534534
0.094892
-0.183660
-0.467807
0.226559
0.177107
-0.078598
0.326180
-0.628966
-0.325287
-0.959290
0.003677
0.164042
0.014386
0.158577
0.298608
0.534534
0.094892
-0.183660
-0.467807
0.226559
0.177107
-0.078598
0.326180
-0.628966
-0.325287
-0.959290
0.003677
0.164042
0.014386
0.158577
0.298608
0.534534
0.094892
-0.183660
-0.467807
0.226559
0.177107
-0.078598
0.326180
-0.628966
-0.325287
-0.959290
0.003677
0.164042
0.014386
0.158577
0.298608
0.534534
0.094892
-0.183660
-0.467807
0.226559
0.177107
-0.078598
0.326180
-0.628966
-0.325287
-0.959290
0.003677
0.164042
0.014386
0.158577
0.298608
0.534534
0.094892
-0.183660
-0.467807
0.226559
0.177107
-0.078598
0.326180
-0.628966
-0.325287
-0.959290
0.003677
0.164042
0.014386
0.158577
0.298608
0.534534
0.094892
-0.183660
-0.467807
0.226559
0.177107
-0.078598
0.326180
-0.628966
-0.325287
-0.959290
0.003677
0.164042
0.014386
0.158577
0.298608
0.534534
0.094892
-0.183660
-0.467807
0.226559
0.177107
-0.078598
0.326180
-0.628966
-0.325287
-0.959290
0.003677
0.164042
0.014386
0.158577
0.298608
0.534534
0.094892
-0.183660
-0.467807
0.226559
0.177107
-0.078598
0.326180
-0.628966
-0.325287
-0.959290
0.003677
0.164042
0.014386
0.158577
0.298608
0.534534
0.094892
-0.183660
-0.467807
0.226559
0.177107
-0.078598
0.326180
-0.628966
-0.325287
-0.959290
0.003677
0.164042
0.014386
0.158577
0.298608
0.534534
0.094892
-0.183660
-0.467807
0.226559
0.177107
-0.078598
0.326180
