1.383212
-2.459570
-56.563934
168.554657
51.824661
-12.541634
-122.003792
196.907913
46.484234
-61.241135
-177.580887
-123.782532
39.932865
170.755646
-110.634941
-142.574387
-0.580067
-0.084615
-5.135111
1.484213
6.142959
-4.635674
-1.104450
3.587275
0.177872
-4.340353
-3.638926
4.500450
-5.023500
1.452291
-4.147908
-2.180949
-1.893031
0.267462
44.673733
-131.819305
-40.357197
10.028608
95.043777
-153.379837
-36.577221
49.379250
137.100189
96.485199
-22.923559
-134.492462
89.245605
111.275917
0.057186
-0.312739
0.441053
0.511153
-0.458454
0.361292
0.261278
-0.486272
-0.310115
-0.375523
0.792673
0.111675
0.013780
0.103850
0.514598
0.325552
0.057186
-0.312739
0.441053
0.511153
-0.458454
0.361292
0.261278
-0.486272
-0.310115
-0.375523
0.792673
0.111675
0.013780
0.103850
0.514598
0.325552
0.057186
-0.312739
0.441053
0.511153
-0.458454
0.361292
0.261278
-0.486272
-0.310115
-0.375523
0.792673
0.111675
0.013780
0.103850
0.514598
0.325552
0.057186
-0.312739
0.441053
0.511153
-0.458454
0.361292
0.261278
-0.486272
-0.310115
-0.375523
0.792673
0.111675
0.013780
0.103850
0.514598
0.325552
0.057186
-0.312739
0.441053
0.511153
-0.458454
0.361292
0.261278
-0.486272
-0.310115
-0.375523
0.792673
0.111675
0.013780
0.103850
0.514598
0.325552
0.057186
-0.312739
0.441053
0.511153
-0.458454
0.361292
0.261278
-0.486272
-0.310115
-0.375523
0.792673
0.111675
0.013780
0.103850
0.514598
0.325552
0.057186
-0.312739
0.441053
0.511153
-0.458454
0.361292
0.261278
-0.486272
-0.310115
-0.375523
0.792673
0.111675
0.013780
0.103850
0.514598
0.325552
0.057186
-0.312739
0.441053
0.511153
-0.458454
0.361292
0.261278
-0.486272
-0.310115
-0.375523
0.792673
0.111675
0.013780
0.103850
0.514598
0.325552
0.057186
-0.312739
0.441053
0.511153
-0.458454
0.361292
0.261278
-0.486272
-0.310115
-0.375523
0.792673
0.111675
0.013780
0.103850
0.514598
0.325552
0.057186
-0.312739
0.441053
0.511153
-0.458454
0.361292
0.261278
-0.486272
-0.310115
-0.375523
0.792673
0.111675
0.013780
0.103850
0.514598
0.325552
0.057186
-0.312739
0.441053
0.511153
-0.458454
0.361292
0.261278
-0.486272
-0.310115
-0.375523
0.792673
0.111675
0.013780
0.103850
0.514598
0.325552
0.057186
-0.312739
0.441053
0.511153
-0.458454
0.361292
0.261278
-0.486272
-0.310115
-0.375523
0.792673
0.111675
0.013780
0.103850
0.514598
0.325552
0.057186
-0.312739
0.441053
0.511153
-0.458454
0.361292
0.261278
-0.486272
-0.310115
-0.375523
0.792673
0.111675
0.013780
0.103850
0.514598
0.325552
0.057186
-0.312739
0.441053
0.511153
-0.458454
0.361292
0.261278
-0.486272
-0.310115
-0.375523
0.792673
0.111675
0.013780
0.103850
0.514598
0.325552
0.057186
-0.312739
0.441053
0.511153
-0.458454
0.361292
0.261278
-0.486272
-0.310115
-0.375523
0.792673
0.111675
0.013780
0.103850
0.514598
0.325552
0.057186
-0.312739
0.441053
0.511153
-0.458454
0.361292
0.261278
-0.486272
-0.310115
-0.375523
0.792673
0.111675
0.013780
0.103850
0.514598
0.325552
0.057186
-0.312739
0.441053
0.511153
-0.458454
0.361292
0.261278
-0.486272
-0.310115
-0.375523
0.792673
0.111675
0.013780
0.103850
0.514598
0.325552
