-1.563478
3.146520
-87.700722
-158.227280
27.228767
58.678455
-22.246712
-285.841644
82.742706
87.893372
296.438263
-64.910538
-118.712006
-177.943146
249.763977
-39.012222
-1.343318
0.904634
40.790302
61.298347
-15.468954
-23.046082
9.828368
127.239143
-37.029152
-38.323654
-131.108292
30.375957
59.532955
75.167107
-108.898636
17.768341
1.769546
-3.747637
2.087118
15.332217
0.248748
-5.602429
2.246920
22.130070
-1.345925
-9.513571
-27.883230
1.162017
6.963062
14.587306
-23.148407
0.881290
0.344193
-1.911453
28.056179
39.054367
-9.129187
-15.515265
8.800079
64.378883
-25.869200
-20.082106
-65.545807
23.694820
27.594431
44.140793
-55.226997
13.714886
-0.328864
0.416971
0.050517
0.446124
-0.004215
0.178673
0.765421
-0.035357
0.013937
-0.353249
-0.047759
0.562873
-0.583197
-0.622054
0.317005
-0.169282
-0.328864
0.416971
0.050517
0.446124
-0.004215
0.178673
0.765421
-0.035357
0.013937
-0.353249
-0.047759
0.562873
-0.583197
-0.622054
0.317005
-0.169282
-0.328864
0.416971
0.050517
0.446124
-0.004215
0.178673
0.765421
-0.035357
0.013937
-0.353249
-0.047759
0.562873
-0.583197
-0.622054
0.317005
-0.169282
-0.328864
0.416971
0.050517
0.446124
-0.004215
0.178673
0.765421
-0.035357
0.013937
-0.353249
-0.047759
0.562873
-0.583197
-0.622054
0.317005
-0.169282
-0.328864
0.416971
0.050517
0.446124
-0.004215
0.178673
0.765421
-0.035357
0.013937
-0.353249
-0.047759
0.562873
-0.583197
-0.622054
0.317005
-0.169282
-0.328864
0.416971
0.050517
0.446124
-0.004215
0.178673
0.765421
-0.035357
0.013937
-0.353249
-0.047759
0.562873
-0.583197
-0.622054
0.317005
-0.169282
-0.328864
0.416971
0.050517
0.446124
-0.004215
0.178673
0.765421
-0.035357
0.013937
-0.353249
-0.047759
0.562873
-0.583197
-0.622054
0.317005
-0.169282
-0.328864
0.416971
0.050517
0.446124
-0.004215
0.178673
0.765421
-0.035357
0.013937
-0.353249
-0.047759
0.562873
-0.583197
-0.622054
0.317005
-0.169282
-0.328864
0.416971
0.050517
0.446124
-0.004215
0.178673
0.765421
-0.035357
0.013937
-0.353249
-0.047759
0.562873
-0.583197
-0.622054
0.317005
-0.169282
-0.328864
0.416971
0.050517
0.446124
-0.004215
0.178673
0.765421
-0.035357
0.013937
-0.353249
-0.047759
0.562873
-0.583197
-0.622054
0.317005
-0.169282
-0.328864
0.416971
0.050517
0.446124
-0.004215
0.178673
0.765421
-0.035357
0.013937
-0.353249
-0.047759
0.562873
-0.583197
-0.622054
0.317005
-0.169282
-0.328864
0.416971
0.050517
0.446124
-0.004215
0.178673
0.765421
-0.035357
0.013937
-0.353249
-0.047759
0.562873
-0.583197
-0.622054
0.317005
-0.169282
-0.328864
0.416971
0.050517
0.446124
-0.004215
0.178673
0.765421
-0.035357
0.013937
-0.353249
-0.047759
0.562873
-0.583197
-0.622054
0.317005
-0.169282
-0.328864
0.416971
0.050517
0.446124
-0.004215
0.178673
0.765421
-0.035357
0.013937
-0.353249
-0.047759
0.562873
-0.583197
-0.622054
0.317005
-0.169282
-0.328864
0.416971
0.050517
0.446124
-0.004215
0.178673
0.765421
-0.035357
0.013937
-0.353249
-0.047759
0.562873
-0.583197
-0.622054
0.317005
-0.169282
-0.328864
0.416971
0.050517
0.446124
-0.004215
0.178673
0.765421
-0.035357
0.013937
-0.353249
-0.047759
0.562873
-0.583197
-0.622054
0.317005
-0.169282
