-3.359449
-1.447878
-2.681466
-2.418875
17.732954
7.822511
-18.170511
11.823182
10.817940
-10.437095
12.978232
27.813255
44.369595
1.773048
-1.184904
-7.373873
-0.817738
-1.961464
-71.154625
-148.183746
-975.385010
1437.689087
-1990.140137
-4452.934082
-1521.505737
-1523.097168
845.621094
-2298.330322
-1604.277588
4635.113770
-656.074219
758.361816
6.277349
0.631251
-0.099368
-8.443451
-16.037848
0.967591
15.724528
-7.751569
-11.815367
13.226079
-13.536355
-28.656120
-31.027575
-2.145356
-1.469596
7.373768
0.543644
3.245838
71.252304
135.727768
912.622070
-1355.641357
1869.476318
4179.788086
1431.019897
1433.904907
-789.217529
2157.354004
1497.625610
-4345.802734
619.084717
-721.304810
0.449828
-0.732830
0.291796
0.096060
0.388980
-0.347108
0.283570
0.407613
-0.421635
0.301782
-0.137491
0.015155
0.357254
0.335195
0.295738
-0.248065
0.449828
-0.732830
0.291796
0.096060
0.388980
-0.347108
0.283570
0.407613
-0.421635
0.301782
-0.137491
0.015155
0.357254
0.335195
0.295738
-0.248065
0.449828
-0.732830
0.291796
0.096060
0.388980
-0.347108
0.283570
0.407613
-0.421635
0.301782
-0.137491
0.015155
0.357254
0.335195
0.295738
-0.248065
0.449828
-0.732830
0.291796
0.096060
0.388980
-0.347108
0.283570
0.407613
-0.421635
0.301782
-0.137491
0.015155
0.357254
0.335195
0.295738
-0.248065
0.449828
-0.732830
0.291796
0.096060
0.388980
-0.347108
0.283570
0.407613
-0.421635
0.301782
-0.137491
0.015155
0.357254
0.335195
0.295738
-0.248065
0.449828
-0.732830
0.291796
0.096060
0.388980
-0.347108
0.283570
0.407613
-0.421635
0.301782
-0.137491
0.015155
0.357254
0.335195
0.295738
-0.248065
0.449828
-0.732830
0.291796
0.096060
0.388980
-0.347108
0.283570
0.407613
-0.421635
0.301782
-0.137491
0.015155
0.357254
0.335195
0.295738
-0.248065
0.449828
-0.732830
0.291796
0.096060
0.388980
-0.347108
0.283570
0.407613
-0.421635
0.301782
-0.137491
0.015155
0.357254
0.335195
0.295738
-0.248065
0.449828
-0.732830
0.291796
0.096060
0.388980
-0.347108
0.283570
0.407613
-0.421635
0.301782
-0.137491
0.015155
0.357254
0.335195
0.295738
-0.248065
0.449828
-0.732830
0.291796
0.096060
0.388980
-0.347108
0.283570
0.407613
-0.421635
0.301782
-0.137491
0.015155
0.357254
0.335195
0.295738
-0.248065
0.449828
-0.732830
0.291796
0.096060
0.388980
-0.347108
0.283570
0.407613
-0.421635
0.301782
-0.137491
0.015155
0.357254
0.335195
0.295738
-0.248065
0.449828
-0.732830
0.291796
0.096060
0.388980
-0.347108
0.283570
0.407613
-0.421635
0.301782
-0.137491
0.015155
0.357254
0.335195
0.295738
-0.248065
0.449828
-0.732830
0.291796
0.096060
0.388980
-0.347108
0.283570
0.407613
-0.421635
0.301782
-0.137491
0.015155
0.357254
0.335195
0.295738
-0.248065
0.449828
-0.732830
0.291796
0.096060
0.388980
-0.347108
0.283570
0.407613
-0.421635
0.301782
-0.137491
0.015155
0.357254
0.335195
0.295738
-0.248065
0.449828
-0.732830
0.291796
0.096060
0.388980
-0.347108
0.283570
0.407613
-0.421635
0.301782
-0.137491
0.015155
0.357254
0.335195
0.295738
-0.248065
0.449828
-0.732830
0.291796
0.096060
0.388980
-0.347108
0.283570
0.407613
-0.421635
0.301782
-0.137491
0.015155
0.357254
0.335195
0.295738
-0.248065
