-21.024113
-1.753655
-34.963848
27.323938
28.155910
-16.906580
-9.699505
-10.089105
12.137257
1.722095
-10.191825
22.114698
-21.649385
-16.967352
12.873690
10.556427
-0.251397
-2.634199
-15.090276
-2.519670
20.409155
10.906344
1.626287
-8.953526
9.547446
-10.136080
-11.392982
-8.897210
-2.888940
-0.319947
-2.394406
-4.657856
-2.299810
-4.342539
50.376770
-232.498947
-112.993065
-27.925938
151.690628
-138.936203
-26.987181
57.940887
130.224609
258.429443
-62.867870
-102.197639
18.013613
304.295563
0.133011
2.510831
-25.380436
107.543739
49.633747
15.559240
-71.367683
63.632687
12.835497
-24.121054
-57.918713
-119.223434
31.034710
49.374065
-6.749413
-139.897278
0.126939
4.251416
-10.141946
46.554974
21.995495
5.292200
-33.540741
27.447763
6.460959
-11.448972
-24.521458
-55.223091
12.630875
17.088850
-4.832080
-63.033695
0.336286
-0.198280
-0.128711
0.373167
0.142301
-0.317170
0.554686
-0.098217
-0.672236
0.174407
0.150824
-0.063471
-0.067162
0.452811
-0.058235
0.110810
0.336286
-0.198280
-0.128711
0.373167
0.142301
-0.317170
0.554686
-0.098217
-0.672236
0.174407
0.150824
-0.063471
-0.067162
0.452811
-0.058235
0.110810
0.336286
-0.198280
-0.128711
0.373167
0.142301
-0.317170
0.554686
-0.098217
-0.672236
0.174407
0.150824
-0.063471
-0.067162
0.452811
-0.058235
0.110810
0.336286
-0.198280
-0.128711
0.373167
0.142301
-0.317170
0.554686
-0.098217
-0.672236
0.174407
0.150824
-0.063471
-0.067162
0.452811
-0.058235
0.110810
0.336286
-0.198280
-0.128711
0.373167
0.142301
-0.317170
0.554686
-0.098217
-0.672236
0.174407
0.150824
-0.063471
-0.067162
0.452811
-0.058235
0.110810
0.336286
-0.198280
-0.128711
0.373167
0.142301
-0.317170
0.554686
-0.098217
-0.672236
0.174407
0.150824
-0.063471
-0.067162
0.452811
-0.058235
0.110810
0.336286
-0.198280
-0.128711
0.373167
0.142301
-0.317170
0.554686
-0.098217
-0.672236
0.174407
0.150824
-0.063471
-0.067162
0.452811
-0.058235
0.110810
0.336286
-0.198280
-0.128711
0.373167
0.142301
-0.317170
0.554686
-0.098217
-0.672236
0.174407
0.150824
-0.063471
-0.067162
0.452811
-0.058235
0.110810
0.336286
-0.198280
-0.128711
0.373167
0.142301
-0.317170
0.554686
-0.098217
-0.672236
0.174407
0.150824
-0.063471
-0.067162
0.452811
-0.058235
0.110810
0.336286
-0.198280
-0.128711
0.373167
0.142301
-0.317170
0.554686
-0.098217
-0.672236
0.174407
0.150824
-0.063471
-0.067162
0.452811
-0.058235
0.110810
0.336286
-0.198280
-0.128711
0.373167
0.142301
-0.317170
0.554686
-0.098217
-0.672236
0.174407
0.150824
-0.063471
-0.067162
0.452811
-0.058235
0.110810
0.336286
-0.198280
-0.128711
0.373167
0.142301
-0.317170
0.554686
-0.098217
-0.672236
0.174407
0.150824
-0.063471
-0.067162
0.452811
-0.058235
0.110810
0.336286
-0.198280
-0.128711
0.373167
0.142301
-0.317170
0.554686
-0.098217
-0.672236
0.174407
0.150824
-0.063471
-0.067162
0.452811
-0.058235
0.110810
0.336286
-0.198280
-0.128711
0.373167
0.142301
-0.317170
0.554686
-0.098217
-0.672236
0.174407
0.150824
-0.063471
-0.067162
0.452811
-0.058235
0.110810
0.336286
-0.198280
-0.128711
0.373167
0.142301
-0.317170
0.554686
-0.098217
-0.672236
0.174407
0.150824
-0.063471
-0.067162
0.452811
-0.058235
0.110810
