0.214719
-3.082635
-69.743736
18.335222
123.556107
88.962173
-138.122314
81.234535
-19.328743
101.263535
-171.310410
68.274635
52.692539
35.978687
6.051505
-20.712658
0.422550
2.231734
-12.408864
-11.137036
22.453259
19.932760
4.206442
-0.679110
9.067146
-5.547099
-15.249205
-0.219077
-3.883062
-7.862078
-10.702094
-8.225325
0.269992
1.453068
-3.640767
3.832818
5.330846
-6.590456
1.289668
3.797706
-0.195539
-3.883188
-2.191781
5.793759
-6.364027
1.520503
-5.368228
1.342856
0.115869
-0.483612
5.910788
-5.141725
0.578284
10.599852
4.292953
-7.025229
-5.544588
2.489711
6.318992
4.649945
1.030853
4.936459
8.897603
-1.709536
-5.060833
1.444144
25.427790
-10.780807
-24.635183
11.965760
-18.312143
-9.632307
9.419485
16.176975
18.854362
-18.802563
-2.243980
-17.840897
15.345771
15.208143
2.787766
-1.938030
-11.618460
-36.630634
-6.776585
-23.158443
-26.296188
25.894909
28.719595
9.872885
4.873340
-5.054810
0.222828
30.461432
-24.003944
2.469366
-8.300247
-8.403156
-2.588340
-40.423756
1.957405
30.077333
17.739264
4.389395
-5.186267
8.684458
-7.296239
-29.894354
28.609875
-13.841822
-23.928158
0.610054
0.669900
1.610722
36.201534
-6.775269
-60.055237
-40.973671
64.181572
-42.653290
3.592953
-47.489056
81.501610
-30.531878
-25.947271
-18.023340
-3.464932
4.395458
-0.603276
0.111606
11.367100
-4.448024
-23.258924
-14.356122
27.295570
-14.952305
4.213301
-24.335115
32.128803
-17.381039
-11.184468
-8.210648
-4.288797
3.248606
-0.044938
-0.052275
-0.737125
-0.190886
0.348417
0.244446
-0.188469
0.072154
0.020632
-0.127673
-0.529808
0.245371
-0.104243
-0.381894
-0.179660
0.631675
-0.044938
-0.052275
-0.737125
-0.190886
0.348417
0.244446
-0.188469
0.072154
0.020632
-0.127673
-0.529808
0.245371
-0.104243
-0.381894
-0.179660
0.631675
-0.044938
-0.052275
-0.737125
-0.190886
0.348417
0.244446
-0.188469
0.072154
0.020632
-0.127673
-0.529808
0.245371
-0.104243
-0.381894
-0.179660
0.631675
-0.044938
-0.052275
-0.737125
-0.190886
0.348417
0.244446
-0.188469
0.072154
0.020632
-0.127673
-0.529808
0.245371
-0.104243
-0.381894
-0.179660
0.631675
-0.044938
-0.052275
-0.737125
-0.190886
0.348417
0.244446
-0.188469
0.072154
0.020632
-0.127673
-0.529808
0.245371
-0.104243
-0.381894
-0.179660
0.631675
-0.044938
-0.052275
-0.737125
-0.190886
0.348417
0.244446
-0.188469
0.072154
0.020632
-0.127673
-0.529808
0.245371
-0.104243
-0.381894
-0.179660
0.631675
-0.044938
-0.052275
-0.737125
-0.190886
0.348417
0.244446
-0.188469
0.072154
0.020632
-0.127673
-0.529808
0.245371
-0.104243
-0.381894
-0.179660
0.631675
-0.044938
-0.052275
-0.737125
-0.190886
0.348417
0.244446
-0.188469
0.072154
0.020632
-0.127673
-0.529808
0.245371
-0.104243
-0.381894
-0.179660
0.631675
-0.044938
-0.052275
-0.737125
-0.190886
0.348417
0.244446
-0.188469
0.072154
0.020632
-0.127673
-0.529808
0.245371
-0.104243
-0.381894
-0.179660
0.631675
-0.044938
-0.052275
-0.737125
-0.190886
0.348417
0.244446
-0.188469
0.072154
0.020632
-0.127673
-0.529808
0.245371
-0.104243
-0.381894
-0.179660
0.631675
-0.044938
-0.052275
-0.737125
-0.190886
0.348417
0.244446
-0.188469
0.072154
0.020632
-0.127673
-0.529808
0.245371
-0.104243
-0.381894
-0.179660
0.631675
