0.130895
-0.403685
1.835700
2.995357
-5.944687
-4.681470
3.272310
0.858472
-3.138536
2.003022
6.650101
1.234722
2.569675
5.359379
1.066941
2.205389
6.978501
-4.221489
-15.434131
-17.200983
22.158190
20.939005
-4.915516
18.431730
12.326261
-14.447181
-26.047348
-10.074964
-16.571226
-4.360155
1.592170
-21.633474
4.891903
-3.572886
-16.136114
-12.551628
26.108385
16.703018
2.093032
-3.385389
2.918852
-5.986692
-12.957350
1.996629
-1.724739
-0.331733
-2.062551
-8.970859
-1.598175
1.925337
55.192387
-51.130844
-151.364822
-23.169041
56.049175
-142.736954
-25.210926
-99.367325
102.740082
-147.071167
-33.382320
4.002806
37.272518
39.956879
0.759438
-1.317456
-29.194696
27.057369
72.602692
9.230767
-28.574471
71.029564
11.327763
46.796509
-49.416676
71.774658
16.989599
-2.061485
-18.065220
-18.393534
0.722690
-1.497636
-10.178336
8.506297
28.928478
6.183264
-10.574712
27.214539
0.886223
21.100306
-20.286570
27.784590
6.844287
0.318330
-4.717467
-8.493617
-0.444215
0.104030
0.453111
0.500208
0.079006
-0.131605
-0.127046
-0.773946
0.653569
-0.355081
0.634606
0.517586
0.279322
0.082942
0.230093
0.118114
-0.444215
0.104030
0.453111
0.500208
0.079006
-0.131605
-0.127046
-0.773946
0.653569
-0.355081
0.634606
0.517586
0.279322
0.082942
0.230093
0.118114
-0.444215
0.104030
0.453111
0.500208
0.079006
-0.131605
-0.127046
-0.773946
0.653569
-0.355081
0.634606
0.517586
0.279322
0.082942
0.230093
0.118114
-0.444215
0.104030
0.453111
0.500208
0.079006
-0.131605
-0.127046
-0.773946
0.653569
-0.355081
0.634606
0.517586
0.279322
0.082942
0.230093
0.118114
-0.444215
0.104030
0.453111
0.500208
0.079006
-0.131605
-0.127046
-0.773946
0.653569
-0.355081
0.634606
0.517586
0.279322
0.082942
0.230093
0.118114
-0.444215
0.104030
0.453111
0.500208
0.079006
-0.131605
-0.127046
-0.773946
0.653569
-0.355081
0.634606
0.517586
0.279322
0.082942
0.230093
0.118114
-0.444215
0.104030
0.453111
0.500208
0.079006
-0.131605
-0.127046
-0.773946
0.653569
-0.355081
0.634606
0.517586
0.279322
0.082942
0.230093
0.118114
-0.444215
0.104030
0.453111
0.500208
0.079006
-0.131605
-0.127046
-0.773946
0.653569
-0.355081
0.634606
0.517586
0.279322
0.082942
0.230093
0.118114
-0.444215
0.104030
0.453111
0.500208
0.079006
-0.131605
-0.127046
-0.773946
0.653569
-0.355081
0.634606
0.517586
0.279322
0.082942
0.230093
0.118114
-0.444215
0.104030
0.453111
0.500208
0.079006
-0.131605
-0.127046
-0.773946
0.653569
-0.355081
0.634606
0.517586
0.279322
0.082942
0.230093
0.118114
-0.444215
0.104030
0.453111
0.500208
0.079006
-0.131605
-0.127046
-0.773946
0.653569
-0.355081
0.634606
0.517586
0.279322
0.082942
0.230093
0.118114
-0.444215
0.104030
0.453111
0.500208
0.079006
-0.131605
-0.127046
-0.773946
0.653569
-0.355081
0.634606
0.517586
0.279322
0.082942
0.230093
0.118114
-0.444215
0.104030
0.453111
0.500208
0.079006
-0.131605
-0.127046
-0.773946
0.653569
-0.355081
0.634606
0.517586
0.279322
0.082942
0.230093
0.118114
-0.444215
0.104030
0.453111
0.500208
0.079006
-0.131605
-0.127046
-0.773946
0.653569
-0.355081
0.634606
0.517586
0.279322
0.082942
0.230093
0.118114
