-0.208438
-1.339868
-4.171052
14.988165
11.062646
-23.171555
-2.216564
-4.002814
-8.288715
-9.326753
-2.353947
9.121890
-5.329246
3.577134
-3.459539
5.140375
-1.426875
-0.717770
5.331980
4.442019
-6.332956
-6.090734
1.228601
-3.639273
-4.687196
2.600225
5.665910
2.128027
4.699130
2.136706
-1.240262
4.247068
-0.008438
-1.901229
-67.502808
22.034641
85.066193
88.941475
-146.128555
97.078934
-31.329393
79.271591
-208.303558
54.261806
32.461674
6.851671
0.734294
2.485344
-0.059616
-0.601057
29.794247
-8.940808
-40.882824
-39.256416
69.460045
-39.660915
16.154999
-35.725323
99.263733
-25.242502
-14.673444
-2.576041
0.009739
-2.916566
-1.764665
3.009571
15.558608
-4.829287
-18.044151
-19.232956
29.572994
-23.225925
6.114813
-19.746916
38.703835
-9.355598
-6.573103
-0.177485
-1.236280
0.620704
-0.506818
0.115592
-0.303286
-0.128103
-0.132476
0.568907
0.137782
0.409029
-0.032863
0.223357
-0.311594
0.076247
0.768278
0.036714
0.445031
0.035035
-0.506818
0.115592
-0.303286
-0.128103
-0.132476
0.568907
0.137782
0.409029
-0.032863
0.223357
-0.311594
0.076247
0.768278
0.036714
0.445031
0.035035
-0.506818
0.115592
-0.303286
-0.128103
-0.132476
0.568907
0.137782
0.409029
-0.032863
0.223357
-0.311594
0.076247
0.768278
0.036714
0.445031
0.035035
-0.506818
0.115592
-0.303286
-0.128103
-0.132476
0.568907
0.137782
0.409029
-0.032863
0.223357
-0.311594
0.076247
0.768278
0.036714
0.445031
0.035035
-0.506818
0.115592
-0.303286
-0.128103
-0.132476
0.568907
0.137782
0.409029
-0.032863
0.223357
-0.311594
0.076247
0.768278
0.036714
0.445031
0.035035
-0.506818
0.115592
-0.303286
-0.128103
-0.132476
0.568907
0.137782
0.409029
-0.032863
0.223357
-0.311594
0.076247
0.768278
0.036714
0.445031
0.035035
-0.506818
0.115592
-0.303286
-0.128103
-0.132476
0.568907
0.137782
0.409029
-0.032863
0.223357
-0.311594
0.076247
0.768278
0.036714
0.445031
0.035035
-0.506818
0.115592
-0.303286
-0.128103
-0.132476
0.568907
0.137782
0.409029
-0.032863
0.223357
-0.311594
0.076247
0.768278
0.036714
0.445031
0.035035
-0.506818
0.115592
-0.303286
-0.128103
-0.132476
0.568907
0.137782
0.409029
-0.032863
0.223357
-0.311594
0.076247
0.768278
0.036714
0.445031
0.035035
-0.506818
0.115592
-0.303286
-0.128103
-0.132476
0.568907
0.137782
0.409029
-0.032863
0.223357
-0.311594
0.076247
0.768278
0.036714
0.445031
0.035035
-0.506818
0.115592
-0.303286
-0.128103
-0.132476
0.568907
0.137782
0.409029
-0.032863
0.223357
-0.311594
0.076247
0.768278
0.036714
0.445031
0.035035
-0.506818
0.115592
-0.303286
-0.128103
-0.132476
0.568907
0.137782
0.409029
-0.032863
0.223357
-0.311594
0.076247
0.768278
0.036714
0.445031
0.035035
-0.506818
0.115592
-0.303286
-0.128103
-0.132476
0.568907
0.137782
0.409029
-0.032863
0.223357
-0.311594
0.076247
0.768278
0.036714
0.445031
0.035035
-0.506818
0.115592
-0.303286
-0.128103
-0.132476
0.568907
0.137782
0.409029
-0.032863
0.223357
-0.311594
0.076247
0.768278
0.036714
0.445031
0.035035
-0.506818
0.115592
-0.303286
-0.128103
-0.132476
0.568907
0.137782
0.409029
-0.032863
0.223357
-0.311594
0.076247
0.768278
0.036714
0.445031
0.035035
