-0.488302
1.893431
-5.594872
-0.699205
6.780788
-0.509374
1.221775
3.997406
1.369742
-5.258388
-5.889336
2.321600
-4.120229
3.855769
-1.795995
-2.920412
-6.243227
-1.959426
-5.945492
-51.939381
-1.291902
44.648407
22.209793
-0.302348
-8.408719
10.168432
-9.666547
-27.387835
27.289995
-11.019601
-18.124527
0.495285
0.654174
0.720447
-1.300295
15.228529
4.074924
-25.292843
-4.588482
0.876682
-11.517420
-2.767650
2.068490
9.664920
0.949227
3.146677
-4.980117
8.237129
0.454232
-1.424512
-9.188138
1.022442
8.838440
-5.328716
-4.973622
-1.064838
5.549927
2.293355
-5.963626
-7.234249
2.295346
-6.922929
-6.878221
-3.363624
2.290426
1.659908
3.826707
-66.789703
-147.463608
37.022690
-11.852099
-160.863052
-73.043488
-84.499374
41.601303
-204.576553
-20.800005
23.085508
41.639004
18.310150
1.356947
-1.726708
4.423203
0.033327
-7.241337
1.220991
-0.170272
-4.241896
0.312466
4.884132
4.914719
-2.166754
5.420838
-3.309112
1.854981
3.431234
-3.320746
-0.560883
-3.065127
28.533804
65.324768
-16.443043
7.273207
71.363228
32.707771
39.109550
-13.278127
91.615311
10.732431
-9.837332
-17.822569
-7.820361
-0.554087
-0.517681
0.525073
14.206267
30.412352
-6.392061
5.676557
34.548107
16.854202
15.274583
-8.483443
46.747311
4.574082
-6.897798
-8.993573
-4.728498
-0.039059
0.061150
0.181998
-0.116635
-0.055205
-0.078173
-0.677877
0.241053
-0.256827
0.104643
0.153261
0.265448
-0.616619
0.031168
-0.493903
0.218547
-0.039059
0.061150
0.181998
-0.116635
-0.055205
-0.078173
-0.677877
0.241053
-0.256827
0.104643
0.153261
0.265448
-0.616619
0.031168
-0.493903
0.218547
-0.039059
0.061150
0.181998
-0.116635
-0.055205
-0.078173
-0.677877
0.241053
-0.256827
0.104643
0.153261
0.265448
-0.616619
0.031168
-0.493903
0.218547
-0.039059
0.061150
0.181998
-0.116635
-0.055205
-0.078173
-0.677877
0.241053
-0.256827
0.104643
0.153261
0.265448
-0.616619
0.031168
-0.493903
0.218547
-0.039059
0.061150
0.181998
-0.116635
-0.055205
-0.078173
-0.677877
0.241053
-0.256827
0.104643
0.153261
0.265448
-0.616619
0.031168
-0.493903
0.218547
-0.039059
0.061150
0.181998
-0.116635
-0.055205
-0.078173
-0.677877
0.241053
-0.256827
0.104643
0.153261
0.265448
-0.616619
0.031168
-0.493903
0.218547
-0.039059
0.061150
0.181998
-0.116635
-0.055205
-0.078173
-0.677877
0.241053
-0.256827
0.104643
0.153261
0.265448
-0.616619
0.031168
-0.493903
0.218547
-0.039059
0.061150
0.181998
-0.116635
-0.055205
-0.078173
-0.677877
0.241053
-0.256827
0.104643
0.153261
0.265448
-0.616619
0.031168
-0.493903
0.218547
-0.039059
0.061150
0.181998
-0.116635
-0.055205
-0.078173
-0.677877
0.241053
-0.256827
0.104643
0.153261
0.265448
-0.616619
0.031168
-0.493903
0.218547
-0.039059
0.061150
0.181998
-0.116635
-0.055205
-0.078173
-0.677877
0.241053
-0.256827
0.104643
0.153261
0.265448
-0.616619
0.031168
-0.493903
0.218547
-0.039059
0.061150
0.181998
-0.116635
-0.055205
-0.078173
-0.677877
0.241053
-0.256827
0.104643
0.153261
0.265448
-0.616619
0.031168
-0.493903
0.218547
-0.039059
0.061150
0.181998
-0.116635
-0.055205
-0.078173
-0.677877
0.241053
-0.256827
0.104643
0.153261
0.265448
-0.616619
0.031168
-0.493903
0.218547
