-1.309884
24.422970
-46.323696
2.280099
22.390200
4.582462
-0.504489
-13.695482
11.495414
2.586064
-32.887367
5.761146
1.455897
-25.867109
5.987553
14.028180
-1.019128
-0.374654
-2.096327
7.438641
-3.521897
-11.931118
-5.820510
6.403140
2.365674
-2.527412
-9.612944
1.470707
-2.441263
-5.159241
-8.067169
4.652549
-2.743417
3.281411
-18.766689
19.467045
21.479990
-20.612816
-1.510526
-6.299802
-2.824373
-14.750335
0.059985
13.599609
-2.650262
5.084387
-6.526349
3.290305
1.381439
0.164643
0.457322
6.379308
4.022202
-6.730769
1.424647
-5.685441
-3.085329
1.912086
-0.254252
4.853539
2.690137
1.225250
-2.770953
-0.496601
2.541314
0.339095
37.586670
-59.983719
-160.179688
-1.283692
16.060488
-158.500305
-69.127213
-91.184509
74.052399
-173.590439
-24.293968
21.219917
39.483952
21.203873
-3.322386
-0.527168
-16.982582
22.004957
61.032524
0.283278
-7.209801
59.469936
24.625370
39.938416
-31.369429
68.855515
9.333638
-7.173835
-15.216849
-6.774021
-1.673791
-0.509323
-10.680060
14.170549
43.924786
4.063351
-9.099849
43.801071
18.542948
23.115522
-22.658506
40.067158
8.158368
-5.652021
-12.724997
-9.031347
-0.139241
-0.384428
-0.460604
-0.459954
0.740497
0.090087
0.127942
-0.147827
0.030395
0.268026
0.254520
-0.032019
-0.375708
0.382055
-0.073692
0.580123
-0.139241
-0.384428
-0.460604
-0.459954
0.740497
0.090087
0.127942
-0.147827
0.030395
0.268026
0.254520
-0.032019
-0.375708
0.382055
-0.073692
0.580123
-0.139241
-0.384428
-0.460604
-0.459954
0.740497
0.090087
0.127942
-0.147827
0.030395
0.268026
0.254520
-0.032019
-0.375708
0.382055
-0.073692
0.580123
-0.139241
-0.384428
-0.460604
-0.459954
0.740497
0.090087
0.127942
-0.147827
0.030395
0.268026
0.254520
-0.032019
-0.375708
0.382055
-0.073692
0.580123
-0.139241
-0.384428
-0.460604
-0.459954
0.740497
0.090087
0.127942
-0.147827
0.030395
0.268026
0.254520
-0.032019
-0.375708
0.382055
-0.073692
0.580123
-0.139241
-0.384428
-0.460604
-0.459954
0.740497
0.090087
0.127942
-0.147827
0.030395
0.268026
0.254520
-0.032019
-0.375708
0.382055
-0.073692
0.580123
-0.139241
-0.384428
-0.460604
-0.459954
0.740497
0.090087
0.127942
-0.147827
0.030395
0.268026
0.254520
-0.032019
-0.375708
0.382055
-0.073692
0.580123
-0.139241
-0.384428
-0.460604
-0.459954
0.740497
0.090087
0.127942
-0.147827
0.030395
0.268026
0.254520
-0.032019
-0.375708
0.382055
-0.073692
0.580123
-0.139241
-0.384428
-0.460604
-0.459954
0.740497
0.090087
0.127942
-0.147827
0.030395
0.268026
0.254520
-0.032019
-0.375708
0.382055
-0.073692
0.580123
-0.139241
-0.384428
-0.460604
-0.459954
0.740497
0.090087
0.127942
-0.147827
0.030395
0.268026
0.254520
-0.032019
-0.375708
0.382055
-0.073692
0.580123
-0.139241
-0.384428
-0.460604
-0.459954
0.740497
0.090087
0.127942
-0.147827
0.030395
0.268026
0.254520
-0.032019
-0.375708
0.382055
-0.073692
0.580123
-0.139241
-0.384428
-0.460604
-0.459954
0.740497
0.090087
0.127942
-0.147827
0.030395
0.268026
0.254520
-0.032019
-0.375708
0.382055
-0.073692
0.580123
-0.139241
-0.384428
-0.460604
-0.459954
0.740497
0.090087
0.127942
-0.147827
0.030395
0.268026
0.254520
-0.032019
-0.375708
0.382055
-0.073692
0.580123
