-1.691578
-0.026449
135.759628
-277.240082
-15.141204
155.152802
22.259977
-274.330719
-1.109917
146.434311
71.394524
-15.555551
-61.798492
216.249405
-106.494080
65.786568
-1.512044
4.177307
-8.496297
27.660173
1.120286
-11.929543
-0.186462
22.919586
-3.112379
-12.911486
-5.524426
5.420160
6.032789
-22.199186
9.536128
-10.485110
2.797431
-0.028299
-92.830864
195.244919
9.731887
-110.620689
-14.998136
191.953751
-1.844012
-102.627823
-50.804050
11.672001
42.657631
-151.377060
72.490135
-47.041218
0.781070
0.081679
-0.318945
-0.450844
-0.322401
-0.063411
-0.170705
0.402988
-0.266182
-0.211722
-1.160353
0.369523
-0.156879
-0.326611
-0.227572
0.919182
0.781070
0.081679
-0.318945
-0.450844
-0.322401
-0.063411
-0.170705
0.402988
-0.266182
-0.211722
-1.160353
0.369523
-0.156879
-0.326611
-0.227572
0.919182
0.781070
0.081679
-0.318945
-0.450844
-0.322401
-0.063411
-0.170705
0.402988
-0.266182
-0.211722
-1.160353
0.369523
-0.156879
-0.326611
-0.227572
0.919182
0.781070
0.081679
-0.318945
-0.450844
-0.322401
-0.063411
-0.170705
0.402988
-0.266182
-0.211722
-1.160353
0.369523
-0.156879
-0.326611
-0.227572
0.919182
0.781070
0.081679
-0.318945
-0.450844
-0.322401
-0.063411
-0.170705
0.402988
-0.266182
-0.211722
-1.160353
0.369523
-0.156879
-0.326611
-0.227572
0.919182
0.781070
0.081679
-0.318945
-0.450844
-0.322401
-0.063411
-0.170705
0.402988
-0.266182
-0.211722
-1.160353
0.369523
-0.156879
-0.326611
-0.227572
0.919182
0.781070
0.081679
-0.318945
-0.450844
-0.322401
-0.063411
-0.170705
0.402988
-0.266182
-0.211722
-1.160353
0.369523
-0.156879
-0.326611
-0.227572
0.919182
0.781070
0.081679
-0.318945
-0.450844
-0.322401
-0.063411
-0.170705
0.402988
-0.266182
-0.211722
-1.160353
0.369523
-0.156879
-0.326611
-0.227572
0.919182
0.781070
0.081679
-0.318945
-0.450844
-0.322401
-0.063411
-0.170705
0.402988
-0.266182
-0.211722
-1.160353
0.369523
-0.156879
-0.326611
-0.227572
0.919182
0.781070
0.081679
-0.318945
-0.450844
-0.322401
-0.063411
-0.170705
0.402988
-0.266182
-0.211722
-1.160353
0.369523
-0.156879
-0.326611
-0.227572
0.919182
0.781070
0.081679
-0.318945
-0.450844
-0.322401
-0.063411
-0.170705
0.402988
-0.266182
-0.211722
-1.160353
0.369523
-0.156879
-0.326611
-0.227572
0.919182
0.781070
0.081679
-0.318945
-0.450844
-0.322401
-0.063411
-0.170705
0.402988
-0.266182
-0.211722
-1.160353
0.369523
-0.156879
-0.326611
-0.227572
0.919182
0.781070
0.081679
-0.318945
-0.450844
-0.322401
-0.063411
-0.170705
0.402988
-0.266182
-0.211722
-1.160353
0.369523
-0.156879
-0.326611
-0.227572
0.919182
0.781070
0.081679
-0.318945
-0.450844
-0.322401
-0.063411
-0.170705
0.402988
-0.266182
-0.211722
-1.160353
0.369523
-0.156879
-0.326611
-0.227572
0.919182
0.781070
0.081679
-0.318945
-0.450844
-0.322401
-0.063411
-0.170705
0.402988
-0.266182
-0.211722
-1.160353
0.369523
-0.156879
-0.326611
-0.227572
0.919182
0.781070
0.081679
-0.318945
-0.450844
-0.322401
-0.063411
-0.170705
0.402988
-0.266182
-0.211722
-1.160353
0.369523
-0.156879
-0.326611
-0.227572
0.919182
0.781070
0.081679
-0.318945
-0.450844
-0.322401
-0.063411
-0.170705
0.402988
-0.266182
-0.211722
-1.160353
0.369523
-0.156879
-0.326611
-0.227572
0.919182
