-0.375931
-0.378660
0.781674
-4.647661
-3.862840
6.147400
-0.968256
2.113138
4.139501
-1.684886
1.575940
-5.009351
-3.670820
-0.181207
4.875273
0.880354
10.461958
6.757905
-32.476677
28.613277
26.421839
-20.442730
-17.429697
-17.978569
8.897270
2.511999
-17.929127
26.820898
-27.032238
-14.943588
15.032504
17.951838
-4.225151
-1.316383
91.850052
-257.271973
-2.243084
151.302979
14.881495
-283.987244
-4.199968
155.983109
71.759972
-26.943083
-49.478725
195.762665
-92.685928
44.093494
-0.035778
0.089917
-51.364712
133.046432
2.582825
-79.591339
-8.403472
145.230286
7.008291
-79.988876
-36.518257
10.170619
26.291422
-98.079933
48.547447
-21.809505
3.787550
0.645898
-15.863763
44.905212
-0.510841
-25.911531
-7.787819
47.070999
1.158021
-28.809090
-13.893724
4.054374
15.282910
-33.053692
17.149542
-7.645801
-1.418106
-0.259804
-0.858818
0.022266
0.082336
0.094527
-0.071566
0.137963
-0.075745
-0.241651
-0.071718
-0.410975
0.486875
-0.711569
0.211224
-0.165617
-1.418106
-0.259804
-0.858818
0.022266
0.082336
0.094527
-0.071566
0.137963
-0.075745
-0.241651
-0.071718
-0.410975
0.486875
-0.711569
0.211224
-0.165617
-1.418106
-0.259804
-0.858818
0.022266
0.082336
0.094527
-0.071566
0.137963
-0.075745
-0.241651
-0.071718
-0.410975
0.486875
-0.711569
0.211224
-0.165617
-1.418106
-0.259804
-0.858818
0.022266
0.082336
0.094527
-0.071566
0.137963
-0.075745
-0.241651
-0.071718
-0.410975
0.486875
-0.711569
0.211224
-0.165617
-1.418106
-0.259804
-0.858818
0.022266
0.082336
0.094527
-0.071566
0.137963
-0.075745
-0.241651
-0.071718
-0.410975
0.486875
-0.711569
0.211224
-0.165617
-1.418106
-0.259804
-0.858818
0.022266
0.082336
0.094527
-0.071566
0.137963
-0.075745
-0.241651
-0.071718
-0.410975
0.486875
-0.711569
0.211224
-0.165617
-1.418106
-0.259804
-0.858818
0.022266
0.082336
0.094527
-0.071566
0.137963
-0.075745
-0.241651
-0.071718
-0.410975
0.486875
-0.711569
0.211224
-0.165617
-1.418106
-0.259804
-0.858818
0.022266
0.082336
0.094527
-0.071566
0.137963
-0.075745
-0.241651
-0.071718
-0.410975
0.486875
-0.711569
0.211224
-0.165617
-1.418106
-0.259804
-0.858818
0.022266
0.082336
0.094527
-0.071566
0.137963
-0.075745
-0.241651
-0.071718
-0.410975
0.486875
-0.711569
0.211224
-0.165617
-1.418106
-0.259804
-0.858818
0.022266
0.082336
0.094527
-0.071566
0.137963
-0.075745
-0.241651
-0.071718
-0.410975
0.486875
-0.711569
0.211224
-0.165617
-1.418106
-0.259804
-0.858818
0.022266
0.082336
0.094527
-0.071566
0.137963
-0.075745
-0.241651
-0.071718
-0.410975
0.486875
-0.711569
0.211224
-0.165617
-1.418106
-0.259804
-0.858818
0.022266
0.082336
0.094527
-0.071566
0.137963
-0.075745
-0.241651
-0.071718
-0.410975
0.486875
-0.711569
0.211224
-0.165617
-1.418106
-0.259804
-0.858818
0.022266
0.082336
0.094527
-0.071566
0.137963
-0.075745
-0.241651
-0.071718
-0.410975
0.486875
-0.711569
0.211224
-0.165617
-1.418106
-0.259804
-0.858818
0.022266
0.082336
0.094527
-0.071566
0.137963
-0.075745
-0.241651
-0.071718
-0.410975
0.486875
-0.711569
0.211224
-0.165617
-1.418106
-0.259804
-0.858818
0.022266
0.082336
0.094527
-0.071566
0.137963
-0.075745
-0.241651
-0.071718
-0.410975
0.486875
-0.711569
0.211224
-0.165617
