-2.881379
-1.445642
18.702856
-21.754622
5.806826
-33.048679
-1.842018
-3.711946
34.432739
-86.821892
44.058895
-116.850189
91.395332
-375.177979
-2.989053
-15.328212
-14.461611
-10.844971
17.529264
4.889862
-68.509216
-9.099180
-16.623962
12.424977
-103.071465
-37.810593
-101.476036
-7.064334
-384.094421
7.023129
-6.118078
-9.823797
-3.525839
-0.483278
92.015938
-185.836151
-43.236889
122.098625
-38.741772
-199.312454
19.163315
146.676010
0.113636
-42.356960
-26.306278
91.334717
-120.317749
46.020481
-0.250703
-0.670426
1.064278
7.043993
-1.542771
-8.340340
3.182601
-3.663745
-4.250293
1.073791
4.418171
4.223491
4.590590
4.314636
-3.631584
1.732302
-1.194820
14.550775
-22.150517
8.144197
18.021416
24.518568
10.949265
2.159800
-2.479781
52.838078
0.081945
55.436069
9.810110
177.747986
-2.037743
14.718269
5.655125
3.075991
-13.695742
2.003312
18.822456
11.384733
4.429622
-5.473739
19.052143
34.793362
13.599025
33.228504
81.361938
98.025040
1.464606
6.546615
4.511123
-5.075570
7.106088
13.333525
11.956664
7.761508
16.698919
3.830712
51.058853
20.917177
49.782616
28.730810
167.604218
65.983971
9.009370
13.868029
-0.284656
2.138819
-24.909538
70.751228
10.754682
-51.309177
22.981895
68.291428
-17.396915
-58.243820
5.984406
16.496889
4.231451
-39.184887
46.445156
-21.409737
15.571047
3.209327
0.304514
-8.822338
-10.854466
-5.523234
-1.229079
-0.712005
-16.848856
-25.401632
-21.755472
-25.028234
-54.825230
-61.005970
-2.172348
-3.147480
1.783685
8.391141
4.593136
-0.417251
3.842028
0.599205
3.558100
-5.014071
-14.618973
-24.151152
-6.313680
-18.375164
-46.050114
-74.436150
-3.014567
-5.043826
1.364950
0.158745
-16.231258
-0.858871
-0.029471
1.772098
-13.902380
-3.156396
-21.549887
25.130739
-28.702530
22.928949
-52.909130
96.324646
-3.800186
-4.368302
2.347415
-4.381732
8.067072
-2.553297
10.557326
-5.131655
-6.546353
-4.467904
32.438812
0.624142
34.455658
-11.389936
110.602325
-33.897614
4.000051
-1.432485
3.314210
-0.459572
-26.705391
56.721672
14.039025
-34.702404
16.475517
61.043884
-1.964002
-41.904079
-3.904942
12.878713
13.057015
-28.739532
29.761084
-13.785620
0.241184
-0.031973
0.330148
-0.191054
0.077565
0.228169
0.445515
-0.092571
0.361501
0.109092
0.077372
-0.571191
-0.435315
-0.332342
0.583951
0.619622
0.241184
-0.031973
0.330148
-0.191054
0.077565
0.228169
0.445515
-0.092571
0.361501
0.109092
0.077372
-0.571191
-0.435315
-0.332342
0.583951
0.619622
0.241184
-0.031973
0.330148
-0.191054
0.077565
0.228169
0.445515
-0.092571
0.361501
0.109092
0.077372
-0.571191
-0.435315
-0.332342
0.583951
0.619622
0.241184
-0.031973
0.330148
-0.191054
0.077565
0.228169
0.445515
-0.092571
0.361501
0.109092
0.077372
-0.571191
-0.435315
-0.332342
0.583951
0.619622
0.241184
-0.031973
0.330148
-0.191054
0.077565
0.228169
0.445515
-0.092571
0.361501
0.109092
0.077372
-0.571191
-0.435315
-0.332342
0.583951
0.619622
0.241184
-0.031973
0.330148
-0.191054
0.077565
0.228169
0.445515
-0.092571
0.361501
0.109092
0.077372
-0.571191
-0.435315
-0.332342
0.583951
0.619622
0.241184
-0.031973
0.330148
-0.191054
0.077565
0.228169
0.445515
-0.092571
0.361501
0.109092
0.077372
-0.571191
-0.435315
-0.332342
0.583951
0.619622
