-1.283104
-1.088959
-28.367496
4.686278
30.687153
-0.072314
13.339847
11.704276
-0.992530
-26.871302
-20.496265
16.720240
-17.448832
7.192019
-6.761784
-15.597651
-1.647908
-0.472489
0.730164
4.275138
-3.899790
-6.288678
2.373363
2.400102
-2.806350
-0.649024
6.348991
4.691208
2.161413
5.353662
-0.195816
2.961488
-1.481786
-1.392994
-9.303059
-12.893144
18.447744
21.540407
9.179018
-3.679269
13.991822
-3.181831
-14.897537
2.136276
-8.115899
3.643481
3.907008
-6.259328
-1.652982
2.622129
1.442098
-107.262390
77.938072
18.430346
68.035957
-58.441532
-26.957788
78.231735
14.912087
-93.866135
121.871490
-1.941736
-142.940079
-147.379745
1.558445
-3.654064
1.565289
107.158737
-78.845215
-18.681683
-66.621040
57.937519
29.276731
-75.567245
-12.854237
93.115028
-121.098976
3.297868
142.791916
147.112717
-0.561780
0.134560
0.344402
0.124538
0.203611
0.057675
0.466809
-0.792868
-0.155109
0.147418
0.142409
0.657713
0.102984
0.117837
-0.061741
-0.119711
-0.561780
0.134560
0.344402
0.124538
0.203611
0.057675
0.466809
-0.792868
-0.155109
0.147418
0.142409
0.657713
0.102984
0.117837
-0.061741
-0.119711
-0.561780
0.134560
0.344402
0.124538
0.203611
0.057675
0.466809
-0.792868
-0.155109
0.147418
0.142409
0.657713
0.102984
0.117837
-0.061741
-0.119711
-0.561780
0.134560
0.344402
0.124538
0.203611
0.057675
0.466809
-0.792868
-0.155109
0.147418
0.142409
0.657713
0.102984
0.117837
-0.061741
-0.119711
-0.561780
0.134560
0.344402
0.124538
0.203611
0.057675
0.466809
-0.792868
-0.155109
0.147418
0.142409
0.657713
0.102984
0.117837
-0.061741
-0.119711
-0.561780
0.134560
0.344402
0.124538
0.203611
0.057675
0.466809
-0.792868
-0.155109
0.147418
0.142409
0.657713
0.102984
0.117837
-0.061741
-0.119711
-0.561780
0.134560
0.344402
0.124538
0.203611
0.057675
0.466809
-0.792868
-0.155109
0.147418
0.142409
0.657713
0.102984
0.117837
-0.061741
-0.119711
-0.561780
0.134560
0.344402
0.124538
0.203611
0.057675
0.466809
-0.792868
-0.155109
0.147418
0.142409
0.657713
0.102984
0.117837
-0.061741
-0.119711
-0.561780
0.134560
0.344402
0.124538
0.203611
0.057675
0.466809
-0.792868
-0.155109
0.147418
0.142409
0.657713
0.102984
0.117837
-0.061741
-0.119711
-0.561780
0.134560
0.344402
0.124538
0.203611
0.057675
0.466809
-0.792868
-0.155109
0.147418
0.142409
0.657713
0.102984
0.117837
-0.061741
-0.119711
-0.561780
0.134560
0.344402
0.124538
0.203611
0.057675
0.466809
-0.792868
-0.155109
0.147418
0.142409
0.657713
0.102984
0.117837
-0.061741
-0.119711
-0.561780
0.134560
0.344402
0.124538
0.203611
0.057675
0.466809
-0.792868
-0.155109
0.147418
0.142409
0.657713
0.102984
0.117837
-0.061741
-0.119711
-0.561780
0.134560
0.344402
0.124538
0.203611
0.057675
0.466809
-0.792868
-0.155109
0.147418
0.142409
0.657713
0.102984
0.117837
-0.061741
-0.119711
-0.561780
0.134560
0.344402
0.124538
0.203611
0.057675
0.466809
-0.792868
-0.155109
0.147418
0.142409
0.657713
0.102984
0.117837
-0.061741
-0.119711
-0.561780
0.134560
0.344402
0.124538
0.203611
0.057675
0.466809
-0.792868
-0.155109
0.147418
0.142409
0.657713
0.102984
0.117837
-0.061741
-0.119711
