1.421965
-0.418279
6.389881
-2.853310
-8.959011
1.032290
-5.597867
2.809652
2.310533
2.451647
6.578466
-2.964725
-0.202556
-3.095644
2.583760
2.567383
-5.813240
-16.117294
24.409193
40.194656
-23.700626
-26.249693
-17.489384
11.527410
0.702721
-13.807463
22.181101
19.105917
-19.444130
15.496425
14.315414
-11.696528
0.710699
0.764568
-5.685957
36.094902
-20.390009
18.085190
29.853664
2.194603
-19.089909
-28.447330
6.314296
5.836082
28.576017
-13.949600
17.490030
5.373494
-1.235981
-2.198213
-72.289871
-83.476227
89.184433
-34.594765
33.723267
-69.553619
53.773468
88.713150
-26.017010
-83.615082
100.055290
-96.433945
-206.839218
-58.538979
1.114619
1.590800
66.718430
78.398552
-82.121155
31.246626
-28.646971
66.384583
-49.007408
-82.088432
23.466745
77.419991
-96.718620
86.592598
193.798737
57.959587
-0.791688
0.455448
0.572324
0.104182
-0.267922
0.110211
0.214809
-0.379543
-0.056154
0.437630
0.365538
-0.004510
0.560550
-0.136776
-0.090090
-0.858169
-0.791688
0.455448
0.572324
0.104182
-0.267922
0.110211
0.214809
-0.379543
-0.056154
0.437630
0.365538
-0.004510
0.560550
-0.136776
-0.090090
-0.858169
-0.791688
0.455448
0.572324
0.104182
-0.267922
0.110211
0.214809
-0.379543
-0.056154
0.437630
0.365538
-0.004510
0.560550
-0.136776
-0.090090
-0.858169
-0.791688
0.455448
0.572324
0.104182
-0.267922
0.110211
0.214809
-0.379543
-0.056154
0.437630
0.365538
-0.004510
0.560550
-0.136776
-0.090090
-0.858169
-0.791688
0.455448
0.572324
0.104182
-0.267922
0.110211
0.214809
-0.379543
-0.056154
0.437630
0.365538
-0.004510
0.560550
-0.136776
-0.090090
-0.858169
-0.791688
0.455448
0.572324
0.104182
-0.267922
0.110211
0.214809
-0.379543
-0.056154
0.437630
0.365538
-0.004510
0.560550
-0.136776
-0.090090
-0.858169
-0.791688
0.455448
0.572324
0.104182
-0.267922
0.110211
0.214809
-0.379543
-0.056154
0.437630
0.365538
-0.004510
0.560550
-0.136776
-0.090090
-0.858169
-0.791688
0.455448
0.572324
0.104182
-0.267922
0.110211
0.214809
-0.379543
-0.056154
0.437630
0.365538
-0.004510
0.560550
-0.136776
-0.090090
-0.858169
-0.791688
0.455448
0.572324
0.104182
-0.267922
0.110211
0.214809
-0.379543
-0.056154
0.437630
0.365538
-0.004510
0.560550
-0.136776
-0.090090
-0.858169
-0.791688
0.455448
0.572324
0.104182
-0.267922
0.110211
0.214809
-0.379543
-0.056154
0.437630
0.365538
-0.004510
0.560550
-0.136776
-0.090090
-0.858169
-0.791688
0.455448
0.572324
0.104182
-0.267922
0.110211
0.214809
-0.379543
-0.056154
0.437630
0.365538
-0.004510
0.560550
-0.136776
-0.090090
-0.858169
-0.791688
0.455448
0.572324
0.104182
-0.267922
0.110211
0.214809
-0.379543
-0.056154
0.437630
0.365538
-0.004510
0.560550
-0.136776
-0.090090
-0.858169
-0.791688
0.455448
0.572324
0.104182
-0.267922
0.110211
0.214809
-0.379543
-0.056154
0.437630
0.365538
-0.004510
0.560550
-0.136776
-0.090090
-0.858169
-0.791688
0.455448
0.572324
0.104182
-0.267922
0.110211
0.214809
-0.379543
-0.056154
0.437630
0.365538
-0.004510
0.560550
-0.136776
-0.090090
-0.858169
-0.791688
0.455448
0.572324
0.104182
-0.267922
0.110211
0.214809
-0.379543
-0.056154
0.437630
0.365538
-0.004510
0.560550
-0.136776
-0.090090
-0.858169
