-1.492786
-0.006565
30.459980
143.943298
-130.793152
-16.400511
-34.467533
56.932034
-34.545788
-140.129852
-30.673088
89.298073
-155.163254
40.502934
186.601547
155.000473
0.040849
0.564502
-0.549469
-16.756023
-4.020129
19.616629
3.385089
1.583833
15.450070
2.371033
2.604942
-14.374907
-1.234226
-4.930752
7.400291
-4.321415
2.617218
-4.066924
-24.240757
25.619570
-28.400812
11.925900
26.424746
15.329145
-3.049794
-27.821939
3.577246
-3.897093
38.796272
0.977551
14.789261
16.940639
-0.476362
-5.870588
-48.650993
-1.932211
32.793854
-3.633731
6.030530
-16.205612
11.473388
11.901590
-25.056435
4.262643
-10.924903
-30.428635
-1.910781
25.417145
0.785476
4.613252
-4.502192
-11.806220
14.830010
-0.973436
3.666751
-6.623666
-0.589103
15.853135
1.480762
-5.804769
15.261684
-4.089696
-17.091574
-14.074790
-0.123898
-1.693812
-20.514191
-96.779137
87.601555
13.709436
24.226791
-39.252071
26.327900
89.495697
17.425459
-61.443935
102.410721
-28.564882
-125.596504
-105.485970
-0.173239
-0.118823
-0.007162
-0.675165
-0.035563
0.279484
0.312963
0.593399
-0.073750
0.574827
0.137355
-0.254296
0.183103
-0.263848
-0.080486
0.447649
-0.173239
-0.118823
-0.007162
-0.675165
-0.035563
0.279484
0.312963
0.593399
-0.073750
0.574827
0.137355
-0.254296
0.183103
-0.263848
-0.080486
0.447649
-0.173239
-0.118823
-0.007162
-0.675165
-0.035563
0.279484
0.312963
0.593399
-0.073750
0.574827
0.137355
-0.254296
0.183103
-0.263848
-0.080486
0.447649
-0.173239
-0.118823
-0.007162
-0.675165
-0.035563
0.279484
0.312963
0.593399
-0.073750
0.574827
0.137355
-0.254296
0.183103
-0.263848
-0.080486
0.447649
-0.173239
-0.118823
-0.007162
-0.675165
-0.035563
0.279484
0.312963
0.593399
-0.073750
0.574827
0.137355
-0.254296
0.183103
-0.263848
-0.080486
0.447649
-0.173239
-0.118823
-0.007162
-0.675165
-0.035563
0.279484
0.312963
0.593399
-0.073750
0.574827
0.137355
-0.254296
0.183103
-0.263848
-0.080486
0.447649
-0.173239
-0.118823
-0.007162
-0.675165
-0.035563
0.279484
0.312963
0.593399
-0.073750
0.574827
0.137355
-0.254296
0.183103
-0.263848
-0.080486
0.447649
-0.173239
-0.118823
-0.007162
-0.675165
-0.035563
0.279484
0.312963
0.593399
-0.073750
0.574827
0.137355
-0.254296
0.183103
-0.263848
-0.080486
0.447649
-0.173239
-0.118823
-0.007162
-0.675165
-0.035563
0.279484
0.312963
0.593399
-0.073750
0.574827
0.137355
-0.254296
0.183103
-0.263848
-0.080486
0.447649
-0.173239
-0.118823
-0.007162
-0.675165
-0.035563
0.279484
0.312963
0.593399
-0.073750
0.574827
0.137355
-0.254296
0.183103
-0.263848
-0.080486
0.447649
-0.173239
-0.118823
-0.007162
-0.675165
-0.035563
0.279484
0.312963
0.593399
-0.073750
0.574827
0.137355
-0.254296
0.183103
-0.263848
-0.080486
0.447649
-0.173239
-0.118823
-0.007162
-0.675165
-0.035563
0.279484
0.312963
0.593399
-0.073750
0.574827
0.137355
-0.254296
0.183103
-0.263848
-0.080486
0.447649
-0.173239
-0.118823
-0.007162
-0.675165
-0.035563
0.279484
0.312963
0.593399
-0.073750
0.574827
0.137355
-0.254296
0.183103
-0.263848
-0.080486
0.447649
-0.173239
-0.118823
-0.007162
-0.675165
-0.035563
0.279484
0.312963
0.593399
-0.073750
0.574827
0.137355
-0.254296
0.183103
-0.263848
-0.080486
0.447649
