0.607925
-18.251638
32.518787
8.734815
-29.564695
-10.574028
-21.364283
12.634622
1.759432
-8.262275
12.020171
-5.502959
13.102829
23.740791
5.975621
-12.280549
-0.609331
1.946212
-3.239568
-1.556624
-13.164446
12.435840
3.038468
-21.367229
7.112570
10.202403
-33.432491
-0.452710
-15.846252
36.056633
5.046364
-0.043099
-2.852723
-1.828585
-213.081528
-87.158867
1723.382446
80.567375
-3181.109863
3989.041260
-616.959412
1762.501343
-2454.046143
250.749405
4736.452148
-507.518066
763.264465
326.427399
3.148332
-0.086480
5.361221
-2.681137
11.423017
-10.814584
1.858882
18.006392
-6.468678
-9.633865
28.219852
-1.626695
19.753214
-34.920773
-8.824514
-3.042546
5.781881
0.403139
192.812347
80.860123
-1540.660278
-66.397263
2842.344482
-3572.658936
550.107910
-1574.170776
2193.014648
-225.977570
-4233.094238
455.995758
-681.417297
-290.784790
0.168564
-0.080760
-0.228106
0.078414
-0.303454
-0.194087
0.713362
-0.432405
0.058006
-0.280342
0.068492
0.225240
-0.080804
-0.807099
-0.121636
-0.352854
0.168564
-0.080760
-0.228106
0.078414
-0.303454
-0.194087
0.713362
-0.432405
0.058006
-0.280342
0.068492
0.225240
-0.080804
-0.807099
-0.121636
-0.352854
0.168564
-0.080760
-0.228106
0.078414
-0.303454
-0.194087
0.713362
-0.432405
0.058006
-0.280342
0.068492
0.225240
-0.080804
-0.807099
-0.121636
-0.352854
0.168564
-0.080760
-0.228106
0.078414
-0.303454
-0.194087
0.713362
-0.432405
0.058006
-0.280342
0.068492
0.225240
-0.080804
-0.807099
-0.121636
-0.352854
0.168564
-0.080760
-0.228106
0.078414
-0.303454
-0.194087
0.713362
-0.432405
0.058006
-0.280342
0.068492
0.225240
-0.080804
-0.807099
-0.121636
-0.352854
0.168564
-0.080760
-0.228106
0.078414
-0.303454
-0.194087
0.713362
-0.432405
0.058006
-0.280342
0.068492
0.225240
-0.080804
-0.807099
-0.121636
-0.352854
0.168564
-0.080760
-0.228106
0.078414
-0.303454
-0.194087
0.713362
-0.432405
0.058006
-0.280342
0.068492
0.225240
-0.080804
-0.807099
-0.121636
-0.352854
0.168564
-0.080760
-0.228106
0.078414
-0.303454
-0.194087
0.713362
-0.432405
0.058006
-0.280342
0.068492
0.225240
-0.080804
-0.807099
-0.121636
-0.352854
0.168564
-0.080760
-0.228106
0.078414
-0.303454
-0.194087
0.713362
-0.432405
0.058006
-0.280342
0.068492
0.225240
-0.080804
-0.807099
-0.121636
-0.352854
0.168564
-0.080760
-0.228106
0.078414
-0.303454
-0.194087
0.713362
-0.432405
0.058006
-0.280342
0.068492
0.225240
-0.080804
-0.807099
-0.121636
-0.352854
0.168564
-0.080760
-0.228106
0.078414
-0.303454
-0.194087
0.713362
-0.432405
0.058006
-0.280342
0.068492
0.225240
-0.080804
-0.807099
-0.121636
-0.352854
0.168564
-0.080760
-0.228106
0.078414
-0.303454
-0.194087
0.713362
-0.432405
0.058006
-0.280342
0.068492
0.225240
-0.080804
-0.807099
-0.121636
-0.352854
0.168564
-0.080760
-0.228106
0.078414
-0.303454
-0.194087
0.713362
-0.432405
0.058006
-0.280342
0.068492
0.225240
-0.080804
-0.807099
-0.121636
-0.352854
0.168564
-0.080760
-0.228106
0.078414
-0.303454
-0.194087
0.713362
-0.432405
0.058006
-0.280342
0.068492
0.225240
-0.080804
-0.807099
-0.121636
-0.352854
0.168564
-0.080760
-0.228106
0.078414
-0.303454
-0.194087
0.713362
-0.432405
0.058006
-0.280342
0.068492
0.225240
-0.080804
-0.807099
-0.121636
-0.352854
