1.270280
2.393160
-21.674788
96.797630
-54.602543
-45.897587
-38.165398
11.742839
5.604646
94.538460
-101.113091
50.425705
-27.051886
-72.095894
-100.873375
75.610031
5.467720
-2.603465
51.609413
11.955186
-31.356070
-7.370004
-1.460668
26.170954
-9.611636
-8.736758
41.325455
-0.544864
-2.264230
25.690783
-2.313709
-22.768051
-1.913101
-3.420549
7.412809
13.652730
-8.072204
-18.717199
-4.280060
1.691192
-16.753428
-1.617011
0.514663
12.903010
4.845203
3.207955
-4.595140
5.714961
1.739349
1.460416
-1.487807
10.314644
-4.919230
-8.593323
-3.087749
4.812614
3.605388
-1.519651
-6.444161
1.775846
-3.382771
-4.403072
-9.524702
6.924556
-2.016570
0.945760
12.697562
-60.123051
31.374399
25.449024
19.769238
-6.331319
-5.487898
-56.628311
60.309822
-31.816603
20.019882
42.378258
65.076225
-47.535042
-0.074257
0.050545
0.412814
0.331809
0.336398
-0.453765
-0.330157
-0.418704
0.280634
0.213149
0.047823
-0.316012
-0.074570
0.448147
0.469344
0.226783
-0.074257
0.050545
0.412814
0.331809
0.336398
-0.453765
-0.330157
-0.418704
0.280634
0.213149
0.047823
-0.316012
-0.074570
0.448147
0.469344
0.226783
-0.074257
0.050545
0.412814
0.331809
0.336398
-0.453765
-0.330157
-0.418704
0.280634
0.213149
0.047823
-0.316012
-0.074570
0.448147
0.469344
0.226783
-0.074257
0.050545
0.412814
0.331809
0.336398
-0.453765
-0.330157
-0.418704
0.280634
0.213149
0.047823
-0.316012
-0.074570
0.448147
0.469344
0.226783
-0.074257
0.050545
0.412814
0.331809
0.336398
-0.453765
-0.330157
-0.418704
0.280634
0.213149
0.047823
-0.316012
-0.074570
0.448147
0.469344
0.226783
-0.074257
0.050545
0.412814
0.331809
0.336398
-0.453765
-0.330157
-0.418704
0.280634
0.213149
0.047823
-0.316012
-0.074570
0.448147
0.469344
0.226783
-0.074257
0.050545
0.412814
0.331809
0.336398
-0.453765
-0.330157
-0.418704
0.280634
0.213149
0.047823
-0.316012
-0.074570
0.448147
0.469344
0.226783
-0.074257
0.050545
0.412814
0.331809
0.336398
-0.453765
-0.330157
-0.418704
0.280634
0.213149
0.047823
-0.316012
-0.074570
0.448147
0.469344
0.226783
-0.074257
0.050545
0.412814
0.331809
0.336398
-0.453765
-0.330157
-0.418704
0.280634
0.213149
0.047823
-0.316012
-0.074570
0.448147
0.469344
0.226783
-0.074257
0.050545
0.412814
0.331809
0.336398
-0.453765
-0.330157
-0.418704
0.280634
0.213149
0.047823
-0.316012
-0.074570
0.448147
0.469344
0.226783
-0.074257
0.050545
0.412814
0.331809
0.336398
-0.453765
-0.330157
-0.418704
0.280634
0.213149
0.047823
-0.316012
-0.074570
0.448147
0.469344
0.226783
-0.074257
0.050545
0.412814
0.331809
0.336398
-0.453765
-0.330157
-0.418704
0.280634
0.213149
0.047823
-0.316012
-0.074570
0.448147
0.469344
0.226783
-0.074257
0.050545
0.412814
0.331809
0.336398
-0.453765
-0.330157
-0.418704
0.280634
0.213149
0.047823
-0.316012
-0.074570
0.448147
0.469344
0.226783
-0.074257
0.050545
0.412814
0.331809
0.336398
-0.453765
-0.330157
-0.418704
0.280634
0.213149
0.047823
-0.316012
-0.074570
0.448147
0.469344
0.226783
-0.074257
0.050545
0.412814
0.331809
0.336398
-0.453765
-0.330157
-0.418704
0.280634
0.213149
0.047823
-0.316012
-0.074570
0.448147
0.469344
0.226783
