4.124789
-0.188986
23.893137
-21.006174
36.258331
-3.657841
-26.253641
-24.072727
-7.220351
28.226284
0.688823
1.919102
-37.614643
-9.003433
-14.504766
-5.305820
1.529687
-1.718225
18.183363
-8.392108
-24.872036
20.350103
5.999023
4.238047
3.677573
11.129620
8.412013
-9.420527
2.489805
-8.818500
10.918866
4.852284
-1.786398
0.255643
5.758771
1.749552
-8.041740
-4.588659
-3.519413
-1.811951
1.671106
2.740162
6.335996
0.774372
-1.518041
-2.892492
2.406402
4.895546
-3.555661
-2.213305
9.140933
121.191521
-76.885559
-39.663368
-41.686405
35.474121
40.061203
117.623604
-100.793747
119.910057
-55.356007
-90.950844
-81.329773
113.146461
0.809348
0.017082
-6.683428
-1.264533
8.623984
3.790297
3.183393
0.864383
-1.142494
-3.077783
-5.344885
-2.117308
0.335612
2.294634
-0.637760
-5.608121
1.162661
-0.933368
-3.670165
-50.384701
30.948385
13.519788
14.916563
-13.541277
-14.198860
-48.750790
40.224754
-49.410778
23.791719
36.718319
29.789242
-43.616924
2.587486
0.539935
-1.672465
-27.929859
21.264982
11.351685
11.012941
-9.346294
-9.290596
-30.073648
26.377357
-29.974730
13.122814
23.755405
21.067661
-27.727068
-0.496051
0.572817
0.078760
0.250338
0.070525
-0.400010
0.050564
0.158288
0.465120
0.359689
-0.219327
-0.142221
-0.355852
0.621286
0.237362
0.293003
-0.496051
0.572817
0.078760
0.250338
0.070525
-0.400010
0.050564
0.158288
0.465120
0.359689
-0.219327
-0.142221
-0.355852
0.621286
0.237362
0.293003
-0.496051
0.572817
0.078760
0.250338
0.070525
-0.400010
0.050564
0.158288
0.465120
0.359689
-0.219327
-0.142221
-0.355852
0.621286
0.237362
0.293003
-0.496051
0.572817
0.078760
0.250338
0.070525
-0.400010
0.050564
0.158288
0.465120
0.359689
-0.219327
-0.142221
-0.355852
0.621286
0.237362
0.293003
-0.496051
0.572817
0.078760
0.250338
0.070525
-0.400010
0.050564
0.158288
0.465120
0.359689
-0.219327
-0.142221
-0.355852
0.621286
0.237362
0.293003
-0.496051
0.572817
0.078760
0.250338
0.070525
-0.400010
0.050564
0.158288
0.465120
0.359689
-0.219327
-0.142221
-0.355852
0.621286
0.237362
0.293003
-0.496051
0.572817
0.078760
0.250338
0.070525
-0.400010
0.050564
0.158288
0.465120
0.359689
-0.219327
-0.142221
-0.355852
0.621286
0.237362
0.293003
-0.496051
0.572817
0.078760
0.250338
0.070525
-0.400010
0.050564
0.158288
0.465120
0.359689
-0.219327
-0.142221
-0.355852
0.621286
0.237362
0.293003
-0.496051
0.572817
0.078760
0.250338
0.070525
-0.400010
0.050564
0.158288
0.465120
0.359689
-0.219327
-0.142221
-0.355852
0.621286
0.237362
0.293003
-0.496051
0.572817
0.078760
0.250338
0.070525
-0.400010
0.050564
0.158288
0.465120
0.359689
-0.219327
-0.142221
-0.355852
0.621286
0.237362
0.293003
-0.496051
0.572817
0.078760
0.250338
0.070525
-0.400010
0.050564
0.158288
0.465120
0.359689
-0.219327
-0.142221
-0.355852
0.621286
0.237362
0.293003
-0.496051
0.572817
0.078760
0.250338
0.070525
-0.400010
0.050564
0.158288
0.465120
0.359689
-0.219327
-0.142221
-0.355852
0.621286
0.237362
0.293003
-0.496051
0.572817
0.078760
0.250338
0.070525
-0.400010
0.050564
0.158288
0.465120
0.359689
-0.219327
-0.142221
-0.355852
0.621286
0.237362
0.293003
