1.206123
-1.543581
-19.866896
-4.558667
22.897112
6.490450
-0.739104
-2.952835
7.446693
-8.301996
-14.033050
-6.129041
0.382348
-1.646187
-5.500278
-6.136260
12.751000
12.510487
32.284687
-35.112953
-14.552214
23.055708
13.346189
2.735604
-14.956545
1.811265
16.557903
-21.649696
23.747286
13.898407
-19.677595
-9.395366
-2.749533
0.188106
-17.760628
117.494362
-59.465591
-62.170071
-49.411694
25.200230
24.158007
133.482483
-137.330399
95.358040
-38.788227
-109.699776
-123.150024
100.551041
2.852550
1.451611
3.724426
-40.885094
20.545925
22.144049
15.409687
-11.995236
-8.621389
-50.583702
56.084175
-32.980839
17.254396
43.256390
49.213272
-35.399364
1.980921
-0.664386
5.096169
-33.244328
15.728448
18.314802
12.330799
-9.833662
-5.943738
-36.876118
32.940670
-27.383718
10.262750
30.435482
34.214622
-26.711695
-0.936885
0.148104
0.215369
-0.029076
-0.065612
0.488866
-0.621698
-0.327843
0.258537
0.268759
0.199698
0.016638
0.373618
-0.018177
-0.161692
-0.411562
-0.936885
0.148104
0.215369
-0.029076
-0.065612
0.488866
-0.621698
-0.327843
0.258537
0.268759
0.199698
0.016638
0.373618
-0.018177
-0.161692
-0.411562
-0.936885
0.148104
0.215369
-0.029076
-0.065612
0.488866
-0.621698
-0.327843
0.258537
0.268759
0.199698
0.016638
0.373618
-0.018177
-0.161692
-0.411562
-0.936885
0.148104
0.215369
-0.029076
-0.065612
0.488866
-0.621698
-0.327843
0.258537
0.268759
0.199698
0.016638
0.373618
-0.018177
-0.161692
-0.411562
-0.936885
0.148104
0.215369
-0.029076
-0.065612
0.488866
-0.621698
-0.327843
0.258537
0.268759
0.199698
0.016638
0.373618
-0.018177
-0.161692
-0.411562
-0.936885
0.148104
0.215369
-0.029076
-0.065612
0.488866
-0.621698
-0.327843
0.258537
0.268759
0.199698
0.016638
0.373618
-0.018177
-0.161692
-0.411562
-0.936885
0.148104
0.215369
-0.029076
-0.065612
0.488866
-0.621698
-0.327843
0.258537
0.268759
0.199698
0.016638
0.373618
-0.018177
-0.161692
-0.411562
-0.936885
0.148104
0.215369
-0.029076
-0.065612
0.488866
-0.621698
-0.327843
0.258537
0.268759
0.199698
0.016638
0.373618
-0.018177
-0.161692
-0.411562
-0.936885
0.148104
0.215369
-0.029076
-0.065612
0.488866
-0.621698
-0.327843
0.258537
0.268759
0.199698
0.016638
0.373618
-0.018177
-0.161692
-0.411562
-0.936885
0.148104
0.215369
-0.029076
-0.065612
0.488866
-0.621698
-0.327843
0.258537
0.268759
0.199698
0.016638
0.373618
-0.018177
-0.161692
-0.411562
-0.936885
0.148104
0.215369
-0.029076
-0.065612
0.488866
-0.621698
-0.327843
0.258537
0.268759
0.199698
0.016638
0.373618
-0.018177
-0.161692
-0.411562
-0.936885
0.148104
0.215369
-0.029076
-0.065612
0.488866
-0.621698
-0.327843
0.258537
0.268759
0.199698
0.016638
0.373618
-0.018177
-0.161692
-0.411562
-0.936885
0.148104
0.215369
-0.029076
-0.065612
0.488866
-0.621698
-0.327843
0.258537
0.268759
0.199698
0.016638
0.373618
-0.018177
-0.161692
-0.411562
-0.936885
0.148104
0.215369
-0.029076
-0.065612
0.488866
-0.621698
-0.327843
0.258537
0.268759
0.199698
0.016638
0.373618
-0.018177
-0.161692
-0.411562
-0.936885
0.148104
0.215369
-0.029076
-0.065612
0.488866
-0.621698
-0.327843
0.258537
0.268759
0.199698
0.016638
0.373618
-0.018177
-0.161692
-0.411562
