-0.553392
1.982893
0.908030
3.552815
9.294658
17.993788
-23.146770
-0.217493
13.973703
-6.495473
-3.088471
33.686817
40.014748
18.313366
0.728909
-9.273340
-2.021000
-4.638173
68.144104
-312.048798
91.372856
1831.012329
-4486.941895
-2860.546631
-2026.989014
-361.871826
-475.479584
-2557.184814
913.624634
5029.614258
-332.646973
790.027405
1.764758
-0.888732
1.036889
-9.167294
-7.734695
-6.772867
20.500280
3.780698
-13.191742
6.246755
0.739608
-28.191271
-24.250589
-18.970577
-5.242464
6.345905
2.593882
0.954646
4.169017
9.762358
-28.173357
-70.840515
219.584335
61.071449
84.515381
-8.223111
54.791737
97.880180
-100.648651
-194.438782
1.294436
-41.630245
0.130037
2.310699
-54.427319
251.553253
-78.078239
-1451.469604
3572.172607
2251.716553
1612.116455
274.684784
380.434601
2027.441895
-739.855286
-3986.943604
266.235809
-625.676575
-0.888406
-0.263944
0.349476
0.070302
0.279701
-0.454527
-0.299208
0.926998
0.012277
0.383596
-0.662677
0.695359
1.265011
-0.645801
-0.197872
-0.653216
-0.888406
-0.263944
0.349476
0.070302
0.279701
-0.454527
-0.299208
0.926998
0.012277
0.383596
-0.662677
0.695359
1.265011
-0.645801
-0.197872
-0.653216
-0.888406
-0.263944
0.349476
0.070302
0.279701
-0.454527
-0.299208
0.926998
0.012277
0.383596
-0.662677
0.695359
1.265011
-0.645801
-0.197872
-0.653216
-0.888406
-0.263944
0.349476
0.070302
0.279701
-0.454527
-0.299208
0.926998
0.012277
0.383596
-0.662677
0.695359
1.265011
-0.645801
-0.197872
-0.653216
-0.888406
-0.263944
0.349476
0.070302
0.279701
-0.454527
-0.299208
0.926998
0.012277
0.383596
-0.662677
0.695359
1.265011
-0.645801
-0.197872
-0.653216
-0.888406
-0.263944
0.349476
0.070302
0.279701
-0.454527
-0.299208
0.926998
0.012277
0.383596
-0.662677
0.695359
1.265011
-0.645801
-0.197872
-0.653216
-0.888406
-0.263944
0.349476
0.070302
0.279701
-0.454527
-0.299208
0.926998
0.012277
0.383596
-0.662677
0.695359
1.265011
-0.645801
-0.197872
-0.653216
-0.888406
-0.263944
0.349476
0.070302
0.279701
-0.454527
-0.299208
0.926998
0.012277
0.383596
-0.662677
0.695359
1.265011
-0.645801
-0.197872
-0.653216
-0.888406
-0.263944
0.349476
0.070302
0.279701
-0.454527
-0.299208
0.926998
0.012277
0.383596
-0.662677
0.695359
1.265011
-0.645801
-0.197872
-0.653216
-0.888406
-0.263944
0.349476
0.070302
0.279701
-0.454527
-0.299208
0.926998
0.012277
0.383596
-0.662677
0.695359
1.265011
-0.645801
-0.197872
-0.653216
-0.888406
-0.263944
0.349476
0.070302
0.279701
-0.454527
-0.299208
0.926998
0.012277
0.383596
-0.662677
0.695359
1.265011
-0.645801
-0.197872
-0.653216
-0.888406
-0.263944
0.349476
0.070302
0.279701
-0.454527
-0.299208
0.926998
0.012277
0.383596
-0.662677
0.695359
1.265011
-0.645801
-0.197872
-0.653216
-0.888406
-0.263944
0.349476
0.070302
0.279701
-0.454527
-0.299208
0.926998
0.012277
0.383596
-0.662677
0.695359
1.265011
-0.645801
-0.197872
-0.653216
-0.888406
-0.263944
0.349476
0.070302
0.279701
-0.454527
-0.299208
0.926998
0.012277
0.383596
-0.662677
0.695359
1.265011
-0.645801
-0.197872
-0.653216
-0.888406
-0.263944
0.349476
0.070302
0.279701
-0.454527
-0.299208
0.926998
0.012277
0.383596
-0.662677
0.695359
1.265011
-0.645801
-0.197872
-0.653216
