-0.136234
1.547259
-19.236780
-0.145876
28.730907
0.035943
3.399838
-0.427037
5.670158
-6.638656
-16.060617
10.152267
-9.360560
4.709920
-7.294223
-3.582846
7.966521
-8.307278
-5.796408
30.496502
10.344912
-27.302784
15.991636
-8.000763
-16.579311
-8.573637
-2.213451
26.243834
15.244728
16.255629
-5.773855
-3.862297
1.230857
5.053302
47.885883
12.833822
-26.006336
-16.792625
-10.581359
16.611080
-5.062983
-27.424391
34.663548
-10.614450
3.432849
-0.202841
-6.248951
-26.667461
0.384689
0.538444
42.257175
-100.664452
47.340527
72.514229
59.365223
-9.599917
-1.679004
-133.664703
134.691650
-57.164001
14.152934
109.156174
138.811905
-59.674225
1.027386
-1.085061
-19.571350
49.641930
-21.273378
-35.184277
-29.390781
-1.073652
-1.304743
63.591167
-64.247849
27.412571
-3.717657
-49.874954
-65.715279
24.254227
-2.384353
0.631159
-9.763921
21.281563
-10.365134
-16.367731
-14.314650
6.220903
4.010153
28.638338
-24.356272
12.990849
-5.653550
-25.436584
-25.601631
12.610504
-0.261239
-0.114240
0.154461
-0.094602
0.020972
0.610315
0.846352
-0.185129
0.119635
-0.041532
0.310378
-0.493767
-0.115172
-0.200951
-0.079148
-0.265927
-0.261239
-0.114240
0.154461
-0.094602
0.020972
0.610315
0.846352
-0.185129
0.119635
-0.041532
0.310378
-0.493767
-0.115172
-0.200951
-0.079148
-0.265927
-0.261239
-0.114240
0.154461
-0.094602
0.020972
0.610315
0.846352
-0.185129
0.119635
-0.041532
0.310378
-0.493767
-0.115172
-0.200951
-0.079148
-0.265927
-0.261239
-0.114240
0.154461
-0.094602
0.020972
0.610315
0.846352
-0.185129
0.119635
-0.041532
0.310378
-0.493767
-0.115172
-0.200951
-0.079148
-0.265927
-0.261239
-0.114240
0.154461
-0.094602
0.020972
0.610315
0.846352
-0.185129
0.119635
-0.041532
0.310378
-0.493767
-0.115172
-0.200951
-0.079148
-0.265927
-0.261239
-0.114240
0.154461
-0.094602
0.020972
0.610315
0.846352
-0.185129
0.119635
-0.041532
0.310378
-0.493767
-0.115172
-0.200951
-0.079148
-0.265927
-0.261239
-0.114240
0.154461
-0.094602
0.020972
0.610315
0.846352
-0.185129
0.119635
-0.041532
0.310378
-0.493767
-0.115172
-0.200951
-0.079148
-0.265927
-0.261239
-0.114240
0.154461
-0.094602
0.020972
0.610315
0.846352
-0.185129
0.119635
-0.041532
0.310378
-0.493767
-0.115172
-0.200951
-0.079148
-0.265927
-0.261239
-0.114240
0.154461
-0.094602
0.020972
0.610315
0.846352
-0.185129
0.119635
-0.041532
0.310378
-0.493767
-0.115172
-0.200951
-0.079148
-0.265927
-0.261239
-0.114240
0.154461
-0.094602
0.020972
0.610315
0.846352
-0.185129
0.119635
-0.041532
0.310378
-0.493767
-0.115172
-0.200951
-0.079148
-0.265927
-0.261239
-0.114240
0.154461
-0.094602
0.020972
0.610315
0.846352
-0.185129
0.119635
-0.041532
0.310378
-0.493767
-0.115172
-0.200951
-0.079148
-0.265927
-0.261239
-0.114240
0.154461
-0.094602
0.020972
0.610315
0.846352
-0.185129
0.119635
-0.041532
0.310378
-0.493767
-0.115172
-0.200951
-0.079148
-0.265927
-0.261239
-0.114240
0.154461
-0.094602
0.020972
0.610315
0.846352
-0.185129
0.119635
-0.041532
0.310378
-0.493767
-0.115172
-0.200951
-0.079148
-0.265927
-0.261239
-0.114240
0.154461
-0.094602
0.020972
0.610315
0.846352
-0.185129
0.119635
-0.041532
0.310378
-0.493767
-0.115172
-0.200951
-0.079148
-0.265927
