1.282704
-0.565755
1.022968
17.949045
-20.224850
29.064831
151.978851
-54.844143
-112.149307
-63.692047
39.004292
-22.350107
73.300385
51.595539
115.117630
-9.444443
-1.369464
-0.689347
17.359493
-1.884287
-24.564777
-2.823613
-1.663469
6.224421
-0.426172
11.310136
19.471678
-6.530645
3.721587
3.449960
6.358804
6.243889
-0.862619
-1.519295
-3.449438
6.072175
4.578944
-8.045343
7.132108
0.283905
-4.910452
-2.410031
-0.445403
7.287110
0.625208
6.329175
-3.481763
-0.308619
6.174666
18.644972
47.605179
-6.030615
-37.866203
4.355853
-0.428248
32.192959
-14.554965
-5.510833
29.040016
-13.832047
10.749767
28.371384
-5.023414
-17.654634
0.490044
0.364029
-3.001731
-11.214429
10.954267
-13.910155
-74.642708
30.205946
54.137661
29.234892
-22.519136
11.277174
-37.503880
-23.644842
-59.680580
6.404239
-0.560698
-0.154022
3.692117
-3.064376
-0.689633
-5.165603
-25.480255
15.621996
21.115631
10.193734
-1.876046
1.505756
-12.760637
-9.120400
-23.485846
4.812787
-0.268774
-0.210348
0.422983
0.282687
-0.404634
0.240694
-0.333586
-0.167681
0.189461
-0.498823
-0.281850
-0.584053
0.279197
0.101897
0.477404
-0.755215
-0.268774
-0.210348
0.422983
0.282687
-0.404634
0.240694
-0.333586
-0.167681
0.189461
-0.498823
-0.281850
-0.584053
0.279197
0.101897
0.477404
-0.755215
-0.268774
-0.210348
0.422983
0.282687
-0.404634
0.240694
-0.333586
-0.167681
0.189461
-0.498823
-0.281850
-0.584053
0.279197
0.101897
0.477404
-0.755215
-0.268774
-0.210348
0.422983
0.282687
-0.404634
0.240694
-0.333586
-0.167681
0.189461
-0.498823
-0.281850
-0.584053
0.279197
0.101897
0.477404
-0.755215
-0.268774
-0.210348
0.422983
0.282687
-0.404634
0.240694
-0.333586
-0.167681
0.189461
-0.498823
-0.281850
-0.584053
0.279197
0.101897
0.477404
-0.755215
-0.268774
-0.210348
0.422983
0.282687
-0.404634
0.240694
-0.333586
-0.167681
0.189461
-0.498823
-0.281850
-0.584053
0.279197
0.101897
0.477404
-0.755215
-0.268774
-0.210348
0.422983
0.282687
-0.404634
0.240694
-0.333586
-0.167681
0.189461
-0.498823
-0.281850
-0.584053
0.279197
0.101897
0.477404
-0.755215
-0.268774
-0.210348
0.422983
0.282687
-0.404634
0.240694
-0.333586
-0.167681
0.189461
-0.498823
-0.281850
-0.584053
0.279197
0.101897
0.477404
-0.755215
-0.268774
-0.210348
0.422983
0.282687
-0.404634
0.240694
-0.333586
-0.167681
0.189461
-0.498823
-0.281850
-0.584053
0.279197
0.101897
0.477404
-0.755215
-0.268774
-0.210348
0.422983
0.282687
-0.404634
0.240694
-0.333586
-0.167681
0.189461
-0.498823
-0.281850
-0.584053
0.279197
0.101897
0.477404
-0.755215
-0.268774
-0.210348
0.422983
0.282687
-0.404634
0.240694
-0.333586
-0.167681
0.189461
-0.498823
-0.281850
-0.584053
0.279197
0.101897
0.477404
-0.755215
-0.268774
-0.210348
0.422983
0.282687
-0.404634
0.240694
-0.333586
-0.167681
0.189461
-0.498823
-0.281850
-0.584053
0.279197
0.101897
0.477404
-0.755215
-0.268774
-0.210348
0.422983
0.282687
-0.404634
0.240694
-0.333586
-0.167681
0.189461
-0.498823
-0.281850
-0.584053
0.279197
0.101897
0.477404
-0.755215
-0.268774
-0.210348
0.422983
0.282687
-0.404634
0.240694
-0.333586
-0.167681
0.189461
-0.498823
-0.281850
-0.584053
0.279197
0.101897
0.477404
-0.755215
