-0.325850
-2.698233
-0.083059
21.875744
2.547871
-36.598366
-3.768035
-5.762754
-5.091822
6.425970
15.369514
10.934867
1.172638
10.774041
-5.239413
11.745883
0.599135
2.360878
-3.104429
-8.617126
8.200665
5.119111
-3.647099
-6.329547
-0.259707
1.783513
3.947262
-7.183105
7.339342
4.159128
1.997282
-11.034806
1.544750
-0.948946
2.580938
5.487929
-1.103884
-6.611642
0.686321
-3.003241
-4.701839
1.471061
3.701352
5.082037
1.640647
-0.848947
-2.998720
3.384488
-12.265339
-1.438018
35.431637
32.411572
-19.768526
-27.895292
-15.554477
17.573605
-8.095146
-4.995108
23.787821
19.352104
-11.395656
23.171942
4.497386
-18.889576
-2.353336
-1.141560
-5.505423
11.331502
-40.744247
29.621723
164.266281
26.814762
-98.261703
-103.794319
39.231415
15.753351
34.961338
81.885681
104.399414
42.037605
-0.807468
0.421294
-4.881781
-4.352551
1.617316
6.107130
-0.365498
3.990791
3.682751
-2.399280
-3.014233
-4.482826
-2.529740
1.357226
3.805940
-2.465991
1.331913
1.902531
3.919685
-4.710995
16.760437
-13.170980
-64.376953
-11.192431
41.578732
37.316742
-18.372484
-5.987435
-16.277964
-33.333366
-42.326580
-15.655412
-0.607451
0.848287
1.648384
-2.464250
9.237979
-6.914741
-43.385818
-4.039520
23.353607
26.766726
-11.607948
-4.214260
-7.474491
-19.342340
-27.982168
-14.371580
0.406318
0.816539
-0.023240
0.307813
-0.397746
-0.133167
0.404451
-0.089421
0.582639
0.072981
0.172016
0.436156
-0.094071
-0.369387
0.278176
-0.252530
0.406318
0.816539
-0.023240
0.307813
-0.397746
-0.133167
0.404451
-0.089421
0.582639
0.072981
0.172016
0.436156
-0.094071
-0.369387
0.278176
-0.252530
0.406318
0.816539
-0.023240
0.307813
-0.397746
-0.133167
0.404451
-0.089421
0.582639
0.072981
0.172016
0.436156
-0.094071
-0.369387
0.278176
-0.252530
0.406318
0.816539
-0.023240
0.307813
-0.397746
-0.133167
0.404451
-0.089421
0.582639
0.072981
0.172016
0.436156
-0.094071
-0.369387
0.278176
-0.252530
0.406318
0.816539
-0.023240
0.307813
-0.397746
-0.133167
0.404451
-0.089421
0.582639
0.072981
0.172016
0.436156
-0.094071
-0.369387
0.278176
-0.252530
0.406318
0.816539
-0.023240
0.307813
-0.397746
-0.133167
0.404451
-0.089421
0.582639
0.072981
0.172016
0.436156
-0.094071
-0.369387
0.278176
-0.252530
0.406318
0.816539
-0.023240
0.307813
-0.397746
-0.133167
0.404451
-0.089421
0.582639
0.072981
0.172016
0.436156
-0.094071
-0.369387
0.278176
-0.252530
0.406318
0.816539
-0.023240
0.307813
-0.397746
-0.133167
0.404451
-0.089421
0.582639
0.072981
0.172016
0.436156
-0.094071
-0.369387
0.278176
-0.252530
0.406318
0.816539
-0.023240
0.307813
-0.397746
-0.133167
0.404451
-0.089421
0.582639
0.072981
0.172016
0.436156
-0.094071
-0.369387
0.278176
-0.252530
0.406318
0.816539
-0.023240
0.307813
-0.397746
-0.133167
0.404451
-0.089421
0.582639
0.072981
0.172016
0.436156
-0.094071
-0.369387
0.278176
-0.252530
0.406318
0.816539
-0.023240
0.307813
-0.397746
-0.133167
0.404451
-0.089421
0.582639
0.072981
0.172016
0.436156
-0.094071
-0.369387
0.278176
-0.252530
0.406318
0.816539
-0.023240
0.307813
-0.397746
-0.133167
0.404451
-0.089421
0.582639
0.072981
0.172016
0.436156
-0.094071
-0.369387
0.278176
-0.252530
