-10.012550
-0.696523
28.662336
4.860151
-31.658440
-8.451539
-13.550569
-19.474018
-4.491604
19.616314
31.125835
-5.490233
12.359649
-15.419126
0.484268
15.406780
-0.386648
-0.496465
-3.608856
-0.556785
8.669188
0.862194
-2.759484
3.382550
1.617157
-5.154026
-7.413761
2.034016
-5.557272
-1.521772
-3.140584
-1.756385
-5.895923
4.063444
-25.564911
-36.134125
14.171133
24.992491
19.435230
-3.388672
-1.101608
16.139612
-21.600742
-20.671053
16.853544
-19.058475
-13.052812
21.901098
-2.036661
-0.915236
-11.907993
-9.621447
-4.269464
-38.772259
-63.223457
137.449188
81.424210
-36.270538
-10.430054
50.940163
-85.277443
10.581763
-57.293262
74.451424
1.172193
-1.187585
9.072855
4.787181
1.396317
23.972864
36.413235
-78.208588
-43.449577
19.019369
7.368804
-27.374348
48.259060
-5.768994
36.569946
-42.541004
4.757029
1.950413
3.020015
3.981170
-0.441221
5.383431
10.101545
-16.564474
-13.310001
6.224288
1.864345
-7.208400
11.262739
0.694757
9.892777
-9.107794
-0.263677
-0.511347
-0.317615
-0.285129
0.176951
-0.119101
-1.060206
0.323249
0.158976
0.022930
0.052718
-0.208069
-0.520571
0.468582
-0.452418
0.095076
-0.263677
-0.511347
-0.317615
-0.285129
0.176951
-0.119101
-1.060206
0.323249
0.158976
0.022930
0.052718
-0.208069
-0.520571
0.468582
-0.452418
0.095076
-0.263677
-0.511347
-0.317615
-0.285129
0.176951
-0.119101
-1.060206
0.323249
0.158976
0.022930
0.052718
-0.208069
-0.520571
0.468582
-0.452418
0.095076
-0.263677
-0.511347
-0.317615
-0.285129
0.176951
-0.119101
-1.060206
0.323249
0.158976
0.022930
0.052718
-0.208069
-0.520571
0.468582
-0.452418
0.095076
-0.263677
-0.511347
-0.317615
-0.285129
0.176951
-0.119101
-1.060206
0.323249
0.158976
0.022930
0.052718
-0.208069
-0.520571
0.468582
-0.452418
0.095076
-0.263677
-0.511347
-0.317615
-0.285129
0.176951
-0.119101
-1.060206
0.323249
0.158976
0.022930
0.052718
-0.208069
-0.520571
0.468582
-0.452418
0.095076
-0.263677
-0.511347
-0.317615
-0.285129
0.176951
-0.119101
-1.060206
0.323249
0.158976
0.022930
0.052718
-0.208069
-0.520571
0.468582
-0.452418
0.095076
-0.263677
-0.511347
-0.317615
-0.285129
0.176951
-0.119101
-1.060206
0.323249
0.158976
0.022930
0.052718
-0.208069
-0.520571
0.468582
-0.452418
0.095076
-0.263677
-0.511347
-0.317615
-0.285129
0.176951
-0.119101
-1.060206
0.323249
0.158976
0.022930
0.052718
-0.208069
-0.520571
0.468582
-0.452418
0.095076
-0.263677
-0.511347
-0.317615
-0.285129
0.176951
-0.119101
-1.060206
0.323249
0.158976
0.022930
0.052718
-0.208069
-0.520571
0.468582
-0.452418
0.095076
-0.263677
-0.511347
-0.317615
-0.285129
0.176951
-0.119101
-1.060206
0.323249
0.158976
0.022930
0.052718
-0.208069
-0.520571
0.468582
-0.452418
0.095076
-0.263677
-0.511347
-0.317615
-0.285129
0.176951
-0.119101
-1.060206
0.323249
0.158976
0.022930
0.052718
-0.208069
-0.520571
0.468582
-0.452418
0.095076
-0.263677
-0.511347
-0.317615
-0.285129
0.176951
-0.119101
-1.060206
0.323249
0.158976
0.022930
0.052718
-0.208069
-0.520571
0.468582
-0.452418
0.095076
-0.263677
-0.511347
-0.317615
-0.285129
0.176951
-0.119101
-1.060206
0.323249
0.158976
0.022930
0.052718
-0.208069
-0.520571
0.468582
-0.452418
0.095076
