-3.302922
3.997691
1.587010
-0.836838
21.672327
-1.769074
-33.454407
22.258436
15.688429
15.073863
-11.668767
14.552511
27.920303
-15.507906
-12.401902
0.047013
3.364485
-5.395172
22.827703
29.694193
8.557380
35.622963
31.655762
-29.229034
-41.915470
0.166943
3.790570
5.098423
-3.402354
-35.741764
15.813311
-12.205826
0.869266
4.274614
-4.794456
-0.399450
1.061335
17.058161
-17.559532
-24.826195
-21.385967
14.526918
-5.971647
-10.793316
5.500354
27.452757
-1.080790
-6.120119
-1.460111
-1.368762
16.159496
18.708376
-21.175749
-18.533598
-5.215296
2.131687
-7.550500
3.143433
20.277920
-2.061627
11.118292
1.179418
3.945826
2.442858
1.276531
-3.097024
34.072197
-43.395012
-19.595221
27.525471
16.597929
14.157498
-9.836790
2.455948
3.995796
-30.704231
33.879177
18.272509
-16.843693
-13.353160
-4.496210
2.708315
11.786464
-24.925875
-20.760578
28.411577
-15.933730
1.677890
18.741228
5.731796
7.587125
-20.525005
0.188954
-21.265522
18.071312
3.672126
-0.648382
0.683190
-1.195246
-21.500870
-13.916331
-34.684444
-78.384430
120.604195
113.568581
-30.261391
-1.228664
45.011036
-78.362541
-31.769209
-47.420181
85.912254
2.100847
-3.269051
3.304905
12.024012
8.305201
19.988140
46.698715
-79.735748
-71.764168
18.758797
1.089648
-27.275074
51.598488
24.528063
27.923744
-52.194767
-0.243171
1.351379
0.166063
-0.097156
0.130781
0.195847
0.119993
-0.317091
0.515661
-0.044275
-0.201163
0.192236
-0.500615
0.120273
-0.248812
-0.112623
-0.243171
1.351379
0.166063
-0.097156
0.130781
0.195847
0.119993
-0.317091
0.515661
-0.044275
-0.201163
0.192236
-0.500615
0.120273
-0.248812
-0.112623
-0.243171
1.351379
0.166063
-0.097156
0.130781
0.195847
0.119993
-0.317091
0.515661
-0.044275
-0.201163
0.192236
-0.500615
0.120273
-0.248812
-0.112623
-0.243171
1.351379
0.166063
-0.097156
0.130781
0.195847
0.119993
-0.317091
0.515661
-0.044275
-0.201163
0.192236
-0.500615
0.120273
-0.248812
-0.112623
-0.243171
1.351379
0.166063
-0.097156
0.130781
0.195847
0.119993
-0.317091
0.515661
-0.044275
-0.201163
0.192236
-0.500615
0.120273
-0.248812
-0.112623
-0.243171
1.351379
0.166063
-0.097156
0.130781
0.195847
0.119993
-0.317091
0.515661
-0.044275
-0.201163
0.192236
-0.500615
0.120273
-0.248812
-0.112623
-0.243171
1.351379
0.166063
-0.097156
0.130781
0.195847
0.119993
-0.317091
0.515661
-0.044275
-0.201163
0.192236
-0.500615
0.120273
-0.248812
-0.112623
-0.243171
1.351379
0.166063
-0.097156
0.130781
0.195847
0.119993
-0.317091
0.515661
-0.044275
-0.201163
0.192236
-0.500615
0.120273
-0.248812
-0.112623
-0.243171
1.351379
0.166063
-0.097156
0.130781
0.195847
0.119993
-0.317091
0.515661
-0.044275
-0.201163
0.192236
-0.500615
0.120273
-0.248812
-0.112623
-0.243171
1.351379
0.166063
-0.097156
0.130781
0.195847
0.119993
-0.317091
0.515661
-0.044275
-0.201163
0.192236
-0.500615
0.120273
-0.248812
-0.112623
-0.243171
1.351379
0.166063
-0.097156
0.130781
0.195847
0.119993
-0.317091
0.515661
-0.044275
-0.201163
0.192236
-0.500615
0.120273
-0.248812
-0.112623
-0.243171
1.351379
0.166063
-0.097156
0.130781
0.195847
0.119993
-0.317091
0.515661
-0.044275
-0.201163
0.192236
-0.500615
0.120273
-0.248812
-0.112623
