-0.714612
0.872984
-5.571013
5.699933
-5.782250
11.903995
22.406170
-8.580716
-38.419033
-8.990347
-10.296390
7.976865
-14.932207
6.777066
-19.770723
-3.287756
-1.155629
0.608827
4.678561
-5.794031
-6.757408
3.878974
-2.929198
2.515469
3.636667
2.810453
4.624636
-4.727316
-0.602084
-1.919295
1.974352
-0.228804
3.416137
4.102465
-35.429573
3.834958
-33.970825
32.256317
158.157700
64.607048
-45.673351
-96.043251
52.775078
-15.020225
-4.018395
62.784569
93.613930
38.056862
17.055202
4.633068
-3.689821
49.108128
0.744962
-29.357380
-17.674332
-3.357731
12.034251
-6.536798
10.725614
27.745443
-19.526409
10.715761
21.527660
-5.045101
0.152208
-0.002695
-4.947916
4.301137
6.797886
-2.872948
4.025069
-3.147049
-2.052346
-2.271707
-4.763487
4.517701
-0.441802
2.624829
-2.753177
-0.698207
-0.569840
-2.582978
15.427303
-3.869650
16.867720
-12.408148
-66.867554
-30.758749
18.429951
41.642395
-23.182022
3.471663
4.284808
-27.149445
-38.980274
-17.417774
-2.978943
-1.787311
8.379112
1.246071
7.942740
-8.509659
-35.000031
-14.251985
6.845394
26.319000
-9.863974
5.218664
0.645502
-15.361594
-22.259003
-9.060672
0.195099
-0.093881
-0.241457
0.659071
0.109919
-0.511271
-0.203147
-0.215393
0.330600
0.031107
0.181372
0.261609
0.237937
0.532839
0.384360
-0.107489
0.195099
-0.093881
-0.241457
0.659071
0.109919
-0.511271
-0.203147
-0.215393
0.330600
0.031107
0.181372
0.261609
0.237937
0.532839
0.384360
-0.107489
0.195099
-0.093881
-0.241457
0.659071
0.109919
-0.511271
-0.203147
-0.215393
0.330600
0.031107
0.181372
0.261609
0.237937
0.532839
0.384360
-0.107489
0.195099
-0.093881
-0.241457
0.659071
0.109919
-0.511271
-0.203147
-0.215393
0.330600
0.031107
0.181372
0.261609
0.237937
0.532839
0.384360
-0.107489
0.195099
-0.093881
-0.241457
0.659071
0.109919
-0.511271
-0.203147
-0.215393
0.330600
0.031107
0.181372
0.261609
0.237937
0.532839
0.384360
-0.107489
0.195099
-0.093881
-0.241457
0.659071
0.109919
-0.511271
-0.203147
-0.215393
0.330600
0.031107
0.181372
0.261609
0.237937
0.532839
0.384360
-0.107489
0.195099
-0.093881
-0.241457
0.659071
0.109919
-0.511271
-0.203147
-0.215393
0.330600
0.031107
0.181372
0.261609
0.237937
0.532839
0.384360
-0.107489
0.195099
-0.093881
-0.241457
0.659071
0.109919
-0.511271
-0.203147
-0.215393
0.330600
0.031107
0.181372
0.261609
0.237937
0.532839
0.384360
-0.107489
0.195099
-0.093881
-0.241457
0.659071
0.109919
-0.511271
-0.203147
-0.215393
0.330600
0.031107
0.181372
0.261609
0.237937
0.532839
0.384360
-0.107489
0.195099
-0.093881
-0.241457
0.659071
0.109919
-0.511271
-0.203147
-0.215393
0.330600
0.031107
0.181372
0.261609
0.237937
0.532839
0.384360
-0.107489
0.195099
-0.093881
-0.241457
0.659071
0.109919
-0.511271
-0.203147
-0.215393
0.330600
0.031107
0.181372
0.261609
0.237937
0.532839
0.384360
-0.107489
0.195099
-0.093881
-0.241457
0.659071
0.109919
-0.511271
-0.203147
-0.215393
0.330600
0.031107
0.181372
0.261609
0.237937
0.532839
0.384360
-0.107489
0.195099
-0.093881
-0.241457
0.659071
0.109919
-0.511271
-0.203147
-0.215393
0.330600
0.031107
0.181372
0.261609
0.237937
0.532839
0.384360
-0.107489
