-3.692121
-4.212350
6.600852
18.461739
-18.291748
-32.714996
15.905552
3.171782
-16.157864
-0.053118
23.629854
18.293560
13.878347
26.022339
-0.785759
14.033234
-5.053921
1.991726
6.296803
8.589480
-9.471896
-19.956219
-5.376142
2.956340
-10.803452
4.954234
9.137128
10.603663
4.846536
4.974859
-0.383230
8.374476
-1.115894
-3.989468
-41.089863
16.476133
35.497116
-17.684523
0.678019
-11.186099
15.377925
5.987964
-20.215162
17.728460
-22.530664
-26.686913
10.390250
23.031395
3.969115
-2.230931
32.203438
-5.779185
25.439497
13.915007
-4.518249
-32.983585
-16.185204
23.701101
0.736684
-5.609442
-23.562254
-16.583212
-0.486860
-18.453726
3.546749
-2.348841
-9.022581
12.071564
44.554832
41.539307
94.421219
-151.605850
-106.356010
37.170559
32.024868
-49.865520
73.336479
4.502190
71.332710
-97.257225
-4.688687
2.533742
2.474144
-4.278000
-15.189940
-11.679840
-34.058666
51.710869
36.200722
-13.198878
-15.352326
17.473455
-21.557173
-8.323115
-28.745422
32.342762
-4.502274
2.316854
4.360067
-4.628924
-14.932567
-13.836304
-31.153114
47.812317
31.612831
-8.761056
-8.782992
16.202450
-21.580248
3.876681
-23.193876
27.671143
-0.939916
0.486791
0.286234
-0.124335
0.419681
-0.254810
-0.617770
0.369959
0.367884
0.103648
-0.101474
-0.159372
-0.327086
0.593251
-0.162917
-0.046026
-0.939916
0.486791
0.286234
-0.124335
0.419681
-0.254810
-0.617770
0.369959
0.367884
0.103648
-0.101474
-0.159372
-0.327086
0.593251
-0.162917
-0.046026
-0.939916
0.486791
0.286234
-0.124335
0.419681
-0.254810
-0.617770
0.369959
0.367884
0.103648
-0.101474
-0.159372
-0.327086
0.593251
-0.162917
-0.046026
-0.939916
0.486791
0.286234
-0.124335
0.419681
-0.254810
-0.617770
0.369959
0.367884
0.103648
-0.101474
-0.159372
-0.327086
0.593251
-0.162917
-0.046026
-0.939916
0.486791
0.286234
-0.124335
0.419681
-0.254810
-0.617770
0.369959
0.367884
0.103648
-0.101474
-0.159372
-0.327086
0.593251
-0.162917
-0.046026
-0.939916
0.486791
0.286234
-0.124335
0.419681
-0.254810
-0.617770
0.369959
0.367884
0.103648
-0.101474
-0.159372
-0.327086
0.593251
-0.162917
-0.046026
-0.939916
0.486791
0.286234
-0.124335
0.419681
-0.254810
-0.617770
0.369959
0.367884
0.103648
-0.101474
-0.159372
-0.327086
0.593251
-0.162917
-0.046026
-0.939916
0.486791
0.286234
-0.124335
0.419681
-0.254810
-0.617770
0.369959
0.367884
0.103648
-0.101474
-0.159372
-0.327086
0.593251
-0.162917
-0.046026
-0.939916
0.486791
0.286234
-0.124335
0.419681
-0.254810
-0.617770
0.369959
0.367884
0.103648
-0.101474
-0.159372
-0.327086
0.593251
-0.162917
-0.046026
-0.939916
0.486791
0.286234
-0.124335
0.419681
-0.254810
-0.617770
0.369959
0.367884
0.103648
-0.101474
-0.159372
-0.327086
0.593251
-0.162917
-0.046026
-0.939916
0.486791
0.286234
-0.124335
0.419681
-0.254810
-0.617770
0.369959
0.367884
0.103648
-0.101474
-0.159372
-0.327086
0.593251
-0.162917
-0.046026
-0.939916
0.486791
0.286234
-0.124335
0.419681
-0.254810
-0.617770
0.369959
0.367884
0.103648
-0.101474
-0.159372
-0.327086
0.593251
-0.162917
-0.046026
-0.939916
0.486791
0.286234
-0.124335
0.419681
-0.254810
-0.617770
0.369959
0.367884
0.103648
-0.101474
-0.159372
-0.327086
0.593251
-0.162917
-0.046026
