2.023404
-1.696781
-4.707919
-3.304247
-5.450901
21.008430
-6.804282
-18.835144
12.313881
6.088101
-31.934412
17.495432
10.328003
42.302677
1.690334
-5.235500
-5.391264
2.213682
-342.870544
-247.852081
1398.049683
1210.197998
-5129.053711
1807.165405
-1548.928345
1324.779419
-2471.585693
-1422.285889
4837.250488
2393.443848
453.567688
856.773193
-1.485920
-0.405373
1.167197
1.384022
2.329463
-10.535762
6.349254
11.864057
-7.943226
-3.329899
22.355360
-14.532692
-6.652042
-31.169718
-4.571475
5.798596
2.724534
-2.762183
234.535843
169.200424
-963.830261
-827.564514
3508.530029
-1260.556030
1058.235718
-912.815857
1699.885986
968.319214
-3327.603516
-1623.161011
-312.755127
-586.080078
3.280047
0.399211
35.715256
21.009853
-138.894714
-100.135742
460.149139
-208.680984
130.656570
-137.627457
241.980621
111.977821
-468.151611
-183.095978
-50.402325
-77.227531
0.846660
2.421787
17.614927
17.101578
-68.704483
-78.990585
302.051544
-65.467384
95.256737
-62.696159
128.745667
98.368324
-257.496674
-167.796051
-19.027889
-50.415314
-0.485610
0.901424
-0.307477
0.101436
0.045630
-0.078288
-0.033970
0.591260
0.500042
-0.060810
0.084265
0.204799
0.003602
-0.524824
0.080449
-0.289599
-0.485610
0.901424
-0.307477
0.101436
0.045630
-0.078288
-0.033970
0.591260
0.500042
-0.060810
0.084265
0.204799
0.003602
-0.524824
0.080449
-0.289599
-0.485610
0.901424
-0.307477
0.101436
0.045630
-0.078288
-0.033970
0.591260
0.500042
-0.060810
0.084265
0.204799
0.003602
-0.524824
0.080449
-0.289599
-0.485610
0.901424
-0.307477
0.101436
0.045630
-0.078288
-0.033970
0.591260
0.500042
-0.060810
0.084265
0.204799
0.003602
-0.524824
0.080449
-0.289599
-0.485610
0.901424
-0.307477
0.101436
0.045630
-0.078288
-0.033970
0.591260
0.500042
-0.060810
0.084265
0.204799
0.003602
-0.524824
0.080449
-0.289599
-0.485610
0.901424
-0.307477
0.101436
0.045630
-0.078288
-0.033970
0.591260
0.500042
-0.060810
0.084265
0.204799
0.003602
-0.524824
0.080449
-0.289599
-0.485610
0.901424
-0.307477
0.101436
0.045630
-0.078288
-0.033970
0.591260
0.500042
-0.060810
0.084265
0.204799
0.003602
-0.524824
0.080449
-0.289599
-0.485610
0.901424
-0.307477
0.101436
0.045630
-0.078288
-0.033970
0.591260
0.500042
-0.060810
0.084265
0.204799
0.003602
-0.524824
0.080449
-0.289599
-0.485610
0.901424
-0.307477
0.101436
0.045630
-0.078288
-0.033970
0.591260
0.500042
-0.060810
0.084265
0.204799
0.003602
-0.524824
0.080449
-0.289599
-0.485610
0.901424
-0.307477
0.101436
0.045630
-0.078288
-0.033970
0.591260
0.500042
-0.060810
0.084265
0.204799
0.003602
-0.524824
0.080449
-0.289599
-0.485610
0.901424
-0.307477
0.101436
0.045630
-0.078288
-0.033970
0.591260
0.500042
-0.060810
0.084265
0.204799
0.003602
-0.524824
0.080449
-0.289599
-0.485610
0.901424
-0.307477
0.101436
0.045630
-0.078288
-0.033970
0.591260
0.500042
-0.060810
0.084265
0.204799
0.003602
-0.524824
0.080449
-0.289599
-0.485610
0.901424
-0.307477
0.101436
0.045630
-0.078288
-0.033970
0.591260
0.500042
-0.060810
0.084265
0.204799
0.003602
-0.524824
0.080449
-0.289599
-0.485610
0.901424
-0.307477
0.101436
0.045630
-0.078288
-0.033970
0.591260
0.500042
-0.060810
0.084265
0.204799
0.003602
-0.524824
0.080449
-0.289599
