2.918339
-2.224594
-15.261708
20.278715
19.061983
-31.501286
-3.208940
-10.079037
0.465691
-7.120308
6.049340
20.430588
-3.332193
9.479798
-5.947429
0.651773
-8.618252
1.422916
-35.029236
-12.482111
-21.710499
-31.448370
-15.281865
34.930695
33.410213
-17.571564
-4.299981
6.902109
18.935690
26.881584
-19.118612
11.372738
-6.360586
3.878197
-20.491270
-16.914436
31.498837
16.005161
2.107684
10.216568
15.427597
-9.728642
-23.371481
-2.279411
-25.237782
2.526347
3.218708
-13.214764
-0.713221
-0.112945
1.015722
7.262939
21.915819
-10.264778
-144.551270
-74.368065
48.401718
106.458359
-53.006420
-22.590357
-15.581328
-72.947296
-113.513550
-49.809666
11.967703
2.190142
49.694279
2.312598
-40.839909
-4.252994
-2.507007
19.180542
-16.113642
-2.820176
28.619476
-9.371103
8.646176
32.291973
-7.026470
-11.285929
-0.794713
1.295304
3.967761
0.600885
-7.500914
0.609992
2.895393
-2.505789
-0.032935
2.573201
6.994648
-5.457738
4.956192
1.414263
3.232291
1.559173
1.017949
1.818589
-3.986089
0.517496
-1.586316
7.766119
36.833981
20.282667
-10.200912
-29.097836
9.413363
7.266654
0.358382
14.885383
26.433344
17.358639
0.552681
0.622234
-0.594754
-3.524388
-8.372981
3.961297
60.226692
28.645433
-21.012617
-44.676014
22.403790
9.811447
8.568064
32.286594
49.298717
20.998697
-0.074285
0.042517
-0.056691
-0.561199
-0.095301
0.136000
-0.419395
-0.381613
-0.218091
0.270753
0.150735
0.006761
0.212574
-0.495349
-0.482289
-0.361386
-0.074285
0.042517
-0.056691
-0.561199
-0.095301
0.136000
-0.419395
-0.381613
-0.218091
0.270753
0.150735
0.006761
0.212574
-0.495349
-0.482289
-0.361386
-0.074285
0.042517
-0.056691
-0.561199
-0.095301
0.136000
-0.419395
-0.381613
-0.218091
0.270753
0.150735
0.006761
0.212574
-0.495349
-0.482289
-0.361386
-0.074285
0.042517
-0.056691
-0.561199
-0.095301
0.136000
-0.419395
-0.381613
-0.218091
0.270753
0.150735
0.006761
0.212574
-0.495349
-0.482289
-0.361386
-0.074285
0.042517
-0.056691
-0.561199
-0.095301
0.136000
-0.419395
-0.381613
-0.218091
0.270753
0.150735
0.006761
0.212574
-0.495349
-0.482289
-0.361386
-0.074285
0.042517
-0.056691
-0.561199
-0.095301
0.136000
-0.419395
-0.381613
-0.218091
0.270753
0.150735
0.006761
0.212574
-0.495349
-0.482289
-0.361386
-0.074285
0.042517
-0.056691
-0.561199
-0.095301
0.136000
-0.419395
-0.381613
-0.218091
0.270753
0.150735
0.006761
0.212574
-0.495349
-0.482289
-0.361386
-0.074285
0.042517
-0.056691
-0.561199
-0.095301
0.136000
-0.419395
-0.381613
-0.218091
0.270753
0.150735
0.006761
0.212574
-0.495349
-0.482289
-0.361386
-0.074285
0.042517
-0.056691
-0.561199
-0.095301
0.136000
-0.419395
-0.381613
-0.218091
0.270753
0.150735
0.006761
0.212574
-0.495349
-0.482289
-0.361386
-0.074285
0.042517
-0.056691
-0.561199
-0.095301
0.136000
-0.419395
-0.381613
-0.218091
0.270753
0.150735
0.006761
0.212574
-0.495349
-0.482289
-0.361386
-0.074285
0.042517
-0.056691
-0.561199
-0.095301
0.136000
-0.419395
-0.381613
-0.218091
0.270753
0.150735
0.006761
0.212574
-0.495349
-0.482289
-0.361386
-0.074285
0.042517
-0.056691
-0.561199
-0.095301
0.136000
-0.419395
-0.381613
-0.218091
0.270753
0.150735
0.006761
0.212574
-0.495349
-0.482289
-0.361386
