0.541728
-1.707432
17.632378
4.717266
-21.218908
-8.501984
-6.291063
2.434508
-7.698608
8.850255
12.705577
2.397413
4.636353
1.944386
0.179771
5.810449
-26.058176
6.850219
16.430490
-44.855412
-16.344320
19.507318
16.771900
9.666826
-2.817740
6.221434
1.474676
-22.897785
26.230213
3.058109
-18.016834
-4.041528
1.141388
0.615917
39.040142
27.816139
-37.033993
-64.189171
160.219421
41.931435
-40.695419
-53.929310
-18.575480
-2.972922
167.842850
-71.061195
77.218155
72.005463
0.565695
-0.030474
-6.903256
-3.279379
4.908415
8.772937
-17.430798
-6.303609
4.405078
10.970425
3.755985
1.022661
-21.670935
5.884277
-12.203834
-4.306225
-0.271752
-0.757782
-25.421909
-16.717249
23.533878
41.471687
-97.812057
-22.148417
29.252464
29.939123
10.440924
-2.104076
-103.357216
42.954853
-47.400963
-42.546143
-0.059319
-0.190404
0.550611
0.212545
-0.017296
-0.454724
-0.403513
-0.411076
-0.087450
0.252026
0.370935
-0.279712
-0.396027
0.694826
0.444144
0.117258
-0.059319
-0.190404
0.550611
0.212545
-0.017296
-0.454724
-0.403513
-0.411076
-0.087450
0.252026
0.370935
-0.279712
-0.396027
0.694826
0.444144
0.117258
-0.059319
-0.190404
0.550611
0.212545
-0.017296
-0.454724
-0.403513
-0.411076
-0.087450
0.252026
0.370935
-0.279712
-0.396027
0.694826
0.444144
0.117258
-0.059319
-0.190404
0.550611
0.212545
-0.017296
-0.454724
-0.403513
-0.411076
-0.087450
0.252026
0.370935
-0.279712
-0.396027
0.694826
0.444144
0.117258
-0.059319
-0.190404
0.550611
0.212545
-0.017296
-0.454724
-0.403513
-0.411076
-0.087450
0.252026
0.370935
-0.279712
-0.396027
0.694826
0.444144
0.117258
-0.059319
-0.190404
0.550611
0.212545
-0.017296
-0.454724
-0.403513
-0.411076
-0.087450
0.252026
0.370935
-0.279712
-0.396027
0.694826
0.444144
0.117258
-0.059319
-0.190404
0.550611
0.212545
-0.017296
-0.454724
-0.403513
-0.411076
-0.087450
0.252026
0.370935
-0.279712
-0.396027
0.694826
0.444144
0.117258
-0.059319
-0.190404
0.550611
0.212545
-0.017296
-0.454724
-0.403513
-0.411076
-0.087450
0.252026
0.370935
-0.279712
-0.396027
0.694826
0.444144
0.117258
-0.059319
-0.190404
0.550611
0.212545
-0.017296
-0.454724
-0.403513
-0.411076
-0.087450
0.252026
0.370935
-0.279712
-0.396027
0.694826
0.444144
0.117258
-0.059319
-0.190404
0.550611
0.212545
-0.017296
-0.454724
-0.403513
-0.411076
-0.087450
0.252026
0.370935
-0.279712
-0.396027
0.694826
0.444144
0.117258
-0.059319
-0.190404
0.550611
0.212545
-0.017296
-0.454724
-0.403513
-0.411076
-0.087450
0.252026
0.370935
-0.279712
-0.396027
0.694826
0.444144
0.117258
-0.059319
-0.190404
0.550611
0.212545
-0.017296
-0.454724
-0.403513
-0.411076
-0.087450
0.252026
0.370935
-0.279712
-0.396027
0.694826
0.444144
0.117258
-0.059319
-0.190404
0.550611
0.212545
-0.017296
-0.454724
-0.403513
-0.411076
-0.087450
0.252026
0.370935
-0.279712
-0.396027
0.694826
0.444144
0.117258
-0.059319
-0.190404
0.550611
0.212545
-0.017296
-0.454724
-0.403513
-0.411076
-0.087450
0.252026
0.370935
-0.279712
-0.396027
0.694826
0.444144
0.117258
-0.059319
-0.190404
0.550611
0.212545
-0.017296
-0.454724
-0.403513
-0.411076
-0.087450
0.252026
0.370935
-0.279712
-0.396027
0.694826
0.444144
0.117258
