-6.191615
-13.270821
39.492310
-1.942082
-31.475264
2.745070
-0.373598
17.949158
-14.488126
-3.418225
28.898300
-5.572226
14.070163
24.208115
-2.624644
-21.194490
-2.741776
-4.367549
17.241119
-28.198032
-56.484943
27.416079
8.170514
-145.328918
-55.553249
14.853564
-33.190784
-10.293428
-108.502449
-129.336777
31.236856
-110.410187
4.078214
1.634462
-7.417730
13.976154
27.946766
-14.094705
-1.557042
69.522476
28.060450
-4.656874
17.493418
6.221346
50.070049
60.751858
-13.804450
55.101166
0.150555
-2.243746
-4.024538
4.510758
9.154370
-7.182462
-4.737431
30.211727
8.500567
-3.402520
5.776153
1.330220
23.099373
25.159073
-6.880125
22.078524
0.803019
-0.329199
0.373630
0.293539
0.097607
0.191855
-0.720092
-1.113598
-0.687364
-0.545913
0.170807
0.440012
0.226507
-0.030024
0.452840
0.050628
0.803019
-0.329199
0.373630
0.293539
0.097607
0.191855
-0.720092
-1.113598
-0.687364
-0.545913
0.170807
0.440012
0.226507
-0.030024
0.452840
0.050628
0.803019
-0.329199
0.373630
0.293539
0.097607
0.191855
-0.720092
-1.113598
-0.687364
-0.545913
0.170807
0.440012
0.226507
-0.030024
0.452840
0.050628
0.803019
-0.329199
0.373630
0.293539
0.097607
0.191855
-0.720092
-1.113598
-0.687364
-0.545913
0.170807
0.440012
0.226507
-0.030024
0.452840
0.050628
0.803019
-0.329199
0.373630
0.293539
0.097607
0.191855
-0.720092
-1.113598
-0.687364
-0.545913
0.170807
0.440012
0.226507
-0.030024
0.452840
0.050628
0.803019
-0.329199
0.373630
0.293539
0.097607
0.191855
-0.720092
-1.113598
-0.687364
-0.545913
0.170807
0.440012
0.226507
-0.030024
0.452840
0.050628
0.803019
-0.329199
0.373630
0.293539
0.097607
0.191855
-0.720092
-1.113598
-0.687364
-0.545913
0.170807
0.440012
0.226507
-0.030024
0.452840
0.050628
0.803019
-0.329199
0.373630
0.293539
0.097607
0.191855
-0.720092
-1.113598
-0.687364
-0.545913
0.170807
0.440012
0.226507
-0.030024
0.452840
0.050628
0.803019
-0.329199
0.373630
0.293539
0.097607
0.191855
-0.720092
-1.113598
-0.687364
-0.545913
0.170807
0.440012
0.226507
-0.030024
0.452840
0.050628
0.803019
-0.329199
0.373630
0.293539
0.097607
0.191855
-0.720092
-1.113598
-0.687364
-0.545913
0.170807
0.440012
0.226507
-0.030024
0.452840
0.050628
0.803019
-0.329199
0.373630
0.293539
0.097607
0.191855
-0.720092
-1.113598
-0.687364
-0.545913
0.170807
0.440012
0.226507
-0.030024
0.452840
0.050628
0.803019
-0.329199
0.373630
0.293539
0.097607
0.191855
-0.720092
-1.113598
-0.687364
-0.545913
0.170807
0.440012
0.226507
-0.030024
0.452840
0.050628
0.803019
-0.329199
0.373630
0.293539
0.097607
0.191855
-0.720092
-1.113598
-0.687364
-0.545913
0.170807
0.440012
0.226507
-0.030024
0.452840
0.050628
0.803019
-0.329199
0.373630
0.293539
0.097607
0.191855
-0.720092
-1.113598
-0.687364
-0.545913
0.170807
0.440012
0.226507
-0.030024
0.452840
0.050628
0.803019
-0.329199
0.373630
0.293539
0.097607
0.191855
-0.720092
-1.113598
-0.687364
-0.545913
0.170807
0.440012
0.226507
-0.030024
0.452840
0.050628
0.803019
-0.329199
0.373630
0.293539
0.097607
0.191855
-0.720092
-1.113598
-0.687364
-0.545913
0.170807
0.440012
0.226507
-0.030024
0.452840
0.050628
