2.983435
-0.826981
-17.129059
8.592095
57.821899
7.406527
-97.762222
87.807037
56.422546
5.724974
27.811455
2.238198
-19.323839
167.484680
-84.773392
41.765522
-2.055055
0.253237
19.801926
-10.800968
-52.583710
-5.497564
88.482140
-77.092072
-53.432934
-6.702075
-20.013803
1.914296
16.806475
-148.815887
75.841362
-33.896545
0.347862
0.741813
-0.323071
0.664829
-0.694407
-0.583429
0.036449
0.304378
0.901621
-0.541686
-0.260593
0.302081
0.695380
-0.469954
-0.024950
0.139316
0.347862
0.741813
-0.323071
0.664829
-0.694407
-0.583429
0.036449
0.304378
0.901621
-0.541686
-0.260593
0.302081
0.695380
-0.469954
-0.024950
0.139316
0.347862
0.741813
-0.323071
0.664829
-0.694407
-0.583429
0.036449
0.304378
0.901621
-0.541686
-0.260593
0.302081
0.695380
-0.469954
-0.024950
0.139316
0.347862
0.741813
-0.323071
0.664829
-0.694407
-0.583429
0.036449
0.304378
0.901621
-0.541686
-0.260593
0.302081
0.695380
-0.469954
-0.024950
0.139316
0.347862
0.741813
-0.323071
0.664829
-0.694407
-0.583429
0.036449
0.304378
0.901621
-0.541686
-0.260593
0.302081
0.695380
-0.469954
-0.024950
0.139316
0.347862
0.741813
-0.323071
0.664829
-0.694407
-0.583429
0.036449
0.304378
0.901621
-0.541686
-0.260593
0.302081
0.695380
-0.469954
-0.024950
0.139316
0.347862
0.741813
-0.323071
0.664829
-0.694407
-0.583429
0.036449
0.304378
0.901621
-0.541686
-0.260593
0.302081
0.695380
-0.469954
-0.024950
0.139316
0.347862
0.741813
-0.323071
0.664829
-0.694407
-0.583429
0.036449
0.304378
0.901621
-0.541686
-0.260593
0.302081
0.695380
-0.469954
-0.024950
0.139316
0.347862
0.741813
-0.323071
0.664829
-0.694407
-0.583429
0.036449
0.304378
0.901621
-0.541686
-0.260593
0.302081
0.695380
-0.469954
-0.024950
0.139316
0.347862
0.741813
-0.323071
0.664829
-0.694407
-0.583429
0.036449
0.304378
0.901621
-0.541686
-0.260593
0.302081
0.695380
-0.469954
-0.024950
0.139316
0.347862
0.741813
-0.323071
0.664829
-0.694407
-0.583429
0.036449
0.304378
0.901621
-0.541686
-0.260593
0.302081
0.695380
-0.469954
-0.024950
0.139316
0.347862
0.741813
-0.323071
0.664829
-0.694407
-0.583429
0.036449
0.304378
0.901621
-0.541686
-0.260593
0.302081
0.695380
-0.469954
-0.024950
0.139316
0.347862
0.741813
-0.323071
0.664829
-0.694407
-0.583429
0.036449
0.304378
0.901621
-0.541686
-0.260593
0.302081
0.695380
-0.469954
-0.024950
0.139316
0.347862
0.741813
-0.323071
0.664829
-0.694407
-0.583429
0.036449
0.304378
0.901621
-0.541686
-0.260593
0.302081
0.695380
-0.469954
-0.024950
0.139316
0.347862
0.741813
-0.323071
0.664829
-0.694407
-0.583429
0.036449
0.304378
0.901621
-0.541686
-0.260593
0.302081
0.695380
-0.469954
-0.024950
0.139316
0.347862
0.741813
-0.323071
0.664829
-0.694407
-0.583429
0.036449
0.304378
0.901621
-0.541686
-0.260593
0.302081
0.695380
-0.469954
-0.024950
0.139316
0.347862
0.741813
-0.323071
0.664829
-0.694407
-0.583429
0.036449
0.304378
0.901621
-0.541686
-0.260593
0.302081
0.695380
-0.469954
-0.024950
0.139316
0.347862
0.741813
-0.323071
0.664829
-0.694407
-0.583429
0.036449
0.304378
0.901621
-0.541686
-0.260593
0.302081
0.695380
-0.469954
-0.024950
0.139316
