1.403804
-1.165896
8.883805
-1.408304
-9.692276
-0.571103
-3.823205
-0.737511
0.901474
5.086935
6.712690
-0.467039
-0.898828
-2.246689
2.066787
4.715444
2.921644
2.416203
-25.062193
-26.902508
32.918648
70.636604
-148.973480
-70.697754
12.495546
45.032860
-14.835776
15.944358
-167.746887
39.599476
-72.388496
-90.830574
-0.339187
-2.051992
9.720764
9.893551
-12.125151
-25.814371
48.423203
16.586401
-5.462236
-11.644903
9.027837
-1.133899
52.304451
-10.527904
26.543365
33.322105
-0.354186
-0.570819
5.754120
10.765717
-10.360269
-21.453499
48.534542
25.563353
-1.441297
-17.305845
2.698343
-6.477511
51.814800
-15.384096
20.675812
26.201696
0.122404
0.563480
-0.475289
0.300167
0.529864
0.012604
0.526457
-0.104957
-0.576885
0.283525
0.212995
0.523420
-0.920194
0.186072
0.178372
0.689574
0.122404
0.563480
-0.475289
0.300167
0.529864
0.012604
0.526457
-0.104957
-0.576885
0.283525
0.212995
0.523420
-0.920194
0.186072
0.178372
0.689574
0.122404
0.563480
-0.475289
0.300167
0.529864
0.012604
0.526457
-0.104957
-0.576885
0.283525
0.212995
0.523420
-0.920194
0.186072
0.178372
0.689574
0.122404
0.563480
-0.475289
0.300167
0.529864
0.012604
0.526457
-0.104957
-0.576885
0.283525
0.212995
0.523420
-0.920194
0.186072
0.178372
0.689574
0.122404
0.563480
-0.475289
0.300167
0.529864
0.012604
0.526457
-0.104957
-0.576885
0.283525
0.212995
0.523420
-0.920194
0.186072
0.178372
0.689574
0.122404
0.563480
-0.475289
0.300167
0.529864
0.012604
0.526457
-0.104957
-0.576885
0.283525
0.212995
0.523420
-0.920194
0.186072
0.178372
0.689574
0.122404
0.563480
-0.475289
0.300167
0.529864
0.012604
0.526457
-0.104957
-0.576885
0.283525
0.212995
0.523420
-0.920194
0.186072
0.178372
0.689574
0.122404
0.563480
-0.475289
0.300167
0.529864
0.012604
0.526457
-0.104957
-0.576885
0.283525
0.212995
0.523420
-0.920194
0.186072
0.178372
0.689574
0.122404
0.563480
-0.475289
0.300167
0.529864
0.012604
0.526457
-0.104957
-0.576885
0.283525
0.212995
0.523420
-0.920194
0.186072
0.178372
0.689574
0.122404
0.563480
-0.475289
0.300167
0.529864
0.012604
0.526457
-0.104957
-0.576885
0.283525
0.212995
0.523420
-0.920194
0.186072
0.178372
0.689574
0.122404
0.563480
-0.475289
0.300167
0.529864
0.012604
0.526457
-0.104957
-0.576885
0.283525
0.212995
0.523420
-0.920194
0.186072
0.178372
0.689574
0.122404
0.563480
-0.475289
0.300167
0.529864
0.012604
0.526457
-0.104957
-0.576885
0.283525
0.212995
0.523420
-0.920194
0.186072
0.178372
0.689574
0.122404
0.563480
-0.475289
0.300167
0.529864
0.012604
0.526457
-0.104957
-0.576885
0.283525
0.212995
0.523420
-0.920194
0.186072
0.178372
0.689574
0.122404
0.563480
-0.475289
0.300167
0.529864
0.012604
0.526457
-0.104957
-0.576885
0.283525
0.212995
0.523420
-0.920194
0.186072
0.178372
0.689574
0.122404
0.563480
-0.475289
0.300167
0.529864
0.012604
0.526457
-0.104957
-0.576885
0.283525
0.212995
0.523420
-0.920194
0.186072
0.178372
0.689574
0.122404
0.563480
-0.475289
0.300167
0.529864
0.012604
0.526457
-0.104957
-0.576885
0.283525
0.212995
0.523420
-0.920194
0.186072
0.178372
0.689574
