-0.243111
0.768715
3.406150
-4.542631
-8.027425
4.875809
-4.365394
1.755970
2.689372
1.104962
4.248951
-2.759970
-2.709074
-3.952652
2.594397
3.198974
-0.621552
3.330770
3.006976
64.215057
14.807685
-82.513824
123.723259
136.389542
33.661114
-25.560678
12.105411
-26.857283
181.616501
39.521297
19.048693
98.659935
0.067425
-2.383118
-0.898120
-19.937737
-5.335821
26.206820
-41.765148
-49.207012
-10.799271
3.003710
-4.538961
8.752038
-69.454475
-9.578205
-2.189089
-32.079475
2.357300
-1.602989
-2.041639
-17.552536
-0.293201
22.564924
-39.199169
-36.538280
-10.871930
11.594485
-1.666868
9.794278
-53.299461
-11.288913
-11.248245
-28.354008
0.259836
-0.238377
-0.153535
-0.583659
0.114542
-0.016227
-0.259429
0.463190
0.265658
0.525039
-0.045559
-0.011836
-0.423801
0.046597
-0.643636
0.071470
0.259836
-0.238377
-0.153535
-0.583659
0.114542
-0.016227
-0.259429
0.463190
0.265658
0.525039
-0.045559
-0.011836
-0.423801
0.046597
-0.643636
0.071470
0.259836
-0.238377
-0.153535
-0.583659
0.114542
-0.016227
-0.259429
0.463190
0.265658
0.525039
-0.045559
-0.011836
-0.423801
0.046597
-0.643636
0.071470
0.259836
-0.238377
-0.153535
-0.583659
0.114542
-0.016227
-0.259429
0.463190
0.265658
0.525039
-0.045559
-0.011836
-0.423801
0.046597
-0.643636
0.071470
0.259836
-0.238377
-0.153535
-0.583659
0.114542
-0.016227
-0.259429
0.463190
0.265658
0.525039
-0.045559
-0.011836
-0.423801
0.046597
-0.643636
0.071470
0.259836
-0.238377
-0.153535
-0.583659
0.114542
-0.016227
-0.259429
0.463190
0.265658
0.525039
-0.045559
-0.011836
-0.423801
0.046597
-0.643636
0.071470
0.259836
-0.238377
-0.153535
-0.583659
0.114542
-0.016227
-0.259429
0.463190
0.265658
0.525039
-0.045559
-0.011836
-0.423801
0.046597
-0.643636
0.071470
0.259836
-0.238377
-0.153535
-0.583659
0.114542
-0.016227
-0.259429
0.463190
0.265658
0.525039
-0.045559
-0.011836
-0.423801
0.046597
-0.643636
0.071470
0.259836
-0.238377
-0.153535
-0.583659
0.114542
-0.016227
-0.259429
0.463190
0.265658
0.525039
-0.045559
-0.011836
-0.423801
0.046597
-0.643636
0.071470
0.259836
-0.238377
-0.153535
-0.583659
0.114542
-0.016227
-0.259429
0.463190
0.265658
0.525039
-0.045559
-0.011836
-0.423801
0.046597
-0.643636
0.071470
0.259836
-0.238377
-0.153535
-0.583659
0.114542
-0.016227
-0.259429
0.463190
0.265658
0.525039
-0.045559
-0.011836
-0.423801
0.046597
-0.643636
0.071470
0.259836
-0.238377
-0.153535
-0.583659
0.114542
-0.016227
-0.259429
0.463190
0.265658
0.525039
-0.045559
-0.011836
-0.423801
0.046597
-0.643636
0.071470
0.259836
-0.238377
-0.153535
-0.583659
0.114542
-0.016227
-0.259429
0.463190
0.265658
0.525039
-0.045559
-0.011836
-0.423801
0.046597
-0.643636
0.071470
0.259836
-0.238377
-0.153535
-0.583659
0.114542
-0.016227
-0.259429
0.463190
0.265658
0.525039
-0.045559
-0.011836
-0.423801
0.046597
-0.643636
0.071470
0.259836
-0.238377
-0.153535
-0.583659
0.114542
-0.016227
-0.259429
0.463190
0.265658
0.525039
-0.045559
-0.011836
-0.423801
0.046597
-0.643636
0.071470
0.259836
-0.238377
-0.153535
-0.583659
0.114542
-0.016227
-0.259429
0.463190
0.265658
0.525039
-0.045559
-0.011836
-0.423801
0.046597
-0.643636
0.071470
