1.384616
-2.359121
-0.571023
1.519846
-15.513083
-14.796885
17.182678
3.719037
-9.889142
7.276837
-1.787043
-31.630033
-39.219467
-16.339045
5.944063
2.996367
3.882839
0.853002
-100.819771
329.878052
305.471436
-1740.904785
3887.052490
3309.018311
1828.033569
669.522949
67.961189
2701.294922
-379.722687
-5024.740234
491.612640
-806.618103
0.663456
-0.540566
-1.506630
5.477479
12.504046
8.189892
-16.785192
-1.320365
8.030093
-7.382448
0.634781
27.666990
28.909960
13.330782
0.169882
-1.703684
-4.036867
-0.404058
84.034599
-275.959869
-267.074432
1423.966553
-3170.231201
-2738.540771
-1496.895386
-558.840332
-30.262737
-2216.649170
279.290527
4131.596680
-411.176697
660.512512
0.916555
1.003663
8.944843
-11.658808
-43.403564
64.435982
-90.324173
-203.665512
-56.990730
-59.140289
44.861980
-113.069214
-78.378525
203.273087
-35.634632
23.652327
0.860087
-1.218020
0.047051
-0.199603
-0.333535
-0.067313
-0.778123
-0.041654
-0.069642
-0.146089
0.043862
0.034738
0.049878
0.108437
-0.339967
0.011160
0.860087
-1.218020
0.047051
-0.199603
-0.333535
-0.067313
-0.778123
-0.041654
-0.069642
-0.146089
0.043862
0.034738
0.049878
0.108437
-0.339967
0.011160
0.860087
-1.218020
0.047051
-0.199603
-0.333535
-0.067313
-0.778123
-0.041654
-0.069642
-0.146089
0.043862
0.034738
0.049878
0.108437
-0.339967
0.011160
0.860087
-1.218020
0.047051
-0.199603
-0.333535
-0.067313
-0.778123
-0.041654
-0.069642
-0.146089
0.043862
0.034738
0.049878
0.108437
-0.339967
0.011160
0.860087
-1.218020
0.047051
-0.199603
-0.333535
-0.067313
-0.778123
-0.041654
-0.069642
-0.146089
0.043862
0.034738
0.049878
0.108437
-0.339967
0.011160
0.860087
-1.218020
0.047051
-0.199603
-0.333535
-0.067313
-0.778123
-0.041654
-0.069642
-0.146089
0.043862
0.034738
0.049878
0.108437
-0.339967
0.011160
0.860087
-1.218020
0.047051
-0.199603
-0.333535
-0.067313
-0.778123
-0.041654
-0.069642
-0.146089
0.043862
0.034738
0.049878
0.108437
-0.339967
0.011160
0.860087
-1.218020
0.047051
-0.199603
-0.333535
-0.067313
-0.778123
-0.041654
-0.069642
-0.146089
0.043862
0.034738
0.049878
0.108437
-0.339967
0.011160
0.860087
-1.218020
0.047051
-0.199603
-0.333535
-0.067313
-0.778123
-0.041654
-0.069642
-0.146089
0.043862
0.034738
0.049878
0.108437
-0.339967
0.011160
0.860087
-1.218020
0.047051
-0.199603
-0.333535
-0.067313
-0.778123
-0.041654
-0.069642
-0.146089
0.043862
0.034738
0.049878
0.108437
-0.339967
0.011160
0.860087
-1.218020
0.047051
-0.199603
-0.333535
-0.067313
-0.778123
-0.041654
-0.069642
-0.146089
0.043862
0.034738
0.049878
0.108437
-0.339967
0.011160
0.860087
-1.218020
0.047051
-0.199603
-0.333535
-0.067313
-0.778123
-0.041654
-0.069642
-0.146089
0.043862
0.034738
0.049878
0.108437
-0.339967
0.011160
0.860087
-1.218020
0.047051
-0.199603
-0.333535
-0.067313
-0.778123
-0.041654
-0.069642
-0.146089
0.043862
0.034738
0.049878
0.108437
-0.339967
0.011160
0.860087
-1.218020
0.047051
-0.199603
-0.333535
-0.067313
-0.778123
-0.041654
-0.069642
-0.146089
0.043862
0.034738
0.049878
0.108437
-0.339967
0.011160
0.860087
-1.218020
0.047051
-0.199603
-0.333535
-0.067313
-0.778123
-0.041654
-0.069642
-0.146089
0.043862
0.034738
0.049878
0.108437
-0.339967
0.011160
