-1.556145
4.919512
-41.960499
31.710823
24.650021
-21.806145
-2.456653
-15.388524
12.526671
0.876500
-16.797634
24.098322
-27.765810
-14.396416
13.646294
13.543937
-1.111398
1.211203
-0.328580
-6.528985
-3.708560
8.614451
-0.681713
5.471097
3.765815
-0.106427
1.216635
-6.288714
-4.061066
-1.180650
5.577634
-1.588335
-3.321960
0.689226
10.181835
-49.889282
80.764702
31.752209
-162.547379
62.028587
43.033882
152.394043
105.218590
-77.998337
-145.336685
-33.030205
3.045094
-169.509430
1.345703
-0.065757
0.252492
1.823513
-7.674601
-7.816328
18.117197
-1.224444
-4.093021
-14.121486
-17.767443
8.856757
20.250523
10.131639
-6.234581
17.000841
3.392693
-1.483245
-8.543665
28.504467
-48.134628
-18.639704
101.062843
-35.962112
-24.687201
-95.303711
-66.152870
46.876530
88.795532
21.569336
-6.290076
106.506523
0.625650
-0.654913
-0.285675
0.250530
0.426214
0.094499
-0.020912
0.269061
-0.735350
0.040089
-0.506353
0.536993
0.267958
-0.230050
-0.720962
-0.038590
0.625650
-0.654913
-0.285675
0.250530
0.426214
0.094499
-0.020912
0.269061
-0.735350
0.040089
-0.506353
0.536993
0.267958
-0.230050
-0.720962
-0.038590
0.625650
-0.654913
-0.285675
0.250530
0.426214
0.094499
-0.020912
0.269061
-0.735350
0.040089
-0.506353
0.536993
0.267958
-0.230050
-0.720962
-0.038590
0.625650
-0.654913
-0.285675
0.250530
0.426214
0.094499
-0.020912
0.269061
-0.735350
0.040089
-0.506353
0.536993
0.267958
-0.230050
-0.720962
-0.038590
0.625650
-0.654913
-0.285675
0.250530
0.426214
0.094499
-0.020912
0.269061
-0.735350
0.040089
-0.506353
0.536993
0.267958
-0.230050
-0.720962
-0.038590
0.625650
-0.654913
-0.285675
0.250530
0.426214
0.094499
-0.020912
0.269061
-0.735350
0.040089
-0.506353
0.536993
0.267958
-0.230050
-0.720962
-0.038590
0.625650
-0.654913
-0.285675
0.250530
0.426214
0.094499
-0.020912
0.269061
-0.735350
0.040089
-0.506353
0.536993
0.267958
-0.230050
-0.720962
-0.038590
0.625650
-0.654913
-0.285675
0.250530
0.426214
0.094499
-0.020912
0.269061
-0.735350
0.040089
-0.506353
0.536993
0.267958
-0.230050
-0.720962
-0.038590
0.625650
-0.654913
-0.285675
0.250530
0.426214
0.094499
-0.020912
0.269061
-0.735350
0.040089
-0.506353
0.536993
0.267958
-0.230050
-0.720962
-0.038590
0.625650
-0.654913
-0.285675
0.250530
0.426214
0.094499
-0.020912
0.269061
-0.735350
0.040089
-0.506353
0.536993
0.267958
-0.230050
-0.720962
-0.038590
0.625650
-0.654913
-0.285675
0.250530
0.426214
0.094499
-0.020912
0.269061
-0.735350
0.040089
-0.506353
0.536993
0.267958
-0.230050
-0.720962
-0.038590
0.625650
-0.654913
-0.285675
0.250530
0.426214
0.094499
-0.020912
0.269061
-0.735350
0.040089
-0.506353
0.536993
0.267958
-0.230050
-0.720962
-0.038590
0.625650
-0.654913
-0.285675
0.250530
0.426214
0.094499
-0.020912
0.269061
-0.735350
0.040089
-0.506353
0.536993
0.267958
-0.230050
-0.720962
-0.038590
0.625650
-0.654913
-0.285675
0.250530
0.426214
0.094499
-0.020912
0.269061
-0.735350
0.040089
-0.506353
0.536993
0.267958
-0.230050
-0.720962
-0.038590
0.625650
-0.654913
-0.285675
0.250530
0.426214
0.094499
-0.020912
0.269061
-0.735350
0.040089
-0.506353
0.536993
0.267958
-0.230050
-0.720962
-0.038590
