-5.030830
3.439015
-27.301371
30.781448
-28.679987
-4.200846
23.196682
29.799150
4.379832
-28.941191
6.777285
9.599228
27.545792
0.442762
9.423656
26.082413
-1.151456
0.737802
-0.107772
6.218399
0.312735
-7.588988
5.722422
-2.054872
-4.023531
-0.619637
2.208532
7.466318
4.181696
3.927088
-3.603007
2.274850
0.731317
1.630965
-10.903622
60.563892
-73.541618
-46.393265
138.406235
-75.618286
-82.967163
-131.738968
-105.192268
100.243706
152.386612
-0.748280
16.827873
148.566452
0.840596
-0.630706
2.010244
-24.440779
27.459446
17.021999
-55.573833
36.280602
38.781734
49.649174
39.396580
-42.076157
-56.864567
4.459731
-7.994926
-57.888824
1.145219
-0.239880
0.087371
-14.749632
23.349409
6.520471
-34.696690
19.585642
25.934484
30.754099
25.427851
-29.949627
-41.123734
7.043076
-8.310643
-38.517338
0.104574
0.141821
-0.126520
0.037804
-0.400989
-0.541501
0.178426
0.161799
-0.513827
0.622911
-0.114797
0.168571
-0.133802
0.520352
-0.301448
0.323207
0.104574
0.141821
-0.126520
0.037804
-0.400989
-0.541501
0.178426
0.161799
-0.513827
0.622911
-0.114797
0.168571
-0.133802
0.520352
-0.301448
0.323207
0.104574
0.141821
-0.126520
0.037804
-0.400989
-0.541501
0.178426
0.161799
-0.513827
0.622911
-0.114797
0.168571
-0.133802
0.520352
-0.301448
0.323207
0.104574
0.141821
-0.126520
0.037804
-0.400989
-0.541501
0.178426
0.161799
-0.513827
0.622911
-0.114797
0.168571
-0.133802
0.520352
-0.301448
0.323207
0.104574
0.141821
-0.126520
0.037804
-0.400989
-0.541501
0.178426
0.161799
-0.513827
0.622911
-0.114797
0.168571
-0.133802
0.520352
-0.301448
0.323207
0.104574
0.141821
-0.126520
0.037804
-0.400989
-0.541501
0.178426
0.161799
-0.513827
0.622911
-0.114797
0.168571
-0.133802
0.520352
-0.301448
0.323207
0.104574
0.141821
-0.126520
0.037804
-0.400989
-0.541501
0.178426
0.161799
-0.513827
0.622911
-0.114797
0.168571
-0.133802
0.520352
-0.301448
0.323207
0.104574
0.141821
-0.126520
0.037804
-0.400989
-0.541501
0.178426
0.161799
-0.513827
0.622911
-0.114797
0.168571
-0.133802
0.520352
-0.301448
0.323207
0.104574
0.141821
-0.126520
0.037804
-0.400989
-0.541501
0.178426
0.161799
-0.513827
0.622911
-0.114797
0.168571
-0.133802
0.520352
-0.301448
0.323207
0.104574
0.141821
-0.126520
0.037804
-0.400989
-0.541501
0.178426
0.161799
-0.513827
0.622911
-0.114797
0.168571
-0.133802
0.520352
-0.301448
0.323207
0.104574
0.141821
-0.126520
0.037804
-0.400989
-0.541501
0.178426
0.161799
-0.513827
0.622911
-0.114797
0.168571
-0.133802
0.520352
-0.301448
0.323207
0.104574
0.141821
-0.126520
0.037804
-0.400989
-0.541501
0.178426
0.161799
-0.513827
0.622911
-0.114797
0.168571
-0.133802
0.520352
-0.301448
0.323207
0.104574
0.141821
-0.126520
0.037804
-0.400989
-0.541501
0.178426
0.161799
-0.513827
0.622911
-0.114797
0.168571
-0.133802
0.520352
-0.301448
0.323207
0.104574
0.141821
-0.126520
0.037804
-0.400989
-0.541501
0.178426
0.161799
-0.513827
0.622911
-0.114797
0.168571
-0.133802
0.520352
-0.301448
0.323207
0.104574
0.141821
-0.126520
0.037804
-0.400989
-0.541501
0.178426
0.161799
-0.513827
0.622911
-0.114797
0.168571
-0.133802
0.520352
-0.301448
0.323207
