-0.799353
-11.802577
28.571943
-8.299459
26.894520
-30.539515
10.515834
-11.700388
114.023582
-71.980156
94.818329
-77.492767
360.844116
-413.769928
13.157432
-11.744248
19.731621
-1.928359
-50.395882
-43.120403
-22.311550
52.429684
3.929791
1.638412
-126.026443
41.221626
-131.523163
14.427631
-479.847717
210.541367
-40.863785
17.695553
-1.133365
0.794620
-15.820579
9.259009
20.285742
-10.970406
-0.122382
-3.265473
-1.699570
-12.978099
-13.923038
5.311921
-5.762753
3.823022
-6.450803
0.184044
-0.034131
0.753611
1.975162
7.207381
-4.662052
-8.023005
2.663967
-3.852812
-3.955655
3.223137
6.122919
5.212516
7.083515
2.108556
-1.211826
2.621015
-2.027542
-1.191970
48.472958
1.714078
64.120377
79.826508
-87.314117
7.151428
40.239498
140.133255
119.773155
0.404070
-16.954977
-51.093357
86.758507
-101.370880
2.868253
-0.128448
6.143652
11.474792
3.698965
10.489812
11.157490
-6.266286
-11.690703
5.379048
-1.062435
-2.560127
-2.709557
-11.611217
9.151525
-6.773327
-0.220328
-0.108977
-2.262070
-5.461865
3.252465
6.665119
-2.472441
1.829970
4.439316
-0.794783
-3.104917
-4.226545
-2.948218
-2.949124
0.961133
-2.277047
-4.712473
7.765125
21.967989
25.011162
13.863700
-21.803366
0.218722
-4.898074
52.051041
10.387140
56.863487
18.177166
222.081528
33.832546
17.493454
-5.383609
0.759865
-6.827960
-4.413679
11.649729
-1.664756
16.364124
-1.091174
1.663337
-27.362526
52.661835
-16.172586
52.867489
-50.746052
228.726517
2.075753
10.755055
4.379955
3.061028
-41.408890
-1.054167
-42.913017
-67.337646
75.730507
-3.217024
-9.521347
-109.975266
-96.226593
-12.832816
6.340330
40.285561
-77.306969
86.215195
5.662021
-3.172538
2.444966
-1.803334
6.171542
9.263307
6.013964
1.071310
5.025461
34.445618
13.280176
20.818125
62.506184
93.618469
3.766873
-8.077544
-1.572312
2.828458
-2.996666
9.238194
4.993266
4.477166
5.489932
3.336647
16.648058
21.054466
12.252964
21.701191
65.776726
82.961487
10.384949
12.372327
0.866961
-3.569063
-2.365879
-4.807961
-13.075784
3.292130
-4.939752
-0.034816
-32.859550
-22.361742
-21.287697
-13.007297
-131.118652
-63.112244
-7.575150
-4.131042
-4.778724
7.567336
0.543565
-9.918629
-0.873816
-10.349903
-4.771094
-2.188059
3.014813
-40.858967
-4.481482
-40.343365
-17.527203
-151.340210
-6.516028
-4.607250
0.563850
-0.277060
0.580897
-0.246749
-0.062810
-0.272903
-0.111170
0.405167
-0.246482
-0.032761
-0.013643
-0.443522
-0.196899
-0.191840
0.071981
-0.316481
0.563850
-0.277060
0.580897
-0.246749
-0.062810
-0.272903
-0.111170
0.405167
-0.246482
-0.032761
-0.013643
-0.443522
-0.196899
-0.191840
0.071981
-0.316481
0.563850
-0.277060
0.580897
-0.246749
-0.062810
-0.272903
-0.111170
0.405167
-0.246482
-0.032761
-0.013643
-0.443522
-0.196899
-0.191840
0.071981
-0.316481
0.563850
-0.277060
0.580897
-0.246749
-0.062810
-0.272903
-0.111170
0.405167
-0.246482
-0.032761
-0.013643
-0.443522
-0.196899
-0.191840
0.071981
-0.316481
0.563850
-0.277060
0.580897
-0.246749
-0.062810
-0.272903
-0.111170
0.405167
-0.246482
-0.032761
-0.013643
-0.443522
-0.196899
-0.191840
0.071981
-0.316481
0.563850
-0.277060
0.580897
-0.246749
-0.062810
-0.272903
-0.111170
0.405167
-0.246482
-0.032761
-0.013643
-0.443522
-0.196899
-0.191840
0.071981
-0.316481
