2.985484
0.808482
81.987770
54.352123
1.325971
-38.563766
-19.025599
21.137136
87.351494
-40.182690
76.801422
89.160416
-74.331367
-7.113491
29.029949
45.788296
-2.339887
1.276431
-10.470144
4.352307
18.107033
-6.798179
-0.439193
-8.793169
-2.348306
-14.080183
-13.511004
2.638609
-3.769719
0.091939
-6.005231
-4.091405
-0.955128
-1.198392
-68.548279
-42.964512
-1.975586
31.247894
17.424652
-20.081373
-75.946945
30.590288
-65.206009
-69.011551
56.027187
8.060870
-24.622938
-33.572594
-0.387366
0.384344
0.334129
-0.492548
-0.041603
-0.040805
-0.276994
-0.277788
0.030797
0.275999
-0.580607
-0.563266
0.753405
-0.223726
-0.333114
-0.706651
-0.387366
0.384344
0.334129
-0.492548
-0.041603
-0.040805
-0.276994
-0.277788
0.030797
0.275999
-0.580607
-0.563266
0.753405
-0.223726
-0.333114
-0.706651
-0.387366
0.384344
0.334129
-0.492548
-0.041603
-0.040805
-0.276994
-0.277788
0.030797
0.275999
-0.580607
-0.563266
0.753405
-0.223726
-0.333114
-0.706651
-0.387366
0.384344
0.334129
-0.492548
-0.041603
-0.040805
-0.276994
-0.277788
0.030797
0.275999
-0.580607
-0.563266
0.753405
-0.223726
-0.333114
-0.706651
-0.387366
0.384344
0.334129
-0.492548
-0.041603
-0.040805
-0.276994
-0.277788
0.030797
0.275999
-0.580607
-0.563266
0.753405
-0.223726
-0.333114
-0.706651
-0.387366
0.384344
0.334129
-0.492548
-0.041603
-0.040805
-0.276994
-0.277788
0.030797
0.275999
-0.580607
-0.563266
0.753405
-0.223726
-0.333114
-0.706651
-0.387366
0.384344
0.334129
-0.492548
-0.041603
-0.040805
-0.276994
-0.277788
0.030797
0.275999
-0.580607
-0.563266
0.753405
-0.223726
-0.333114
-0.706651
-0.387366
0.384344
0.334129
-0.492548
-0.041603
-0.040805
-0.276994
-0.277788
0.030797
0.275999
-0.580607
-0.563266
0.753405
-0.223726
-0.333114
-0.706651
-0.387366
0.384344
0.334129
-0.492548
-0.041603
-0.040805
-0.276994
-0.277788
0.030797
0.275999
-0.580607
-0.563266
0.753405
-0.223726
-0.333114
-0.706651
-0.387366
0.384344
0.334129
-0.492548
-0.041603
-0.040805
-0.276994
-0.277788
0.030797
0.275999
-0.580607
-0.563266
0.753405
-0.223726
-0.333114
-0.706651
-0.387366
0.384344
0.334129
-0.492548
-0.041603
-0.040805
-0.276994
-0.277788
0.030797
0.275999
-0.580607
-0.563266
0.753405
-0.223726
-0.333114
-0.706651
-0.387366
0.384344
0.334129
-0.492548
-0.041603
-0.040805
-0.276994
-0.277788
0.030797
0.275999
-0.580607
-0.563266
0.753405
-0.223726
-0.333114
-0.706651
-0.387366
0.384344
0.334129
-0.492548
-0.041603
-0.040805
-0.276994
-0.277788
0.030797
0.275999
-0.580607
-0.563266
0.753405
-0.223726
-0.333114
-0.706651
-0.387366
0.384344
0.334129
-0.492548
-0.041603
-0.040805
-0.276994
-0.277788
0.030797
0.275999
-0.580607
-0.563266
0.753405
-0.223726
-0.333114
-0.706651
-0.387366
0.384344
0.334129
-0.492548
-0.041603
-0.040805
-0.276994
-0.277788
0.030797
0.275999
-0.580607
-0.563266
0.753405
-0.223726
-0.333114
-0.706651
-0.387366
0.384344
0.334129
-0.492548
-0.041603
-0.040805
-0.276994
-0.277788
0.030797
0.275999
-0.580607
-0.563266
0.753405
-0.223726
-0.333114
-0.706651
-0.387366
0.384344
0.334129
-0.492548
-0.041603
-0.040805
-0.276994
-0.277788
0.030797
0.275999
-0.580607
-0.563266
0.753405
-0.223726
-0.333114
-0.706651
