-0.878052
-1.484947
-2.351200
18.269463
3.581916
-24.728842
-5.742178
0.570285
-16.078833
-4.434557
1.068308
19.984114
-1.459207
5.790262
-6.905291
7.012428
-1.053817
1.782161
75.918442
-83.674957
-26.112757
-3.993410
26.078375
24.078547
-10.764110
-100.327179
124.050941
-54.014587
-8.906093
62.934818
67.118088
-18.833712
14.195566
-5.656878
-23.848557
41.278378
20.416311
-27.102753
-7.567615
-12.485934
16.989305
-3.595843
-7.319596
26.318913
-30.587692
-11.772374
13.491329
11.497957
0.952057
1.636071
-47.823689
53.815956
18.640009
4.989178
-14.727755
-19.713598
4.563436
65.758331
-80.324738
33.288124
6.830766
-41.025181
-38.950142
7.392023
-1.658608
-0.009280
-0.239993
-0.325885
0.082804
0.309040
0.357648
0.125782
0.011854
0.684859
0.020764
-0.474020
0.974145
0.187148
0.403431
-0.801807
-1.658608
-0.009280
-0.239993
-0.325885
0.082804
0.309040
0.357648
0.125782
0.011854
0.684859
0.020764
-0.474020
0.974145
0.187148
0.403431
-0.801807
-1.658608
-0.009280
-0.239993
-0.325885
0.082804
0.309040
0.357648
0.125782
0.011854
0.684859
0.020764
-0.474020
0.974145
0.187148
0.403431
-0.801807
-1.658608
-0.009280
-0.239993
-0.325885
0.082804
0.309040
0.357648
0.125782
0.011854
0.684859
0.020764
-0.474020
0.974145
0.187148
0.403431
-0.801807
-1.658608
-0.009280
-0.239993
-0.325885
0.082804
0.309040
0.357648
0.125782
0.011854
0.684859
0.020764
-0.474020
0.974145
0.187148
0.403431
-0.801807
-1.658608
-0.009280
-0.239993
-0.325885
0.082804
0.309040
0.357648
0.125782
0.011854
0.684859
0.020764
-0.474020
0.974145
0.187148
0.403431
-0.801807
-1.658608
-0.009280
-0.239993
-0.325885
0.082804
0.309040
0.357648
0.125782
0.011854
0.684859
0.020764
-0.474020
0.974145
0.187148
0.403431
-0.801807
-1.658608
-0.009280
-0.239993
-0.325885
0.082804
0.309040
0.357648
0.125782
0.011854
0.684859
0.020764
-0.474020
0.974145
0.187148
0.403431
-0.801807
-1.658608
-0.009280
-0.239993
-0.325885
0.082804
0.309040
0.357648
0.125782
0.011854
0.684859
0.020764
-0.474020
0.974145
0.187148
0.403431
-0.801807
-1.658608
-0.009280
-0.239993
-0.325885
0.082804
0.309040
0.357648
0.125782
0.011854
0.684859
0.020764
-0.474020
0.974145
0.187148
0.403431
-0.801807
-1.658608
-0.009280
-0.239993
-0.325885
0.082804
0.309040
0.357648
0.125782
0.011854
0.684859
0.020764
-0.474020
0.974145
0.187148
0.403431
-0.801807
-1.658608
-0.009280
-0.239993
-0.325885
0.082804
0.309040
0.357648
0.125782
0.011854
0.684859
0.020764
-0.474020
0.974145
0.187148
0.403431
-0.801807
-1.658608
-0.009280
-0.239993
-0.325885
0.082804
0.309040
0.357648
0.125782
0.011854
0.684859
0.020764
-0.474020
0.974145
0.187148
0.403431
-0.801807
-1.658608
-0.009280
-0.239993
-0.325885
0.082804
0.309040
0.357648
0.125782
0.011854
0.684859
0.020764
-0.474020
0.974145
0.187148
0.403431
-0.801807
-1.658608
-0.009280
-0.239993
-0.325885
0.082804
0.309040
0.357648
0.125782
0.011854
0.684859
0.020764
-0.474020
0.974145
0.187148
0.403431
-0.801807
-1.658608
-0.009280
-0.239993
-0.325885
0.082804
0.309040
0.357648
0.125782
0.011854
0.684859
0.020764
-0.474020
0.974145
0.187148
0.403431
-0.801807
