-0.111040
-0.554267
-0.361423
-3.431933
5.215504
5.004802
-4.418435
-0.432835
3.696900
-1.146842
-6.991879
-2.733467
-3.282834
-5.445409
-0.292837
-2.279645
1.309446
-3.270749
-83.503754
14.052983
12.656087
21.937765
6.215357
-31.174204
-46.187160
69.328339
-119.509727
-27.995758
52.870426
-29.507437
-51.802879
-9.820996
-1.548324
3.958639
75.109245
-16.884682
-12.618278
-17.708481
-4.626800
34.691231
43.973877
-60.817940
113.332802
28.189919
-48.427284
28.495415
46.536697
11.834190
-0.002831
0.353895
0.514877
-1.072366
-0.119612
0.100600
-0.394548
-0.586121
-0.025643
-0.489952
-0.186760
-0.489592
0.608078
0.369745
-0.164964
-0.538958
-0.002831
0.353895
0.514877
-1.072366
-0.119612
0.100600
-0.394548
-0.586121
-0.025643
-0.489952
-0.186760
-0.489592
0.608078
0.369745
-0.164964
-0.538958
-0.002831
0.353895
0.514877
-1.072366
-0.119612
0.100600
-0.394548
-0.586121
-0.025643
-0.489952
-0.186760
-0.489592
0.608078
0.369745
-0.164964
-0.538958
-0.002831
0.353895
0.514877
-1.072366
-0.119612
0.100600
-0.394548
-0.586121
-0.025643
-0.489952
-0.186760
-0.489592
0.608078
0.369745
-0.164964
-0.538958
-0.002831
0.353895
0.514877
-1.072366
-0.119612
0.100600
-0.394548
-0.586121
-0.025643
-0.489952
-0.186760
-0.489592
0.608078
0.369745
-0.164964
-0.538958
-0.002831
0.353895
0.514877
-1.072366
-0.119612
0.100600
-0.394548
-0.586121
-0.025643
-0.489952
-0.186760
-0.489592
0.608078
0.369745
-0.164964
-0.538958
-0.002831
0.353895
0.514877
-1.072366
-0.119612
0.100600
-0.394548
-0.586121
-0.025643
-0.489952
-0.186760
-0.489592
0.608078
0.369745
-0.164964
-0.538958
-0.002831
0.353895
0.514877
-1.072366
-0.119612
0.100600
-0.394548
-0.586121
-0.025643
-0.489952
-0.186760
-0.489592
0.608078
0.369745
-0.164964
-0.538958
-0.002831
0.353895
0.514877
-1.072366
-0.119612
0.100600
-0.394548
-0.586121
-0.025643
-0.489952
-0.186760
-0.489592
0.608078
0.369745
-0.164964
-0.538958
-0.002831
0.353895
0.514877
-1.072366
-0.119612
0.100600
-0.394548
-0.586121
-0.025643
-0.489952
-0.186760
-0.489592
0.608078
0.369745
-0.164964
-0.538958
-0.002831
0.353895
0.514877
-1.072366
-0.119612
0.100600
-0.394548
-0.586121
-0.025643
-0.489952
-0.186760
-0.489592
0.608078
0.369745
-0.164964
-0.538958
-0.002831
0.353895
0.514877
-1.072366
-0.119612
0.100600
-0.394548
-0.586121
-0.025643
-0.489952
-0.186760
-0.489592
0.608078
0.369745
-0.164964
-0.538958
-0.002831
0.353895
0.514877
-1.072366
-0.119612
0.100600
-0.394548
-0.586121
-0.025643
-0.489952
-0.186760
-0.489592
0.608078
0.369745
-0.164964
-0.538958
-0.002831
0.353895
0.514877
-1.072366
-0.119612
0.100600
-0.394548
-0.586121
-0.025643
-0.489952
-0.186760
-0.489592
0.608078
0.369745
-0.164964
-0.538958
-0.002831
0.353895
0.514877
-1.072366
-0.119612
0.100600
-0.394548
-0.586121
-0.025643
-0.489952
-0.186760
-0.489592
0.608078
0.369745
-0.164964
-0.538958
-0.002831
0.353895
0.514877
-1.072366
-0.119612
0.100600
-0.394548
-0.586121
-0.025643
-0.489952
-0.186760
-0.489592
0.608078
0.369745
-0.164964
-0.538958
-0.002831
0.353895
0.514877
-1.072366
-0.119612
0.100600
-0.394548
-0.586121
-0.025643
-0.489952
-0.186760
-0.489592
0.608078
0.369745
-0.164964
-0.538958
