2.674158
1.501169
7.138527
2.094797
-8.852393
-3.333795
0.590414
-4.854568
-2.010743
5.791822
6.916318
-1.016924
7.077609
-1.771067
-1.385529
3.242762
-0.110376
2.883626
-93.017540
-44.998531
28.863634
17.021208
3.380388
-26.873581
-83.682564
42.202839
-79.831978
-93.405472
76.163513
-26.343658
-22.744518
-76.997025
2.735039
-4.318729
87.623055
47.467487
-29.949982
-16.746254
-3.263329
16.769390
81.169106
-41.725445
80.283829
92.293724
-74.747444
27.532763
27.022596
78.796265
-1.109846
0.422448
0.038000
-0.162586
-0.459881
0.522987
0.785088
0.183754
-0.154955
-0.521242
-0.361980
0.596542
-0.435070
-0.433026
-0.051273
0.509862
-1.109846
0.422448
0.038000
-0.162586
-0.459881
0.522987
0.785088
0.183754
-0.154955
-0.521242
-0.361980
0.596542
-0.435070
-0.433026
-0.051273
0.509862
-1.109846
0.422448
0.038000
-0.162586
-0.459881
0.522987
0.785088
0.183754
-0.154955
-0.521242
-0.361980
0.596542
-0.435070
-0.433026
-0.051273
0.509862
-1.109846
0.422448
0.038000
-0.162586
-0.459881
0.522987
0.785088
0.183754
-0.154955
-0.521242
-0.361980
0.596542
-0.435070
-0.433026
-0.051273
0.509862
-1.109846
0.422448
0.038000
-0.162586
-0.459881
0.522987
0.785088
0.183754
-0.154955
-0.521242
-0.361980
0.596542
-0.435070
-0.433026
-0.051273
0.509862
-1.109846
0.422448
0.038000
-0.162586
-0.459881
0.522987
0.785088
0.183754
-0.154955
-0.521242
-0.361980
0.596542
-0.435070
-0.433026
-0.051273
0.509862
-1.109846
0.422448
0.038000
-0.162586
-0.459881
0.522987
0.785088
0.183754
-0.154955
-0.521242
-0.361980
0.596542
-0.435070
-0.433026
-0.051273
0.509862
-1.109846
0.422448
0.038000
-0.162586
-0.459881
0.522987
0.785088
0.183754
-0.154955
-0.521242
-0.361980
0.596542
-0.435070
-0.433026
-0.051273
0.509862
-1.109846
0.422448
0.038000
-0.162586
-0.459881
0.522987
0.785088
0.183754
-0.154955
-0.521242
-0.361980
0.596542
-0.435070
-0.433026
-0.051273
0.509862
-1.109846
0.422448
0.038000
-0.162586
-0.459881
0.522987
0.785088
0.183754
-0.154955
-0.521242
-0.361980
0.596542
-0.435070
-0.433026
-0.051273
0.509862
-1.109846
0.422448
0.038000
-0.162586
-0.459881
0.522987
0.785088
0.183754
-0.154955
-0.521242
-0.361980
0.596542
-0.435070
-0.433026
-0.051273
0.509862
-1.109846
0.422448
0.038000
-0.162586
-0.459881
0.522987
0.785088
0.183754
-0.154955
-0.521242
-0.361980
0.596542
-0.435070
-0.433026
-0.051273
0.509862
-1.109846
0.422448
0.038000
-0.162586
-0.459881
0.522987
0.785088
0.183754
-0.154955
-0.521242
-0.361980
0.596542
-0.435070
-0.433026
-0.051273
0.509862
-1.109846
0.422448
0.038000
-0.162586
-0.459881
0.522987
0.785088
0.183754
-0.154955
-0.521242
-0.361980
0.596542
-0.435070
-0.433026
-0.051273
0.509862
-1.109846
0.422448
0.038000
-0.162586
-0.459881
0.522987
0.785088
0.183754
-0.154955
-0.521242
-0.361980
0.596542
-0.435070
-0.433026
-0.051273
0.509862
-1.109846
0.422448
0.038000
-0.162586
-0.459881
0.522987
0.785088
0.183754
-0.154955
-0.521242
-0.361980
0.596542
-0.435070
-0.433026
-0.051273
0.509862
-1.109846
0.422448
0.038000
-0.162586
-0.459881
0.522987
0.785088
0.183754
-0.154955
-0.521242
-0.361980
0.596542
-0.435070
-0.433026
-0.051273
0.509862
