-2.509310
0.768803
7.292900
2.450943
-8.325570
-2.537736
-1.769551
-5.243705
-1.805150
6.578936
9.491950
-0.231634
4.612258
-2.129650
1.661763
4.733704
-1.846396
0.582137
61.094574
48.725826
4.860913
-29.814707
-32.474735
9.194854
97.426117
-19.894821
29.174368
100.459763
-64.626831
-22.665703
-10.786719
48.379799
4.050770
3.127259
9.058981
-9.538166
-16.508297
9.779768
-0.793053
6.791195
6.740752
14.876430
11.838367
-7.862816
4.477791
-2.096591
7.072329
-0.345488
1.930739
-0.654018
-58.434189
-45.339142
-0.747361
27.740858
24.004730
-8.565969
-79.426498
15.827390
-25.789566
-96.388893
60.254757
13.050353
7.805228
-46.178871
-0.196492
-0.114064
0.005103
0.553317
-0.069613
-0.620122
0.331678
0.109478
1.008795
-0.615505
0.210603
-0.075257
-0.271915
0.460156
0.600556
-0.298971
-0.196492
-0.114064
0.005103
0.553317
-0.069613
-0.620122
0.331678
0.109478
1.008795
-0.615505
0.210603
-0.075257
-0.271915
0.460156
0.600556
-0.298971
-0.196492
-0.114064
0.005103
0.553317
-0.069613
-0.620122
0.331678
0.109478
1.008795
-0.615505
0.210603
-0.075257
-0.271915
0.460156
0.600556
-0.298971
-0.196492
-0.114064
0.005103
0.553317
-0.069613
-0.620122
0.331678
0.109478
1.008795
-0.615505
0.210603
-0.075257
-0.271915
0.460156
0.600556
-0.298971
-0.196492
-0.114064
0.005103
0.553317
-0.069613
-0.620122
0.331678
0.109478
1.008795
-0.615505
0.210603
-0.075257
-0.271915
0.460156
0.600556
-0.298971
-0.196492
-0.114064
0.005103
0.553317
-0.069613
-0.620122
0.331678
0.109478
1.008795
-0.615505
0.210603
-0.075257
-0.271915
0.460156
0.600556
-0.298971
-0.196492
-0.114064
0.005103
0.553317
-0.069613
-0.620122
0.331678
0.109478
1.008795
-0.615505
0.210603
-0.075257
-0.271915
0.460156
0.600556
-0.298971
-0.196492
-0.114064
0.005103
0.553317
-0.069613
-0.620122
0.331678
0.109478
1.008795
-0.615505
0.210603
-0.075257
-0.271915
0.460156
0.600556
-0.298971
-0.196492
-0.114064
0.005103
0.553317
-0.069613
-0.620122
0.331678
0.109478
1.008795
-0.615505
0.210603
-0.075257
-0.271915
0.460156
0.600556
-0.298971
-0.196492
-0.114064
0.005103
0.553317
-0.069613
-0.620122
0.331678
0.109478
1.008795
-0.615505
0.210603
-0.075257
-0.271915
0.460156
0.600556
-0.298971
-0.196492
-0.114064
0.005103
0.553317
-0.069613
-0.620122
0.331678
0.109478
1.008795
-0.615505
0.210603
-0.075257
-0.271915
0.460156
0.600556
-0.298971
-0.196492
-0.114064
0.005103
0.553317
-0.069613
-0.620122
0.331678
0.109478
1.008795
-0.615505
0.210603
-0.075257
-0.271915
0.460156
0.600556
-0.298971
-0.196492
-0.114064
0.005103
0.553317
-0.069613
-0.620122
0.331678
0.109478
1.008795
-0.615505
0.210603
-0.075257
-0.271915
0.460156
0.600556
-0.298971
-0.196492
-0.114064
0.005103
0.553317
-0.069613
-0.620122
0.331678
0.109478
1.008795
-0.615505
0.210603
-0.075257
-0.271915
0.460156
0.600556
-0.298971
-0.196492
-0.114064
0.005103
0.553317
-0.069613
-0.620122
0.331678
0.109478
1.008795
-0.615505
0.210603
-0.075257
-0.271915
0.460156
0.600556
-0.298971
-0.196492
-0.114064
0.005103
0.553317
-0.069613
-0.620122
0.331678
0.109478
1.008795
-0.615505
0.210603
-0.075257
-0.271915
0.460156
0.600556
-0.298971
