-7.451202
3.507370
-264.969543
-1517.645264
-790.941589
-305.271698
-352.537018
-58.712223
-321.899231
997.781555
1735.262817
-765.201294
-538.145752
2088.494385
-1193.755127
-1084.521606
1.178122
0.395507
6.384508
0.529553
-7.493963
-1.543612
-1.600910
-5.430350
-0.403122
3.669188
4.908499
-1.892569
3.609978
-2.870242
1.123666
3.750246
-1.355660
1.347428
-6.834465
14.721934
4.264874
-8.509853
-0.349993
0.649647
6.168507
9.024086
22.438494
8.657817
16.210609
0.353994
-8.075678
4.396060
4.685450
-2.286534
105.479362
721.088684
369.487152
157.371231
165.478104
31.411718
165.177643
-466.695160
-826.765686
338.389801
282.034943
-974.683167
546.184265
529.305237
-3.627927
-3.590134
16.891146
72.080360
37.148609
10.158195
16.085278
-1.358827
13.533766
-47.806416
-79.650772
41.442104
21.019398
-97.159317
58.391792
50.605598
2.633120
-0.770551
27.213093
81.706444
48.974709
11.128194
21.789541
1.008479
11.544469
-59.424442
-93.935524
58.214634
11.965243
-128.563721
79.091438
49.638298
2.638247
2.303682
21.841282
305.888153
151.768173
74.553497
71.277435
18.428181
82.806824
-190.472198
-356.446869
115.331848
143.628311
-400.446960
213.357224
236.967926
-0.144016
-1.294848
-0.844458
0.333003
-0.002490
0.483871
0.145584
0.399112
0.602897
-0.263250
-0.807864
-0.084724
-0.119774
-0.045808
0.315156
0.657380
-0.144016
-1.294848
-0.844458
0.333003
-0.002490
0.483871
0.145584
0.399112
0.602897
-0.263250
-0.807864
-0.084724
-0.119774
-0.045808
0.315156
0.657380
-0.144016
-1.294848
-0.844458
0.333003
-0.002490
0.483871
0.145584
0.399112
0.602897
-0.263250
-0.807864
-0.084724
-0.119774
-0.045808
0.315156
0.657380
-0.144016
-1.294848
-0.844458
0.333003
-0.002490
0.483871
0.145584
0.399112
0.602897
-0.263250
-0.807864
-0.084724
-0.119774
-0.045808
0.315156
0.657380
-0.144016
-1.294848
-0.844458
0.333003
-0.002490
0.483871
0.145584
0.399112
0.602897
-0.263250
-0.807864
-0.084724
-0.119774
-0.045808
0.315156
0.657380
-0.144016
-1.294848
-0.844458
0.333003
-0.002490
0.483871
0.145584
0.399112
0.602897
-0.263250
-0.807864
-0.084724
-0.119774
-0.045808
0.315156
0.657380
-0.144016
-1.294848
-0.844458
0.333003
-0.002490
0.483871
0.145584
0.399112
0.602897
-0.263250
-0.807864
-0.084724
-0.119774
-0.045808
0.315156
0.657380
-0.144016
-1.294848
-0.844458
0.333003
-0.002490
0.483871
0.145584
0.399112
0.602897
-0.263250
-0.807864
-0.084724
-0.119774
-0.045808
0.315156
0.657380
-0.144016
-1.294848
-0.844458
0.333003
-0.002490
0.483871
0.145584
0.399112
0.602897
-0.263250
-0.807864
-0.084724
-0.119774
-0.045808
0.315156
0.657380
-0.144016
-1.294848
-0.844458
0.333003
-0.002490
0.483871
0.145584
0.399112
0.602897
-0.263250
-0.807864
-0.084724
-0.119774
-0.045808
0.315156
0.657380
-0.144016
-1.294848
-0.844458
0.333003
-0.002490
0.483871
0.145584
0.399112
0.602897
-0.263250
-0.807864
-0.084724
-0.119774
-0.045808
0.315156
0.657380
-0.144016
-1.294848
-0.844458
0.333003
-0.002490
0.483871
0.145584
0.399112
0.602897
-0.263250
-0.807864
-0.084724
-0.119774
-0.045808
0.315156
0.657380
-0.144016
-1.294848
-0.844458
0.333003
-0.002490
0.483871
0.145584
0.399112
0.602897
-0.263250
-0.807864
-0.084724
-0.119774
-0.045808
0.315156
0.657380
