4.912603
-6.799247
34.996658
22.610474
-21.243822
-13.928976
-12.082797
10.392791
-0.699201
-14.519502
27.535162
4.217187
-6.810685
23.971233
6.614851
-19.520643
1.007269
0.262161
71.361679
28.241301
-61.410717
-96.062996
37.974129
174.626755
7.562930
-171.754333
-37.408325
49.900475
-39.955959
204.874512
-17.336851
108.634369
0.793697
-1.690589
-70.191910
-27.305191
61.335140
94.053146
-42.039787
-174.018875
-7.971501
170.125687
38.334339
-45.928703
42.326466
-202.861084
15.086243
-108.314156
-0.454345
0.897090
-0.018574
0.393023
0.040321
-0.484933
-0.583329
-0.434589
0.069077
-0.021798
0.818218
0.424033
-0.244631
0.015689
0.267645
0.030583
-0.454345
0.897090
-0.018574
0.393023
0.040321
-0.484933
-0.583329
-0.434589
0.069077
-0.021798
0.818218
0.424033
-0.244631
0.015689
0.267645
0.030583
-0.454345
0.897090
-0.018574
0.393023
0.040321
-0.484933
-0.583329
-0.434589
0.069077
-0.021798
0.818218
0.424033
-0.244631
0.015689
0.267645
0.030583
-0.454345
0.897090
-0.018574
0.393023
0.040321
-0.484933
-0.583329
-0.434589
0.069077
-0.021798
0.818218
0.424033
-0.244631
0.015689
0.267645
0.030583
-0.454345
0.897090
-0.018574
0.393023
0.040321
-0.484933
-0.583329
-0.434589
0.069077
-0.021798
0.818218
0.424033
-0.244631
0.015689
0.267645
0.030583
-0.454345
0.897090
-0.018574
0.393023
0.040321
-0.484933
-0.583329
-0.434589
0.069077
-0.021798
0.818218
0.424033
-0.244631
0.015689
0.267645
0.030583
-0.454345
0.897090
-0.018574
0.393023
0.040321
-0.484933
-0.583329
-0.434589
0.069077
-0.021798
0.818218
0.424033
-0.244631
0.015689
0.267645
0.030583
-0.454345
0.897090
-0.018574
0.393023
0.040321
-0.484933
-0.583329
-0.434589
0.069077
-0.021798
0.818218
0.424033
-0.244631
0.015689
0.267645
0.030583
-0.454345
0.897090
-0.018574
0.393023
0.040321
-0.484933
-0.583329
-0.434589
0.069077
-0.021798
0.818218
0.424033
-0.244631
0.015689
0.267645
0.030583
-0.454345
0.897090
-0.018574
0.393023
0.040321
-0.484933
-0.583329
-0.434589
0.069077
-0.021798
0.818218
0.424033
-0.244631
0.015689
0.267645
0.030583
-0.454345
0.897090
-0.018574
0.393023
0.040321
-0.484933
-0.583329
-0.434589
0.069077
-0.021798
0.818218
0.424033
-0.244631
0.015689
0.267645
0.030583
-0.454345
0.897090
-0.018574
0.393023
0.040321
-0.484933
-0.583329
-0.434589
0.069077
-0.021798
0.818218
0.424033
-0.244631
0.015689
0.267645
0.030583
-0.454345
0.897090
-0.018574
0.393023
0.040321
-0.484933
-0.583329
-0.434589
0.069077
-0.021798
0.818218
0.424033
-0.244631
0.015689
0.267645
0.030583
-0.454345
0.897090
-0.018574
0.393023
0.040321
-0.484933
-0.583329
-0.434589
0.069077
-0.021798
0.818218
0.424033
-0.244631
0.015689
0.267645
0.030583
-0.454345
0.897090
-0.018574
0.393023
0.040321
-0.484933
-0.583329
-0.434589
0.069077
-0.021798
0.818218
0.424033
-0.244631
0.015689
0.267645
0.030583
-0.454345
0.897090
-0.018574
0.393023
0.040321
-0.484933
-0.583329
-0.434589
0.069077
-0.021798
0.818218
0.424033
-0.244631
0.015689
0.267645
0.030583
-0.454345
0.897090
-0.018574
0.393023
0.040321
-0.484933
-0.583329
-0.434589
0.069077
-0.021798
0.818218
0.424033
-0.244631
0.015689
0.267645
0.030583
