-1.405670
3.724433
16.039824
-1.319773
-27.386143
8.018566
-1.917515
6.693182
0.830564
10.574100
8.792746
-12.897237
6.011599
-7.557469
8.175580
-3.256860
-0.530778
0.941076
-0.758946
6.115812
3.771224
-6.210831
-0.243042
-2.742444
-3.672753
-0.804499
-2.280295
5.905721
3.688080
2.186028
-4.013417
-1.487519
-3.894356
-9.083286
0.994220
-49.125244
-3.212306
27.948959
15.812217
2.889022
-9.355157
10.014094
-10.289690
-20.562380
24.606419
-11.488475
-20.196901
5.474176
2.503937
-1.589607
33.618019
61.902065
26.980017
-145.278229
-118.888069
163.568100
177.004745
-123.119247
-58.530987
8.594761
-219.760635
119.317947
-121.497482
62.629650
1.243865
1.021283
-0.348361
-5.893488
-2.225560
5.884741
0.138363
2.315852
3.722662
0.235382
1.473099
-5.612578
-4.357156
-3.465029
2.437329
2.388703
1.859813
3.420620
-3.946628
-9.053678
-9.922464
22.676744
21.079193
-21.912245
-26.583853
12.931154
7.605596
2.554819
29.914005
-14.615890
19.928032
-7.877931
-2.254770
-1.588614
-17.134306
-33.439476
-17.022169
83.946373
71.573006
-91.989792
-103.316353
65.683693
31.912107
-4.176560
123.191971
-63.167564
69.897415
-31.396040
-0.219813
0.424154
-0.358453
-0.099276
0.362989
0.311616
-0.153738
-0.123325
0.094940
-0.196319
0.153324
0.089112
-0.298107
-0.295776
0.293558
0.267292
-0.219813
0.424154
-0.358453
-0.099276
0.362989
0.311616
-0.153738
-0.123325
0.094940
-0.196319
0.153324
0.089112
-0.298107
-0.295776
0.293558
0.267292
-0.219813
0.424154
-0.358453
-0.099276
0.362989
0.311616
-0.153738
-0.123325
0.094940
-0.196319
0.153324
0.089112
-0.298107
-0.295776
0.293558
0.267292
-0.219813
0.424154
-0.358453
-0.099276
0.362989
0.311616
-0.153738
-0.123325
0.094940
-0.196319
0.153324
0.089112
-0.298107
-0.295776
0.293558
0.267292
-0.219813
0.424154
-0.358453
-0.099276
0.362989
0.311616
-0.153738
-0.123325
0.094940
-0.196319
0.153324
0.089112
-0.298107
-0.295776
0.293558
0.267292
-0.219813
0.424154
-0.358453
-0.099276
0.362989
0.311616
-0.153738
-0.123325
0.094940
-0.196319
0.153324
0.089112
-0.298107
-0.295776
0.293558
0.267292
-0.219813
0.424154
-0.358453
-0.099276
0.362989
0.311616
-0.153738
-0.123325
0.094940
-0.196319
0.153324
0.089112
-0.298107
-0.295776
0.293558
0.267292
-0.219813
0.424154
-0.358453
-0.099276
0.362989
0.311616
-0.153738
-0.123325
0.094940
-0.196319
0.153324
0.089112
-0.298107
-0.295776
0.293558
0.267292
-0.219813
0.424154
-0.358453
-0.099276
0.362989
0.311616
-0.153738
-0.123325
0.094940
-0.196319
0.153324
0.089112
-0.298107
-0.295776
0.293558
0.267292
-0.219813
0.424154
-0.358453
-0.099276
0.362989
0.311616
-0.153738
-0.123325
0.094940
-0.196319
0.153324
0.089112
-0.298107
-0.295776
0.293558
0.267292
-0.219813
0.424154
-0.358453
-0.099276
0.362989
0.311616
-0.153738
-0.123325
0.094940
-0.196319
0.153324
0.089112
-0.298107
-0.295776
0.293558
0.267292
-0.219813
0.424154
-0.358453
-0.099276
0.362989
0.311616
-0.153738
-0.123325
0.094940
-0.196319
0.153324
0.089112
-0.298107
-0.295776
0.293558
0.267292
-0.219813
0.424154
-0.358453
-0.099276
0.362989
0.311616
-0.153738
-0.123325
0.094940
-0.196319
0.153324
0.089112
-0.298107
-0.295776
0.293558
0.267292
