-9.486158
0.991780
40.636185
-19.380785
-32.560265
18.090714
8.707932
11.031692
-17.538612
-2.883425
18.459101
-20.406113
17.953655
29.342155
-3.291954
-16.214533
-0.989267
-1.364974
-54.666752
-20.236393
56.594440
104.010277
-97.219429
-188.315323
17.589289
247.030304
52.498554
-20.534742
20.574566
-252.346176
7.441627
-116.909958
1.766009
-0.575126
7.108313
0.218248
-7.286241
-4.685460
14.676457
11.140689
-6.537458
-20.150652
-3.435222
-0.059934
8.499567
14.112647
4.720810
7.361860
-1.404044
2.177794
41.034962
13.857651
-46.506283
-80.666733
71.753891
143.188751
-18.923584
-184.054504
-38.957790
22.868023
-22.464647
195.175858
-9.610897
94.988678
0.619363
-0.869140
0.009828
-0.103076
0.219310
-0.504034
-0.592754
-0.066177
0.204271
0.213947
-0.036146
-0.265357
0.288334
-0.694443
-0.441360
0.008676
0.619363
-0.869140
0.009828
-0.103076
0.219310
-0.504034
-0.592754
-0.066177
0.204271
0.213947
-0.036146
-0.265357
0.288334
-0.694443
-0.441360
0.008676
0.619363
-0.869140
0.009828
-0.103076
0.219310
-0.504034
-0.592754
-0.066177
0.204271
0.213947
-0.036146
-0.265357
0.288334
-0.694443
-0.441360
0.008676
0.619363
-0.869140
0.009828
-0.103076
0.219310
-0.504034
-0.592754
-0.066177
0.204271
0.213947
-0.036146
-0.265357
0.288334
-0.694443
-0.441360
0.008676
0.619363
-0.869140
0.009828
-0.103076
0.219310
-0.504034
-0.592754
-0.066177
0.204271
0.213947
-0.036146
-0.265357
0.288334
-0.694443
-0.441360
0.008676
0.619363
-0.869140
0.009828
-0.103076
0.219310
-0.504034
-0.592754
-0.066177
0.204271
0.213947
-0.036146
-0.265357
0.288334
-0.694443
-0.441360
0.008676
0.619363
-0.869140
0.009828
-0.103076
0.219310
-0.504034
-0.592754
-0.066177
0.204271
0.213947
-0.036146
-0.265357
0.288334
-0.694443
-0.441360
0.008676
0.619363
-0.869140
0.009828
-0.103076
0.219310
-0.504034
-0.592754
-0.066177
0.204271
0.213947
-0.036146
-0.265357
0.288334
-0.694443
-0.441360
0.008676
0.619363
-0.869140
0.009828
-0.103076
0.219310
-0.504034
-0.592754
-0.066177
0.204271
0.213947
-0.036146
-0.265357
0.288334
-0.694443
-0.441360
0.008676
0.619363
-0.869140
0.009828
-0.103076
0.219310
-0.504034
-0.592754
-0.066177
0.204271
0.213947
-0.036146
-0.265357
0.288334
-0.694443
-0.441360
0.008676
0.619363
-0.869140
0.009828
-0.103076
0.219310
-0.504034
-0.592754
-0.066177
0.204271
0.213947
-0.036146
-0.265357
0.288334
-0.694443
-0.441360
0.008676
0.619363
-0.869140
0.009828
-0.103076
0.219310
-0.504034
-0.592754
-0.066177
0.204271
0.213947
-0.036146
-0.265357
0.288334
-0.694443
-0.441360
0.008676
0.619363
-0.869140
0.009828
-0.103076
0.219310
-0.504034
-0.592754
-0.066177
0.204271
0.213947
-0.036146
-0.265357
0.288334
-0.694443
-0.441360
0.008676
0.619363
-0.869140
0.009828
-0.103076
0.219310
-0.504034
-0.592754
-0.066177
0.204271
0.213947
-0.036146
-0.265357
0.288334
-0.694443
-0.441360
0.008676
0.619363
-0.869140
0.009828
-0.103076
0.219310
-0.504034
-0.592754
-0.066177
0.204271
0.213947
-0.036146
-0.265357
0.288334
-0.694443
-0.441360
0.008676
0.619363
-0.869140
0.009828
-0.103076
0.219310
-0.504034
-0.592754
-0.066177
0.204271
0.213947
-0.036146
-0.265357
0.288334
-0.694443
-0.441360
0.008676
