13.243501
31.796926
-19.727247
36.239002
13.611071
-19.135340
-23.242535
-10.552180
6.716921
-3.088180
-8.291541
27.132065
-16.915318
-10.936888
15.725212
-5.653563
-0.852402
0.267438
39.750839
-20.404024
-91.286797
63.079109
228.196228
-30.312033
-142.646194
-11.989303
77.636948
61.356949
233.478302
38.050751
131.174240
33.568218
0.617654
-2.094943
-24.535727
15.113564
63.620029
-44.193661
-164.850983
18.705215
99.200531
10.972083
-54.143375
-40.514172
-173.538513
-28.203024
-92.227867
-24.078569
-0.340705
0.505081
0.262712
0.011683
-0.895262
-0.377097
-0.087265
0.146040
0.268468
0.064526
0.574560
0.226838
0.317722
0.605526
0.248102
-0.297125
-0.340705
0.505081
0.262712
0.011683
-0.895262
-0.377097
-0.087265
0.146040
0.268468
0.064526
0.574560
0.226838
0.317722
0.605526
0.248102
-0.297125
-0.340705
0.505081
0.262712
0.011683
-0.895262
-0.377097
-0.087265
0.146040
0.268468
0.064526
0.574560
0.226838
0.317722
0.605526
0.248102
-0.297125
-0.340705
0.505081
0.262712
0.011683
-0.895262
-0.377097
-0.087265
0.146040
0.268468
0.064526
0.574560
0.226838
0.317722
0.605526
0.248102
-0.297125
-0.340705
0.505081
0.262712
0.011683
-0.895262
-0.377097
-0.087265
0.146040
0.268468
0.064526
0.574560
0.226838
0.317722
0.605526
0.248102
-0.297125
-0.340705
0.505081
0.262712
0.011683
-0.895262
-0.377097
-0.087265
0.146040
0.268468
0.064526
0.574560
0.226838
0.317722
0.605526
0.248102
-0.297125
-0.340705
0.505081
0.262712
0.011683
-0.895262
-0.377097
-0.087265
0.146040
0.268468
0.064526
0.574560
0.226838
0.317722
0.605526
0.248102
-0.297125
-0.340705
0.505081
0.262712
0.011683
-0.895262
-0.377097
-0.087265
0.146040
0.268468
0.064526
0.574560
0.226838
0.317722
0.605526
0.248102
-0.297125
-0.340705
0.505081
0.262712
0.011683
-0.895262
-0.377097
-0.087265
0.146040
0.268468
0.064526
0.574560
0.226838
0.317722
0.605526
0.248102
-0.297125
-0.340705
0.505081
0.262712
0.011683
-0.895262
-0.377097
-0.087265
0.146040
0.268468
0.064526
0.574560
0.226838
0.317722
0.605526
0.248102
-0.297125
-0.340705
0.505081
0.262712
0.011683
-0.895262
-0.377097
-0.087265
0.146040
0.268468
0.064526
0.574560
0.226838
0.317722
0.605526
0.248102
-0.297125
-0.340705
0.505081
0.262712
0.011683
-0.895262
-0.377097
-0.087265
0.146040
0.268468
0.064526
0.574560
0.226838
0.317722
0.605526
0.248102
-0.297125
-0.340705
0.505081
0.262712
0.011683
-0.895262
-0.377097
-0.087265
0.146040
0.268468
0.064526
0.574560
0.226838
0.317722
0.605526
0.248102
-0.297125
-0.340705
0.505081
0.262712
0.011683
-0.895262
-0.377097
-0.087265
0.146040
0.268468
0.064526
0.574560
0.226838
0.317722
0.605526
0.248102
-0.297125
-0.340705
0.505081
0.262712
0.011683
-0.895262
-0.377097
-0.087265
0.146040
0.268468
0.064526
0.574560
0.226838
0.317722
0.605526
0.248102
-0.297125
-0.340705
0.505081
0.262712
0.011683
-0.895262
-0.377097
-0.087265
0.146040
0.268468
0.064526
0.574560
0.226838
0.317722
0.605526
0.248102
-0.297125
-0.340705
0.505081
0.262712
0.011683
-0.895262
-0.377097
-0.087265
0.146040
0.268468
0.064526
0.574560
0.226838
0.317722
0.605526
0.248102
-0.297125
