0.553299
-0.174177
-5.451851
-1.540910
6.143788
5.115980
4.903452
3.003558
-0.986699
-0.730049
-3.664971
-0.058404
-2.400863
2.496333
1.384312
-3.263488
-0.951724
-1.779445
-9.969539
2.765129
5.558214
-1.020142
-0.571133
1.188725
-2.718722
8.949685
10.427245
18.109798
12.741076
11.018298
-7.977041
-5.221459
-2.663572
3.924567
-1072.843506
-864.930908
-661.021118
307.495056
-341.831360
107.084457
312.880280
832.046082
748.151672
-1540.047119
848.634277
1782.526733
-1364.530762
24.339535
-1.355354
2.950035
9.805053
1.073856
-6.476908
-1.722625
-2.851166
3.326732
0.965575
-7.558639
-6.826468
-13.597528
-7.897571
-6.598409
8.551241
2.680957
3.546124
-1.583545
807.377380
641.676208
495.794525
-233.334152
259.425995
-81.608803
-237.123199
-620.274658
-553.904907
1160.005737
-644.604431
-1334.105347
1020.810486
-24.355240
-0.090754
-0.040889
33.381176
49.912983
32.479519
-1.919598
16.320614
0.125818
-1.299574
-42.486202
-53.271629
52.154987
-9.181670
-87.058159
58.010185
18.816484
-2.925055
2.061486
81.880005
40.458126
35.289795
-27.156332
19.231373
-11.918907
-32.984539
-48.573277
-24.617643
108.617035
-81.129745
-101.100510
87.603973
-21.059746
0.354435
-0.481282
0.348403
0.242995
0.403061
0.358803
0.341210
-0.302727
-0.047991
0.210695
-0.252613
-0.191490
-0.040595
-0.582883
-0.296549
0.213335
0.354435
-0.481282
0.348403
0.242995
0.403061
0.358803
0.341210
-0.302727
-0.047991
0.210695
-0.252613
-0.191490
-0.040595
-0.582883
-0.296549
0.213335
0.354435
-0.481282
0.348403
0.242995
0.403061
0.358803
0.341210
-0.302727
-0.047991
0.210695
-0.252613
-0.191490
-0.040595
-0.582883
-0.296549
0.213335
0.354435
-0.481282
0.348403
0.242995
0.403061
0.358803
0.341210
-0.302727
-0.047991
0.210695
-0.252613
-0.191490
-0.040595
-0.582883
-0.296549
0.213335
0.354435
-0.481282
0.348403
0.242995
0.403061
0.358803
0.341210
-0.302727
-0.047991
0.210695
-0.252613
-0.191490
-0.040595
-0.582883
-0.296549
0.213335
0.354435
-0.481282
0.348403
0.242995
0.403061
0.358803
0.341210
-0.302727
-0.047991
0.210695
-0.252613
-0.191490
-0.040595
-0.582883
-0.296549
0.213335
0.354435
-0.481282
0.348403
0.242995
0.403061
0.358803
0.341210
-0.302727
-0.047991
0.210695
-0.252613
-0.191490
-0.040595
-0.582883
-0.296549
0.213335
0.354435
-0.481282
0.348403
0.242995
0.403061
0.358803
0.341210
-0.302727
-0.047991
0.210695
-0.252613
-0.191490
-0.040595
-0.582883
-0.296549
0.213335
0.354435
-0.481282
0.348403
0.242995
0.403061
0.358803
0.341210
-0.302727
-0.047991
0.210695
-0.252613
-0.191490
-0.040595
-0.582883
-0.296549
0.213335
0.354435
-0.481282
0.348403
0.242995
0.403061
0.358803
0.341210
-0.302727
-0.047991
0.210695
-0.252613
-0.191490
-0.040595
-0.582883
-0.296549
0.213335
0.354435
-0.481282
0.348403
0.242995
0.403061
0.358803
0.341210
-0.302727
-0.047991
0.210695
-0.252613
-0.191490
-0.040595
-0.582883
-0.296549
0.213335
0.354435
-0.481282
0.348403
0.242995
0.403061
0.358803
0.341210
-0.302727
-0.047991
0.210695
-0.252613
-0.191490
-0.040595
-0.582883
-0.296549
0.213335
0.354435
-0.481282
0.348403
0.242995
0.403061
0.358803
0.341210
-0.302727
-0.047991
0.210695
-0.252613
-0.191490
-0.040595
-0.582883
-0.296549
0.213335
