0.383130
0.455052
1.080795
3.069426
-4.312819
-5.104523
2.613715
0.246550
-4.013141
-2.289126
6.728755
4.024669
2.781556
4.359652
-0.820796
3.820158
-0.081402
-2.651734
-1.917857
49.765739
18.061232
-41.014877
-59.470963
36.871677
86.594604
29.546391
-57.125320
6.960786
-71.196320
-19.737333
-43.207924
10.575654
0.799524
1.770825
0.853980
-28.748201
-12.770874
24.055969
38.051476
-22.093557
-52.448425
-22.589279
36.321243
-3.637040
41.034855
13.749987
30.914652
-6.962412
-0.150795
0.203796
0.024126
0.181682
-0.403782
-0.597931
-0.783298
0.584567
-0.160065
0.453014
-0.157375
-0.049020
-0.074921
-0.256921
-0.506626
0.291580
-0.150795
0.203796
0.024126
0.181682
-0.403782
-0.597931
-0.783298
0.584567
-0.160065
0.453014
-0.157375
-0.049020
-0.074921
-0.256921
-0.506626
0.291580
-0.150795
0.203796
0.024126
0.181682
-0.403782
-0.597931
-0.783298
0.584567
-0.160065
0.453014
-0.157375
-0.049020
-0.074921
-0.256921
-0.506626
0.291580
-0.150795
0.203796
0.024126
0.181682
-0.403782
-0.597931
-0.783298
0.584567
-0.160065
0.453014
-0.157375
-0.049020
-0.074921
-0.256921
-0.506626
0.291580
-0.150795
0.203796
0.024126
0.181682
-0.403782
-0.597931
-0.783298
0.584567
-0.160065
0.453014
-0.157375
-0.049020
-0.074921
-0.256921
-0.506626
0.291580
-0.150795
0.203796
0.024126
0.181682
-0.403782
-0.597931
-0.783298
0.584567
-0.160065
0.453014
-0.157375
-0.049020
-0.074921
-0.256921
-0.506626
0.291580
-0.150795
0.203796
0.024126
0.181682
-0.403782
-0.597931
-0.783298
0.584567
-0.160065
0.453014
-0.157375
-0.049020
-0.074921
-0.256921
-0.506626
0.291580
-0.150795
0.203796
0.024126
0.181682
-0.403782
-0.597931
-0.783298
0.584567
-0.160065
0.453014
-0.157375
-0.049020
-0.074921
-0.256921
-0.506626
0.291580
-0.150795
0.203796
0.024126
0.181682
-0.403782
-0.597931
-0.783298
0.584567
-0.160065
0.453014
-0.157375
-0.049020
-0.074921
-0.256921
-0.506626
0.291580
-0.150795
0.203796
0.024126
0.181682
-0.403782
-0.597931
-0.783298
0.584567
-0.160065
0.453014
-0.157375
-0.049020
-0.074921
-0.256921
-0.506626
0.291580
-0.150795
0.203796
0.024126
0.181682
-0.403782
-0.597931
-0.783298
0.584567
-0.160065
0.453014
-0.157375
-0.049020
-0.074921
-0.256921
-0.506626
0.291580
-0.150795
0.203796
0.024126
0.181682
-0.403782
-0.597931
-0.783298
0.584567
-0.160065
0.453014
-0.157375
-0.049020
-0.074921
-0.256921
-0.506626
0.291580
-0.150795
0.203796
0.024126
0.181682
-0.403782
-0.597931
-0.783298
0.584567
-0.160065
0.453014
-0.157375
-0.049020
-0.074921
-0.256921
-0.506626
0.291580
-0.150795
0.203796
0.024126
0.181682
-0.403782
-0.597931
-0.783298
0.584567
-0.160065
0.453014
-0.157375
-0.049020
-0.074921
-0.256921
-0.506626
0.291580
-0.150795
0.203796
0.024126
0.181682
-0.403782
-0.597931
-0.783298
0.584567
-0.160065
0.453014
-0.157375
-0.049020
-0.074921
-0.256921
-0.506626
0.291580
-0.150795
0.203796
0.024126
0.181682
-0.403782
-0.597931
-0.783298
0.584567
-0.160065
0.453014
-0.157375
-0.049020
-0.074921
-0.256921
-0.506626
0.291580
-0.150795
0.203796
0.024126
0.181682
-0.403782
-0.597931
-0.783298
0.584567
-0.160065
0.453014
-0.157375
-0.049020
-0.074921
-0.256921
-0.506626
0.291580
