0.085418
-1.259619
-3.732238
3.926347
7.812433
-0.864682
5.444974
-1.813593
-2.884498
-2.286332
-4.152667
5.156651
1.611312
2.748714
-2.296957
-2.739654
1.925075
-0.428386
-39.549938
-14.707238
29.317799
-10.481235
-50.139526
66.122910
76.800133
20.692104
-35.461941
-38.815113
19.091139
65.703323
-58.255836
-9.099014
-1.688815
1.160245
21.834047
6.473724
-20.409388
5.789130
26.993109
-33.892769
-40.515663
-14.516910
17.642002
20.947405
-6.369458
-35.288788
31.083612
5.109347
0.340443
0.076080
0.417337
-0.495125
-0.677785
0.307787
-0.401019
0.135431
0.097239
0.802223
0.616937
-0.674484
0.348582
0.232867
0.306774
-0.571769
0.340443
0.076080
0.417337
-0.495125
-0.677785
0.307787
-0.401019
0.135431
0.097239
0.802223
0.616937
-0.674484
0.348582
0.232867
0.306774
-0.571769
0.340443
0.076080
0.417337
-0.495125
-0.677785
0.307787
-0.401019
0.135431
0.097239
0.802223
0.616937
-0.674484
0.348582
0.232867
0.306774
-0.571769
0.340443
0.076080
0.417337
-0.495125
-0.677785
0.307787
-0.401019
0.135431
0.097239
0.802223
0.616937
-0.674484
0.348582
0.232867
0.306774
-0.571769
0.340443
0.076080
0.417337
-0.495125
-0.677785
0.307787
-0.401019
0.135431
0.097239
0.802223
0.616937
-0.674484
0.348582
0.232867
0.306774
-0.571769
0.340443
0.076080
0.417337
-0.495125
-0.677785
0.307787
-0.401019
0.135431
0.097239
0.802223
0.616937
-0.674484
0.348582
0.232867
0.306774
-0.571769
0.340443
0.076080
0.417337
-0.495125
-0.677785
0.307787
-0.401019
0.135431
0.097239
0.802223
0.616937
-0.674484
0.348582
0.232867
0.306774
-0.571769
0.340443
0.076080
0.417337
-0.495125
-0.677785
0.307787
-0.401019
0.135431
0.097239
0.802223
0.616937
-0.674484
0.348582
0.232867
0.306774
-0.571769
0.340443
0.076080
0.417337
-0.495125
-0.677785
0.307787
-0.401019
0.135431
0.097239
0.802223
0.616937
-0.674484
0.348582
0.232867
0.306774
-0.571769
0.340443
0.076080
0.417337
-0.495125
-0.677785
0.307787
-0.401019
0.135431
0.097239
0.802223
0.616937
-0.674484
0.348582
0.232867
0.306774
-0.571769
0.340443
0.076080
0.417337
-0.495125
-0.677785
0.307787
-0.401019
0.135431
0.097239
0.802223
0.616937
-0.674484
0.348582
0.232867
0.306774
-0.571769
0.340443
0.076080
0.417337
-0.495125
-0.677785
0.307787
-0.401019
0.135431
0.097239
0.802223
0.616937
-0.674484
0.348582
0.232867
0.306774
-0.571769
0.340443
0.076080
0.417337
-0.495125
-0.677785
0.307787
-0.401019
0.135431
0.097239
0.802223
0.616937
-0.674484
0.348582
0.232867
0.306774
-0.571769
0.340443
0.076080
0.417337
-0.495125
-0.677785
0.307787
-0.401019
0.135431
0.097239
0.802223
0.616937
-0.674484
0.348582
0.232867
0.306774
-0.571769
0.340443
0.076080
0.417337
-0.495125
-0.677785
0.307787
-0.401019
0.135431
0.097239
0.802223
0.616937
-0.674484
0.348582
0.232867
0.306774
-0.571769
0.340443
0.076080
0.417337
-0.495125
-0.677785
0.307787
-0.401019
0.135431
0.097239
0.802223
0.616937
-0.674484
0.348582
0.232867
0.306774
-0.571769
0.340443
0.076080
0.417337
-0.495125
-0.677785
0.307787
-0.401019
0.135431
0.097239
0.802223
0.616937
-0.674484
0.348582
0.232867
0.306774
-0.571769
