-2.935113
-8.292065
-46.254436
-19.814106
36.166576
10.120127
5.892374
-14.900947
6.415600
18.257843
-31.756718
1.138021
2.807766
-30.195194
-12.002195
26.297003
-1.511325
1.011752
0.731491
-5.634587
-2.329132
7.016976
-0.379731
2.941947
2.773013
-1.843109
-1.517675
-6.874832
-4.415721
-0.630111
2.411298
-0.877275
-0.973306
1.555796
-31.731695
16.981434
21.720562
-22.161467
7.711525
56.258347
40.010658
-35.119400
-50.428268
3.776993
41.649536
27.921379
-47.222759
26.817881
1.032002
-0.040893
26.572725
-19.126396
-19.010862
19.424643
-11.465520
-57.131882
-40.744102
34.295277
45.664055
-3.880668
-40.566929
-23.838852
43.629177
-23.595831
-0.337907
0.306911
0.718702
-0.399244
-0.218933
-0.123181
0.377638
0.434615
0.203716
-0.330713
0.400925
-0.801953
-0.399497
0.552454
0.188452
0.164013
-0.337907
0.306911
0.718702
-0.399244
-0.218933
-0.123181
0.377638
0.434615
0.203716
-0.330713
0.400925
-0.801953
-0.399497
0.552454
0.188452
0.164013
-0.337907
0.306911
0.718702
-0.399244
-0.218933
-0.123181
0.377638
0.434615
0.203716
-0.330713
0.400925
-0.801953
-0.399497
0.552454
0.188452
0.164013
-0.337907
0.306911
0.718702
-0.399244
-0.218933
-0.123181
0.377638
0.434615
0.203716
-0.330713
0.400925
-0.801953
-0.399497
0.552454
0.188452
0.164013
-0.337907
0.306911
0.718702
-0.399244
-0.218933
-0.123181
0.377638
0.434615
0.203716
-0.330713
0.400925
-0.801953
-0.399497
0.552454
0.188452
0.164013
-0.337907
0.306911
0.718702
-0.399244
-0.218933
-0.123181
0.377638
0.434615
0.203716
-0.330713
0.400925
-0.801953
-0.399497
0.552454
0.188452
0.164013
-0.337907
0.306911
0.718702
-0.399244
-0.218933
-0.123181
0.377638
0.434615
0.203716
-0.330713
0.400925
-0.801953
-0.399497
0.552454
0.188452
0.164013
-0.337907
0.306911
0.718702
-0.399244
-0.218933
-0.123181
0.377638
0.434615
0.203716
-0.330713
0.400925
-0.801953
-0.399497
0.552454
0.188452
0.164013
-0.337907
0.306911
0.718702
-0.399244
-0.218933
-0.123181
0.377638
0.434615
0.203716
-0.330713
0.400925
-0.801953
-0.399497
0.552454
0.188452
0.164013
-0.337907
0.306911
0.718702
-0.399244
-0.218933
-0.123181
0.377638
0.434615
0.203716
-0.330713
0.400925
-0.801953
-0.399497
0.552454
0.188452
0.164013
-0.337907
0.306911
0.718702
-0.399244
-0.218933
-0.123181
0.377638
0.434615
0.203716
-0.330713
0.400925
-0.801953
-0.399497
0.552454
0.188452
0.164013
-0.337907
0.306911
0.718702
-0.399244
-0.218933
-0.123181
0.377638
0.434615
0.203716
-0.330713
0.400925
-0.801953
-0.399497
0.552454
0.188452
0.164013
-0.337907
0.306911
0.718702
-0.399244
-0.218933
-0.123181
0.377638
0.434615
0.203716
-0.330713
0.400925
-0.801953
-0.399497
0.552454
0.188452
0.164013
-0.337907
0.306911
0.718702
-0.399244
-0.218933
-0.123181
0.377638
0.434615
0.203716
-0.330713
0.400925
-0.801953
-0.399497
0.552454
0.188452
0.164013
-0.337907
0.306911
0.718702
-0.399244
-0.218933
-0.123181
0.377638
0.434615
0.203716
-0.330713
0.400925
-0.801953
-0.399497
0.552454
0.188452
0.164013
-0.337907
0.306911
0.718702
-0.399244
-0.218933
-0.123181
0.377638
0.434615
0.203716
-0.330713
0.400925
-0.801953
-0.399497
0.552454
0.188452
0.164013
