0.923403
-0.475276
-13.628620
42.132725
-1.153169
-32.986141
50.729294
49.468143
20.203243
-64.859764
-43.588009
39.254574
70.404182
-10.872435
-17.835224
53.939312
0.440542
-0.289233
-4.493556
-4.193120
3.470665
6.894696
2.215599
4.790664
0.024901
-3.851323
-5.460675
-4.953835
-3.193823
2.980051
1.452274
-2.982631
-0.757928
-0.041639
4.239253
-22.892586
3.601339
17.192511
-26.242300
-24.465298
-8.304518
30.769209
21.451872
-19.702990
-32.458813
5.887010
8.478501
-26.836317
0.079912
0.418957
0.481418
-0.182400
0.003336
-0.155987
-0.037547
-0.815484
0.173665
0.075401
0.214315
0.467408
-0.003257
0.442075
-0.620816
-0.111717
0.079912
0.418957
0.481418
-0.182400
0.003336
-0.155987
-0.037547
-0.815484
0.173665
0.075401
0.214315
0.467408
-0.003257
0.442075
-0.620816
-0.111717
0.079912
0.418957
0.481418
-0.182400
0.003336
-0.155987
-0.037547
-0.815484
0.173665
0.075401
0.214315
0.467408
-0.003257
0.442075
-0.620816
-0.111717
0.079912
0.418957
0.481418
-0.182400
0.003336
-0.155987
-0.037547
-0.815484
0.173665
0.075401
0.214315
0.467408
-0.003257
0.442075
-0.620816
-0.111717
0.079912
0.418957
0.481418
-0.182400
0.003336
-0.155987
-0.037547
-0.815484
0.173665
0.075401
0.214315
0.467408
-0.003257
0.442075
-0.620816
-0.111717
0.079912
0.418957
0.481418
-0.182400
0.003336
-0.155987
-0.037547
-0.815484
0.173665
0.075401
0.214315
0.467408
-0.003257
0.442075
-0.620816
-0.111717
0.079912
0.418957
0.481418
-0.182400
0.003336
-0.155987
-0.037547
-0.815484
0.173665
0.075401
0.214315
0.467408
-0.003257
0.442075
-0.620816
-0.111717
0.079912
0.418957
0.481418
-0.182400
0.003336
-0.155987
-0.037547
-0.815484
0.173665
0.075401
0.214315
0.467408
-0.003257
0.442075
-0.620816
-0.111717
0.079912
0.418957
0.481418
-0.182400
0.003336
-0.155987
-0.037547
-0.815484
0.173665
0.075401
0.214315
0.467408
-0.003257
0.442075
-0.620816
-0.111717
0.079912
0.418957
0.481418
-0.182400
0.003336
-0.155987
-0.037547
-0.815484
0.173665
0.075401
0.214315
0.467408
-0.003257
0.442075
-0.620816
-0.111717
0.079912
0.418957
0.481418
-0.182400
0.003336
-0.155987
-0.037547
-0.815484
0.173665
0.075401
0.214315
0.467408
-0.003257
0.442075
-0.620816
-0.111717
0.079912
0.418957
0.481418
-0.182400
0.003336
-0.155987
-0.037547
-0.815484
0.173665
0.075401
0.214315
0.467408
-0.003257
0.442075
-0.620816
-0.111717
0.079912
0.418957
0.481418
-0.182400
0.003336
-0.155987
-0.037547
-0.815484
0.173665
0.075401
0.214315
0.467408
-0.003257
0.442075
-0.620816
-0.111717
0.079912
0.418957
0.481418
-0.182400
0.003336
-0.155987
-0.037547
-0.815484
0.173665
0.075401
0.214315
0.467408
-0.003257
0.442075
-0.620816
-0.111717
0.079912
0.418957
0.481418
-0.182400
0.003336
-0.155987
-0.037547
-0.815484
0.173665
0.075401
0.214315
0.467408
-0.003257
0.442075
-0.620816
-0.111717
0.079912
0.418957
0.481418
-0.182400
0.003336
-0.155987
-0.037547
-0.815484
0.173665
0.075401
0.214315
0.467408
-0.003257
0.442075
-0.620816
-0.111717
0.079912
0.418957
0.481418
-0.182400
0.003336
-0.155987
-0.037547
-0.815484
0.173665
0.075401
0.214315
0.467408
-0.003257
0.442075
-0.620816
-0.111717
