-0.854416
0.415396
5.732345
5.135577
-6.325625
-6.384845
1.639973
-4.948383
-2.645052
4.017766
8.119667
1.344796
5.262626
-0.702705
1.216977
2.728341
2.958165
0.432948
42.442135
17.199846
-19.890188
-1.920989
33.831348
-43.851280
-67.289261
-7.112595
30.737331
34.684879
-0.429972
-58.245388
48.719101
9.071342
2.015007
-1.096498
-38.876270
-15.951823
21.593107
0.910524
-31.864435
36.043518
61.511082
7.435479
-27.750500
-30.356022
-1.622067
55.474720
-44.455013
-4.199392
-0.538746
-0.211768
0.353885
0.923423
0.008390
-0.499956
0.572337
0.190482
0.208933
-0.233412
0.006819
0.242564
-0.309750
-0.079863
0.244219
0.331394
-0.538746
-0.211768
0.353885
0.923423
0.008390
-0.499956
0.572337
0.190482
0.208933
-0.233412
0.006819
0.242564
-0.309750
-0.079863
0.244219
0.331394
-0.538746
-0.211768
0.353885
0.923423
0.008390
-0.499956
0.572337
0.190482
0.208933
-0.233412
0.006819
0.242564
-0.309750
-0.079863
0.244219
0.331394
-0.538746
-0.211768
0.353885
0.923423
0.008390
-0.499956
0.572337
0.190482
0.208933
-0.233412
0.006819
0.242564
-0.309750
-0.079863
0.244219
0.331394
-0.538746
-0.211768
0.353885
0.923423
0.008390
-0.499956
0.572337
0.190482
0.208933
-0.233412
0.006819
0.242564
-0.309750
-0.079863
0.244219
0.331394
-0.538746
-0.211768
0.353885
0.923423
0.008390
-0.499956
0.572337
0.190482
0.208933
-0.233412
0.006819
0.242564
-0.309750
-0.079863
0.244219
0.331394
-0.538746
-0.211768
0.353885
0.923423
0.008390
-0.499956
0.572337
0.190482
0.208933
-0.233412
0.006819
0.242564
-0.309750
-0.079863
0.244219
0.331394
-0.538746
-0.211768
0.353885
0.923423
0.008390
-0.499956
0.572337
0.190482
0.208933
-0.233412
0.006819
0.242564
-0.309750
-0.079863
0.244219
0.331394
-0.538746
-0.211768
0.353885
0.923423
0.008390
-0.499956
0.572337
0.190482
0.208933
-0.233412
0.006819
0.242564
-0.309750
-0.079863
0.244219
0.331394
-0.538746
-0.211768
0.353885
0.923423
0.008390
-0.499956
0.572337
0.190482
0.208933
-0.233412
0.006819
0.242564
-0.309750
-0.079863
0.244219
0.331394
-0.538746
-0.211768
0.353885
0.923423
0.008390
-0.499956
0.572337
0.190482
0.208933
-0.233412
0.006819
0.242564
-0.309750
-0.079863
0.244219
0.331394
-0.538746
-0.211768
0.353885
0.923423
0.008390
-0.499956
0.572337
0.190482
0.208933
-0.233412
0.006819
0.242564
-0.309750
-0.079863
0.244219
0.331394
-0.538746
-0.211768
0.353885
0.923423
0.008390
-0.499956
0.572337
0.190482
0.208933
-0.233412
0.006819
0.242564
-0.309750
-0.079863
0.244219
0.331394
-0.538746
-0.211768
0.353885
0.923423
0.008390
-0.499956
0.572337
0.190482
0.208933
-0.233412
0.006819
0.242564
-0.309750
-0.079863
0.244219
0.331394
-0.538746
-0.211768
0.353885
0.923423
0.008390
-0.499956
0.572337
0.190482
0.208933
-0.233412
0.006819
0.242564
-0.309750
-0.079863
0.244219
0.331394
-0.538746
-0.211768
0.353885
0.923423
0.008390
-0.499956
0.572337
0.190482
0.208933
-0.233412
0.006819
0.242564
-0.309750
-0.079863
0.244219
0.331394
-0.538746
-0.211768
0.353885
0.923423
0.008390
-0.499956
0.572337
0.190482
0.208933
-0.233412
0.006819
0.242564
-0.309750
-0.079863
0.244219
0.331394
