-0.414075
-0.590703
4.300196
5.430303
-0.767867
-6.949669
0.792378
-3.793661
-1.460264
1.161815
1.004906
3.219961
3.643701
-1.173440
-1.877535
0.709306
1.611592
1.296773
8.680861
15.714214
-4.897084
-5.400677
-0.233757
-0.222241
6.572724
2.995950
21.797729
-10.550823
13.784562
-10.468211
-4.045071
8.532901
-6.223906
-3.849029
930.035217
-1265.795166
-339.500427
-676.764221
-219.798065
-384.910614
-862.765381
460.681122
1832.266602
696.234070
-1687.604492
1053.831787
-155.695404
-1574.812744
-0.919691
-1.377221
-351.294952
447.139618
115.632111
249.843445
75.444954
142.930908
318.840424
-156.546234
-654.920715
-274.210175
623.276550
-362.874542
38.875977
572.878662
1.616131
1.791313
-50.739830
62.959164
17.457752
34.004723
8.740068
21.333120
44.675106
-23.648561
-93.657425
-37.862408
89.690613
-53.702045
8.472508
78.894005
0.508682
0.908781
-56.141407
82.720001
20.915953
41.914597
12.719090
24.067123
52.040478
-30.825897
-116.600220
-42.270370
106.075363
-68.154770
11.293818
95.911530
0.662245
0.969430
-278.091125
346.104095
89.254745
196.939560
61.348743
111.992775
250.701660
-117.576172
-509.407349
-217.801132
490.412720
-279.753296
22.575058
448.013000
-0.013301
-0.348085
-0.121337
0.355164
-0.223310
-0.428557
0.113953
0.492248
-0.161460
0.130346
-0.122360
-0.351320
0.436994
0.784255
-0.167468
0.419839
-0.013301
-0.348085
-0.121337
0.355164
-0.223310
-0.428557
0.113953
0.492248
-0.161460
0.130346
-0.122360
-0.351320
0.436994
0.784255
-0.167468
0.419839
-0.013301
-0.348085
-0.121337
0.355164
-0.223310
-0.428557
0.113953
0.492248
-0.161460
0.130346
-0.122360
-0.351320
0.436994
0.784255
-0.167468
0.419839
-0.013301
-0.348085
-0.121337
0.355164
-0.223310
-0.428557
0.113953
0.492248
-0.161460
0.130346
-0.122360
-0.351320
0.436994
0.784255
-0.167468
0.419839
-0.013301
-0.348085
-0.121337
0.355164
-0.223310
-0.428557
0.113953
0.492248
-0.161460
0.130346
-0.122360
-0.351320
0.436994
0.784255
-0.167468
0.419839
-0.013301
-0.348085
-0.121337
0.355164
-0.223310
-0.428557
0.113953
0.492248
-0.161460
0.130346
-0.122360
-0.351320
0.436994
0.784255
-0.167468
0.419839
-0.013301
-0.348085
-0.121337
0.355164
-0.223310
-0.428557
0.113953
0.492248
-0.161460
0.130346
-0.122360
-0.351320
0.436994
0.784255
-0.167468
0.419839
-0.013301
-0.348085
-0.121337
0.355164
-0.223310
-0.428557
0.113953
0.492248
-0.161460
0.130346
-0.122360
-0.351320
0.436994
0.784255
-0.167468
0.419839
-0.013301
-0.348085
-0.121337
0.355164
-0.223310
-0.428557
0.113953
0.492248
-0.161460
0.130346
-0.122360
-0.351320
0.436994
0.784255
-0.167468
0.419839
-0.013301
-0.348085
-0.121337
0.355164
-0.223310
-0.428557
0.113953
0.492248
-0.161460
0.130346
-0.122360
-0.351320
0.436994
0.784255
-0.167468
0.419839
-0.013301
-0.348085
-0.121337
0.355164
-0.223310
-0.428557
0.113953
0.492248
-0.161460
0.130346
-0.122360
-0.351320
0.436994
0.784255
-0.167468
0.419839
-0.013301
-0.348085
-0.121337
0.355164
-0.223310
-0.428557
0.113953
0.492248
-0.161460
0.130346
-0.122360
-0.351320
0.436994
0.784255
-0.167468
0.419839
-0.013301
-0.348085
-0.121337
0.355164
-0.223310
-0.428557
0.113953
0.492248
-0.161460
0.130346
-0.122360
-0.351320
0.436994
0.784255
-0.167468
0.419839
