0.134543
0.007381
3.837789
6.355380
-1.067936
-6.528427
-0.711998
-6.056802
-3.050075
5.179884
3.715760
5.572471
2.210895
-4.662936
-2.393842
2.839099
-6.903070
1.746934
41.949169
-19.618433
-27.792065
15.783219
1.803249
23.753229
-20.017530
-2.793480
17.440294
-21.938398
16.037693
13.057540
-14.211143
-10.510601
1.836675
-0.487927
17.174263
-15.107563
-51.866409
10.375736
-42.520138
36.062828
21.960890
-85.388710
18.288101
-51.794579
-159.993179
76.532059
79.755295
-199.828705
-0.010279
-0.501057
-9.693545
10.181971
34.228252
-6.671809
29.687031
-25.127174
-15.939205
57.832561
-10.029747
33.071457
104.027298
-49.897247
-51.999298
131.423065
0.502091
0.255112
0.028755
-0.273428
0.372653
0.034087
-0.249040
-0.485061
-0.488710
-0.197750
0.419944
0.041841
-0.455701
-0.556473
-0.512317
0.039149
0.502091
0.255112
0.028755
-0.273428
0.372653
0.034087
-0.249040
-0.485061
-0.488710
-0.197750
0.419944
0.041841
-0.455701
-0.556473
-0.512317
0.039149
0.502091
0.255112
0.028755
-0.273428
0.372653
0.034087
-0.249040
-0.485061
-0.488710
-0.197750
0.419944
0.041841
-0.455701
-0.556473
-0.512317
0.039149
0.502091
0.255112
0.028755
-0.273428
0.372653
0.034087
-0.249040
-0.485061
-0.488710
-0.197750
0.419944
0.041841
-0.455701
-0.556473
-0.512317
0.039149
0.502091
0.255112
0.028755
-0.273428
0.372653
0.034087
-0.249040
-0.485061
-0.488710
-0.197750
0.419944
0.041841
-0.455701
-0.556473
-0.512317
0.039149
0.502091
0.255112
0.028755
-0.273428
0.372653
0.034087
-0.249040
-0.485061
-0.488710
-0.197750
0.419944
0.041841
-0.455701
-0.556473
-0.512317
0.039149
0.502091
0.255112
0.028755
-0.273428
0.372653
0.034087
-0.249040
-0.485061
-0.488710
-0.197750
0.419944
0.041841
-0.455701
-0.556473
-0.512317
0.039149
0.502091
0.255112
0.028755
-0.273428
0.372653
0.034087
-0.249040
-0.485061
-0.488710
-0.197750
0.419944
0.041841
-0.455701
-0.556473
-0.512317
0.039149
0.502091
0.255112
0.028755
-0.273428
0.372653
0.034087
-0.249040
-0.485061
-0.488710
-0.197750
0.419944
0.041841
-0.455701
-0.556473
-0.512317
0.039149
0.502091
0.255112
0.028755
-0.273428
0.372653
0.034087
-0.249040
-0.485061
-0.488710
-0.197750
0.419944
0.041841
-0.455701
-0.556473
-0.512317
0.039149
0.502091
0.255112
0.028755
-0.273428
0.372653
0.034087
-0.249040
-0.485061
-0.488710
-0.197750
0.419944
0.041841
-0.455701
-0.556473
-0.512317
0.039149
0.502091
0.255112
0.028755
-0.273428
0.372653
0.034087
-0.249040
-0.485061
-0.488710
-0.197750
0.419944
0.041841
-0.455701
-0.556473
-0.512317
0.039149
0.502091
0.255112
0.028755
-0.273428
0.372653
0.034087
-0.249040
-0.485061
-0.488710
-0.197750
0.419944
0.041841
-0.455701
-0.556473
-0.512317
0.039149
0.502091
0.255112
0.028755
-0.273428
0.372653
0.034087
-0.249040
-0.485061
-0.488710
-0.197750
0.419944
0.041841
-0.455701
-0.556473
-0.512317
0.039149
0.502091
0.255112
0.028755
-0.273428
0.372653
0.034087
-0.249040
-0.485061
-0.488710
-0.197750
0.419944
0.041841
-0.455701
-0.556473
-0.512317
0.039149
0.502091
0.255112
0.028755
-0.273428
0.372653
0.034087
-0.249040
-0.485061
-0.488710
-0.197750
0.419944
0.041841
-0.455701
-0.556473
-0.512317
0.039149
