-2.555233
0.962146
-16.494747
-13.846916
-19.142120
57.242573
21.018389
59.157650
-93.263474
-69.570877
-49.984119
-24.473843
-2.326832
207.783630
-172.968704
-154.997864
2.840820
0.406776
7.062799
7.884463
8.163399
-21.109924
-4.444762
-24.348719
33.742958
23.867365
20.699558
15.104707
-4.693843
-80.434357
73.589813
56.929367
1.551680
-2.490908
1.330333
2.627696
5.361061
-12.749332
-5.972064
-11.345294
27.637274
18.580698
11.564191
2.780903
0.343170
-58.774380
43.251549
40.171154
0.326821
-0.446265
-0.243508
0.091050
-0.185377
0.084162
0.283846
0.347465
0.086146
0.185709
-0.293751
-0.064340
0.162559
0.292035
-0.394769
-0.087952
0.326821
-0.446265
-0.243508
0.091050
-0.185377
0.084162
0.283846
0.347465
0.086146
0.185709
-0.293751
-0.064340
0.162559
0.292035
-0.394769
-0.087952
0.326821
-0.446265
-0.243508
0.091050
-0.185377
0.084162
0.283846
0.347465
0.086146
0.185709
-0.293751
-0.064340
0.162559
0.292035
-0.394769
-0.087952
0.326821
-0.446265
-0.243508
0.091050
-0.185377
0.084162
0.283846
0.347465
0.086146
0.185709
-0.293751
-0.064340
0.162559
0.292035
-0.394769
-0.087952
0.326821
-0.446265
-0.243508
0.091050
-0.185377
0.084162
0.283846
0.347465
0.086146
0.185709
-0.293751
-0.064340
0.162559
0.292035
-0.394769
-0.087952
0.326821
-0.446265
-0.243508
0.091050
-0.185377
0.084162
0.283846
0.347465
0.086146
0.185709
-0.293751
-0.064340
0.162559
0.292035
-0.394769
-0.087952
0.326821
-0.446265
-0.243508
0.091050
-0.185377
0.084162
0.283846
0.347465
0.086146
0.185709
-0.293751
-0.064340
0.162559
0.292035
-0.394769
-0.087952
0.326821
-0.446265
-0.243508
0.091050
-0.185377
0.084162
0.283846
0.347465
0.086146
0.185709
-0.293751
-0.064340
0.162559
0.292035
-0.394769
-0.087952
0.326821
-0.446265
-0.243508
0.091050
-0.185377
0.084162
0.283846
0.347465
0.086146
0.185709
-0.293751
-0.064340
0.162559
0.292035
-0.394769
-0.087952
0.326821
-0.446265
-0.243508
0.091050
-0.185377
0.084162
0.283846
0.347465
0.086146
0.185709
-0.293751
-0.064340
0.162559
0.292035
-0.394769
-0.087952
0.326821
-0.446265
-0.243508
0.091050
-0.185377
0.084162
0.283846
0.347465
0.086146
0.185709
-0.293751
-0.064340
0.162559
0.292035
-0.394769
-0.087952
0.326821
-0.446265
-0.243508
0.091050
-0.185377
0.084162
0.283846
0.347465
0.086146
0.185709
-0.293751
-0.064340
0.162559
0.292035
-0.394769
-0.087952
0.326821
-0.446265
-0.243508
0.091050
-0.185377
0.084162
0.283846
0.347465
0.086146
0.185709
-0.293751
-0.064340
0.162559
0.292035
-0.394769
-0.087952
0.326821
-0.446265
-0.243508
0.091050
-0.185377
0.084162
0.283846
0.347465
0.086146
0.185709
-0.293751
-0.064340
0.162559
0.292035
-0.394769
-0.087952
0.326821
-0.446265
-0.243508
0.091050
-0.185377
0.084162
0.283846
0.347465
0.086146
0.185709
-0.293751
-0.064340
0.162559
0.292035
-0.394769
-0.087952
0.326821
-0.446265
-0.243508
0.091050
-0.185377
0.084162
0.283846
0.347465
0.086146
0.185709
-0.293751
-0.064340
0.162559
0.292035
-0.394769
-0.087952
0.326821
-0.446265
-0.243508
0.091050
-0.185377
0.084162
0.283846
0.347465
0.086146
0.185709
-0.293751
-0.064340
0.162559
0.292035
-0.394769
-0.087952
