0.367935
-0.376012
-6.047245
1.757076
7.930830
-1.227738
4.142724
2.293055
-4.069378
-6.232746
-5.629549
5.996422
-2.649507
2.757626
-3.408757
-2.807852
0.162200
-1.622611
-8.964427
-25.671572
-36.578377
48.057289
12.656516
71.516769
-66.942886
-84.384033
-28.599382
-33.827854
-77.433266
154.597870
-84.907356
-213.529572
1.141776
0.210915
13.864867
-7.351076
-20.861753
4.939915
-0.350017
4.045767
3.601080
15.194364
14.828025
-6.415492
-0.900366
0.617973
6.784116
-1.791965
1.239840
0.736781
-2.095250
2.012661
3.990602
-9.509528
-4.130629
-8.122244
11.356212
10.397755
1.598957
2.559961
14.793835
-20.228479
9.043993
24.876066
1.710268
-0.831508
1.289122
15.610050
25.297724
-27.590519
-6.694744
-42.364746
42.053394
48.757656
14.088767
23.754498
44.298595
-90.119194
51.937275
129.968597
0.106412
0.386890
0.222546
0.208144
-0.298971
0.023782
0.050055
0.141241
0.351635
-0.174496
-0.045301
-0.445374
0.786896
0.100973
0.305497
-0.573484
0.106412
0.386890
0.222546
0.208144
-0.298971
0.023782
0.050055
0.141241
0.351635
-0.174496
-0.045301
-0.445374
0.786896
0.100973
0.305497
-0.573484
0.106412
0.386890
0.222546
0.208144
-0.298971
0.023782
0.050055
0.141241
0.351635
-0.174496
-0.045301
-0.445374
0.786896
0.100973
0.305497
-0.573484
0.106412
0.386890
0.222546
0.208144
-0.298971
0.023782
0.050055
0.141241
0.351635
-0.174496
-0.045301
-0.445374
0.786896
0.100973
0.305497
-0.573484
0.106412
0.386890
0.222546
0.208144
-0.298971
0.023782
0.050055
0.141241
0.351635
-0.174496
-0.045301
-0.445374
0.786896
0.100973
0.305497
-0.573484
0.106412
0.386890
0.222546
0.208144
-0.298971
0.023782
0.050055
0.141241
0.351635
-0.174496
-0.045301
-0.445374
0.786896
0.100973
0.305497
-0.573484
0.106412
0.386890
0.222546
0.208144
-0.298971
0.023782
0.050055
0.141241
0.351635
-0.174496
-0.045301
-0.445374
0.786896
0.100973
0.305497
-0.573484
0.106412
0.386890
0.222546
0.208144
-0.298971
0.023782
0.050055
0.141241
0.351635
-0.174496
-0.045301
-0.445374
0.786896
0.100973
0.305497
-0.573484
0.106412
0.386890
0.222546
0.208144
-0.298971
0.023782
0.050055
0.141241
0.351635
-0.174496
-0.045301
-0.445374
0.786896
0.100973
0.305497
-0.573484
0.106412
0.386890
0.222546
0.208144
-0.298971
0.023782
0.050055
0.141241
0.351635
-0.174496
-0.045301
-0.445374
0.786896
0.100973
0.305497
-0.573484
0.106412
0.386890
0.222546
0.208144
-0.298971
0.023782
0.050055
0.141241
0.351635
-0.174496
-0.045301
-0.445374
0.786896
0.100973
0.305497
-0.573484
0.106412
0.386890
0.222546
0.208144
-0.298971
0.023782
0.050055
0.141241
0.351635
-0.174496
-0.045301
-0.445374
0.786896
0.100973
0.305497
-0.573484
0.106412
0.386890
0.222546
0.208144
-0.298971
0.023782
0.050055
0.141241
0.351635
-0.174496
-0.045301
-0.445374
0.786896
0.100973
0.305497
-0.573484
0.106412
0.386890
0.222546
0.208144
-0.298971
0.023782
0.050055
0.141241
0.351635
-0.174496
-0.045301
-0.445374
0.786896
0.100973
0.305497
-0.573484
0.106412
0.386890
0.222546
0.208144
-0.298971
0.023782
0.050055
0.141241
0.351635
-0.174496
-0.045301
-0.445374
0.786896
0.100973
0.305497
-0.573484
