1.263273
0.588325
-148.264938
-90.065819
-16.211054
-15.246215
-75.952003
190.125275
247.597977
132.039459
196.258347
146.578247
-304.220886
190.311874
-101.242203
61.762360
-0.580978
0.363731
9.826170
6.587320
3.964489
2.162855
9.357621
-17.598690
-12.681993
-7.792466
-10.985745
-8.784529
15.630737
-15.845026
8.650827
-5.367932
-1.705314
1.241565
73.978401
44.506294
8.720438
9.010675
37.508099
-93.356789
-127.731934
-66.422928
-99.044556
-76.715569
159.038498
-95.332848
50.304951
-30.694574
0.723921
-1.248913
27.940042
19.524675
1.119811
1.346948
13.910157
-30.965508
-45.336082
-25.428480
-35.938766
-28.434904
55.575569
-31.012590
18.114811
-9.285334
0.309822
-0.648595
-0.855178
0.317017
0.090130
0.432946
0.430597
0.762117
0.350694
0.082405
0.200741
-0.362537
0.001082
-0.449507
0.414461
-0.229356
0.309822
-0.648595
-0.855178
0.317017
0.090130
0.432946
0.430597
0.762117
0.350694
0.082405
0.200741
-0.362537
0.001082
-0.449507
0.414461
-0.229356
0.309822
-0.648595
-0.855178
0.317017
0.090130
0.432946
0.430597
0.762117
0.350694
0.082405
0.200741
-0.362537
0.001082
-0.449507
0.414461
-0.229356
0.309822
-0.648595
-0.855178
0.317017
0.090130
0.432946
0.430597
0.762117
0.350694
0.082405
0.200741
-0.362537
0.001082
-0.449507
0.414461
-0.229356
0.309822
-0.648595
-0.855178
0.317017
0.090130
0.432946
0.430597
0.762117
0.350694
0.082405
0.200741
-0.362537
0.001082
-0.449507
0.414461
-0.229356
0.309822
-0.648595
-0.855178
0.317017
0.090130
0.432946
0.430597
0.762117
0.350694
0.082405
0.200741
-0.362537
0.001082
-0.449507
0.414461
-0.229356
0.309822
-0.648595
-0.855178
0.317017
0.090130
0.432946
0.430597
0.762117
0.350694
0.082405
0.200741
-0.362537
0.001082
-0.449507
0.414461
-0.229356
0.309822
-0.648595
-0.855178
0.317017
0.090130
0.432946
0.430597
0.762117
0.350694
0.082405
0.200741
-0.362537
0.001082
-0.449507
0.414461
-0.229356
0.309822
-0.648595
-0.855178
0.317017
0.090130
0.432946
0.430597
0.762117
0.350694
0.082405
0.200741
-0.362537
0.001082
-0.449507
0.414461
-0.229356
0.309822
-0.648595
-0.855178
0.317017
0.090130
0.432946
0.430597
0.762117
0.350694
0.082405
0.200741
-0.362537
0.001082
-0.449507
0.414461
-0.229356
0.309822
-0.648595
-0.855178
0.317017
0.090130
0.432946
0.430597
0.762117
0.350694
0.082405
0.200741
-0.362537
0.001082
-0.449507
0.414461
-0.229356
0.309822
-0.648595
-0.855178
0.317017
0.090130
0.432946
0.430597
0.762117
0.350694
0.082405
0.200741
-0.362537
0.001082
-0.449507
0.414461
-0.229356
0.309822
-0.648595
-0.855178
0.317017
0.090130
0.432946
0.430597
0.762117
0.350694
0.082405
0.200741
-0.362537
0.001082
-0.449507
0.414461
-0.229356
0.309822
-0.648595
-0.855178
0.317017
0.090130
0.432946
0.430597
0.762117
0.350694
0.082405
0.200741
-0.362537
0.001082
-0.449507
0.414461
-0.229356
0.309822
-0.648595
-0.855178
0.317017
0.090130
0.432946
0.430597
0.762117
0.350694
0.082405
0.200741
-0.362537
0.001082
-0.449507
0.414461
-0.229356
0.309822
-0.648595
-0.855178
0.317017
0.090130
0.432946
0.430597
0.762117
0.350694
0.082405
0.200741
-0.362537
0.001082
-0.449507
0.414461
-0.229356
