-11.593054
28.300156
23.041698
-27.784664
-14.485132
23.160593
10.357659
23.859627
-18.782185
-4.966035
3.182233
-27.029387
13.908012
7.089144
-11.622466
-0.038032
1.667272
-0.147111
124.004257
-129.718124
19.618473
-12.327418
-179.746765
-114.559563
-180.846039
220.378159
-181.321228
157.521103
-147.669601
-343.973358
-43.422310
-133.706131
-0.765290
2.555716
-9.504591
9.569554
2.851950
2.890227
9.546837
3.936523
6.590718
-19.433596
8.675130
-10.187715
13.304607
18.800341
4.567707
9.666313
-0.312848
1.231246
-48.899277
49.040569
-7.166628
-0.033827
67.242027
41.101398
72.646889
-82.686089
70.203171
-60.292747
50.759640
133.134674
18.064144
53.573467
-2.542535
-2.540643
-29.774927
33.134079
-7.498381
2.467314
47.726589
32.622051
48.447567
-56.275074
50.471928
-41.265244
35.222965
92.062897
8.887385
34.090496
0.170761
-0.223534
0.146575
0.173047
0.119524
0.170425
-0.120591
-0.452621
-0.200554
0.579425
0.157363
-0.240800
-0.563784
0.156877
0.235770
0.404819
0.170761
-0.223534
0.146575
0.173047
0.119524
0.170425
-0.120591
-0.452621
-0.200554
0.579425
0.157363
-0.240800
-0.563784
0.156877
0.235770
0.404819
0.170761
-0.223534
0.146575
0.173047
0.119524
0.170425
-0.120591
-0.452621
-0.200554
0.579425
0.157363
-0.240800
-0.563784
0.156877
0.235770
0.404819
0.170761
-0.223534
0.146575
0.173047
0.119524
0.170425
-0.120591
-0.452621
-0.200554
0.579425
0.157363
-0.240800
-0.563784
0.156877
0.235770
0.404819
0.170761
-0.223534
0.146575
0.173047
0.119524
0.170425
-0.120591
-0.452621
-0.200554
0.579425
0.157363
-0.240800
-0.563784
0.156877
0.235770
0.404819
0.170761
-0.223534
0.146575
0.173047
0.119524
0.170425
-0.120591
-0.452621
-0.200554
0.579425
0.157363
-0.240800
-0.563784
0.156877
0.235770
0.404819
0.170761
-0.223534
0.146575
0.173047
0.119524
0.170425
-0.120591
-0.452621
-0.200554
0.579425
0.157363
-0.240800
-0.563784
0.156877
0.235770
0.404819
0.170761
-0.223534
0.146575
0.173047
0.119524
0.170425
-0.120591
-0.452621
-0.200554
0.579425
0.157363
-0.240800
-0.563784
0.156877
0.235770
0.404819
0.170761
-0.223534
0.146575
0.173047
0.119524
0.170425
-0.120591
-0.452621
-0.200554
0.579425
0.157363
-0.240800
-0.563784
0.156877
0.235770
0.404819
0.170761
-0.223534
0.146575
0.173047
0.119524
0.170425
-0.120591
-0.452621
-0.200554
0.579425
0.157363
-0.240800
-0.563784
0.156877
0.235770
0.404819
0.170761
-0.223534
0.146575
0.173047
0.119524
0.170425
-0.120591
-0.452621
-0.200554
0.579425
0.157363
-0.240800
-0.563784
0.156877
0.235770
0.404819
0.170761
-0.223534
0.146575
0.173047
0.119524
0.170425
-0.120591
-0.452621
-0.200554
0.579425
0.157363
-0.240800
-0.563784
0.156877
0.235770
0.404819
0.170761
-0.223534
0.146575
0.173047
0.119524
0.170425
-0.120591
-0.452621
-0.200554
0.579425
0.157363
-0.240800
-0.563784
0.156877
0.235770
0.404819
0.170761
-0.223534
0.146575
0.173047
0.119524
0.170425
-0.120591
-0.452621
-0.200554
0.579425
0.157363
-0.240800
-0.563784
0.156877
0.235770
0.404819
0.170761
-0.223534
0.146575
0.173047
0.119524
0.170425
-0.120591
-0.452621
-0.200554
0.579425
0.157363
-0.240800
-0.563784
0.156877
0.235770
0.404819
