6.881341
0.739460
-42.691517
19.806776
24.595779
-20.125566
-16.794201
-23.956381
9.811029
7.676328
-21.592482
19.379385
-12.349375
-13.610772
15.680891
6.532125
2.796655
-2.824917
43.942677
-114.189804
32.871899
-37.799644
-191.614838
-34.273735
-108.449501
249.992126
-132.903610
229.858994
-243.474411
-238.925735
-89.376137
-71.074387
-3.708977
0.929881
-37.227615
90.377342
-25.900137
27.523447
151.678528
26.196110
84.495018
-197.935684
105.859520
-178.865280
190.898254
190.572678
67.214142
55.254852
0.294289
0.527909
-0.080714
0.457736
-0.199429
-0.185327
-0.395713
0.334270
0.194667
0.082503
0.149788
-0.525831
0.299054
0.749827
0.840179
0.064998
0.294289
0.527909
-0.080714
0.457736
-0.199429
-0.185327
-0.395713
0.334270
0.194667
0.082503
0.149788
-0.525831
0.299054
0.749827
0.840179
0.064998
0.294289
0.527909
-0.080714
0.457736
-0.199429
-0.185327
-0.395713
0.334270
0.194667
0.082503
0.149788
-0.525831
0.299054
0.749827
0.840179
0.064998
0.294289
0.527909
-0.080714
0.457736
-0.199429
-0.185327
-0.395713
0.334270
0.194667
0.082503
0.149788
-0.525831
0.299054
0.749827
0.840179
0.064998
0.294289
0.527909
-0.080714
0.457736
-0.199429
-0.185327
-0.395713
0.334270
0.194667
0.082503
0.149788
-0.525831
0.299054
0.749827
0.840179
0.064998
0.294289
0.527909
-0.080714
0.457736
-0.199429
-0.185327
-0.395713
0.334270
0.194667
0.082503
0.149788
-0.525831
0.299054
0.749827
0.840179
0.064998
0.294289
0.527909
-0.080714
0.457736
-0.199429
-0.185327
-0.395713
0.334270
0.194667
0.082503
0.149788
-0.525831
0.299054
0.749827
0.840179
0.064998
0.294289
0.527909
-0.080714
0.457736
-0.199429
-0.185327
-0.395713
0.334270
0.194667
0.082503
0.149788
-0.525831
0.299054
0.749827
0.840179
0.064998
0.294289
0.527909
-0.080714
0.457736
-0.199429
-0.185327
-0.395713
0.334270
0.194667
0.082503
0.149788
-0.525831
0.299054
0.749827
0.840179
0.064998
0.294289
0.527909
-0.080714
0.457736
-0.199429
-0.185327
-0.395713
0.334270
0.194667
0.082503
0.149788
-0.525831
0.299054
0.749827
0.840179
0.064998
0.294289
0.527909
-0.080714
0.457736
-0.199429
-0.185327
-0.395713
0.334270
0.194667
0.082503
0.149788
-0.525831
0.299054
0.749827
0.840179
0.064998
0.294289
0.527909
-0.080714
0.457736
-0.199429
-0.185327
-0.395713
0.334270
0.194667
0.082503
0.149788
-0.525831
0.299054
0.749827
0.840179
0.064998
0.294289
0.527909
-0.080714
0.457736
-0.199429
-0.185327
-0.395713
0.334270
0.194667
0.082503
0.149788
-0.525831
0.299054
0.749827
0.840179
0.064998
0.294289
0.527909
-0.080714
0.457736
-0.199429
-0.185327
-0.395713
0.334270
0.194667
0.082503
0.149788
-0.525831
0.299054
0.749827
0.840179
0.064998
0.294289
0.527909
-0.080714
0.457736
-0.199429
-0.185327
-0.395713
0.334270
0.194667
0.082503
0.149788
-0.525831
0.299054
0.749827
0.840179
0.064998
0.294289
0.527909
-0.080714
0.457736
-0.199429
-0.185327
-0.395713
0.334270
0.194667
0.082503
0.149788
-0.525831
0.299054
0.749827
0.840179
0.064998
0.294289
0.527909
-0.080714
0.457736
-0.199429
-0.185327
-0.395713
0.334270
0.194667
0.082503
0.149788
-0.525831
0.299054
0.749827
0.840179
0.064998
