-0.335219
-0.920680
-3.192744
6.410898
4.993279
-7.474151
3.451955
-3.251075
-4.385662
-0.424136
-4.557364
8.027636
4.455279
1.339389
-4.034029
0.291855
-0.617559
-0.469250
-86.843590
134.278366
19.726124
93.611954
103.729095
39.381866
-85.167458
107.322067
-257.589172
-194.088989
147.981918
-212.565674
13.689328
-47.078850
2.359388
1.049219
36.206966
-54.474541
-10.297876
-38.154591
-45.352993
-14.358782
28.452694
-37.544689
105.038979
81.420746
-58.516548
87.285973
-3.291639
18.022182
-1.989202
-3.396752
23.005878
-32.846523
-4.716999
-25.414406
-25.502781
-9.526269
23.542498
-27.472996
64.497063
52.985405
-37.470230
52.589268
-6.615754
15.256747
-0.237528
-0.416838
-0.395915
0.796816
1.008321
0.091898
0.221417
0.001714
0.331389
0.381948
-0.449824
0.646790
-1.068213
0.142843
0.401772
0.719285
-0.237528
-0.416838
-0.395915
0.796816
1.008321
0.091898
0.221417
0.001714
0.331389
0.381948
-0.449824
0.646790
-1.068213
0.142843
0.401772
0.719285
-0.237528
-0.416838
-0.395915
0.796816
1.008321
0.091898
0.221417
0.001714
0.331389
0.381948
-0.449824
0.646790
-1.068213
0.142843
0.401772
0.719285
-0.237528
-0.416838
-0.395915
0.796816
1.008321
0.091898
0.221417
0.001714
0.331389
0.381948
-0.449824
0.646790
-1.068213
0.142843
0.401772
0.719285
-0.237528
-0.416838
-0.395915
0.796816
1.008321
0.091898
0.221417
0.001714
0.331389
0.381948
-0.449824
0.646790
-1.068213
0.142843
0.401772
0.719285
-0.237528
-0.416838
-0.395915
0.796816
1.008321
0.091898
0.221417
0.001714
0.331389
0.381948
-0.449824
0.646790
-1.068213
0.142843
0.401772
0.719285
-0.237528
-0.416838
-0.395915
0.796816
1.008321
0.091898
0.221417
0.001714
0.331389
0.381948
-0.449824
0.646790
-1.068213
0.142843
0.401772
0.719285
-0.237528
-0.416838
-0.395915
0.796816
1.008321
0.091898
0.221417
0.001714
0.331389
0.381948
-0.449824
0.646790
-1.068213
0.142843
0.401772
0.719285
-0.237528
-0.416838
-0.395915
0.796816
1.008321
0.091898
0.221417
0.001714
0.331389
0.381948
-0.449824
0.646790
-1.068213
0.142843
0.401772
0.719285
-0.237528
-0.416838
-0.395915
0.796816
1.008321
0.091898
0.221417
0.001714
0.331389
0.381948
-0.449824
0.646790
-1.068213
0.142843
0.401772
0.719285
-0.237528
-0.416838
-0.395915
0.796816
1.008321
0.091898
0.221417
0.001714
0.331389
0.381948
-0.449824
0.646790
-1.068213
0.142843
0.401772
0.719285
-0.237528
-0.416838
-0.395915
0.796816
1.008321
0.091898
0.221417
0.001714
0.331389
0.381948
-0.449824
0.646790
-1.068213
0.142843
0.401772
0.719285
-0.237528
-0.416838
-0.395915
0.796816
1.008321
0.091898
0.221417
0.001714
0.331389
0.381948
-0.449824
0.646790
-1.068213
0.142843
0.401772
0.719285
-0.237528
-0.416838
-0.395915
0.796816
1.008321
0.091898
0.221417
0.001714
0.331389
0.381948
-0.449824
0.646790
-1.068213
0.142843
0.401772
0.719285
-0.237528
-0.416838
-0.395915
0.796816
1.008321
0.091898
0.221417
0.001714
0.331389
0.381948
-0.449824
0.646790
-1.068213
0.142843
0.401772
0.719285
-0.237528
-0.416838
-0.395915
0.796816
1.008321
0.091898
0.221417
0.001714
0.331389
0.381948
-0.449824
0.646790
-1.068213
0.142843
0.401772
0.719285
