2.545147
1.736404
-110.687202
-71.137833
-47.725616
23.503239
3.949446
13.810485
-107.254601
-125.634705
141.708832
-264.825012
207.516434
103.792717
63.570866
3.369565
0.347530
0.508955
6.908381
-9.235010
-0.926756
8.510281
6.628520
-4.994073
-2.944076
1.607168
6.509737
0.409600
-1.214605
6.516758
8.687991
-1.018230
5.324156
0.119733
34.817707
-35.013966
-16.278154
25.024118
11.003732
17.816055
-15.879548
5.952325
13.692272
-22.579815
29.277258
0.671160
-21.090120
-10.077535
-1.548043
-1.900116
79.346230
50.068497
35.113602
-19.753345
-5.001075
-7.945117
76.730698
88.277725
-100.908592
194.360641
-152.162201
-76.486626
-48.089169
-0.973761
1.268228
1.121067
-0.300029
-0.386713
0.088542
0.391746
-0.228852
-0.436785
0.049114
0.039855
-0.406413
0.088158
-0.450826
-0.101371
-0.366899
-0.020307
1.268228
1.121067
-0.300029
-0.386713
0.088542
0.391746
-0.228852
-0.436785
0.049114
0.039855
-0.406413
0.088158
-0.450826
-0.101371
-0.366899
-0.020307
1.268228
1.121067
-0.300029
-0.386713
0.088542
0.391746
-0.228852
-0.436785
0.049114
0.039855
-0.406413
0.088158
-0.450826
-0.101371
-0.366899
-0.020307
1.268228
1.121067
-0.300029
-0.386713
0.088542
0.391746
-0.228852
-0.436785
0.049114
0.039855
-0.406413
0.088158
-0.450826
-0.101371
-0.366899
-0.020307
1.268228
1.121067
-0.300029
-0.386713
0.088542
0.391746
-0.228852
-0.436785
0.049114
0.039855
-0.406413
0.088158
-0.450826
-0.101371
-0.366899
-0.020307
1.268228
1.121067
-0.300029
-0.386713
0.088542
0.391746
-0.228852
-0.436785
0.049114
0.039855
-0.406413
0.088158
-0.450826
-0.101371
-0.366899
-0.020307
1.268228
1.121067
-0.300029
-0.386713
0.088542
0.391746
-0.228852
-0.436785
0.049114
0.039855
-0.406413
0.088158
-0.450826
-0.101371
-0.366899
-0.020307
1.268228
1.121067
-0.300029
-0.386713
0.088542
0.391746
-0.228852
-0.436785
0.049114
0.039855
-0.406413
0.088158
-0.450826
-0.101371
-0.366899
-0.020307
1.268228
1.121067
-0.300029
-0.386713
0.088542
0.391746
-0.228852
-0.436785
0.049114
0.039855
-0.406413
0.088158
-0.450826
-0.101371
-0.366899
-0.020307
1.268228
1.121067
-0.300029
-0.386713
0.088542
0.391746
-0.228852
-0.436785
0.049114
0.039855
-0.406413
0.088158
-0.450826
-0.101371
-0.366899
-0.020307
1.268228
1.121067
-0.300029
-0.386713
0.088542
0.391746
-0.228852
-0.436785
0.049114
0.039855
-0.406413
0.088158
-0.450826
-0.101371
-0.366899
-0.020307
1.268228
1.121067
-0.300029
-0.386713
0.088542
0.391746
-0.228852
-0.436785
0.049114
0.039855
-0.406413
0.088158
-0.450826
-0.101371
-0.366899
-0.020307
1.268228
1.121067
-0.300029
-0.386713
0.088542
0.391746
-0.228852
-0.436785
0.049114
0.039855
-0.406413
0.088158
-0.450826
-0.101371
-0.366899
-0.020307
1.268228
1.121067
-0.300029
-0.386713
0.088542
0.391746
-0.228852
-0.436785
0.049114
0.039855
-0.406413
0.088158
-0.450826
-0.101371
-0.366899
-0.020307
1.268228
1.121067
-0.300029
-0.386713
0.088542
0.391746
-0.228852
-0.436785
0.049114
0.039855
-0.406413
0.088158
-0.450826
-0.101371
-0.366899
-0.020307
1.268228
1.121067
-0.300029
-0.386713
0.088542
0.391746
-0.228852
-0.436785
0.049114
0.039855
-0.406413
0.088158
-0.450826
-0.101371
-0.366899
-0.020307
