-23.622349
14.258015
-37.012032
-20.408066
29.923439
1.866911
14.247684
-19.490547
6.227665
14.160953
-24.386013
-11.180742
-4.721148
-16.883701
-3.119331
28.411316
-3.326024
2.594118
14.216996
93.989441
59.305504
25.956121
-23.133011
-51.777119
-61.919407
187.084885
-298.941925
60.517467
-9.058437
-280.714447
-15.501157
-66.936897
2.089429
-2.316799
-8.593655
-63.578308
-42.997437
-19.559692
16.557747
35.140366
44.401596
-131.046265
210.059998
-42.446991
5.460519
200.902863
11.553850
46.859844
0.296368
-0.101844
-0.273049
-0.321363
0.111750
0.383894
-0.246709
0.439333
0.217986
-0.169918
-0.147725
-0.052852
0.195920
-0.497268
-0.148090
0.402088
0.296368
-0.101844
-0.273049
-0.321363
0.111750
0.383894
-0.246709
0.439333
0.217986
-0.169918
-0.147725
-0.052852
0.195920
-0.497268
-0.148090
0.402088
0.296368
-0.101844
-0.273049
-0.321363
0.111750
0.383894
-0.246709
0.439333
0.217986
-0.169918
-0.147725
-0.052852
0.195920
-0.497268
-0.148090
0.402088
0.296368
-0.101844
-0.273049
-0.321363
0.111750
0.383894
-0.246709
0.439333
0.217986
-0.169918
-0.147725
-0.052852
0.195920
-0.497268
-0.148090
0.402088
0.296368
-0.101844
-0.273049
-0.321363
0.111750
0.383894
-0.246709
0.439333
0.217986
-0.169918
-0.147725
-0.052852
0.195920
-0.497268
-0.148090
0.402088
0.296368
-0.101844
-0.273049
-0.321363
0.111750
0.383894
-0.246709
0.439333
0.217986
-0.169918
-0.147725
-0.052852
0.195920
-0.497268
-0.148090
0.402088
0.296368
-0.101844
-0.273049
-0.321363
0.111750
0.383894
-0.246709
0.439333
0.217986
-0.169918
-0.147725
-0.052852
0.195920
-0.497268
-0.148090
0.402088
0.296368
-0.101844
-0.273049
-0.321363
0.111750
0.383894
-0.246709
0.439333
0.217986
-0.169918
-0.147725
-0.052852
0.195920
-0.497268
-0.148090
0.402088
0.296368
-0.101844
-0.273049
-0.321363
0.111750
0.383894
-0.246709
0.439333
0.217986
-0.169918
-0.147725
-0.052852
0.195920
-0.497268
-0.148090
0.402088
0.296368
-0.101844
-0.273049
-0.321363
0.111750
0.383894
-0.246709
0.439333
0.217986
-0.169918
-0.147725
-0.052852
0.195920
-0.497268
-0.148090
0.402088
0.296368
-0.101844
-0.273049
-0.321363
0.111750
0.383894
-0.246709
0.439333
0.217986
-0.169918
-0.147725
-0.052852
0.195920
-0.497268
-0.148090
0.402088
0.296368
-0.101844
-0.273049
-0.321363
0.111750
0.383894
-0.246709
0.439333
0.217986
-0.169918
-0.147725
-0.052852
0.195920
-0.497268
-0.148090
0.402088
0.296368
-0.101844
-0.273049
-0.321363
0.111750
0.383894
-0.246709
0.439333
0.217986
-0.169918
-0.147725
-0.052852
0.195920
-0.497268
-0.148090
0.402088
0.296368
-0.101844
-0.273049
-0.321363
0.111750
0.383894
-0.246709
0.439333
0.217986
-0.169918
-0.147725
-0.052852
0.195920
-0.497268
-0.148090
0.402088
0.296368
-0.101844
-0.273049
-0.321363
0.111750
0.383894
-0.246709
0.439333
0.217986
-0.169918
-0.147725
-0.052852
0.195920
-0.497268
-0.148090
0.402088
0.296368
-0.101844
-0.273049
-0.321363
0.111750
0.383894
-0.246709
0.439333
0.217986
-0.169918
-0.147725
-0.052852
0.195920
-0.497268
-0.148090
0.402088
0.296368
-0.101844
-0.273049
-0.321363
0.111750
0.383894
-0.246709
0.439333
0.217986
-0.169918
-0.147725
-0.052852
0.195920
-0.497268
-0.148090
0.402088
