-0.143268
18.493673
-2.980070
-1.058128
-8.051610
-0.253783
2.822727
7.393044
-13.279333
21.443268
-20.146839
39.485786
-27.838497
85.692238
-4.105061
10.089096
9.601006
-0.767127
-35.569706
36.061131
25.117872
-20.539570
-7.792466
-19.127052
26.492842
-6.062578
30.160257
5.916324
71.449928
9.632225
21.764711
11.219516
-1.398345
-0.367748
-197.171387
102.945335
132.309937
-110.615738
-7.560938
40.565678
137.180237
-7.479510
-41.593983
-0.700736
-72.021210
-0.442918
-159.001343
-104.995766
4.035827
-0.002291
77.579407
-41.067833
-50.859756
43.072227
4.414223
-17.373514
-52.721954
1.454934
16.169872
1.012037
27.009449
-0.286764
62.691971
39.409016
1.114122
3.609616
50.601212
-27.809166
-31.719606
32.158760
2.077787
-10.739799
-34.497856
5.378770
10.954062
-0.985885
18.652105
-2.909814
41.702873
25.483576
0.308990
-0.691604
0.333033
0.295867
-0.243626
0.071981
0.227072
0.053081
-0.354740
-0.569929
0.046731
0.442569
-0.043542
-0.027654
0.698463
-0.594999
0.308990
-0.691604
0.333033
0.295867
-0.243626
0.071981
0.227072
0.053081
-0.354740
-0.569929
0.046731
0.442569
-0.043542
-0.027654
0.698463
-0.594999
0.308990
-0.691604
0.333033
0.295867
-0.243626
0.071981
0.227072
0.053081
-0.354740
-0.569929
0.046731
0.442569
-0.043542
-0.027654
0.698463
-0.594999
0.308990
-0.691604
0.333033
0.295867
-0.243626
0.071981
0.227072
0.053081
-0.354740
-0.569929
0.046731
0.442569
-0.043542
-0.027654
0.698463
-0.594999
0.308990
-0.691604
0.333033
0.295867
-0.243626
0.071981
0.227072
0.053081
-0.354740
-0.569929
0.046731
0.442569
-0.043542
-0.027654
0.698463
-0.594999
0.308990
-0.691604
0.333033
0.295867
-0.243626
0.071981
0.227072
0.053081
-0.354740
-0.569929
0.046731
0.442569
-0.043542
-0.027654
0.698463
-0.594999
0.308990
-0.691604
0.333033
0.295867
-0.243626
0.071981
0.227072
0.053081
-0.354740
-0.569929
0.046731
0.442569
-0.043542
-0.027654
0.698463
-0.594999
0.308990
-0.691604
0.333033
0.295867
-0.243626
0.071981
0.227072
0.053081
-0.354740
-0.569929
0.046731
0.442569
-0.043542
-0.027654
0.698463
-0.594999
0.308990
-0.691604
0.333033
0.295867
-0.243626
0.071981
0.227072
0.053081
-0.354740
-0.569929
0.046731
0.442569
-0.043542
-0.027654
0.698463
-0.594999
0.308990
-0.691604
0.333033
0.295867
-0.243626
0.071981
0.227072
0.053081
-0.354740
-0.569929
0.046731
0.442569
-0.043542
-0.027654
0.698463
-0.594999
0.308990
-0.691604
0.333033
0.295867
-0.243626
0.071981
0.227072
0.053081
-0.354740
-0.569929
0.046731
0.442569
-0.043542
-0.027654
0.698463
-0.594999
0.308990
-0.691604
0.333033
0.295867
-0.243626
0.071981
0.227072
0.053081
-0.354740
-0.569929
0.046731
0.442569
-0.043542
-0.027654
0.698463
-0.594999
0.308990
-0.691604
0.333033
0.295867
-0.243626
0.071981
0.227072
0.053081
-0.354740
-0.569929
0.046731
0.442569
-0.043542
-0.027654
0.698463
-0.594999
0.308990
-0.691604
0.333033
0.295867
-0.243626
0.071981
0.227072
0.053081
-0.354740
-0.569929
0.046731
0.442569
-0.043542
-0.027654
0.698463
-0.594999
0.308990
-0.691604
0.333033
0.295867
-0.243626
0.071981
0.227072
0.053081
-0.354740
-0.569929
0.046731
0.442569
-0.043542
-0.027654
0.698463
-0.594999
