-0.351709
2.959856
-33.830540
39.433716
19.347542
-23.944790
-12.739074
-16.395931
2.118606
-5.994634
-9.890673
32.195515
-24.758352
-12.924799
17.882158
7.092620
-0.231473
-0.829497
-250.436981
65.842407
174.697235
-94.402695
4.875140
28.302299
132.039139
55.346951
-26.229639
-46.238869
-99.166779
-10.203892
-158.388474
-185.807785
-1.638563
3.791173
118.763504
-28.293024
-88.353752
39.816650
-1.814348
-14.153327
-60.829956
-29.843075
10.193341
21.184965
47.295761
8.628206
71.526253
90.732506
0.283698
-0.810623
50.999092
-3.909472
-34.485165
14.825215
-0.438752
-10.097569
-25.706764
-12.796892
6.122326
10.061595
18.499346
4.917352
28.771521
39.846939
-0.185583
-0.419389
-0.322325
-0.076718
0.274678
-0.176113
-0.052954
0.188928
0.033759
0.509773
0.511962
-0.298111
-0.088118
0.327776
0.353434
0.520689
-0.185583
-0.419389
-0.322325
-0.076718
0.274678
-0.176113
-0.052954
0.188928
0.033759
0.509773
0.511962
-0.298111
-0.088118
0.327776
0.353434
0.520689
-0.185583
-0.419389
-0.322325
-0.076718
0.274678
-0.176113
-0.052954
0.188928
0.033759
0.509773
0.511962
-0.298111
-0.088118
0.327776
0.353434
0.520689
-0.185583
-0.419389
-0.322325
-0.076718
0.274678
-0.176113
-0.052954
0.188928
0.033759
0.509773
0.511962
-0.298111
-0.088118
0.327776
0.353434
0.520689
-0.185583
-0.419389
-0.322325
-0.076718
0.274678
-0.176113
-0.052954
0.188928
0.033759
0.509773
0.511962
-0.298111
-0.088118
0.327776
0.353434
0.520689
-0.185583
-0.419389
-0.322325
-0.076718
0.274678
-0.176113
-0.052954
0.188928
0.033759
0.509773
0.511962
-0.298111
-0.088118
0.327776
0.353434
0.520689
-0.185583
-0.419389
-0.322325
-0.076718
0.274678
-0.176113
-0.052954
0.188928
0.033759
0.509773
0.511962
-0.298111
-0.088118
0.327776
0.353434
0.520689
-0.185583
-0.419389
-0.322325
-0.076718
0.274678
-0.176113
-0.052954
0.188928
0.033759
0.509773
0.511962
-0.298111
-0.088118
0.327776
0.353434
0.520689
-0.185583
-0.419389
-0.322325
-0.076718
0.274678
-0.176113
-0.052954
0.188928
0.033759
0.509773
0.511962
-0.298111
-0.088118
0.327776
0.353434
0.520689
-0.185583
-0.419389
-0.322325
-0.076718
0.274678
-0.176113
-0.052954
0.188928
0.033759
0.509773
0.511962
-0.298111
-0.088118
0.327776
0.353434
0.520689
-0.185583
-0.419389
-0.322325
-0.076718
0.274678
-0.176113
-0.052954
0.188928
0.033759
0.509773
0.511962
-0.298111
-0.088118
0.327776
0.353434
0.520689
-0.185583
-0.419389
-0.322325
-0.076718
0.274678
-0.176113
-0.052954
0.188928
0.033759
0.509773
0.511962
-0.298111
-0.088118
0.327776
0.353434
0.520689
-0.185583
-0.419389
-0.322325
-0.076718
0.274678
-0.176113
-0.052954
0.188928
0.033759
0.509773
0.511962
-0.298111
-0.088118
0.327776
0.353434
0.520689
-0.185583
-0.419389
-0.322325
-0.076718
0.274678
-0.176113
-0.052954
0.188928
0.033759
0.509773
0.511962
-0.298111
-0.088118
0.327776
0.353434
0.520689
-0.185583
-0.419389
-0.322325
-0.076718
0.274678
-0.176113
-0.052954
0.188928
0.033759
0.509773
0.511962
-0.298111
-0.088118
0.327776
0.353434
0.520689
-0.185583
-0.419389
-0.322325
-0.076718
0.274678
-0.176113
-0.052954
0.188928
0.033759
0.509773
0.511962
-0.298111
-0.088118
0.327776
0.353434
0.520689
