-6.296781
-16.508081
-31.183649
-4.209052
28.569241
2.942824
14.984250
-20.920542
-2.450154
11.930005
-34.623302
0.598981
-9.970562
-20.497114
-1.180326
18.802217
-0.488005
-3.001354
33.535336
170.502060
-14.540980
-213.757690
-2.244704
0.783408
71.080620
-108.885132
-49.289803
-13.784287
-52.281303
81.287895
-206.423645
61.022858
-0.982094
1.125589
-23.969997
-126.137733
11.151137
154.284485
2.046950
-5.104646
-53.633820
78.199310
37.682251
10.035882
35.937576
-62.200939
145.390396
-44.396549
-0.136490
0.270176
-0.324815
-0.457163
0.292893
0.008126
-0.042508
0.249397
0.133962
-0.364897
-0.093223
0.229930
-0.019856
0.158202
-0.357788
0.077245
-0.136490
0.270176
-0.324815
-0.457163
0.292893
0.008126
-0.042508
0.249397
0.133962
-0.364897
-0.093223
0.229930
-0.019856
0.158202
-0.357788
0.077245
-0.136490
0.270176
-0.324815
-0.457163
0.292893
0.008126
-0.042508
0.249397
0.133962
-0.364897
-0.093223
0.229930
-0.019856
0.158202
-0.357788
0.077245
-0.136490
0.270176
-0.324815
-0.457163
0.292893
0.008126
-0.042508
0.249397
0.133962
-0.364897
-0.093223
0.229930
-0.019856
0.158202
-0.357788
0.077245
-0.136490
0.270176
-0.324815
-0.457163
0.292893
0.008126
-0.042508
0.249397
0.133962
-0.364897
-0.093223
0.229930
-0.019856
0.158202
-0.357788
0.077245
-0.136490
0.270176
-0.324815
-0.457163
0.292893
0.008126
-0.042508
0.249397
0.133962
-0.364897
-0.093223
0.229930
-0.019856
0.158202
-0.357788
0.077245
-0.136490
0.270176
-0.324815
-0.457163
0.292893
0.008126
-0.042508
0.249397
0.133962
-0.364897
-0.093223
0.229930
-0.019856
0.158202
-0.357788
0.077245
-0.136490
0.270176
-0.324815
-0.457163
0.292893
0.008126
-0.042508
0.249397
0.133962
-0.364897
-0.093223
0.229930
-0.019856
0.158202
-0.357788
0.077245
-0.136490
0.270176
-0.324815
-0.457163
0.292893
0.008126
-0.042508
0.249397
0.133962
-0.364897
-0.093223
0.229930
-0.019856
0.158202
-0.357788
0.077245
-0.136490
0.270176
-0.324815
-0.457163
0.292893
0.008126
-0.042508
0.249397
0.133962
-0.364897
-0.093223
0.229930
-0.019856
0.158202
-0.357788
0.077245
-0.136490
0.270176
-0.324815
-0.457163
0.292893
0.008126
-0.042508
0.249397
0.133962
-0.364897
-0.093223
0.229930
-0.019856
0.158202
-0.357788
0.077245
-0.136490
0.270176
-0.324815
-0.457163
0.292893
0.008126
-0.042508
0.249397
0.133962
-0.364897
-0.093223
0.229930
-0.019856
0.158202
-0.357788
0.077245
-0.136490
0.270176
-0.324815
-0.457163
0.292893
0.008126
-0.042508
0.249397
0.133962
-0.364897
-0.093223
0.229930
-0.019856
0.158202
-0.357788
0.077245
-0.136490
0.270176
-0.324815
-0.457163
0.292893
0.008126
-0.042508
0.249397
0.133962
-0.364897
-0.093223
0.229930
-0.019856
0.158202
-0.357788
0.077245
-0.136490
0.270176
-0.324815
-0.457163
0.292893
0.008126
-0.042508
0.249397
0.133962
-0.364897
-0.093223
0.229930
-0.019856
0.158202
-0.357788
0.077245
-0.136490
0.270176
-0.324815
-0.457163
0.292893
0.008126
-0.042508
0.249397
0.133962
-0.364897
-0.093223
0.229930
-0.019856
0.158202
-0.357788
0.077245
-0.136490
0.270176
-0.324815
-0.457163
0.292893
0.008126
-0.042508
0.249397
0.133962
-0.364897
-0.093223
0.229930
-0.019856
0.158202
-0.357788
0.077245
