-1.390121
-1.079731
150.073349
270.150116
-72.225098
-186.058777
3.931706
57.345226
71.581230
-77.951775
-29.301430
51.549450
-62.299416
48.688622
-112.949722
53.851704
-2.922246
1.705912
17.526436
-1.019443
-19.743467
0.638375
-0.955980
3.405817
-4.992372
15.600423
15.968692
2.247016
3.429111
-4.480698
4.507052
5.229652
0.758891
-9.986382
-12.587523
-46.485485
10.472734
27.262440
24.433855
6.584949
-8.992565
15.537142
-18.480207
-31.205120
22.772100
-22.451212
-27.937271
8.191683
3.285862
-0.904538
-16.574356
-33.683109
4.390833
24.302706
3.128545
-8.001662
-12.164181
7.651672
-0.113653
-0.895167
5.494537
-2.680266
18.414145
-6.396998
1.230025
-0.135120
-90.044357
-167.356750
48.247047
121.488487
-1.518261
-35.896187
-41.198345
52.288307
25.933868
-34.813637
41.129108
-30.737598
68.419365
-34.942604
-0.087742
0.143167
-0.426032
0.417081
0.208987
-1.131388
-0.479642
-0.104648
-0.691971
-0.192935
-0.000607
0.352360
-0.569646
0.873412
0.095389
0.026857
-0.087742
0.143167
-0.426032
0.417081
0.208987
-1.131388
-0.479642
-0.104648
-0.691971
-0.192935
-0.000607
0.352360
-0.569646
0.873412
0.095389
0.026857
-0.087742
0.143167
-0.426032
0.417081
0.208987
-1.131388
-0.479642
-0.104648
-0.691971
-0.192935
-0.000607
0.352360
-0.569646
0.873412
0.095389
0.026857
-0.087742
0.143167
-0.426032
0.417081
0.208987
-1.131388
-0.479642
-0.104648
-0.691971
-0.192935
-0.000607
0.352360
-0.569646
0.873412
0.095389
0.026857
-0.087742
0.143167
-0.426032
0.417081
0.208987
-1.131388
-0.479642
-0.104648
-0.691971
-0.192935
-0.000607
0.352360
-0.569646
0.873412
0.095389
0.026857
-0.087742
0.143167
-0.426032
0.417081
0.208987
-1.131388
-0.479642
-0.104648
-0.691971
-0.192935
-0.000607
0.352360
-0.569646
0.873412
0.095389
0.026857
-0.087742
0.143167
-0.426032
0.417081
0.208987
-1.131388
-0.479642
-0.104648
-0.691971
-0.192935
-0.000607
0.352360
-0.569646
0.873412
0.095389
0.026857
-0.087742
0.143167
-0.426032
0.417081
0.208987
-1.131388
-0.479642
-0.104648
-0.691971
-0.192935
-0.000607
0.352360
-0.569646
0.873412
0.095389
0.026857
-0.087742
0.143167
-0.426032
0.417081
0.208987
-1.131388
-0.479642
-0.104648
-0.691971
-0.192935
-0.000607
0.352360
-0.569646
0.873412
0.095389
0.026857
-0.087742
0.143167
-0.426032
0.417081
0.208987
-1.131388
-0.479642
-0.104648
-0.691971
-0.192935
-0.000607
0.352360
-0.569646
0.873412
0.095389
0.026857
-0.087742
0.143167
-0.426032
0.417081
0.208987
-1.131388
-0.479642
-0.104648
-0.691971
-0.192935
-0.000607
0.352360
-0.569646
0.873412
0.095389
0.026857
-0.087742
0.143167
-0.426032
0.417081
0.208987
-1.131388
-0.479642
-0.104648
-0.691971
-0.192935
-0.000607
0.352360
-0.569646
0.873412
0.095389
0.026857
-0.087742
0.143167
-0.426032
0.417081
0.208987
-1.131388
-0.479642
-0.104648
-0.691971
-0.192935
-0.000607
0.352360
-0.569646
0.873412
0.095389
0.026857
-0.087742
0.143167
-0.426032
0.417081
0.208987
-1.131388
-0.479642
-0.104648
-0.691971
-0.192935
-0.000607
0.352360
-0.569646
0.873412
0.095389
0.026857
-0.087742
0.143167
-0.426032
0.417081
0.208987
-1.131388
-0.479642
-0.104648
-0.691971
-0.192935
-0.000607
0.352360
-0.569646
0.873412
0.095389
0.026857
