0.900604
-2.475172
-6.468778
6.145250
4.873706
-1.911261
-0.113497
0.682129
-2.886099
6.269814
12.662959
18.657463
11.360919
15.288520
-7.259271
-7.732344
-1.254470
9.823888
-967.077332
-889.193604
-611.447021
312.659241
-309.839325
231.677917
388.007477
909.625977
817.696594
-1638.089111
885.823853
1726.711426
-1332.093750
117.812454
-2.444195
1.120273
9.706804
-5.995585
-5.465466
4.112444
-0.261215
-2.477272
2.650501
-7.289754
-10.279713
-16.026897
-9.212446
-10.276761
5.624123
0.458127
3.708768
-5.876627
798.947815
742.254272
509.617706
-256.473206
260.984955
-191.602966
-317.473053
-754.010437
-685.492676
1359.211060
-730.927979
-1438.817383
1110.436768
-90.230339
0.122878
0.056449
0.184921
0.307813
-0.337146
0.033927
0.316135
-0.119710
-0.154804
0.064003
0.123711
0.448267
0.694637
0.321738
0.351184
0.013162
0.122878
0.056449
0.184921
0.307813
-0.337146
0.033927
0.316135
-0.119710
-0.154804
0.064003
0.123711
0.448267
0.694637
0.321738
0.351184
0.013162
0.122878
0.056449
0.184921
0.307813
-0.337146
0.033927
0.316135
-0.119710
-0.154804
0.064003
0.123711
0.448267
0.694637
0.321738
0.351184
0.013162
0.122878
0.056449
0.184921
0.307813
-0.337146
0.033927
0.316135
-0.119710
-0.154804
0.064003
0.123711
0.448267
0.694637
0.321738
0.351184
0.013162
0.122878
0.056449
0.184921
0.307813
-0.337146
0.033927
0.316135
-0.119710
-0.154804
0.064003
0.123711
0.448267
0.694637
0.321738
0.351184
0.013162
0.122878
0.056449
0.184921
0.307813
-0.337146
0.033927
0.316135
-0.119710
-0.154804
0.064003
0.123711
0.448267
0.694637
0.321738
0.351184
0.013162
0.122878
0.056449
0.184921
0.307813
-0.337146
0.033927
0.316135
-0.119710
-0.154804
0.064003
0.123711
0.448267
0.694637
0.321738
0.351184
0.013162
0.122878
0.056449
0.184921
0.307813
-0.337146
0.033927
0.316135
-0.119710
-0.154804
0.064003
0.123711
0.448267
0.694637
0.321738
0.351184
0.013162
0.122878
0.056449
0.184921
0.307813
-0.337146
0.033927
0.316135
-0.119710
-0.154804
0.064003
0.123711
0.448267
0.694637
0.321738
0.351184
0.013162
0.122878
0.056449
0.184921
0.307813
-0.337146
0.033927
0.316135
-0.119710
-0.154804
0.064003
0.123711
0.448267
0.694637
0.321738
0.351184
0.013162
0.122878
0.056449
0.184921
0.307813
-0.337146
0.033927
0.316135
-0.119710
-0.154804
0.064003
0.123711
0.448267
0.694637
0.321738
0.351184
0.013162
0.122878
0.056449
0.184921
0.307813
-0.337146
0.033927
0.316135
-0.119710
-0.154804
0.064003
0.123711
0.448267
0.694637
0.321738
0.351184
0.013162
0.122878
0.056449
0.184921
0.307813
-0.337146
0.033927
0.316135
-0.119710
-0.154804
0.064003
0.123711
0.448267
0.694637
0.321738
0.351184
0.013162
0.122878
0.056449
0.184921
0.307813
-0.337146
0.033927
0.316135
-0.119710
-0.154804
0.064003
0.123711
0.448267
0.694637
0.321738
0.351184
0.013162
0.122878
0.056449
0.184921
0.307813
-0.337146
0.033927
0.316135
-0.119710
-0.154804
0.064003
0.123711
0.448267
0.694637
0.321738
0.351184
0.013162
0.122878
0.056449
0.184921
0.307813
-0.337146
0.033927
0.316135
-0.119710
-0.154804
0.064003
0.123711
0.448267
0.694637
0.321738
0.351184
0.013162
