-5.872258
4.563899
26.014853
-14.709035
-33.213566
19.533501
-13.584431
-12.413433
7.963484
19.477062
17.012455
-30.003162
21.819168
-12.619671
18.543594
-3.232751
1.658807
-0.823240
-131.857086
-321.638458
14.435678
331.840790
-34.246460
65.232704
412.734131
261.117889
113.268364
-147.528519
-51.647995
237.962906
-36.020500
321.797546
-0.017486
-1.277548
8.488758
21.414312
-2.935444
-25.255461
2.302461
-6.121597
-29.807522
-16.586193
-7.073135
11.600905
1.677569
-11.325292
6.849260
-17.117624
1.262408
1.919736
59.514881
153.688034
-6.904407
-155.713120
14.528752
-30.998558
-195.015488
-127.482872
-55.969311
68.966797
27.148390
-116.758263
14.722539
-153.699341
-0.723146
1.259447
25.680321
63.779457
-1.711151
-64.414452
5.734645
-14.561054
-78.406395
-54.779362
-19.985237
28.138163
11.590259
-47.238476
10.059652
-64.876671
-0.358917
-0.677207
0.023660
0.448329
-0.252194
-0.204400
0.099884
0.327352
0.335298
0.272601
0.020528
0.416040
0.149513
0.450613
0.505616
-0.228338
-0.358917
-0.677207
0.023660
0.448329
-0.252194
-0.204400
0.099884
0.327352
0.335298
0.272601
0.020528
0.416040
0.149513
0.450613
0.505616
-0.228338
-0.358917
-0.677207
0.023660
0.448329
-0.252194
-0.204400
0.099884
0.327352
0.335298
0.272601
0.020528
0.416040
0.149513
0.450613
0.505616
-0.228338
-0.358917
-0.677207
0.023660
0.448329
-0.252194
-0.204400
0.099884
0.327352
0.335298
0.272601
0.020528
0.416040
0.149513
0.450613
0.505616
-0.228338
-0.358917
-0.677207
0.023660
0.448329
-0.252194
-0.204400
0.099884
0.327352
0.335298
0.272601
0.020528
0.416040
0.149513
0.450613
0.505616
-0.228338
-0.358917
-0.677207
0.023660
0.448329
-0.252194
-0.204400
0.099884
0.327352
0.335298
0.272601
0.020528
0.416040
0.149513
0.450613
0.505616
-0.228338
-0.358917
-0.677207
0.023660
0.448329
-0.252194
-0.204400
0.099884
0.327352
0.335298
0.272601
0.020528
0.416040
0.149513
0.450613
0.505616
-0.228338
-0.358917
-0.677207
0.023660
0.448329
-0.252194
-0.204400
0.099884
0.327352
0.335298
0.272601
0.020528
0.416040
0.149513
0.450613
0.505616
-0.228338
-0.358917
-0.677207
0.023660
0.448329
-0.252194
-0.204400
0.099884
0.327352
0.335298
0.272601
0.020528
0.416040
0.149513
0.450613
0.505616
-0.228338
-0.358917
-0.677207
0.023660
0.448329
-0.252194
-0.204400
0.099884
0.327352
0.335298
0.272601
0.020528
0.416040
0.149513
0.450613
0.505616
-0.228338
-0.358917
-0.677207
0.023660
0.448329
-0.252194
-0.204400
0.099884
0.327352
0.335298
0.272601
0.020528
0.416040
0.149513
0.450613
0.505616
-0.228338
-0.358917
-0.677207
0.023660
0.448329
-0.252194
-0.204400
0.099884
0.327352
0.335298
0.272601
0.020528
0.416040
0.149513
0.450613
0.505616
-0.228338
-0.358917
-0.677207
0.023660
0.448329
-0.252194
-0.204400
0.099884
0.327352
0.335298
0.272601
0.020528
0.416040
0.149513
0.450613
0.505616
-0.228338
-0.358917
-0.677207
0.023660
0.448329
-0.252194
-0.204400
0.099884
0.327352
0.335298
0.272601
0.020528
0.416040
0.149513
0.450613
0.505616
-0.228338
-0.358917
-0.677207
0.023660
0.448329
-0.252194
-0.204400
0.099884
0.327352
0.335298
0.272601
0.020528
0.416040
0.149513
0.450613
0.505616
-0.228338
