2.395536
0.406762
-46.513744
-269.665863
-46.355125
258.141632
-48.504498
28.494799
277.128998
256.867310
98.254547
-72.373543
-62.897179
156.870743
-77.605209
244.273834
0.154088
-1.298337
48.297131
262.304901
41.788452
-249.827835
44.834194
-23.766687
-267.366760
-248.988586
-93.622444
68.865486
64.203674
-152.741623
71.462723
-236.422150
-0.014143
-0.628617
0.135839
0.076212
-0.184603
-0.432223
-0.511462
0.467234
-0.213320
0.100966
0.122394
0.462588
-0.249799
0.117564
-0.526857
-0.054748
-0.014143
-0.628617
0.135839
0.076212
-0.184603
-0.432223
-0.511462
0.467234
-0.213320
0.100966
0.122394
0.462588
-0.249799
0.117564
-0.526857
-0.054748
-0.014143
-0.628617
0.135839
0.076212
-0.184603
-0.432223
-0.511462
0.467234
-0.213320
0.100966
0.122394
0.462588
-0.249799
0.117564
-0.526857
-0.054748
-0.014143
-0.628617
0.135839
0.076212
-0.184603
-0.432223
-0.511462
0.467234
-0.213320
0.100966
0.122394
0.462588
-0.249799
0.117564
-0.526857
-0.054748
-0.014143
-0.628617
0.135839
0.076212
-0.184603
-0.432223
-0.511462
0.467234
-0.213320
0.100966
0.122394
0.462588
-0.249799
0.117564
-0.526857
-0.054748
-0.014143
-0.628617
0.135839
0.076212
-0.184603
-0.432223
-0.511462
0.467234
-0.213320
0.100966
0.122394
0.462588
-0.249799
0.117564
-0.526857
-0.054748
-0.014143
-0.628617
0.135839
0.076212
-0.184603
-0.432223
-0.511462
0.467234
-0.213320
0.100966
0.122394
0.462588
-0.249799
0.117564
-0.526857
-0.054748
-0.014143
-0.628617
0.135839
0.076212
-0.184603
-0.432223
-0.511462
0.467234
-0.213320
0.100966
0.122394
0.462588
-0.249799
0.117564
-0.526857
-0.054748
-0.014143
-0.628617
0.135839
0.076212
-0.184603
-0.432223
-0.511462
0.467234
-0.213320
0.100966
0.122394
0.462588
-0.249799
0.117564
-0.526857
-0.054748
-0.014143
-0.628617
0.135839
0.076212
-0.184603
-0.432223
-0.511462
0.467234
-0.213320
0.100966
0.122394
0.462588
-0.249799
0.117564
-0.526857
-0.054748
-0.014143
-0.628617
0.135839
0.076212
-0.184603
-0.432223
-0.511462
0.467234
-0.213320
0.100966
0.122394
0.462588
-0.249799
0.117564
-0.526857
-0.054748
-0.014143
-0.628617
0.135839
0.076212
-0.184603
-0.432223
-0.511462
0.467234
-0.213320
0.100966
0.122394
0.462588
-0.249799
0.117564
-0.526857
-0.054748
-0.014143
-0.628617
0.135839
0.076212
-0.184603
-0.432223
-0.511462
0.467234
-0.213320
0.100966
0.122394
0.462588
-0.249799
0.117564
-0.526857
-0.054748
-0.014143
-0.628617
0.135839
0.076212
-0.184603
-0.432223
-0.511462
0.467234
-0.213320
0.100966
0.122394
0.462588
-0.249799
0.117564
-0.526857
-0.054748
-0.014143
-0.628617
0.135839
0.076212
-0.184603
-0.432223
-0.511462
0.467234
-0.213320
0.100966
0.122394
0.462588
-0.249799
0.117564
-0.526857
-0.054748
-0.014143
-0.628617
0.135839
0.076212
-0.184603
-0.432223
-0.511462
0.467234
-0.213320
0.100966
0.122394
0.462588
-0.249799
0.117564
-0.526857
-0.054748
-0.014143
-0.628617
0.135839
0.076212
-0.184603
-0.432223
-0.511462
0.467234
-0.213320
0.100966
0.122394
0.462588
-0.249799
0.117564
-0.526857
-0.054748
-0.014143
-0.628617
0.135839
0.076212
-0.184603
-0.432223
-0.511462
0.467234
-0.213320
0.100966
0.122394
0.462588
-0.249799
0.117564
-0.526857
-0.054748
