-1.648524
-0.271762
0.300028
21.366728
2.464027
-26.193693
-9.766880
-3.718478
-14.607796
-0.231596
12.060949
15.918522
10.738492
9.865249
-3.423945
2.124657
-1.140278
1.130260
-7.547146
3.619709
8.552891
0.037069
5.774512
-0.620468
-3.405339
-3.055639
-7.951760
3.315772
-0.074031
2.422623
-1.698658
-1.946034
1.558748
-1.303274
82.724152
-36.858894
46.117577
74.734261
188.842407
-71.404152
-118.984200
124.498970
105.571457
-46.586021
-7.528384
34.951035
-34.335178
-131.179398
0.982448
2.347051
-11.475615
3.896553
-0.702735
-5.159126
-15.930910
6.444880
15.326680
-13.064636
-10.943230
1.147447
0.561692
-4.966532
5.090009
16.545490
-1.746378
0.230326
-53.746494
26.978746
-32.231022
-50.810455
-121.914803
47.047672
80.639107
-82.710899
-66.897789
27.928001
0.981456
-21.372150
27.419065
84.970566
0.323182
0.004420
-0.052754
0.224598
0.085982
-0.782883
-0.210018
-0.537073
0.089814
-0.265355
0.291425
0.262646
-0.880298
0.814934
0.497426
0.561021
0.323182
0.004420
-0.052754
0.224598
0.085982
-0.782883
-0.210018
-0.537073
0.089814
-0.265355
0.291425
0.262646
-0.880298
0.814934
0.497426
0.561021
0.323182
0.004420
-0.052754
0.224598
0.085982
-0.782883
-0.210018
-0.537073
0.089814
-0.265355
0.291425
0.262646
-0.880298
0.814934
0.497426
0.561021
0.323182
0.004420
-0.052754
0.224598
0.085982
-0.782883
-0.210018
-0.537073
0.089814
-0.265355
0.291425
0.262646
-0.880298
0.814934
0.497426
0.561021
0.323182
0.004420
-0.052754
0.224598
0.085982
-0.782883
-0.210018
-0.537073
0.089814
-0.265355
0.291425
0.262646
-0.880298
0.814934
0.497426
0.561021
0.323182
0.004420
-0.052754
0.224598
0.085982
-0.782883
-0.210018
-0.537073
0.089814
-0.265355
0.291425
0.262646
-0.880298
0.814934
0.497426
0.561021
0.323182
0.004420
-0.052754
0.224598
0.085982
-0.782883
-0.210018
-0.537073
0.089814
-0.265355
0.291425
0.262646
-0.880298
0.814934
0.497426
0.561021
0.323182
0.004420
-0.052754
0.224598
0.085982
-0.782883
-0.210018
-0.537073
0.089814
-0.265355
0.291425
0.262646
-0.880298
0.814934
0.497426
0.561021
0.323182
0.004420
-0.052754
0.224598
0.085982
-0.782883
-0.210018
-0.537073
0.089814
-0.265355
0.291425
0.262646
-0.880298
0.814934
0.497426
0.561021
0.323182
0.004420
-0.052754
0.224598
0.085982
-0.782883
-0.210018
-0.537073
0.089814
-0.265355
0.291425
0.262646
-0.880298
0.814934
0.497426
0.561021
0.323182
0.004420
-0.052754
0.224598
0.085982
-0.782883
-0.210018
-0.537073
0.089814
-0.265355
0.291425
0.262646
-0.880298
0.814934
0.497426
0.561021
0.323182
0.004420
-0.052754
0.224598
0.085982
-0.782883
-0.210018
-0.537073
0.089814
-0.265355
0.291425
0.262646
-0.880298
0.814934
0.497426
0.561021
0.323182
0.004420
-0.052754
0.224598
0.085982
-0.782883
-0.210018
-0.537073
0.089814
-0.265355
0.291425
0.262646
-0.880298
0.814934
0.497426
0.561021
0.323182
0.004420
-0.052754
0.224598
0.085982
-0.782883
-0.210018
-0.537073
0.089814
-0.265355
0.291425
0.262646
-0.880298
0.814934
0.497426
0.561021
0.323182
0.004420
-0.052754
0.224598
0.085982
-0.782883
-0.210018
-0.537073
0.089814
-0.265355
0.291425
0.262646
-0.880298
0.814934
0.497426
0.561021
