-7.363881
17.320013
25.178736
-35.951637
-21.439392
29.719065
22.246368
12.017036
-17.684143
3.821477
8.058244
-36.606167
20.988359
-3.004306
-20.563244
1.692437
-0.268685
1.748397
-10.817088
61.367580
-60.136425
2.790064
2.637952
164.464142
-87.776436
-140.055679
-4.756256
82.504395
-26.153086
-8.743292
111.808601
-6.895616
-3.929808
2.507552
8.106448
-54.771301
58.737957
-5.892768
-3.617963
-155.869293
84.368378
134.433319
5.859948
-78.467957
24.444763
6.271157
-107.072548
3.967431
0.067745
-0.514753
0.078091
0.472560
-0.280130
0.241535
-0.398757
0.134128
-0.384810
0.022824
0.107950
0.679716
-0.172684
-0.224606
-0.454296
0.186644
0.067745
-0.514753
0.078091
0.472560
-0.280130
0.241535
-0.398757
0.134128
-0.384810
0.022824
0.107950
0.679716
-0.172684
-0.224606
-0.454296
0.186644
0.067745
-0.514753
0.078091
0.472560
-0.280130
0.241535
-0.398757
0.134128
-0.384810
0.022824
0.107950
0.679716
-0.172684
-0.224606
-0.454296
0.186644
0.067745
-0.514753
0.078091
0.472560
-0.280130
0.241535
-0.398757
0.134128
-0.384810
0.022824
0.107950
0.679716
-0.172684
-0.224606
-0.454296
0.186644
0.067745
-0.514753
0.078091
0.472560
-0.280130
0.241535
-0.398757
0.134128
-0.384810
0.022824
0.107950
0.679716
-0.172684
-0.224606
-0.454296
0.186644
0.067745
-0.514753
0.078091
0.472560
-0.280130
0.241535
-0.398757
0.134128
-0.384810
0.022824
0.107950
0.679716
-0.172684
-0.224606
-0.454296
0.186644
0.067745
-0.514753
0.078091
0.472560
-0.280130
0.241535
-0.398757
0.134128
-0.384810
0.022824
0.107950
0.679716
-0.172684
-0.224606
-0.454296
0.186644
0.067745
-0.514753
0.078091
0.472560
-0.280130
0.241535
-0.398757
0.134128
-0.384810
0.022824
0.107950
0.679716
-0.172684
-0.224606
-0.454296
0.186644
0.067745
-0.514753
0.078091
0.472560
-0.280130
0.241535
-0.398757
0.134128
-0.384810
0.022824
0.107950
0.679716
-0.172684
-0.224606
-0.454296
0.186644
0.067745
-0.514753
0.078091
0.472560
-0.280130
0.241535
-0.398757
0.134128
-0.384810
0.022824
0.107950
0.679716
-0.172684
-0.224606
-0.454296
0.186644
0.067745
-0.514753
0.078091
0.472560
-0.280130
0.241535
-0.398757
0.134128
-0.384810
0.022824
0.107950
0.679716
-0.172684
-0.224606
-0.454296
0.186644
0.067745
-0.514753
0.078091
0.472560
-0.280130
0.241535
-0.398757
0.134128
-0.384810
0.022824
0.107950
0.679716
-0.172684
-0.224606
-0.454296
0.186644
0.067745
-0.514753
0.078091
0.472560
-0.280130
0.241535
-0.398757
0.134128
-0.384810
0.022824
0.107950
0.679716
-0.172684
-0.224606
-0.454296
0.186644
0.067745
-0.514753
0.078091
0.472560
-0.280130
0.241535
-0.398757
0.134128
-0.384810
0.022824
0.107950
0.679716
-0.172684
-0.224606
-0.454296
0.186644
0.067745
-0.514753
0.078091
0.472560
-0.280130
0.241535
-0.398757
0.134128
-0.384810
0.022824
0.107950
0.679716
-0.172684
-0.224606
-0.454296
0.186644
0.067745
-0.514753
0.078091
0.472560
-0.280130
0.241535
-0.398757
0.134128
-0.384810
0.022824
0.107950
0.679716
-0.172684
-0.224606
-0.454296
0.186644
0.067745
-0.514753
0.078091
0.472560
-0.280130
0.241535
-0.398757
0.134128
-0.384810
0.022824
0.107950
0.679716
-0.172684
-0.224606
-0.454296
0.186644
