14.257410
12.005340
28.278584
25.221226
-21.999136
-13.204379
-19.593378
10.642338
2.131748
-23.090553
25.805357
10.909875
-2.402159
23.896231
11.556961
-17.423450
0.716952
-2.355094
55.483871
-63.649128
74.097153
36.251457
111.366539
-177.049561
-1.624726
197.665756
88.596581
-86.040909
25.893118
11.160576
-93.885483
-77.027824
-0.016134
3.667837
-24.487001
25.395800
-26.705370
-19.488211
-54.362644
66.123062
7.156167
-81.197845
-37.966358
32.715324
-8.468499
-2.865244
34.791119
32.345810
-2.545120
0.658089
-17.185843
16.688492
-17.327419
-11.164057
-31.403423
44.071465
10.073457
-50.423000
-25.463385
14.994808
-9.460200
-6.256406
22.149971
22.907673
0.543581
-0.080960
0.304961
0.539215
0.119344
0.091733
0.327895
-0.890017
-0.316245
-0.458412
-0.555462
0.071999
-0.064866
-0.078026
-0.119008
0.370457
0.543581
-0.080960
0.304961
0.539215
0.119344
0.091733
0.327895
-0.890017
-0.316245
-0.458412
-0.555462
0.071999
-0.064866
-0.078026
-0.119008
0.370457
0.543581
-0.080960
0.304961
0.539215
0.119344
0.091733
0.327895
-0.890017
-0.316245
-0.458412
-0.555462
0.071999
-0.064866
-0.078026
-0.119008
0.370457
0.543581
-0.080960
0.304961
0.539215
0.119344
0.091733
0.327895
-0.890017
-0.316245
-0.458412
-0.555462
0.071999
-0.064866
-0.078026
-0.119008
0.370457
0.543581
-0.080960
0.304961
0.539215
0.119344
0.091733
0.327895
-0.890017
-0.316245
-0.458412
-0.555462
0.071999
-0.064866
-0.078026
-0.119008
0.370457
0.543581
-0.080960
0.304961
0.539215
0.119344
0.091733
0.327895
-0.890017
-0.316245
-0.458412
-0.555462
0.071999
-0.064866
-0.078026
-0.119008
0.370457
0.543581
-0.080960
0.304961
0.539215
0.119344
0.091733
0.327895
-0.890017
-0.316245
-0.458412
-0.555462
0.071999
-0.064866
-0.078026
-0.119008
0.370457
0.543581
-0.080960
0.304961
0.539215
0.119344
0.091733
0.327895
-0.890017
-0.316245
-0.458412
-0.555462
0.071999
-0.064866
-0.078026
-0.119008
0.370457
0.543581
-0.080960
0.304961
0.539215
0.119344
0.091733
0.327895
-0.890017
-0.316245
-0.458412
-0.555462
0.071999
-0.064866
-0.078026
-0.119008
0.370457
0.543581
-0.080960
0.304961
0.539215
0.119344
0.091733
0.327895
-0.890017
-0.316245
-0.458412
-0.555462
0.071999
-0.064866
-0.078026
-0.119008
0.370457
0.543581
-0.080960
0.304961
0.539215
0.119344
0.091733
0.327895
-0.890017
-0.316245
-0.458412
-0.555462
0.071999
-0.064866
-0.078026
-0.119008
0.370457
0.543581
-0.080960
0.304961
0.539215
0.119344
0.091733
0.327895
-0.890017
-0.316245
-0.458412
-0.555462
0.071999
-0.064866
-0.078026
-0.119008
0.370457
0.543581
-0.080960
0.304961
0.539215
0.119344
0.091733
0.327895
-0.890017
-0.316245
-0.458412
-0.555462
0.071999
-0.064866
-0.078026
-0.119008
0.370457
0.543581
-0.080960
0.304961
0.539215
0.119344
0.091733
0.327895
-0.890017
-0.316245
-0.458412
-0.555462
0.071999
-0.064866
-0.078026
-0.119008
0.370457
0.543581
-0.080960
0.304961
0.539215
0.119344
0.091733
0.327895
-0.890017
-0.316245
-0.458412
-0.555462
0.071999
-0.064866
-0.078026
-0.119008
0.370457
0.543581
-0.080960
0.304961
0.539215
0.119344
0.091733
0.327895
-0.890017
-0.316245
-0.458412
-0.555462
0.071999
-0.064866
-0.078026
-0.119008
0.370457
