-2.475111
-2.407239
-2474.005127
1427.455566
-1787.411377
942.677124
-231.347916
-544.355164
986.159607
2395.861328
4503.821777
-1811.620483
388.573395
731.637146
1525.568726
4123.275879
-0.901659
0.112349
-18.644373
-20.685013
21.760748
0.123509
-3.019415
0.823104
-4.717381
18.853189
58.131828
16.690588
6.158115
3.134450
21.004663
-23.860844
-0.092303
0.608935
14.590907
13.431360
-16.905602
2.037072
0.313867
4.065186
4.807949
-11.801008
-40.524818
-12.026984
0.469353
-3.167414
-15.489714
13.315218
-0.938665
0.131835
1698.015869
-944.468872
1223.060425
-618.877075
150.128159
368.267120
-638.594849
-1647.293457
-3078.979492
1180.358276
-260.496735
-498.788605
-994.828857
-2815.331787
1.002927
0.444787
260.161682
-93.013229
190.394760
-53.191360
15.689161
57.338249
-49.783680
-244.285980
-464.040924
88.396461
-19.557959
-81.690956
-67.405548
-420.797852
1.442346
-0.180905
114.150322
-121.690765
83.431496
-84.889549
21.020597
27.082130
-96.025726
-118.361671
-222.652145
179.408951
-35.105560
-30.556562
-153.605331
-203.950104
0.137975
-0.042998
0.946845
0.263653
0.382169
-0.166294
-0.296707
-0.321019
-0.365135
-0.636421
-1.123498
-0.280283
-0.428371
-0.542599
-0.144741
-0.677445
0.137975
-0.042998
0.946845
0.263653
0.382169
-0.166294
-0.296707
-0.321019
-0.365135
-0.636421
-1.123498
-0.280283
-0.428371
-0.542599
-0.144741
-0.677445
0.137975
-0.042998
0.946845
0.263653
0.382169
-0.166294
-0.296707
-0.321019
-0.365135
-0.636421
-1.123498
-0.280283
-0.428371
-0.542599
-0.144741
-0.677445
0.137975
-0.042998
0.946845
0.263653
0.382169
-0.166294
-0.296707
-0.321019
-0.365135
-0.636421
-1.123498
-0.280283
-0.428371
-0.542599
-0.144741
-0.677445
0.137975
-0.042998
0.946845
0.263653
0.382169
-0.166294
-0.296707
-0.321019
-0.365135
-0.636421
-1.123498
-0.280283
-0.428371
-0.542599
-0.144741
-0.677445
0.137975
-0.042998
0.946845
0.263653
0.382169
-0.166294
-0.296707
-0.321019
-0.365135
-0.636421
-1.123498
-0.280283
-0.428371
-0.542599
-0.144741
-0.677445
0.137975
-0.042998
0.946845
0.263653
0.382169
-0.166294
-0.296707
-0.321019
-0.365135
-0.636421
-1.123498
-0.280283
-0.428371
-0.542599
-0.144741
-0.677445
0.137975
-0.042998
0.946845
0.263653
0.382169
-0.166294
-0.296707
-0.321019
-0.365135
-0.636421
-1.123498
-0.280283
-0.428371
-0.542599
-0.144741
-0.677445
0.137975
-0.042998
0.946845
0.263653
0.382169
-0.166294
-0.296707
-0.321019
-0.365135
-0.636421
-1.123498
-0.280283
-0.428371
-0.542599
-0.144741
-0.677445
0.137975
-0.042998
0.946845
0.263653
0.382169
-0.166294
-0.296707
-0.321019
-0.365135
-0.636421
-1.123498
-0.280283
-0.428371
-0.542599
-0.144741
-0.677445
0.137975
-0.042998
0.946845
0.263653
0.382169
-0.166294
-0.296707
-0.321019
-0.365135
-0.636421
-1.123498
-0.280283
-0.428371
-0.542599
-0.144741
-0.677445
0.137975
-0.042998
0.946845
0.263653
0.382169
-0.166294
-0.296707
-0.321019
-0.365135
-0.636421
-1.123498
-0.280283
-0.428371
-0.542599
-0.144741
-0.677445
0.137975
-0.042998
0.946845
0.263653
0.382169
-0.166294
-0.296707
-0.321019
-0.365135
-0.636421
-1.123498
-0.280283
-0.428371
-0.542599
-0.144741
-0.677445
0.137975
-0.042998
0.946845
0.263653
0.382169
-0.166294
-0.296707
-0.321019
-0.365135
-0.636421
-1.123498
-0.280283
-0.428371
-0.542599
-0.144741
-0.677445
