0.820185
-0.441150
0.173627
6.376978
2.338829
-10.330722
1.343055
-6.074402
-3.248637
1.342899
1.482272
7.485332
4.338090
1.481086
-5.671035
2.768571
-0.564426
-0.422475
-3.402605
9.157915
-2.822974
-11.433249
-3.746619
7.466164
8.172169
-1.645812
-9.118495
-2.932959
-0.345307
-5.447605
-10.691653
4.594217
-1.560751
-6.529472
4.401360
-41.713108
7.297630
26.178677
34.780758
6.923766
-5.402150
16.269192
-6.970534
-29.200859
18.589664
-15.114678
-17.889339
7.988309
-1.890059
-0.076383
-84.374519
17.703119
-49.588360
-94.167191
-190.047256
108.275993
148.984024
-178.595901
-117.346390
5.327868
-24.760500
-53.786213
8.915607
136.266052
2.248758
-1.423351
32.187607
-4.733379
9.742416
30.392771
64.569519
-28.820023
-50.573368
52.463814
37.112274
-2.365254
10.118974
21.368032
-1.943189
-48.871819
-0.932256
0.413089
26.547758
-2.442719
15.974905
31.132515
63.565361
-30.674580
-52.210873
53.848381
36.017132
3.878175
3.846551
16.222252
2.201738
-42.652180
0.622015
0.195962
-0.102146
-0.830110
0.162295
0.419026
-0.682424
0.496982
-0.422602
0.174916
0.102663
-0.319646
-0.295996
-0.134394
0.067443
-0.065207
0.622015
0.195962
-0.102146
-0.830110
0.162295
0.419026
-0.682424
0.496982
-0.422602
0.174916
0.102663
-0.319646
-0.295996
-0.134394
0.067443
-0.065207
0.622015
0.195962
-0.102146
-0.830110
0.162295
0.419026
-0.682424
0.496982
-0.422602
0.174916
0.102663
-0.319646
-0.295996
-0.134394
0.067443
-0.065207
0.622015
0.195962
-0.102146
-0.830110
0.162295
0.419026
-0.682424
0.496982
-0.422602
0.174916
0.102663
-0.319646
-0.295996
-0.134394
0.067443
-0.065207
0.622015
0.195962
-0.102146
-0.830110
0.162295
0.419026
-0.682424
0.496982
-0.422602
0.174916
0.102663
-0.319646
-0.295996
-0.134394
0.067443
-0.065207
0.622015
0.195962
-0.102146
-0.830110
0.162295
0.419026
-0.682424
0.496982
-0.422602
0.174916
0.102663
-0.319646
-0.295996
-0.134394
0.067443
-0.065207
0.622015
0.195962
-0.102146
-0.830110
0.162295
0.419026
-0.682424
0.496982
-0.422602
0.174916
0.102663
-0.319646
-0.295996
-0.134394
0.067443
-0.065207
0.622015
0.195962
-0.102146
-0.830110
0.162295
0.419026
-0.682424
0.496982
-0.422602
0.174916
0.102663
-0.319646
-0.295996
-0.134394
0.067443
-0.065207
0.622015
0.195962
-0.102146
-0.830110
0.162295
0.419026
-0.682424
0.496982
-0.422602
0.174916
0.102663
-0.319646
-0.295996
-0.134394
0.067443
-0.065207
0.622015
0.195962
-0.102146
-0.830110
0.162295
0.419026
-0.682424
0.496982
-0.422602
0.174916
0.102663
-0.319646
-0.295996
-0.134394
0.067443
-0.065207
0.622015
0.195962
-0.102146
-0.830110
0.162295
0.419026
-0.682424
0.496982
-0.422602
0.174916
0.102663
-0.319646
-0.295996
-0.134394
0.067443
-0.065207
0.622015
0.195962
-0.102146
-0.830110
0.162295
0.419026
-0.682424
0.496982
-0.422602
0.174916
0.102663
-0.319646
-0.295996
-0.134394
0.067443
-0.065207
0.622015
0.195962
-0.102146
-0.830110
0.162295
0.419026
-0.682424
0.496982
-0.422602
0.174916
0.102663
-0.319646
-0.295996
-0.134394
0.067443
-0.065207
0.622015
0.195962
-0.102146
-0.830110
0.162295
0.419026
-0.682424
0.496982
-0.422602
0.174916
0.102663
-0.319646
-0.295996
-0.134394
0.067443
-0.065207
