-0.913282
1.755537
-0.688201
-9.463948
-3.903443
-6.492396
-5.556751
3.384457
4.441202
-1.301002
-6.590982
0.988334
-3.122231
-1.029187
1.955444
5.181665
0.838320
-0.807015
0.921501
8.999166
4.585341
6.969693
3.794331
-3.461010
-4.032865
-0.655276
6.719701
-0.495895
2.991820
2.223126
-1.993336
-2.924093
0.431373
-1.957381
75.258881
-81.883347
-30.578484
23.376003
-85.059883
-6.063392
37.591866
53.132702
-57.095318
-39.973221
-3.079911
7.061166
73.467918
-5.495608
-4.245314
1.859112
-44.738041
45.420143
17.619673
-14.604395
48.232533
0.418569
-20.661814
-30.409626
30.988621
22.967737
3.019600
-3.571605
-41.718414
2.473724
-0.325146
-0.340425
-0.197435
-0.242714
0.060221
-0.395542
0.270102
-0.754694
0.048539
0.256036
-0.123967
-0.088511
0.566856
-0.253096
0.490415
0.060461
-0.325146
-0.340425
-0.197435
-0.242714
0.060221
-0.395542
0.270102
-0.754694
0.048539
0.256036
-0.123967
-0.088511
0.566856
-0.253096
0.490415
0.060461
-0.325146
-0.340425
-0.197435
-0.242714
0.060221
-0.395542
0.270102
-0.754694
0.048539
0.256036
-0.123967
-0.088511
0.566856
-0.253096
0.490415
0.060461
-0.325146
-0.340425
-0.197435
-0.242714
0.060221
-0.395542
0.270102
-0.754694
0.048539
0.256036
-0.123967
-0.088511
0.566856
-0.253096
0.490415
0.060461
-0.325146
-0.340425
-0.197435
-0.242714
0.060221
-0.395542
0.270102
-0.754694
0.048539
0.256036
-0.123967
-0.088511
0.566856
-0.253096
0.490415
0.060461
-0.325146
-0.340425
-0.197435
-0.242714
0.060221
-0.395542
0.270102
-0.754694
0.048539
0.256036
-0.123967
-0.088511
0.566856
-0.253096
0.490415
0.060461
-0.325146
-0.340425
-0.197435
-0.242714
0.060221
-0.395542
0.270102
-0.754694
0.048539
0.256036
-0.123967
-0.088511
0.566856
-0.253096
0.490415
0.060461
-0.325146
-0.340425
-0.197435
-0.242714
0.060221
-0.395542
0.270102
-0.754694
0.048539
0.256036
-0.123967
-0.088511
0.566856
-0.253096
0.490415
0.060461
-0.325146
-0.340425
-0.197435
-0.242714
0.060221
-0.395542
0.270102
-0.754694
0.048539
0.256036
-0.123967
-0.088511
0.566856
-0.253096
0.490415
0.060461
-0.325146
-0.340425
-0.197435
-0.242714
0.060221
-0.395542
0.270102
-0.754694
0.048539
0.256036
-0.123967
-0.088511
0.566856
-0.253096
0.490415
0.060461
-0.325146
-0.340425
-0.197435
-0.242714
0.060221
-0.395542
0.270102
-0.754694
0.048539
0.256036
-0.123967
-0.088511
0.566856
-0.253096
0.490415
0.060461
-0.325146
-0.340425
-0.197435
-0.242714
0.060221
-0.395542
0.270102
-0.754694
0.048539
0.256036
-0.123967
-0.088511
0.566856
-0.253096
0.490415
0.060461
-0.325146
-0.340425
-0.197435
-0.242714
0.060221
-0.395542
0.270102
-0.754694
0.048539
0.256036
-0.123967
-0.088511
0.566856
-0.253096
0.490415
0.060461
-0.325146
-0.340425
-0.197435
-0.242714
0.060221
-0.395542
0.270102
-0.754694
0.048539
0.256036
-0.123967
-0.088511
0.566856
-0.253096
0.490415
0.060461
-0.325146
-0.340425
-0.197435
-0.242714
0.060221
-0.395542
0.270102
-0.754694
0.048539
0.256036
-0.123967
-0.088511
0.566856
-0.253096
0.490415
0.060461
-0.325146
-0.340425
-0.197435
-0.242714
0.060221
-0.395542
0.270102
-0.754694
0.048539
0.256036
-0.123967
-0.088511
0.566856
-0.253096
0.490415
0.060461
