-0.011832
-3.154238
-17.476522
-11.222157
-23.893335
-4.464783
-3.034817
-3.323059
14.626723
-11.452152
-14.140514
14.206963
-1.029287
2.322372
10.648040
0.757525
-0.332932
-0.856711
5.436572
4.355834
7.186705
1.778531
2.094537
-6.360639
-3.807379
3.974189
4.953491
-4.287841
4.405524
-1.112657
-3.247003
-0.348561
-0.069486
-0.472803
-4.184685
103.145164
3.483468
-33.830929
72.003632
-65.085571
-59.390572
-9.371539
67.205513
-5.756561
4.444507
-15.362403
-55.718510
55.564697
-1.623631
1.049163
-6.543770
-4.075526
-6.118185
-1.787368
-1.634083
4.650187
3.059078
-3.832519
-3.175948
4.826799
-2.004969
1.060108
3.275178
2.379563
1.394454
2.750983
3.429984
-64.881172
0.294854
15.570485
-42.913990
36.313595
35.114208
2.897666
-42.432877
3.472461
0.443921
9.557807
35.247372
-31.463181
0.495137
-0.395753
-0.273629
0.010859
0.075834
-0.384430
-0.195676
0.261618
0.030967
-0.337978
0.429607
0.223128
0.181132
0.278552
0.147042
-0.145968
0.495137
-0.395753
-0.273629
0.010859
0.075834
-0.384430
-0.195676
0.261618
0.030967
-0.337978
0.429607
0.223128
0.181132
0.278552
0.147042
-0.145968
0.495137
-0.395753
-0.273629
0.010859
0.075834
-0.384430
-0.195676
0.261618
0.030967
-0.337978
0.429607
0.223128
0.181132
0.278552
0.147042
-0.145968
0.495137
-0.395753
-0.273629
0.010859
0.075834
-0.384430
-0.195676
0.261618
0.030967
-0.337978
0.429607
0.223128
0.181132
0.278552
0.147042
-0.145968
0.495137
-0.395753
-0.273629
0.010859
0.075834
-0.384430
-0.195676
0.261618
0.030967
-0.337978
0.429607
0.223128
0.181132
0.278552
0.147042
-0.145968
0.495137
-0.395753
-0.273629
0.010859
0.075834
-0.384430
-0.195676
0.261618
0.030967
-0.337978
0.429607
0.223128
0.181132
0.278552
0.147042
-0.145968
0.495137
-0.395753
-0.273629
0.010859
0.075834
-0.384430
-0.195676
0.261618
0.030967
-0.337978
0.429607
0.223128
0.181132
0.278552
0.147042
-0.145968
0.495137
-0.395753
-0.273629
0.010859
0.075834
-0.384430
-0.195676
0.261618
0.030967
-0.337978
0.429607
0.223128
0.181132
0.278552
0.147042
-0.145968
0.495137
-0.395753
-0.273629
0.010859
0.075834
-0.384430
-0.195676
0.261618
0.030967
-0.337978
0.429607
0.223128
0.181132
0.278552
0.147042
-0.145968
0.495137
-0.395753
-0.273629
0.010859
0.075834
-0.384430
-0.195676
0.261618
0.030967
-0.337978
0.429607
0.223128
0.181132
0.278552
0.147042
-0.145968
0.495137
-0.395753
-0.273629
0.010859
0.075834
-0.384430
-0.195676
0.261618
0.030967
-0.337978
0.429607
0.223128
0.181132
0.278552
0.147042
-0.145968
0.495137
-0.395753
-0.273629
0.010859
0.075834
-0.384430
-0.195676
0.261618
0.030967
-0.337978
0.429607
0.223128
0.181132
0.278552
0.147042
-0.145968
0.495137
-0.395753
-0.273629
0.010859
0.075834
-0.384430
-0.195676
0.261618
0.030967
-0.337978
0.429607
0.223128
0.181132
0.278552
0.147042
-0.145968
0.495137
-0.395753
-0.273629
0.010859
0.075834
-0.384430
-0.195676
0.261618
0.030967
-0.337978
0.429607
0.223128
0.181132
0.278552
0.147042
-0.145968
0.495137
-0.395753
-0.273629
0.010859
0.075834
-0.384430
-0.195676
0.261618
0.030967
-0.337978
0.429607
0.223128
0.181132
0.278552
0.147042
-0.145968
