3.722805
-1.054306
-22.007614
14.663651
-15.357709
21.595581
-4.286429
-2.438527
-7.090522
-7.452079
12.737371
11.962537
4.938529
1.742064
4.222740
-7.356130
2.747307
-2.692531
-15.284998
-29.394981
-16.861965
-21.365646
-17.251783
19.923401
16.616215
-13.266426
-25.603043
10.814409
-17.101336
7.233181
12.237827
11.634100
0.895143
-1.239358
-82.860031
-2.302641
64.669373
30.032085
34.039482
90.528229
21.626232
-64.670448
29.023571
45.222221
-48.129486
-33.587826
-38.224087
-36.826298
0.873361
0.268606
39.483620
-0.167102
-30.474218
-15.455996
-17.732347
-40.184940
-9.696286
31.754238
-14.352603
-24.666721
24.765053
18.878584
18.957132
18.624273
0.924211
-0.958531
14.989910
-3.055273
-12.611088
-7.112292
-6.720204
-17.657179
-7.007329
10.682898
-7.213142
-10.432489
10.389183
4.171437
8.057111
0.837071
0.332423
0.015390
-0.018348
-0.124183
0.068762
0.005887
0.367964
0.102584
-0.140010
0.085852
0.070182
-0.002159
0.120031
0.679910
-0.716350
-0.294556
0.332423
0.015390
-0.018348
-0.124183
0.068762
0.005887
0.367964
0.102584
-0.140010
0.085852
0.070182
-0.002159
0.120031
0.679910
-0.716350
-0.294556
0.332423
0.015390
-0.018348
-0.124183
0.068762
0.005887
0.367964
0.102584
-0.140010
0.085852
0.070182
-0.002159
0.120031
0.679910
-0.716350
-0.294556
0.332423
0.015390
-0.018348
-0.124183
0.068762
0.005887
0.367964
0.102584
-0.140010
0.085852
0.070182
-0.002159
0.120031
0.679910
-0.716350
-0.294556
0.332423
0.015390
-0.018348
-0.124183
0.068762
0.005887
0.367964
0.102584
-0.140010
0.085852
0.070182
-0.002159
0.120031
0.679910
-0.716350
-0.294556
0.332423
0.015390
-0.018348
-0.124183
0.068762
0.005887
0.367964
0.102584
-0.140010
0.085852
0.070182
-0.002159
0.120031
0.679910
-0.716350
-0.294556
0.332423
0.015390
-0.018348
-0.124183
0.068762
0.005887
0.367964
0.102584
-0.140010
0.085852
0.070182
-0.002159
0.120031
0.679910
-0.716350
-0.294556
0.332423
0.015390
-0.018348
-0.124183
0.068762
0.005887
0.367964
0.102584
-0.140010
0.085852
0.070182
-0.002159
0.120031
0.679910
-0.716350
-0.294556
0.332423
0.015390
-0.018348
-0.124183
0.068762
0.005887
0.367964
0.102584
-0.140010
0.085852
0.070182
-0.002159
0.120031
0.679910
-0.716350
-0.294556
0.332423
0.015390
-0.018348
-0.124183
0.068762
0.005887
0.367964
0.102584
-0.140010
0.085852
0.070182
-0.002159
0.120031
0.679910
-0.716350
-0.294556
0.332423
0.015390
-0.018348
-0.124183
0.068762
0.005887
0.367964
0.102584
-0.140010
0.085852
0.070182
-0.002159
0.120031
0.679910
-0.716350
-0.294556
0.332423
0.015390
-0.018348
-0.124183
0.068762
0.005887
0.367964
0.102584
-0.140010
0.085852
0.070182
-0.002159
0.120031
0.679910
-0.716350
-0.294556
0.332423
0.015390
-0.018348
-0.124183
0.068762
0.005887
0.367964
0.102584
-0.140010
0.085852
0.070182
-0.002159
0.120031
0.679910
-0.716350
-0.294556
0.332423
0.015390
-0.018348
-0.124183
0.068762
0.005887
0.367964
0.102584
-0.140010
0.085852
0.070182
-0.002159
0.120031
0.679910
-0.716350
-0.294556
0.332423
0.015390
-0.018348
-0.124183
0.068762
0.005887
0.367964
0.102584
-0.140010
0.085852
0.070182
-0.002159
0.120031
0.679910
-0.716350
-0.294556
