-1.081282
-1.221097
-19.216158
7.714367
-19.554363
10.260768
-6.568620
0.593969
-1.334686
-16.554272
-6.161248
16.466734
0.524403
0.172211
8.131213
-10.040687
3.419043
-1.433357
65.202354
84.046516
-18.796059
-64.100273
66.663811
-94.141319
-52.912743
28.544930
42.922512
-60.318573
-29.206051
20.348043
-4.313555
81.225182
-1.283490
-0.443638
-38.723743
-47.023621
10.651710
35.031879
-36.308140
57.098816
30.218597
-15.131167
-21.388361
33.564621
16.947195
-13.753523
0.751922
-47.708553
-3.546725
2.381629
-9.506442
-11.931726
5.739733
10.287706
-5.230428
15.001691
6.526636
-5.267114
-7.501300
12.803409
2.933150
-4.120695
-0.120955
-15.454182
-0.081262
1.131807
0.085693
-0.417821
-0.191474
-0.073244
-0.122829
0.420001
0.349929
-0.002071
0.441013
0.004109
-0.738089
-0.060638
0.576506
-0.375426
-0.081262
1.131807
0.085693
-0.417821
-0.191474
-0.073244
-0.122829
0.420001
0.349929
-0.002071
0.441013
0.004109
-0.738089
-0.060638
0.576506
-0.375426
-0.081262
1.131807
0.085693
-0.417821
-0.191474
-0.073244
-0.122829
0.420001
0.349929
-0.002071
0.441013
0.004109
-0.738089
-0.060638
0.576506
-0.375426
-0.081262
1.131807
0.085693
-0.417821
-0.191474
-0.073244
-0.122829
0.420001
0.349929
-0.002071
0.441013
0.004109
-0.738089
-0.060638
0.576506
-0.375426
-0.081262
1.131807
0.085693
-0.417821
-0.191474
-0.073244
-0.122829
0.420001
0.349929
-0.002071
0.441013
0.004109
-0.738089
-0.060638
0.576506
-0.375426
-0.081262
1.131807
0.085693
-0.417821
-0.191474
-0.073244
-0.122829
0.420001
0.349929
-0.002071
0.441013
0.004109
-0.738089
-0.060638
0.576506
-0.375426
-0.081262
1.131807
0.085693
-0.417821
-0.191474
-0.073244
-0.122829
0.420001
0.349929
-0.002071
0.441013
0.004109
-0.738089
-0.060638
0.576506
-0.375426
-0.081262
1.131807
0.085693
-0.417821
-0.191474
-0.073244
-0.122829
0.420001
0.349929
-0.002071
0.441013
0.004109
-0.738089
-0.060638
0.576506
-0.375426
-0.081262
1.131807
0.085693
-0.417821
-0.191474
-0.073244
-0.122829
0.420001
0.349929
-0.002071
0.441013
0.004109
-0.738089
-0.060638
0.576506
-0.375426
-0.081262
1.131807
0.085693
-0.417821
-0.191474
-0.073244
-0.122829
0.420001
0.349929
-0.002071
0.441013
0.004109
-0.738089
-0.060638
0.576506
-0.375426
-0.081262
1.131807
0.085693
-0.417821
-0.191474
-0.073244
-0.122829
0.420001
0.349929
-0.002071
0.441013
0.004109
-0.738089
-0.060638
0.576506
-0.375426
-0.081262
1.131807
0.085693
-0.417821
-0.191474
-0.073244
-0.122829
0.420001
0.349929
-0.002071
0.441013
0.004109
-0.738089
-0.060638
0.576506
-0.375426
-0.081262
1.131807
0.085693
-0.417821
-0.191474
-0.073244
-0.122829
0.420001
0.349929
-0.002071
0.441013
0.004109
-0.738089
-0.060638
0.576506
-0.375426
-0.081262
1.131807
0.085693
-0.417821
-0.191474
-0.073244
-0.122829
0.420001
0.349929
-0.002071
0.441013
0.004109
-0.738089
-0.060638
0.576506
-0.375426
-0.081262
1.131807
0.085693
-0.417821
-0.191474
-0.073244
-0.122829
0.420001
0.349929
-0.002071
0.441013
0.004109
-0.738089
-0.060638
0.576506
-0.375426
-0.081262
1.131807
0.085693
-0.417821
-0.191474
-0.073244
-0.122829
0.420001
0.349929
-0.002071
0.441013
0.004109
-0.738089
-0.060638
0.576506
-0.375426
