-4.260086
-3.242713
33.039181
34.131519
19.975559
-9.410867
13.612326
24.807137
-16.612192
-17.375628
11.126130
-30.130960
-7.860789
7.790259
-1.898637
-9.050750
0.369842
0.600134
4.564031
21.309875
15.504307
16.404388
-2.572983
2.609189
-9.801124
-1.887039
13.971078
4.958820
5.220289
-0.113834
-5.664375
-5.453063
0.111451
3.836343
-9.338007
-102.381012
-13.751354
51.151318
-88.925880
40.422108
53.389275
11.148130
-50.198429
31.575083
27.969242
-3.547692
33.599701
-31.360624
-0.464583
-4.981191
8.007852
68.509125
8.271292
-32.877747
61.328922
-31.393471
-34.526241
-7.745058
30.387638
-22.293962
-14.769383
2.739443
-19.728687
21.684116
-0.110324
0.722483
0.371015
0.143932
0.382224
0.832583
-0.290438
-0.480152
0.148529
0.207839
-0.203551
-0.217320
-0.229683
0.089021
0.129628
0.330115
-0.110324
0.722483
0.371015
0.143932
0.382224
0.832583
-0.290438
-0.480152
0.148529
0.207839
-0.203551
-0.217320
-0.229683
0.089021
0.129628
0.330115
-0.110324
0.722483
0.371015
0.143932
0.382224
0.832583
-0.290438
-0.480152
0.148529
0.207839
-0.203551
-0.217320
-0.229683
0.089021
0.129628
0.330115
-0.110324
0.722483
0.371015
0.143932
0.382224
0.832583
-0.290438
-0.480152
0.148529
0.207839
-0.203551
-0.217320
-0.229683
0.089021
0.129628
0.330115
-0.110324
0.722483
0.371015
0.143932
0.382224
0.832583
-0.290438
-0.480152
0.148529
0.207839
-0.203551
-0.217320
-0.229683
0.089021
0.129628
0.330115
-0.110324
0.722483
0.371015
0.143932
0.382224
0.832583
-0.290438
-0.480152
0.148529
0.207839
-0.203551
-0.217320
-0.229683
0.089021
0.129628
0.330115
-0.110324
0.722483
0.371015
0.143932
0.382224
0.832583
-0.290438
-0.480152
0.148529
0.207839
-0.203551
-0.217320
-0.229683
0.089021
0.129628
0.330115
-0.110324
0.722483
0.371015
0.143932
0.382224
0.832583
-0.290438
-0.480152
0.148529
0.207839
-0.203551
-0.217320
-0.229683
0.089021
0.129628
0.330115
-0.110324
0.722483
0.371015
0.143932
0.382224
0.832583
-0.290438
-0.480152
0.148529
0.207839
-0.203551
-0.217320
-0.229683
0.089021
0.129628
0.330115
-0.110324
0.722483
0.371015
0.143932
0.382224
0.832583
-0.290438
-0.480152
0.148529
0.207839
-0.203551
-0.217320
-0.229683
0.089021
0.129628
0.330115
-0.110324
0.722483
0.371015
0.143932
0.382224
0.832583
-0.290438
-0.480152
0.148529
0.207839
-0.203551
-0.217320
-0.229683
0.089021
0.129628
0.330115
-0.110324
0.722483
0.371015
0.143932
0.382224
0.832583
-0.290438
-0.480152
0.148529
0.207839
-0.203551
-0.217320
-0.229683
0.089021
0.129628
0.330115
-0.110324
0.722483
0.371015
0.143932
0.382224
0.832583
-0.290438
-0.480152
0.148529
0.207839
-0.203551
-0.217320
-0.229683
0.089021
0.129628
0.330115
-0.110324
0.722483
0.371015
0.143932
0.382224
0.832583
-0.290438
-0.480152
0.148529
0.207839
-0.203551
-0.217320
-0.229683
0.089021
0.129628
0.330115
-0.110324
0.722483
0.371015
0.143932
0.382224
0.832583
-0.290438
-0.480152
0.148529
0.207839
-0.203551
-0.217320
-0.229683
0.089021
0.129628
0.330115
-0.110324
0.722483
0.371015
0.143932
0.382224
0.832583
-0.290438
-0.480152
0.148529
0.207839
-0.203551
-0.217320
-0.229683
0.089021
0.129628
0.330115
