-0.179813
1.510987
-66.395500
-27.691599
36.891605
3.756921
-90.584694
-17.795456
-40.380341
11.653433
19.018072
-86.108376
-25.742222
63.356682
-18.546949
-54.636135
-1.533470
1.044756
36.863991
18.385365
-19.740582
1.005544
53.786545
9.278892
24.619406
-10.019550
-12.933123
50.393936
13.008635
-42.407619
11.335095
31.674721
0.660261
-0.672883
0.224456
0.423417
0.540739
0.299124
0.389290
-0.393889
-0.316632
-0.062604
-0.268693
0.339687
-0.415931
-0.848548
-0.098003
-0.124084
0.660261
-0.672883
0.224456
0.423417
0.540739
0.299124
0.389290
-0.393889
-0.316632
-0.062604
-0.268693
0.339687
-0.415931
-0.848548
-0.098003
-0.124084
0.660261
-0.672883
0.224456
0.423417
0.540739
0.299124
0.389290
-0.393889
-0.316632
-0.062604
-0.268693
0.339687
-0.415931
-0.848548
-0.098003
-0.124084
0.660261
-0.672883
0.224456
0.423417
0.540739
0.299124
0.389290
-0.393889
-0.316632
-0.062604
-0.268693
0.339687
-0.415931
-0.848548
-0.098003
-0.124084
0.660261
-0.672883
0.224456
0.423417
0.540739
0.299124
0.389290
-0.393889
-0.316632
-0.062604
-0.268693
0.339687
-0.415931
-0.848548
-0.098003
-0.124084
0.660261
-0.672883
0.224456
0.423417
0.540739
0.299124
0.389290
-0.393889
-0.316632
-0.062604
-0.268693
0.339687
-0.415931
-0.848548
-0.098003
-0.124084
0.660261
-0.672883
0.224456
0.423417
0.540739
0.299124
0.389290
-0.393889
-0.316632
-0.062604
-0.268693
0.339687
-0.415931
-0.848548
-0.098003
-0.124084
0.660261
-0.672883
0.224456
0.423417
0.540739
0.299124
0.389290
-0.393889
-0.316632
-0.062604
-0.268693
0.339687
-0.415931
-0.848548
-0.098003
-0.124084
0.660261
-0.672883
0.224456
0.423417
0.540739
0.299124
0.389290
-0.393889
-0.316632
-0.062604
-0.268693
0.339687
-0.415931
-0.848548
-0.098003
-0.124084
0.660261
-0.672883
0.224456
0.423417
0.540739
0.299124
0.389290
-0.393889
-0.316632
-0.062604
-0.268693
0.339687
-0.415931
-0.848548
-0.098003
-0.124084
0.660261
-0.672883
0.224456
0.423417
0.540739
0.299124
0.389290
-0.393889
-0.316632
-0.062604
-0.268693
0.339687
-0.415931
-0.848548
-0.098003
-0.124084
0.660261
-0.672883
0.224456
0.423417
0.540739
0.299124
0.389290
-0.393889
-0.316632
-0.062604
-0.268693
0.339687
-0.415931
-0.848548
-0.098003
-0.124084
0.660261
-0.672883
0.224456
0.423417
0.540739
0.299124
0.389290
-0.393889
-0.316632
-0.062604
-0.268693
0.339687
-0.415931
-0.848548
-0.098003
-0.124084
0.660261
-0.672883
0.224456
0.423417
0.540739
0.299124
0.389290
-0.393889
-0.316632
-0.062604
-0.268693
0.339687
-0.415931
-0.848548
-0.098003
-0.124084
0.660261
-0.672883
0.224456
0.423417
0.540739
0.299124
0.389290
-0.393889
-0.316632
-0.062604
-0.268693
0.339687
-0.415931
-0.848548
-0.098003
-0.124084
0.660261
-0.672883
0.224456
0.423417
0.540739
0.299124
0.389290
-0.393889
-0.316632
-0.062604
-0.268693
0.339687
-0.415931
-0.848548
-0.098003
-0.124084
0.660261
-0.672883
0.224456
0.423417
0.540739
0.299124
0.389290
-0.393889
-0.316632
-0.062604
-0.268693
0.339687
-0.415931
-0.848548
-0.098003
-0.124084
0.660261
-0.672883
0.224456
0.423417
0.540739
0.299124
0.389290
-0.393889
-0.316632
-0.062604
-0.268693
0.339687
-0.415931
-0.848548
-0.098003
-0.124084
