-0.666905
-2.051397
-9.768221
4.633020
5.800070
-7.896229
-3.295198
1.699180
3.642044
1.177528
-6.139521
-5.331939
-0.292113
-5.566308
-7.949456
2.804715
-6.179807
-8.403272
41.106903
13.080975
-34.854809
-20.181759
-22.787966
19.183367
-2.713009
-22.452808
31.972092
2.489962
0.939426
31.408012
9.408837
-23.267094
2.687249
-1.345825
61.092152
16.876053
-41.279430
12.143580
89.425034
10.406794
39.205616
-19.650818
-6.532212
89.914558
-4.393487
-81.725784
37.899162
38.425735
-2.061354
1.412128
-38.075432
-9.369976
26.405619
-6.186217
-55.132000
-6.044662
-24.882313
11.428767
-0.259252
-53.838982
3.498064
46.719269
-23.479548
-24.569975
0.037990
-0.322920
0.228477
0.226051
-0.193226
0.090706
-0.095947
0.428357
0.098357
-0.098901
0.009661
-0.144740
0.067883
0.308602
-0.040879
-0.595057
0.037990
-0.322920
0.228477
0.226051
-0.193226
0.090706
-0.095947
0.428357
0.098357
-0.098901
0.009661
-0.144740
0.067883
0.308602
-0.040879
-0.595057
0.037990
-0.322920
0.228477
0.226051
-0.193226
0.090706
-0.095947
0.428357
0.098357
-0.098901
0.009661
-0.144740
0.067883
0.308602
-0.040879
-0.595057
0.037990
-0.322920
0.228477
0.226051
-0.193226
0.090706
-0.095947
0.428357
0.098357
-0.098901
0.009661
-0.144740
0.067883
0.308602
-0.040879
-0.595057
0.037990
-0.322920
0.228477
0.226051
-0.193226
0.090706
-0.095947
0.428357
0.098357
-0.098901
0.009661
-0.144740
0.067883
0.308602
-0.040879
-0.595057
0.037990
-0.322920
0.228477
0.226051
-0.193226
0.090706
-0.095947
0.428357
0.098357
-0.098901
0.009661
-0.144740
0.067883
0.308602
-0.040879
-0.595057
0.037990
-0.322920
0.228477
0.226051
-0.193226
0.090706
-0.095947
0.428357
0.098357
-0.098901
0.009661
-0.144740
0.067883
0.308602
-0.040879
-0.595057
0.037990
-0.322920
0.228477
0.226051
-0.193226
0.090706
-0.095947
0.428357
0.098357
-0.098901
0.009661
-0.144740
0.067883
0.308602
-0.040879
-0.595057
0.037990
-0.322920
0.228477
0.226051
-0.193226
0.090706
-0.095947
0.428357
0.098357
-0.098901
0.009661
-0.144740
0.067883
0.308602
-0.040879
-0.595057
0.037990
-0.322920
0.228477
0.226051
-0.193226
0.090706
-0.095947
0.428357
0.098357
-0.098901
0.009661
-0.144740
0.067883
0.308602
-0.040879
-0.595057
0.037990
-0.322920
0.228477
0.226051
-0.193226
0.090706
-0.095947
0.428357
0.098357
-0.098901
0.009661
-0.144740
0.067883
0.308602
-0.040879
-0.595057
0.037990
-0.322920
0.228477
0.226051
-0.193226
0.090706
-0.095947
0.428357
0.098357
-0.098901
0.009661
-0.144740
0.067883
0.308602
-0.040879
-0.595057
0.037990
-0.322920
0.228477
0.226051
-0.193226
0.090706
-0.095947
0.428357
0.098357
-0.098901
0.009661
-0.144740
0.067883
0.308602
-0.040879
-0.595057
0.037990
-0.322920
0.228477
0.226051
-0.193226
0.090706
-0.095947
0.428357
0.098357
-0.098901
0.009661
-0.144740
0.067883
0.308602
-0.040879
-0.595057
0.037990
-0.322920
0.228477
0.226051
-0.193226
0.090706
-0.095947
0.428357
0.098357
-0.098901
0.009661
-0.144740
0.067883
0.308602
-0.040879
-0.595057
0.037990
-0.322920
0.228477
0.226051
-0.193226
0.090706
-0.095947
0.428357
0.098357
-0.098901
0.009661
-0.144740
0.067883
0.308602
-0.040879
-0.595057
