-1.905952
-7.903831
18.802917
-37.138798
-8.234462
31.150877
18.832006
16.378916
-11.317162
2.870346
5.261718
-23.944250
24.298920
-11.803386
-26.334965
3.222834
-0.300894
0.942860
-5.187532
7.220169
5.263015
-7.129105
6.116401
0.885512
-2.620730
-4.237244
-3.885489
7.969734
0.040660
5.643799
-3.476425
0.854735
-1.258274
2.579445
55.801044
-23.891043
-26.912966
29.037619
84.679657
-49.766476
27.562811
-41.229885
49.039173
75.347641
-44.537460
-54.491817
44.654972
17.189962
-0.673914
-1.835545
-25.190950
7.859069
10.996931
-11.681699
-37.317200
24.092113
-11.643903
19.720873
-25.282005
-36.044617
23.272303
20.820339
-22.919912
-7.875806
0.703628
-0.879457
-7.341750
8.081048
4.012508
-9.586660
-18.527487
14.734123
-5.949035
12.005732
-10.059252
-16.951054
8.865520
12.784810
-9.484879
-2.968892
0.617163
-0.413080
0.260779
-0.237638
-0.010403
0.261462
-0.832212
-0.184598
0.035569
0.162801
0.111738
0.158002
0.352350
0.097499
-0.354752
-0.690715
0.617163
-0.413080
0.260779
-0.237638
-0.010403
0.261462
-0.832212
-0.184598
0.035569
0.162801
0.111738
0.158002
0.352350
0.097499
-0.354752
-0.690715
0.617163
-0.413080
0.260779
-0.237638
-0.010403
0.261462
-0.832212
-0.184598
0.035569
0.162801
0.111738
0.158002
0.352350
0.097499
-0.354752
-0.690715
0.617163
-0.413080
0.260779
-0.237638
-0.010403
0.261462
-0.832212
-0.184598
0.035569
0.162801
0.111738
0.158002
0.352350
0.097499
-0.354752
-0.690715
0.617163
-0.413080
0.260779
-0.237638
-0.010403
0.261462
-0.832212
-0.184598
0.035569
0.162801
0.111738
0.158002
0.352350
0.097499
-0.354752
-0.690715
0.617163
-0.413080
0.260779
-0.237638
-0.010403
0.261462
-0.832212
-0.184598
0.035569
0.162801
0.111738
0.158002
0.352350
0.097499
-0.354752
-0.690715
0.617163
-0.413080
0.260779
-0.237638
-0.010403
0.261462
-0.832212
-0.184598
0.035569
0.162801
0.111738
0.158002
0.352350
0.097499
-0.354752
-0.690715
0.617163
-0.413080
0.260779
-0.237638
-0.010403
0.261462
-0.832212
-0.184598
0.035569
0.162801
0.111738
0.158002
0.352350
0.097499
-0.354752
-0.690715
0.617163
-0.413080
0.260779
-0.237638
-0.010403
0.261462
-0.832212
-0.184598
0.035569
0.162801
0.111738
0.158002
0.352350
0.097499
-0.354752
-0.690715
0.617163
-0.413080
0.260779
-0.237638
-0.010403
0.261462
-0.832212
-0.184598
0.035569
0.162801
0.111738
0.158002
0.352350
0.097499
-0.354752
-0.690715
0.617163
-0.413080
0.260779
-0.237638
-0.010403
0.261462
-0.832212
-0.184598
0.035569
0.162801
0.111738
0.158002
0.352350
0.097499
-0.354752
-0.690715
0.617163
-0.413080
0.260779
-0.237638
-0.010403
0.261462
-0.832212
-0.184598
0.035569
0.162801
0.111738
0.158002
0.352350
0.097499
-0.354752
-0.690715
0.617163
-0.413080
0.260779
-0.237638
-0.010403
0.261462
-0.832212
-0.184598
0.035569
0.162801
0.111738
0.158002
0.352350
0.097499
-0.354752
-0.690715
0.617163
-0.413080
0.260779
-0.237638
-0.010403
0.261462
-0.832212
-0.184598
0.035569
0.162801
0.111738
0.158002
0.352350
0.097499
-0.354752
-0.690715
0.617163
-0.413080
0.260779
-0.237638
-0.010403
0.261462
-0.832212
-0.184598
0.035569
0.162801
0.111738
0.158002
0.352350
0.097499
-0.354752
-0.690715
