-2.067570
-4.412268
252.642593
602.693359
121.060234
-564.667297
718.727478
-0.015726
145.405426
-181.863388
-44.171997
311.580139
-907.407043
-651.016541
290.214355
-676.642944
-0.461719
2.132667
-30.043755
-6.192938
18.753759
18.389219
-23.370449
20.601591
1.961933
9.298083
-8.595344
-11.452769
50.836708
-10.548963
19.908031
29.583755
0.599384
3.615371
-205.895111
-505.550110
-109.353912
472.284546
-602.004517
-5.707882
-125.076019
150.344528
38.815754
-258.757629
751.235107
551.136536
-250.910049
562.244324
2.352479
1.284000
14.366214
-34.162498
-27.303122
15.369675
-21.837528
-27.800894
-11.938203
1.237325
13.302265
-9.844105
8.822631
59.758556
-38.088741
14.012970
-0.101680
-1.039733
0.655000
0.228817
0.038687
0.147330
-0.205927
0.193575
-0.271713
-0.408871
-0.388413
-0.079984
0.290152
0.184036
-0.093373
-0.260048
-0.101680
-1.039733
0.655000
0.228817
0.038687
0.147330
-0.205927
0.193575
-0.271713
-0.408871
-0.388413
-0.079984
0.290152
0.184036
-0.093373
-0.260048
-0.101680
-1.039733
0.655000
0.228817
0.038687
0.147330
-0.205927
0.193575
-0.271713
-0.408871
-0.388413
-0.079984
0.290152
0.184036
-0.093373
-0.260048
-0.101680
-1.039733
0.655000
0.228817
0.038687
0.147330
-0.205927
0.193575
-0.271713
-0.408871
-0.388413
-0.079984
0.290152
0.184036
-0.093373
-0.260048
-0.101680
-1.039733
0.655000
0.228817
0.038687
0.147330
-0.205927
0.193575
-0.271713
-0.408871
-0.388413
-0.079984
0.290152
0.184036
-0.093373
-0.260048
-0.101680
-1.039733
0.655000
0.228817
0.038687
0.147330
-0.205927
0.193575
-0.271713
-0.408871
-0.388413
-0.079984
0.290152
0.184036
-0.093373
-0.260048
-0.101680
-1.039733
0.655000
0.228817
0.038687
0.147330
-0.205927
0.193575
-0.271713
-0.408871
-0.388413
-0.079984
0.290152
0.184036
-0.093373
-0.260048
-0.101680
-1.039733
0.655000
0.228817
0.038687
0.147330
-0.205927
0.193575
-0.271713
-0.408871
-0.388413
-0.079984
0.290152
0.184036
-0.093373
-0.260048
-0.101680
-1.039733
0.655000
0.228817
0.038687
0.147330
-0.205927
0.193575
-0.271713
-0.408871
-0.388413
-0.079984
0.290152
0.184036
-0.093373
-0.260048
-0.101680
-1.039733
0.655000
0.228817
0.038687
0.147330
-0.205927
0.193575
-0.271713
-0.408871
-0.388413
-0.079984
0.290152
0.184036
-0.093373
-0.260048
-0.101680
-1.039733
0.655000
0.228817
0.038687
0.147330
-0.205927
0.193575
-0.271713
-0.408871
-0.388413
-0.079984
0.290152
0.184036
-0.093373
-0.260048
-0.101680
-1.039733
0.655000
0.228817
0.038687
0.147330
-0.205927
0.193575
-0.271713
-0.408871
-0.388413
-0.079984
0.290152
0.184036
-0.093373
-0.260048
-0.101680
-1.039733
0.655000
0.228817
0.038687
0.147330
-0.205927
0.193575
-0.271713
-0.408871
-0.388413
-0.079984
0.290152
0.184036
-0.093373
-0.260048
-0.101680
-1.039733
0.655000
0.228817
0.038687
0.147330
-0.205927
0.193575
-0.271713
-0.408871
-0.388413
-0.079984
0.290152
0.184036
-0.093373
-0.260048
-0.101680
-1.039733
0.655000
0.228817
0.038687
0.147330
-0.205927
0.193575
-0.271713
-0.408871
-0.388413
-0.079984
0.290152
0.184036
-0.093373
-0.260048
-0.101680
-1.039733
0.655000
0.228817
0.038687
0.147330
-0.205927
0.193575
-0.271713
-0.408871
-0.388413
-0.079984
0.290152
0.184036
-0.093373
-0.260048
