2.066104
2.160565
51.572182
113.583328
6.032053
42.990974
108.329323
39.613800
56.617043
89.133423
-96.569138
56.616409
51.320316
112.504173
-57.116154
90.296761
-0.165018
-0.713753
-3.488308
3.793625
5.289796
-7.591311
-0.589407
3.945849
-0.560313
-4.569181
-3.959829
9.157914
-6.389312
3.963586
-4.474050
1.116447
1.686064
-5.387835
30.854359
4.347860
-29.000261
-7.963231
-19.079004
-16.075996
-2.595581
23.564732
34.359089
-7.724449
9.162836
-18.151279
9.620026
12.879632
-1.148242
1.513217
8.185308
-4.277247
-8.658375
8.173922
7.376828
1.533796
-6.746351
-1.790517
3.273381
3.507514
-4.486369
6.291526
10.196825
5.564614
11.951940
-3.434335
18.999556
45.835003
-8.785986
-38.530701
-27.835587
8.462194
4.473056
-14.686620
22.204306
23.836666
-20.840357
18.490711
19.793400
-5.406336
-1.200279
-2.885255
-36.626450
-76.636589
-6.013700
-28.700171
-75.214966
-26.569273
-40.213322
-65.053978
66.123734
-39.906578
-37.393314
-77.733162
37.518848
-63.223221
0.124237
-0.979397
0.576101
0.942037
0.551108
-0.188000
0.271377
-0.414428
0.352952
0.204086
0.059391
-0.172512
0.073619
0.282717
0.658981
0.033181
0.124237
-0.979397
0.576101
0.942037
0.551108
-0.188000
0.271377
-0.414428
0.352952
0.204086
0.059391
-0.172512
0.073619
0.282717
0.658981
0.033181
0.124237
-0.979397
0.576101
0.942037
0.551108
-0.188000
0.271377
-0.414428
0.352952
0.204086
0.059391
-0.172512
0.073619
0.282717
0.658981
0.033181
0.124237
-0.979397
0.576101
0.942037
0.551108
-0.188000
0.271377
-0.414428
0.352952
0.204086
0.059391
-0.172512
0.073619
0.282717
0.658981
0.033181
0.124237
-0.979397
0.576101
0.942037
0.551108
-0.188000
0.271377
-0.414428
0.352952
0.204086
0.059391
-0.172512
0.073619
0.282717
0.658981
0.033181
0.124237
-0.979397
0.576101
0.942037
0.551108
-0.188000
0.271377
-0.414428
0.352952
0.204086
0.059391
-0.172512
0.073619
0.282717
0.658981
0.033181
0.124237
-0.979397
0.576101
0.942037
0.551108
-0.188000
0.271377
-0.414428
0.352952
0.204086
0.059391
-0.172512
0.073619
0.282717
0.658981
0.033181
0.124237
-0.979397
0.576101
0.942037
0.551108
-0.188000
0.271377
-0.414428
0.352952
0.204086
0.059391
-0.172512
0.073619
0.282717
0.658981
0.033181
0.124237
-0.979397
0.576101
0.942037
0.551108
-0.188000
0.271377
-0.414428
0.352952
0.204086
0.059391
-0.172512
0.073619
0.282717
0.658981
0.033181
0.124237
-0.979397
0.576101
0.942037
0.551108
-0.188000
0.271377
-0.414428
0.352952
0.204086
0.059391
-0.172512
0.073619
0.282717
0.658981
0.033181
0.124237
-0.979397
0.576101
0.942037
0.551108
-0.188000
0.271377
-0.414428
0.352952
0.204086
0.059391
-0.172512
0.073619
0.282717
0.658981
0.033181
0.124237
-0.979397
0.576101
0.942037
0.551108
-0.188000
0.271377
-0.414428
0.352952
0.204086
0.059391
-0.172512
0.073619
0.282717
0.658981
0.033181
0.124237
-0.979397
0.576101
0.942037
0.551108
-0.188000
0.271377
-0.414428
0.352952
0.204086
0.059391
-0.172512
0.073619
0.282717
0.658981
0.033181
0.124237
-0.979397
0.576101
0.942037
0.551108
-0.188000
0.271377
-0.414428
0.352952
0.204086
0.059391
-0.172512
0.073619
0.282717
0.658981
0.033181
