1.013775
1.353739
4.429350
6.064540
-4.833486
-5.331773
1.872997
-6.436905
-4.713931
3.989664
9.955827
5.369022
3.865471
-1.021267
-1.304401
6.915668
-33.191280
9.395945
-39.301735
16.748770
28.683119
-16.741077
-6.169445
-25.381777
13.320404
5.218668
-17.315716
16.657925
-17.606304
-13.419504
8.674104
18.058434
0.411682
0.230742
6.444870
9.634976
-10.333990
-4.657633
1.926850
7.180816
-0.489567
-3.964713
-3.555590
7.158532
-5.096719
-2.405926
-2.902654
9.068777
-3.502182
-1.526458
-125.307793
32.026245
-43.149101
6.680709
-44.181030
110.171227
-77.071930
53.486145
-19.018856
-105.275116
-102.807617
40.599380
-73.704948
-48.510849
1.043491
0.672037
89.846306
-22.137959
29.205959
-5.258758
31.438749
-76.570564
57.628525
-41.693810
15.000924
77.024162
77.717094
-30.414076
54.033794
33.736389
-0.054279
-0.285823
-0.338690
0.740518
-0.094804
-0.476817
0.593070
0.250356
-0.171222
-0.079217
0.058491
-0.222166
-0.288287
0.435250
0.761327
0.354989
-0.054279
-0.285823
-0.338690
0.740518
-0.094804
-0.476817
0.593070
0.250356
-0.171222
-0.079217
0.058491
-0.222166
-0.288287
0.435250
0.761327
0.354989
-0.054279
-0.285823
-0.338690
0.740518
-0.094804
-0.476817
0.593070
0.250356
-0.171222
-0.079217
0.058491
-0.222166
-0.288287
0.435250
0.761327
0.354989
-0.054279
-0.285823
-0.338690
0.740518
-0.094804
-0.476817
0.593070
0.250356
-0.171222
-0.079217
0.058491
-0.222166
-0.288287
0.435250
0.761327
0.354989
-0.054279
-0.285823
-0.338690
0.740518
-0.094804
-0.476817
0.593070
0.250356
-0.171222
-0.079217
0.058491
-0.222166
-0.288287
0.435250
0.761327
0.354989
-0.054279
-0.285823
-0.338690
0.740518
-0.094804
-0.476817
0.593070
0.250356
-0.171222
-0.079217
0.058491
-0.222166
-0.288287
0.435250
0.761327
0.354989
-0.054279
-0.285823
-0.338690
0.740518
-0.094804
-0.476817
0.593070
0.250356
-0.171222
-0.079217
0.058491
-0.222166
-0.288287
0.435250
0.761327
0.354989
-0.054279
-0.285823
-0.338690
0.740518
-0.094804
-0.476817
0.593070
0.250356
-0.171222
-0.079217
0.058491
-0.222166
-0.288287
0.435250
0.761327
0.354989
-0.054279
-0.285823
-0.338690
0.740518
-0.094804
-0.476817
0.593070
0.250356
-0.171222
-0.079217
0.058491
-0.222166
-0.288287
0.435250
0.761327
0.354989
-0.054279
-0.285823
-0.338690
0.740518
-0.094804
-0.476817
0.593070
0.250356
-0.171222
-0.079217
0.058491
-0.222166
-0.288287
0.435250
0.761327
0.354989
-0.054279
-0.285823
-0.338690
0.740518
-0.094804
-0.476817
0.593070
0.250356
-0.171222
-0.079217
0.058491
-0.222166
-0.288287
0.435250
0.761327
0.354989
-0.054279
-0.285823
-0.338690
0.740518
-0.094804
-0.476817
0.593070
0.250356
-0.171222
-0.079217
0.058491
-0.222166
-0.288287
0.435250
0.761327
0.354989
-0.054279
-0.285823
-0.338690
0.740518
-0.094804
-0.476817
0.593070
0.250356
-0.171222
-0.079217
0.058491
-0.222166
-0.288287
0.435250
0.761327
0.354989
-0.054279
-0.285823
-0.338690
0.740518
-0.094804
-0.476817
0.593070
0.250356
-0.171222
-0.079217
0.058491
-0.222166
-0.288287
0.435250
0.761327
0.354989
-0.054279
-0.285823
-0.338690
0.740518
-0.094804
-0.476817
0.593070
0.250356
-0.171222
-0.079217
0.058491
-0.222166
-0.288287
0.435250
0.761327
0.354989
