21.190672
-11.467239
33.724174
-26.780666
-11.752862
29.568438
21.681793
19.017956
-18.186230
-0.853828
9.655680
-31.080307
19.980602
5.120223
-9.544891
-15.748610
-0.788337
1.754020
-99.937370
-98.100929
-29.846991
-43.207970
-132.023666
16.118080
-86.149498
-56.785553
82.178757
-81.518776
-99.950745
-69.860291
17.114799
-99.543381
-0.862150
-2.326672
33.873116
39.923885
13.912919
14.141184
54.690933
-5.979187
37.295677
26.260027
-35.899174
28.973936
34.428917
28.872299
-9.758919
43.912712
3.715415
0.247061
25.508766
26.595881
5.626185
12.653622
34.141289
-4.253763
17.712694
14.630697
-19.794174
22.825638
23.020510
21.278345
-5.266056
24.938082
-1.191418
-0.469733
0.076889
-0.098791
-0.025825
0.243658
0.211673
-0.271036
0.203623
-0.340443
-0.240480
-0.014777
-0.023152
0.008520
0.098303
-0.429489
-1.191418
-0.469733
0.076889
-0.098791
-0.025825
0.243658
0.211673
-0.271036
0.203623
-0.340443
-0.240480
-0.014777
-0.023152
0.008520
0.098303
-0.429489
-1.191418
-0.469733
0.076889
-0.098791
-0.025825
0.243658
0.211673
-0.271036
0.203623
-0.340443
-0.240480
-0.014777
-0.023152
0.008520
0.098303
-0.429489
-1.191418
-0.469733
0.076889
-0.098791
-0.025825
0.243658
0.211673
-0.271036
0.203623
-0.340443
-0.240480
-0.014777
-0.023152
0.008520
0.098303
-0.429489
-1.191418
-0.469733
0.076889
-0.098791
-0.025825
0.243658
0.211673
-0.271036
0.203623
-0.340443
-0.240480
-0.014777
-0.023152
0.008520
0.098303
-0.429489
-1.191418
-0.469733
0.076889
-0.098791
-0.025825
0.243658
0.211673
-0.271036
0.203623
-0.340443
-0.240480
-0.014777
-0.023152
0.008520
0.098303
-0.429489
-1.191418
-0.469733
0.076889
-0.098791
-0.025825
0.243658
0.211673
-0.271036
0.203623
-0.340443
-0.240480
-0.014777
-0.023152
0.008520
0.098303
-0.429489
-1.191418
-0.469733
0.076889
-0.098791
-0.025825
0.243658
0.211673
-0.271036
0.203623
-0.340443
-0.240480
-0.014777
-0.023152
0.008520
0.098303
-0.429489
-1.191418
-0.469733
0.076889
-0.098791
-0.025825
0.243658
0.211673
-0.271036
0.203623
-0.340443
-0.240480
-0.014777
-0.023152
0.008520
0.098303
-0.429489
-1.191418
-0.469733
0.076889
-0.098791
-0.025825
0.243658
0.211673
-0.271036
0.203623
-0.340443
-0.240480
-0.014777
-0.023152
0.008520
0.098303
-0.429489
-1.191418
-0.469733
0.076889
-0.098791
-0.025825
0.243658
0.211673
-0.271036
0.203623
-0.340443
-0.240480
-0.014777
-0.023152
0.008520
0.098303
-0.429489
-1.191418
-0.469733
0.076889
-0.098791
-0.025825
0.243658
0.211673
-0.271036
0.203623
-0.340443
-0.240480
-0.014777
-0.023152
0.008520
0.098303
-0.429489
-1.191418
-0.469733
0.076889
-0.098791
-0.025825
0.243658
0.211673
-0.271036
0.203623
-0.340443
-0.240480
-0.014777
-0.023152
0.008520
0.098303
-0.429489
-1.191418
-0.469733
0.076889
-0.098791
-0.025825
0.243658
0.211673
-0.271036
0.203623
-0.340443
-0.240480
-0.014777
-0.023152
0.008520
0.098303
-0.429489
-1.191418
-0.469733
0.076889
-0.098791
-0.025825
0.243658
0.211673
-0.271036
0.203623
-0.340443
-0.240480
-0.014777
-0.023152
0.008520
0.098303
-0.429489
-1.191418
-0.469733
0.076889
-0.098791
-0.025825
0.243658
0.211673
-0.271036
0.203623
-0.340443
-0.240480
-0.014777
-0.023152
0.008520
0.098303
-0.429489
