1.771764
0.279756
3.470348
6.967215
-10.736259
-1.988787
4.317161
8.752473
0.305491
-3.689872
-3.394672
6.207652
-5.503988
-3.987093
-4.858190
10.988922
-3.776791
12.996097
41.808350
15.281022
-28.342588
-10.636993
-11.636154
22.371954
-4.015152
-14.496884
29.587799
-2.023334
3.678699
23.392159
1.400826
-16.105047
0.645638
0.602899
125.529221
-34.876247
43.508751
-9.188711
43.353416
-116.042061
87.644676
-46.688187
37.694901
105.091499
106.021629
-61.509754
78.121696
59.056557
-2.598992
-0.747739
-16.711037
3.233881
-3.655717
-2.717204
-5.994620
10.327841
-6.625803
4.285001
-2.782396
-13.482281
-14.783146
8.967812
-7.388665
-10.140353
1.692241
-1.386990
-75.732330
19.924213
-26.570780
9.335966
-27.490612
71.065353
-52.511200
28.170393
-22.759451
-66.716499
-62.640015
37.549793
-46.256271
-37.594345
-0.611923
-1.033388
0.689115
0.068144
-0.009081
-0.608458
0.341556
-0.340105
-0.484288
-0.073878
0.719317
-0.013612
-0.378581
0.119812
-0.105443
-0.011889
-0.611923
-1.033388
0.689115
0.068144
-0.009081
-0.608458
0.341556
-0.340105
-0.484288
-0.073878
0.719317
-0.013612
-0.378581
0.119812
-0.105443
-0.011889
-0.611923
-1.033388
0.689115
0.068144
-0.009081
-0.608458
0.341556
-0.340105
-0.484288
-0.073878
0.719317
-0.013612
-0.378581
0.119812
-0.105443
-0.011889
-0.611923
-1.033388
0.689115
0.068144
-0.009081
-0.608458
0.341556
-0.340105
-0.484288
-0.073878
0.719317
-0.013612
-0.378581
0.119812
-0.105443
-0.011889
-0.611923
-1.033388
0.689115
0.068144
-0.009081
-0.608458
0.341556
-0.340105
-0.484288
-0.073878
0.719317
-0.013612
-0.378581
0.119812
-0.105443
-0.011889
-0.611923
-1.033388
0.689115
0.068144
-0.009081
-0.608458
0.341556
-0.340105
-0.484288
-0.073878
0.719317
-0.013612
-0.378581
0.119812
-0.105443
-0.011889
-0.611923
-1.033388
0.689115
0.068144
-0.009081
-0.608458
0.341556
-0.340105
-0.484288
-0.073878
0.719317
-0.013612
-0.378581
0.119812
-0.105443
-0.011889
-0.611923
-1.033388
0.689115
0.068144
-0.009081
-0.608458
0.341556
-0.340105
-0.484288
-0.073878
0.719317
-0.013612
-0.378581
0.119812
-0.105443
-0.011889
-0.611923
-1.033388
0.689115
0.068144
-0.009081
-0.608458
0.341556
-0.340105
-0.484288
-0.073878
0.719317
-0.013612
-0.378581
0.119812
-0.105443
-0.011889
-0.611923
-1.033388
0.689115
0.068144
-0.009081
-0.608458
0.341556
-0.340105
-0.484288
-0.073878
0.719317
-0.013612
-0.378581
0.119812
-0.105443
-0.011889
-0.611923
-1.033388
0.689115
0.068144
-0.009081
-0.608458
0.341556
-0.340105
-0.484288
-0.073878
0.719317
-0.013612
-0.378581
0.119812
-0.105443
-0.011889
-0.611923
-1.033388
0.689115
0.068144
-0.009081
-0.608458
0.341556
-0.340105
-0.484288
-0.073878
0.719317
-0.013612
-0.378581
0.119812
-0.105443
-0.011889
-0.611923
-1.033388
0.689115
0.068144
-0.009081
-0.608458
0.341556
-0.340105
-0.484288
-0.073878
0.719317
-0.013612
-0.378581
0.119812
-0.105443
-0.011889
-0.611923
-1.033388
0.689115
0.068144
-0.009081
-0.608458
0.341556
-0.340105
-0.484288
-0.073878
0.719317
-0.013612
-0.378581
0.119812
-0.105443
-0.011889
-0.611923
-1.033388
0.689115
0.068144
-0.009081
-0.608458
0.341556
-0.340105
-0.484288
-0.073878
0.719317
-0.013612
-0.378581
0.119812
-0.105443
-0.011889
