-0.211397
-0.421611
-8.150307
-1.357531
8.783154
3.301389
0.150325
2.842344
-1.128404
-5.797600
-9.260593
0.854385
-4.655472
2.329089
-1.310459
-6.190968
-1.531339
-0.471221
36.474304
-18.585424
-26.442884
19.870626
18.745684
23.051382
-12.316594
-6.811052
14.664686
-26.190138
21.594004
15.778092
-9.092265
-10.045368
-2.297887
0.925928
-21.940521
-4.196073
-38.405830
12.328719
-34.222912
220.983673
51.293266
-70.776634
-31.894939
-53.584446
53.642300
235.833618
51.699936
-10.632968
1.810644
-3.065677
6.986409
2.207901
14.096093
-4.597147
13.315103
-71.311958
-17.725142
18.954382
8.045444
16.630304
-21.566788
-74.614349
-13.522868
3.570419
2.698411
-1.227244
7.079719
1.472828
9.856667
-6.740999
9.132022
-72.151787
-13.679512
24.673124
9.129678
17.762398
-19.188143
-75.230392
-17.138418
5.150606
0.353711
0.048855
0.095207
-0.462421
0.284946
-0.028073
-0.140888
-1.094349
0.470372
0.041286
0.363091
-0.551846
0.143766
-0.006425
-0.396232
-0.372888
0.353711
0.048855
0.095207
-0.462421
0.284946
-0.028073
-0.140888
-1.094349
0.470372
0.041286
0.363091
-0.551846
0.143766
-0.006425
-0.396232
-0.372888
0.353711
0.048855
0.095207
-0.462421
0.284946
-0.028073
-0.140888
-1.094349
0.470372
0.041286
0.363091
-0.551846
0.143766
-0.006425
-0.396232
-0.372888
0.353711
0.048855
0.095207
-0.462421
0.284946
-0.028073
-0.140888
-1.094349
0.470372
0.041286
0.363091
-0.551846
0.143766
-0.006425
-0.396232
-0.372888
0.353711
0.048855
0.095207
-0.462421
0.284946
-0.028073
-0.140888
-1.094349
0.470372
0.041286
0.363091
-0.551846
0.143766
-0.006425
-0.396232
-0.372888
0.353711
0.048855
0.095207
-0.462421
0.284946
-0.028073
-0.140888
-1.094349
0.470372
0.041286
0.363091
-0.551846
0.143766
-0.006425
-0.396232
-0.372888
0.353711
0.048855
0.095207
-0.462421
0.284946
-0.028073
-0.140888
-1.094349
0.470372
0.041286
0.363091
-0.551846
0.143766
-0.006425
-0.396232
-0.372888
0.353711
0.048855
0.095207
-0.462421
0.284946
-0.028073
-0.140888
-1.094349
0.470372
0.041286
0.363091
-0.551846
0.143766
-0.006425
-0.396232
-0.372888
0.353711
0.048855
0.095207
-0.462421
0.284946
-0.028073
-0.140888
-1.094349
0.470372
0.041286
0.363091
-0.551846
0.143766
-0.006425
-0.396232
-0.372888
0.353711
0.048855
0.095207
-0.462421
0.284946
-0.028073
-0.140888
-1.094349
0.470372
0.041286
0.363091
-0.551846
0.143766
-0.006425
-0.396232
-0.372888
0.353711
0.048855
0.095207
-0.462421
0.284946
-0.028073
-0.140888
-1.094349
0.470372
0.041286
0.363091
-0.551846
0.143766
-0.006425
-0.396232
-0.372888
0.353711
0.048855
0.095207
-0.462421
0.284946
-0.028073
-0.140888
-1.094349
0.470372
0.041286
0.363091
-0.551846
0.143766
-0.006425
-0.396232
-0.372888
0.353711
0.048855
0.095207
-0.462421
0.284946
-0.028073
-0.140888
-1.094349
0.470372
0.041286
0.363091
-0.551846
0.143766
-0.006425
-0.396232
-0.372888
0.353711
0.048855
0.095207
-0.462421
0.284946
-0.028073
-0.140888
-1.094349
0.470372
0.041286
0.363091
-0.551846
0.143766
-0.006425
-0.396232
-0.372888
0.353711
0.048855
0.095207
-0.462421
0.284946
-0.028073
-0.140888
-1.094349
0.470372
0.041286
0.363091
-0.551846
0.143766
-0.006425
-0.396232
-0.372888
