1.554909
-0.718934
13.974854
-16.283716
-18.374113
7.758426
-0.295539
5.314826
8.676609
10.027344
9.477730
-14.220863
2.357316
-2.414130
3.222940
-2.194142
-1.476784
2.287468
9.439060
3.317663
-8.859776
6.460875
11.215732
0.093052
-1.196093
-3.795006
1.403412
9.245288
-3.052463
2.655064
5.287147
6.349321
0.713555
0.483094
5.601256
-2.774804
-7.813106
-0.275979
-5.944358
-4.028088
3.388345
4.161258
6.578684
-7.090229
3.668704
-5.829574
2.227739
1.941659
0.141364
0.764876
7.717577
-20.581797
20.820625
-37.815132
-129.101547
-151.765564
34.156746
77.326454
44.377144
-17.092106
-200.844742
-113.281586
-50.591179
6.858458
1.223038
1.992527
-3.496607
18.682404
-17.894215
29.390028
107.724045
124.679344
-29.413527
-64.042503
-37.328903
16.120970
173.021561
97.166397
44.488186
-6.150883
-0.498933
-0.575459
0.070926
-0.796681
-0.238003
0.019260
0.034178
0.009612
-0.327150
0.979861
0.075237
0.189013
-0.391478
-0.128390
-0.476282
0.371314
-0.498933
-0.575459
0.070926
-0.796681
-0.238003
0.019260
0.034178
0.009612
-0.327150
0.979861
0.075237
0.189013
-0.391478
-0.128390
-0.476282
0.371314
-0.498933
-0.575459
0.070926
-0.796681
-0.238003
0.019260
0.034178
0.009612
-0.327150
0.979861
0.075237
0.189013
-0.391478
-0.128390
-0.476282
0.371314
-0.498933
-0.575459
0.070926
-0.796681
-0.238003
0.019260
0.034178
0.009612
-0.327150
0.979861
0.075237
0.189013
-0.391478
-0.128390
-0.476282
0.371314
-0.498933
-0.575459
0.070926
-0.796681
-0.238003
0.019260
0.034178
0.009612
-0.327150
0.979861
0.075237
0.189013
-0.391478
-0.128390
-0.476282
0.371314
-0.498933
-0.575459
0.070926
-0.796681
-0.238003
0.019260
0.034178
0.009612
-0.327150
0.979861
0.075237
0.189013
-0.391478
-0.128390
-0.476282
0.371314
-0.498933
-0.575459
0.070926
-0.796681
-0.238003
0.019260
0.034178
0.009612
-0.327150
0.979861
0.075237
0.189013
-0.391478
-0.128390
-0.476282
0.371314
-0.498933
-0.575459
0.070926
-0.796681
-0.238003
0.019260
0.034178
0.009612
-0.327150
0.979861
0.075237
0.189013
-0.391478
-0.128390
-0.476282
0.371314
-0.498933
-0.575459
0.070926
-0.796681
-0.238003
0.019260
0.034178
0.009612
-0.327150
0.979861
0.075237
0.189013
-0.391478
-0.128390
-0.476282
0.371314
-0.498933
-0.575459
0.070926
-0.796681
-0.238003
0.019260
0.034178
0.009612
-0.327150
0.979861
0.075237
0.189013
-0.391478
-0.128390
-0.476282
0.371314
-0.498933
-0.575459
0.070926
-0.796681
-0.238003
0.019260
0.034178
0.009612
-0.327150
0.979861
0.075237
0.189013
-0.391478
-0.128390
-0.476282
0.371314
-0.498933
-0.575459
0.070926
-0.796681
-0.238003
0.019260
0.034178
0.009612
-0.327150
0.979861
0.075237
0.189013
-0.391478
-0.128390
-0.476282
0.371314
-0.498933
-0.575459
0.070926
-0.796681
-0.238003
0.019260
0.034178
0.009612
-0.327150
0.979861
0.075237
0.189013
-0.391478
-0.128390
-0.476282
0.371314
-0.498933
-0.575459
0.070926
-0.796681
-0.238003
0.019260
0.034178
0.009612
-0.327150
0.979861
0.075237
0.189013
-0.391478
-0.128390
-0.476282
0.371314
-0.498933
-0.575459
0.070926
-0.796681
-0.238003
0.019260
0.034178
0.009612
-0.327150
0.979861
0.075237
0.189013
-0.391478
-0.128390
-0.476282
0.371314
