0.364695
0.156159
27.875055
-73.563072
-206.465256
58.585434
-170.369888
52.354733
11.712206
-27.560112
34.694935
-109.540512
-302.398773
-86.033203
147.500305
-14.137921
0.588572
0.851420
-3.554418
2.809763
16.249725
-2.335625
12.425658
4.028448
4.090868
3.722690
1.409162
3.001653
24.121782
15.280059
-15.212644
-1.228185
-0.143954
-0.324070
-20.947065
54.891003
151.649048
-36.999470
126.914749
-38.130802
-11.519642
21.358967
-30.170767
78.376137
216.463470
61.216835
-105.565865
7.830642
-0.131631
-0.317309
-0.686701
0.037848
0.502822
-0.349565
-0.221838
0.003517
-0.172556
0.072475
-0.283567
0.248580
0.151209
0.024260
-0.071445
0.310125
-0.131631
-0.317309
-0.686701
0.037848
0.502822
-0.349565
-0.221838
0.003517
-0.172556
0.072475
-0.283567
0.248580
0.151209
0.024260
-0.071445
0.310125
-0.131631
-0.317309
-0.686701
0.037848
0.502822
-0.349565
-0.221838
0.003517
-0.172556
0.072475
-0.283567
0.248580
0.151209
0.024260
-0.071445
0.310125
-0.131631
-0.317309
-0.686701
0.037848
0.502822
-0.349565
-0.221838
0.003517
-0.172556
0.072475
-0.283567
0.248580
0.151209
0.024260
-0.071445
0.310125
-0.131631
-0.317309
-0.686701
0.037848
0.502822
-0.349565
-0.221838
0.003517
-0.172556
0.072475
-0.283567
0.248580
0.151209
0.024260
-0.071445
0.310125
-0.131631
-0.317309
-0.686701
0.037848
0.502822
-0.349565
-0.221838
0.003517
-0.172556
0.072475
-0.283567
0.248580
0.151209
0.024260
-0.071445
0.310125
-0.131631
-0.317309
-0.686701
0.037848
0.502822
-0.349565
-0.221838
0.003517
-0.172556
0.072475
-0.283567
0.248580
0.151209
0.024260
-0.071445
0.310125
-0.131631
-0.317309
-0.686701
0.037848
0.502822
-0.349565
-0.221838
0.003517
-0.172556
0.072475
-0.283567
0.248580
0.151209
0.024260
-0.071445
0.310125
-0.131631
-0.317309
-0.686701
0.037848
0.502822
-0.349565
-0.221838
0.003517
-0.172556
0.072475
-0.283567
0.248580
0.151209
0.024260
-0.071445
0.310125
-0.131631
-0.317309
-0.686701
0.037848
0.502822
-0.349565
-0.221838
0.003517
-0.172556
0.072475
-0.283567
0.248580
0.151209
0.024260
-0.071445
0.310125
-0.131631
-0.317309
-0.686701
0.037848
0.502822
-0.349565
-0.221838
0.003517
-0.172556
0.072475
-0.283567
0.248580
0.151209
0.024260
-0.071445
0.310125
-0.131631
-0.317309
-0.686701
0.037848
0.502822
-0.349565
-0.221838
0.003517
-0.172556
0.072475
-0.283567
0.248580
0.151209
0.024260
-0.071445
0.310125
-0.131631
-0.317309
-0.686701
0.037848
0.502822
-0.349565
-0.221838
0.003517
-0.172556
0.072475
-0.283567
0.248580
0.151209
0.024260
-0.071445
0.310125
-0.131631
-0.317309
-0.686701
0.037848
0.502822
-0.349565
-0.221838
0.003517
-0.172556
0.072475
-0.283567
0.248580
0.151209
0.024260
-0.071445
0.310125
-0.131631
-0.317309
-0.686701
0.037848
0.502822
-0.349565
-0.221838
0.003517
-0.172556
0.072475
-0.283567
0.248580
0.151209
0.024260
-0.071445
0.310125
-0.131631
-0.317309
-0.686701
0.037848
0.502822
-0.349565
-0.221838
0.003517
-0.172556
0.072475
-0.283567
0.248580
0.151209
0.024260
-0.071445
0.310125
-0.131631
-0.317309
-0.686701
0.037848
0.502822
-0.349565
-0.221838
0.003517
-0.172556
0.072475
-0.283567
0.248580
0.151209
0.024260
-0.071445
0.310125
