0.399848
-0.775587
-0.676345
-4.766730
-2.073078
7.253349
-3.390058
0.873425
1.101454
1.770727
-3.776556
-6.483462
1.712897
-4.357370
-0.295633
-2.026089
-10.573073
4.592363
33.047268
-38.330166
-16.398685
23.757746
10.173208
16.144398
5.840432
1.913643
36.160770
-20.956617
41.644131
9.909771
-16.868896
-6.252915
4.032654
-1.518426
30.605017
55.127117
95.953911
-174.235077
70.573654
-146.352448
11.331926
23.917084
54.401386
91.489799
239.253540
-132.866028
-82.654594
104.241112
-2.496372
1.840298
-22.919130
-47.324341
-80.750343
153.302170
-62.608704
123.842155
-16.854977
-21.937113
-49.717594
-77.967522
-204.408203
125.943802
72.436836
-92.312019
-0.195649
-0.585238
0.685569
-0.172821
-0.382061
0.020654
-0.572425
0.907998
0.184111
0.143689
-0.199677
-0.048238
-0.245873
-0.085783
0.056297
-0.367969
-0.195649
-0.585238
0.685569
-0.172821
-0.382061
0.020654
-0.572425
0.907998
0.184111
0.143689
-0.199677
-0.048238
-0.245873
-0.085783
0.056297
-0.367969
-0.195649
-0.585238
0.685569
-0.172821
-0.382061
0.020654
-0.572425
0.907998
0.184111
0.143689
-0.199677
-0.048238
-0.245873
-0.085783
0.056297
-0.367969
-0.195649
-0.585238
0.685569
-0.172821
-0.382061
0.020654
-0.572425
0.907998
0.184111
0.143689
-0.199677
-0.048238
-0.245873
-0.085783
0.056297
-0.367969
-0.195649
-0.585238
0.685569
-0.172821
-0.382061
0.020654
-0.572425
0.907998
0.184111
0.143689
-0.199677
-0.048238
-0.245873
-0.085783
0.056297
-0.367969
-0.195649
-0.585238
0.685569
-0.172821
-0.382061
0.020654
-0.572425
0.907998
0.184111
0.143689
-0.199677
-0.048238
-0.245873
-0.085783
0.056297
-0.367969
-0.195649
-0.585238
0.685569
-0.172821
-0.382061
0.020654
-0.572425
0.907998
0.184111
0.143689
-0.199677
-0.048238
-0.245873
-0.085783
0.056297
-0.367969
-0.195649
-0.585238
0.685569
-0.172821
-0.382061
0.020654
-0.572425
0.907998
0.184111
0.143689
-0.199677
-0.048238
-0.245873
-0.085783
0.056297
-0.367969
-0.195649
-0.585238
0.685569
-0.172821
-0.382061
0.020654
-0.572425
0.907998
0.184111
0.143689
-0.199677
-0.048238
-0.245873
-0.085783
0.056297
-0.367969
-0.195649
-0.585238
0.685569
-0.172821
-0.382061
0.020654
-0.572425
0.907998
0.184111
0.143689
-0.199677
-0.048238
-0.245873
-0.085783
0.056297
-0.367969
-0.195649
-0.585238
0.685569
-0.172821
-0.382061
0.020654
-0.572425
0.907998
0.184111
0.143689
-0.199677
-0.048238
-0.245873
-0.085783
0.056297
-0.367969
-0.195649
-0.585238
0.685569
-0.172821
-0.382061
0.020654
-0.572425
0.907998
0.184111
0.143689
-0.199677
-0.048238
-0.245873
-0.085783
0.056297
-0.367969
-0.195649
-0.585238
0.685569
-0.172821
-0.382061
0.020654
-0.572425
0.907998
0.184111
0.143689
-0.199677
-0.048238
-0.245873
-0.085783
0.056297
-0.367969
-0.195649
-0.585238
0.685569
-0.172821
-0.382061
0.020654
-0.572425
0.907998
0.184111
0.143689
-0.199677
-0.048238
-0.245873
-0.085783
0.056297
-0.367969
-0.195649
-0.585238
0.685569
-0.172821
-0.382061
0.020654
-0.572425
0.907998
0.184111
0.143689
-0.199677
-0.048238
-0.245873
-0.085783
0.056297
-0.367969
-0.195649
-0.585238
0.685569
-0.172821
-0.382061
0.020654
-0.572425
0.907998
0.184111
0.143689
-0.199677
-0.048238
-0.245873
-0.085783
0.056297
-0.367969
