-0.998094
-0.355660
-4.475919
7.235092
4.197114
-7.369044
3.393827
-1.292313
-3.945211
-2.012752
-0.049089
10.022118
1.664209
7.792367
-1.476025
0.365632
-2.707445
3.302523
-1.879798
8.681310
-4.092105
-9.065462
-0.571457
7.140905
3.995897
-2.821996
-6.711857
2.586398
-5.179739
-4.561949
-6.742303
8.810985
3.136281
-1.781773
82.775627
13.163476
-122.854607
-208.813248
-99.383781
-175.411865
28.113388
6.611441
120.259399
5.599270
17.211748
-355.141724
39.506065
155.387177
-3.858942
2.862824
-41.404037
-10.890339
57.906551
104.645752
44.817326
86.493141
-12.145305
-1.175313
-55.039364
-4.344342
-13.047198
173.687225
-17.939146
-74.760002
-0.502635
-0.424305
-15.772629
-0.156337
17.375311
40.386929
13.991265
37.406326
-6.559072
-2.354045
-23.988134
-4.120691
-10.501093
66.384987
-4.465384
-34.343353
0.188581
-0.022754
-0.665213
0.416217
0.822849
0.495934
0.658094
-0.250451
0.114854
-0.100610
-0.664686
-0.192809
-0.734498
-0.002677
0.382065
0.545923
0.188581
-0.022754
-0.665213
0.416217
0.822849
0.495934
0.658094
-0.250451
0.114854
-0.100610
-0.664686
-0.192809
-0.734498
-0.002677
0.382065
0.545923
0.188581
-0.022754
-0.665213
0.416217
0.822849
0.495934
0.658094
-0.250451
0.114854
-0.100610
-0.664686
-0.192809
-0.734498
-0.002677
0.382065
0.545923
0.188581
-0.022754
-0.665213
0.416217
0.822849
0.495934
0.658094
-0.250451
0.114854
-0.100610
-0.664686
-0.192809
-0.734498
-0.002677
0.382065
0.545923
0.188581
-0.022754
-0.665213
0.416217
0.822849
0.495934
0.658094
-0.250451
0.114854
-0.100610
-0.664686
-0.192809
-0.734498
-0.002677
0.382065
0.545923
0.188581
-0.022754
-0.665213
0.416217
0.822849
0.495934
0.658094
-0.250451
0.114854
-0.100610
-0.664686
-0.192809
-0.734498
-0.002677
0.382065
0.545923
0.188581
-0.022754
-0.665213
0.416217
0.822849
0.495934
0.658094
-0.250451
0.114854
-0.100610
-0.664686
-0.192809
-0.734498
-0.002677
0.382065
0.545923
0.188581
-0.022754
-0.665213
0.416217
0.822849
0.495934
0.658094
-0.250451
0.114854
-0.100610
-0.664686
-0.192809
-0.734498
-0.002677
0.382065
0.545923
0.188581
-0.022754
-0.665213
0.416217
0.822849
0.495934
0.658094
-0.250451
0.114854
-0.100610
-0.664686
-0.192809
-0.734498
-0.002677
0.382065
0.545923
0.188581
-0.022754
-0.665213
0.416217
0.822849
0.495934
0.658094
-0.250451
0.114854
-0.100610
-0.664686
-0.192809
-0.734498
-0.002677
0.382065
0.545923
0.188581
-0.022754
-0.665213
0.416217
0.822849
0.495934
0.658094
-0.250451
0.114854
-0.100610
-0.664686
-0.192809
-0.734498
-0.002677
0.382065
0.545923
0.188581
-0.022754
-0.665213
0.416217
0.822849
0.495934
0.658094
-0.250451
0.114854
-0.100610
-0.664686
-0.192809
-0.734498
-0.002677
0.382065
0.545923
0.188581
-0.022754
-0.665213
0.416217
0.822849
0.495934
0.658094
-0.250451
0.114854
-0.100610
-0.664686
-0.192809
-0.734498
-0.002677
0.382065
0.545923
0.188581
-0.022754
-0.665213
0.416217
0.822849
0.495934
0.658094
-0.250451
0.114854
-0.100610
-0.664686
-0.192809
-0.734498
-0.002677
0.382065
0.545923
0.188581
-0.022754
-0.665213
0.416217
0.822849
0.495934
0.658094
-0.250451
0.114854
-0.100610
-0.664686
-0.192809
-0.734498
-0.002677
0.382065
0.545923
