-0.772376
1.416435
-18.902128
7.030655
24.447906
1.301575
-0.517177
-8.061806
-2.793248
-13.123251
-12.065852
9.166211
-4.483498
5.143259
-4.304342
4.880213
2.142515
0.517881
-5.746799
3.184884
6.892776
-2.289895
4.290364
2.557585
-3.910676
-3.591669
-3.897303
7.565919
-1.812602
5.514641
-2.230183
-0.373725
2.476598
-0.190885
6.696987
70.180557
137.240799
-134.399185
122.305634
-110.529800
-7.610802
20.029003
14.820567
91.294861
286.009705
-48.825886
-114.504242
58.863621
-0.469698
-0.422972
5.634080
-3.934323
-7.490131
2.006630
-2.698008
-0.583093
4.221045
2.883461
4.146212
-6.446106
1.567908
-4.693148
2.291770
0.961473
-1.973077
-0.126159
-6.088084
-67.960236
-133.283295
135.424332
-112.991928
100.712860
8.297297
-19.426600
-12.358044
-87.509537
-271.957977
46.194263
110.329491
-55.884850
0.197322
0.034286
-0.354199
-0.137434
-0.421417
0.127961
0.697848
0.535152
-0.245434
-0.005123
-0.408183
0.032226
-0.217883
0.270961
-0.334665
0.174079
0.197322
0.034286
-0.354199
-0.137434
-0.421417
0.127961
0.697848
0.535152
-0.245434
-0.005123
-0.408183
0.032226
-0.217883
0.270961
-0.334665
0.174079
0.197322
0.034286
-0.354199
-0.137434
-0.421417
0.127961
0.697848
0.535152
-0.245434
-0.005123
-0.408183
0.032226
-0.217883
0.270961
-0.334665
0.174079
0.197322
0.034286
-0.354199
-0.137434
-0.421417
0.127961
0.697848
0.535152
-0.245434
-0.005123
-0.408183
0.032226
-0.217883
0.270961
-0.334665
0.174079
0.197322
0.034286
-0.354199
-0.137434
-0.421417
0.127961
0.697848
0.535152
-0.245434
-0.005123
-0.408183
0.032226
-0.217883
0.270961
-0.334665
0.174079
0.197322
0.034286
-0.354199
-0.137434
-0.421417
0.127961
0.697848
0.535152
-0.245434
-0.005123
-0.408183
0.032226
-0.217883
0.270961
-0.334665
0.174079
0.197322
0.034286
-0.354199
-0.137434
-0.421417
0.127961
0.697848
0.535152
-0.245434
-0.005123
-0.408183
0.032226
-0.217883
0.270961
-0.334665
0.174079
0.197322
0.034286
-0.354199
-0.137434
-0.421417
0.127961
0.697848
0.535152
-0.245434
-0.005123
-0.408183
0.032226
-0.217883
0.270961
-0.334665
0.174079
0.197322
0.034286
-0.354199
-0.137434
-0.421417
0.127961
0.697848
0.535152
-0.245434
-0.005123
-0.408183
0.032226
-0.217883
0.270961
-0.334665
0.174079
0.197322
0.034286
-0.354199
-0.137434
-0.421417
0.127961
0.697848
0.535152
-0.245434
-0.005123
-0.408183
0.032226
-0.217883
0.270961
-0.334665
0.174079
0.197322
0.034286
-0.354199
-0.137434
-0.421417
0.127961
0.697848
0.535152
-0.245434
-0.005123
-0.408183
0.032226
-0.217883
0.270961
-0.334665
0.174079
0.197322
0.034286
-0.354199
-0.137434
-0.421417
0.127961
0.697848
0.535152
-0.245434
-0.005123
-0.408183
0.032226
-0.217883
0.270961
-0.334665
0.174079
0.197322
0.034286
-0.354199
-0.137434
-0.421417
0.127961
0.697848
0.535152
-0.245434
-0.005123
-0.408183
0.032226
-0.217883
0.270961
-0.334665
0.174079
0.197322
0.034286
-0.354199
-0.137434
-0.421417
0.127961
0.697848
0.535152
-0.245434
-0.005123
-0.408183
0.032226
-0.217883
0.270961
-0.334665
0.174079
0.197322
0.034286
-0.354199
-0.137434
-0.421417
0.127961
0.697848
0.535152
-0.245434
-0.005123
-0.408183
0.032226
-0.217883
0.270961
-0.334665
0.174079
