3.077123
13.531556
6.523557
-45.851616
-8.121047
31.590815
18.986378
8.625198
-14.349714
10.169059
-6.081442
-37.386078
30.751535
-7.569465
-16.578442
4.914682
-0.333578
3.826452
81.656029
30.459610
-44.224403
-56.781994
-149.456848
-19.929647
40.831085
155.677048
71.371986
115.970795
-84.117157
18.269266
6.345469
170.630783
-0.337368
-1.930458
-57.254070
-22.527523
34.861450
40.408180
110.288589
16.444841
-30.658630
-111.357590
-53.216003
-85.881615
61.810593
-13.312542
-8.483811
-125.442566
-0.173447
-0.192556
-0.038354
-0.070809
0.002938
-0.563281
-0.411418
-0.462908
-0.698784
-0.556861
0.490285
-0.050433
-0.180882
0.057681
-0.571969
0.160247
-0.173447
-0.192556
-0.038354
-0.070809
0.002938
-0.563281
-0.411418
-0.462908
-0.698784
-0.556861
0.490285
-0.050433
-0.180882
0.057681
-0.571969
0.160247
-0.173447
-0.192556
-0.038354
-0.070809
0.002938
-0.563281
-0.411418
-0.462908
-0.698784
-0.556861
0.490285
-0.050433
-0.180882
0.057681
-0.571969
0.160247
-0.173447
-0.192556
-0.038354
-0.070809
0.002938
-0.563281
-0.411418
-0.462908
-0.698784
-0.556861
0.490285
-0.050433
-0.180882
0.057681
-0.571969
0.160247
-0.173447
-0.192556
-0.038354
-0.070809
0.002938
-0.563281
-0.411418
-0.462908
-0.698784
-0.556861
0.490285
-0.050433
-0.180882
0.057681
-0.571969
0.160247
-0.173447
-0.192556
-0.038354
-0.070809
0.002938
-0.563281
-0.411418
-0.462908
-0.698784
-0.556861
0.490285
-0.050433
-0.180882
0.057681
-0.571969
0.160247
-0.173447
-0.192556
-0.038354
-0.070809
0.002938
-0.563281
-0.411418
-0.462908
-0.698784
-0.556861
0.490285
-0.050433
-0.180882
0.057681
-0.571969
0.160247
-0.173447
-0.192556
-0.038354
-0.070809
0.002938
-0.563281
-0.411418
-0.462908
-0.698784
-0.556861
0.490285
-0.050433
-0.180882
0.057681
-0.571969
0.160247
-0.173447
-0.192556
-0.038354
-0.070809
0.002938
-0.563281
-0.411418
-0.462908
-0.698784
-0.556861
0.490285
-0.050433
-0.180882
0.057681
-0.571969
0.160247
-0.173447
-0.192556
-0.038354
-0.070809
0.002938
-0.563281
-0.411418
-0.462908
-0.698784
-0.556861
0.490285
-0.050433
-0.180882
0.057681
-0.571969
0.160247
-0.173447
-0.192556
-0.038354
-0.070809
0.002938
-0.563281
-0.411418
-0.462908
-0.698784
-0.556861
0.490285
-0.050433
-0.180882
0.057681
-0.571969
0.160247
-0.173447
-0.192556
-0.038354
-0.070809
0.002938
-0.563281
-0.411418
-0.462908
-0.698784
-0.556861
0.490285
-0.050433
-0.180882
0.057681
-0.571969
0.160247
-0.173447
-0.192556
-0.038354
-0.070809
0.002938
-0.563281
-0.411418
-0.462908
-0.698784
-0.556861
0.490285
-0.050433
-0.180882
0.057681
-0.571969
0.160247
-0.173447
-0.192556
-0.038354
-0.070809
0.002938
-0.563281
-0.411418
-0.462908
-0.698784
-0.556861
0.490285
-0.050433
-0.180882
0.057681
-0.571969
0.160247
-0.173447
-0.192556
-0.038354
-0.070809
0.002938
-0.563281
-0.411418
-0.462908
-0.698784
-0.556861
0.490285
-0.050433
-0.180882
0.057681
-0.571969
0.160247
-0.173447
-0.192556
-0.038354
-0.070809
0.002938
-0.563281
-0.411418
-0.462908
-0.698784
-0.556861
0.490285
-0.050433
-0.180882
0.057681
-0.571969
0.160247
-0.173447
-0.192556
-0.038354
-0.070809
0.002938
-0.563281
-0.411418
-0.462908
-0.698784
-0.556861
0.490285
-0.050433
-0.180882
0.057681
-0.571969
0.160247
