-0.722571
-0.885339
-5.137993
5.249530
5.917134
-4.494576
5.986084
1.813323
-3.773348
-5.010934
-5.487412
8.127885
-0.355240
8.863637
-1.634304
-0.948432
-1.528076
2.577410
-106.670601
-8.092229
77.260429
62.053848
171.817062
-4.589106
-81.625648
-172.784546
-111.344414
-120.737717
78.112679
-18.270521
-50.687401
-195.968719
2.121916
-2.458054
32.910419
1.597401
-24.906605
-18.102993
-57.648346
4.943151
27.580803
59.109081
36.480583
38.334606
-27.935095
4.478211
15.892076
69.648895
-1.424730
-3.144935
36.586735
-0.423974
-25.939369
-17.989780
-53.748138
1.599473
27.647682
54.972717
39.236942
35.641281
-23.265581
4.929430
15.556385
58.501949
0.589963
-0.666659
0.340057
0.302503
-0.816205
-0.110307
-0.435079
-0.104535
-0.275738
-0.245797
0.514934
-0.257243
-0.128194
0.407256
0.627645
-0.009976
0.589963
-0.666659
0.340057
0.302503
-0.816205
-0.110307
-0.435079
-0.104535
-0.275738
-0.245797
0.514934
-0.257243
-0.128194
0.407256
0.627645
-0.009976
0.589963
-0.666659
0.340057
0.302503
-0.816205
-0.110307
-0.435079
-0.104535
-0.275738
-0.245797
0.514934
-0.257243
-0.128194
0.407256
0.627645
-0.009976
0.589963
-0.666659
0.340057
0.302503
-0.816205
-0.110307
-0.435079
-0.104535
-0.275738
-0.245797
0.514934
-0.257243
-0.128194
0.407256
0.627645
-0.009976
0.589963
-0.666659
0.340057
0.302503
-0.816205
-0.110307
-0.435079
-0.104535
-0.275738
-0.245797
0.514934
-0.257243
-0.128194
0.407256
0.627645
-0.009976
0.589963
-0.666659
0.340057
0.302503
-0.816205
-0.110307
-0.435079
-0.104535
-0.275738
-0.245797
0.514934
-0.257243
-0.128194
0.407256
0.627645
-0.009976
0.589963
-0.666659
0.340057
0.302503
-0.816205
-0.110307
-0.435079
-0.104535
-0.275738
-0.245797
0.514934
-0.257243
-0.128194
0.407256
0.627645
-0.009976
0.589963
-0.666659
0.340057
0.302503
-0.816205
-0.110307
-0.435079
-0.104535
-0.275738
-0.245797
0.514934
-0.257243
-0.128194
0.407256
0.627645
-0.009976
0.589963
-0.666659
0.340057
0.302503
-0.816205
-0.110307
-0.435079
-0.104535
-0.275738
-0.245797
0.514934
-0.257243
-0.128194
0.407256
0.627645
-0.009976
0.589963
-0.666659
0.340057
0.302503
-0.816205
-0.110307
-0.435079
-0.104535
-0.275738
-0.245797
0.514934
-0.257243
-0.128194
0.407256
0.627645
-0.009976
0.589963
-0.666659
0.340057
0.302503
-0.816205
-0.110307
-0.435079
-0.104535
-0.275738
-0.245797
0.514934
-0.257243
-0.128194
0.407256
0.627645
-0.009976
0.589963
-0.666659
0.340057
0.302503
-0.816205
-0.110307
-0.435079
-0.104535
-0.275738
-0.245797
0.514934
-0.257243
-0.128194
0.407256
0.627645
-0.009976
0.589963
-0.666659
0.340057
0.302503
-0.816205
-0.110307
-0.435079
-0.104535
-0.275738
-0.245797
0.514934
-0.257243
-0.128194
0.407256
0.627645
-0.009976
0.589963
-0.666659
0.340057
0.302503
-0.816205
-0.110307
-0.435079
-0.104535
-0.275738
-0.245797
0.514934
-0.257243
-0.128194
0.407256
0.627645
-0.009976
0.589963
-0.666659
0.340057
0.302503
-0.816205
-0.110307
-0.435079
-0.104535
-0.275738
-0.245797
0.514934
-0.257243
-0.128194
0.407256
0.627645
-0.009976
0.589963
-0.666659
0.340057
0.302503
-0.816205
-0.110307
-0.435079
-0.104535
-0.275738
-0.245797
0.514934
-0.257243
-0.128194
0.407256
0.627645
-0.009976
