0.186816
-0.507663
-3.981856
8.178459
3.976678
-3.834452
5.438704
-0.467866
-7.159232
-0.957244
1.274525
11.082108
3.238468
3.629281
-3.510889
1.579489
1.476966
-5.198920
-15.092088
-44.491440
13.518366
29.470699
21.606794
-0.764219
-7.793839
10.382421
-29.389977
-20.660986
12.244634
-27.630568
-18.213778
4.353747
2.202288
4.844836
-88.985046
43.428425
86.933777
-20.647512
175.163818
-121.970634
-201.399490
-142.991135
-151.221283
-71.620590
129.175415
-95.378777
-99.261230
-141.201920
0.778420
-1.820126
50.034584
-20.729752
-47.174801
10.907548
-96.520180
67.831573
111.179871
75.764618
86.523567
35.830379
-74.532310
51.812496
53.287251
77.450905
-1.465583
-3.799604
13.208608
-6.545958
-13.567273
1.283079
-27.950205
18.553741
28.351179
23.979412
17.804497
13.114846
-19.346548
15.311796
17.793360
21.733852
0.622533
0.685534
0.118130
-0.363369
-0.728241
0.540076
-0.510379
-0.259447
-0.104365
-0.368234
0.094310
-0.099053
-0.034889
0.435346
-0.310611
-0.123847
0.622533
0.685534
0.118130
-0.363369
-0.728241
0.540076
-0.510379
-0.259447
-0.104365
-0.368234
0.094310
-0.099053
-0.034889
0.435346
-0.310611
-0.123847
0.622533
0.685534
0.118130
-0.363369
-0.728241
0.540076
-0.510379
-0.259447
-0.104365
-0.368234
0.094310
-0.099053
-0.034889
0.435346
-0.310611
-0.123847
0.622533
0.685534
0.118130
-0.363369
-0.728241
0.540076
-0.510379
-0.259447
-0.104365
-0.368234
0.094310
-0.099053
-0.034889
0.435346
-0.310611
-0.123847
0.622533
0.685534
0.118130
-0.363369
-0.728241
0.540076
-0.510379
-0.259447
-0.104365
-0.368234
0.094310
-0.099053
-0.034889
0.435346
-0.310611
-0.123847
0.622533
0.685534
0.118130
-0.363369
-0.728241
0.540076
-0.510379
-0.259447
-0.104365
-0.368234
0.094310
-0.099053
-0.034889
0.435346
-0.310611
-0.123847
0.622533
0.685534
0.118130
-0.363369
-0.728241
0.540076
-0.510379
-0.259447
-0.104365
-0.368234
0.094310
-0.099053
-0.034889
0.435346
-0.310611
-0.123847
0.622533
0.685534
0.118130
-0.363369
-0.728241
0.540076
-0.510379
-0.259447
-0.104365
-0.368234
0.094310
-0.099053
-0.034889
0.435346
-0.310611
-0.123847
0.622533
0.685534
0.118130
-0.363369
-0.728241
0.540076
-0.510379
-0.259447
-0.104365
-0.368234
0.094310
-0.099053
-0.034889
0.435346
-0.310611
-0.123847
0.622533
0.685534
0.118130
-0.363369
-0.728241
0.540076
-0.510379
-0.259447
-0.104365
-0.368234
0.094310
-0.099053
-0.034889
0.435346
-0.310611
-0.123847
0.622533
0.685534
0.118130
-0.363369
-0.728241
0.540076
-0.510379
-0.259447
-0.104365
-0.368234
0.094310
-0.099053
-0.034889
0.435346
-0.310611
-0.123847
0.622533
0.685534
0.118130
-0.363369
-0.728241
0.540076
-0.510379
-0.259447
-0.104365
-0.368234
0.094310
-0.099053
-0.034889
0.435346
-0.310611
-0.123847
0.622533
0.685534
0.118130
-0.363369
-0.728241
0.540076
-0.510379
-0.259447
-0.104365
-0.368234
0.094310
-0.099053
-0.034889
0.435346
-0.310611
-0.123847
0.622533
0.685534
0.118130
-0.363369
-0.728241
0.540076
-0.510379
-0.259447
-0.104365
-0.368234
0.094310
-0.099053
-0.034889
0.435346
-0.310611
-0.123847
0.622533
0.685534
0.118130
-0.363369
-0.728241
0.540076
-0.510379
-0.259447
-0.104365
-0.368234
0.094310
-0.099053
-0.034889
0.435346
-0.310611
-0.123847
