0.533065
0.559353
-3.905931
4.380985
5.626544
-4.208612
3.827384
1.239633
-2.777286
-1.715345
-0.628263
4.772343
-1.925958
5.492101
-2.488457
-2.255333
-0.895403
-31.467863
-25.471922
28.789024
19.903292
-18.140221
-11.274457
-15.352592
11.495932
-2.974834
-1.706969
17.202011
-20.468800
-4.286568
16.482891
2.916828
0.848562
0.693613
-9.700566
-4.500755
9.681532
-1.993278
-6.959602
-0.838046
3.324691
4.319351
-0.467556
-5.251545
6.319267
-1.642254
-3.997233
-5.618569
-0.883172
5.280771
-648.081421
-547.404785
245.772507
385.711884
-604.638489
971.671570
-116.013412
602.040649
-320.464172
-94.604813
1393.797241
94.170494
-77.098183
624.636841
0.081977
-3.015903
398.045532
331.599945
-150.917480
-232.600357
364.795135
-588.436035
68.756554
-360.986816
196.075119
61.393951
-841.704224
-53.629742
45.420094
-379.099335
2.768821
1.724357
37.269112
31.683788
-15.247133
-22.354584
37.529877
-54.960491
9.856202
-33.971344
18.454916
3.838062
-77.267906
-8.646816
6.991099
-35.449120
1.983487
1.407804
78.381317
64.302788
-31.091246
-44.682240
74.807396
-122.544189
12.381710
-75.750488
40.556026
7.939362
-175.586075
-6.059682
3.896991
-74.779671
-0.261992
-0.776429
-0.437674
0.621400
0.289582
0.086812
0.750975
0.258373
0.107995
-0.420519
0.048902
0.127564
-0.319355
-0.346168
0.027824
0.425778
-0.261992
-0.776429
-0.437674
0.621400
0.289582
0.086812
0.750975
0.258373
0.107995
-0.420519
0.048902
0.127564
-0.319355
-0.346168
0.027824
0.425778
-0.261992
-0.776429
-0.437674
0.621400
0.289582
0.086812
0.750975
0.258373
0.107995
-0.420519
0.048902
0.127564
-0.319355
-0.346168
0.027824
0.425778
-0.261992
-0.776429
-0.437674
0.621400
0.289582
0.086812
0.750975
0.258373
0.107995
-0.420519
0.048902
0.127564
-0.319355
-0.346168
0.027824
0.425778
-0.261992
-0.776429
-0.437674
0.621400
0.289582
0.086812
0.750975
0.258373
0.107995
-0.420519
0.048902
0.127564
-0.319355
-0.346168
0.027824
0.425778
-0.261992
-0.776429
-0.437674
0.621400
0.289582
0.086812
0.750975
0.258373
0.107995
-0.420519
0.048902
0.127564
-0.319355
-0.346168
0.027824
0.425778
-0.261992
-0.776429
-0.437674
0.621400
0.289582
0.086812
0.750975
0.258373
0.107995
-0.420519
0.048902
0.127564
-0.319355
-0.346168
0.027824
0.425778
-0.261992
-0.776429
-0.437674
0.621400
0.289582
0.086812
0.750975
0.258373
0.107995
-0.420519
0.048902
0.127564
-0.319355
-0.346168
0.027824
0.425778
-0.261992
-0.776429
-0.437674
0.621400
0.289582
0.086812
0.750975
0.258373
0.107995
-0.420519
0.048902
0.127564
-0.319355
-0.346168
0.027824
0.425778
-0.261992
-0.776429
-0.437674
0.621400
0.289582
0.086812
0.750975
0.258373
0.107995
-0.420519
0.048902
0.127564
-0.319355
-0.346168
0.027824
0.425778
-0.261992
-0.776429
-0.437674
0.621400
0.289582
0.086812
0.750975
0.258373
0.107995
-0.420519
0.048902
0.127564
-0.319355
-0.346168
0.027824
0.425778
-0.261992
-0.776429
-0.437674
0.621400
0.289582
0.086812
0.750975
0.258373
0.107995
-0.420519
0.048902
0.127564
-0.319355
-0.346168
0.027824
0.425778
-0.261992
-0.776429
-0.437674
0.621400
0.289582
0.086812
0.750975
0.258373
0.107995
-0.420519
0.048902
0.127564
-0.319355
-0.346168
0.027824
0.425778
