-15.342444
-0.105302
-5.169633
52.165867
1.610430
-37.401932
-19.981436
-4.289103
11.256863
-6.634453
5.836812
32.697220
-31.094477
4.315836
26.681763
0.939370
1.055688
-0.827012
-97.013130
-18.862770
59.439625
50.723743
180.738953
-30.126360
-113.005783
-180.353912
-86.232788
-96.414215
88.708862
3.235903
-50.228153
-169.481049
-0.666980
-2.958378
49.870457
8.420093
-30.772642
-26.431723
-93.643600
19.046482
64.200378
92.418785
45.180035
44.999992
-45.401970
2.362493
31.232084
83.942955
1.541333
1.696963
17.355646
4.803229
-10.758574
-8.914706
-32.923004
10.697096
23.386627
27.856270
20.756399
18.497007
-17.700058
0.173379
14.693619
26.143644
0.158597
1.099248
0.603445
0.199566
0.504617
0.345490
0.603318
-0.159082
-0.168360
0.380461
0.300415
0.079240
-0.224944
0.360278
0.125026
0.055677
0.158597
1.099248
0.603445
0.199566
0.504617
0.345490
0.603318
-0.159082
-0.168360
0.380461
0.300415
0.079240
-0.224944
0.360278
0.125026
0.055677
0.158597
1.099248
0.603445
0.199566
0.504617
0.345490
0.603318
-0.159082
-0.168360
0.380461
0.300415
0.079240
-0.224944
0.360278
0.125026
0.055677
0.158597
1.099248
0.603445
0.199566
0.504617
0.345490
0.603318
-0.159082
-0.168360
0.380461
0.300415
0.079240
-0.224944
0.360278
0.125026
0.055677
0.158597
1.099248
0.603445
0.199566
0.504617
0.345490
0.603318
-0.159082
-0.168360
0.380461
0.300415
0.079240
-0.224944
0.360278
0.125026
0.055677
0.158597
1.099248
0.603445
0.199566
0.504617
0.345490
0.603318
-0.159082
-0.168360
0.380461
0.300415
0.079240
-0.224944
0.360278
0.125026
0.055677
0.158597
1.099248
0.603445
0.199566
0.504617
0.345490
0.603318
-0.159082
-0.168360
0.380461
0.300415
0.079240
-0.224944
0.360278
0.125026
0.055677
0.158597
1.099248
0.603445
0.199566
0.504617
0.345490
0.603318
-0.159082
-0.168360
0.380461
0.300415
0.079240
-0.224944
0.360278
0.125026
0.055677
0.158597
1.099248
0.603445
0.199566
0.504617
0.345490
0.603318
-0.159082
-0.168360
0.380461
0.300415
0.079240
-0.224944
0.360278
0.125026
0.055677
0.158597
1.099248
0.603445
0.199566
0.504617
0.345490
0.603318
-0.159082
-0.168360
0.380461
0.300415
0.079240
-0.224944
0.360278
0.125026
0.055677
0.158597
1.099248
0.603445
0.199566
0.504617
0.345490
0.603318
-0.159082
-0.168360
0.380461
0.300415
0.079240
-0.224944
0.360278
0.125026
0.055677
0.158597
1.099248
0.603445
0.199566
0.504617
0.345490
0.603318
-0.159082
-0.168360
0.380461
0.300415
0.079240
-0.224944
0.360278
0.125026
0.055677
0.158597
1.099248
0.603445
0.199566
0.504617
0.345490
0.603318
-0.159082
-0.168360
0.380461
0.300415
0.079240
-0.224944
0.360278
0.125026
0.055677
0.158597
1.099248
0.603445
0.199566
0.504617
0.345490
0.603318
-0.159082
-0.168360
0.380461
0.300415
0.079240
-0.224944
0.360278
0.125026
0.055677
0.158597
1.099248
0.603445
0.199566
0.504617
0.345490
0.603318
-0.159082
-0.168360
0.380461
0.300415
0.079240
-0.224944
0.360278
0.125026
0.055677
0.158597
1.099248
0.603445
0.199566
0.504617
0.345490
0.603318
-0.159082
-0.168360
0.380461
0.300415
0.079240
-0.224944
0.360278
0.125026
0.055677
