-0.383630
0.059830
7.266011
-3.553271
-6.631057
-1.117645
-6.426018
-1.230943
4.724676
2.318548
6.063263
-4.229892
-1.068828
-2.306102
2.432808
1.479423
1.182674
1.652665
138.346191
100.122093
-68.311165
29.716463
634.403015
33.371300
-78.925911
-286.189636
-247.402649
-80.975616
-6.059084
21.187887
-171.329575
-354.467438
-1.070860
0.774964
-63.667511
-39.209393
26.428219
-11.709063
-271.490631
-0.387435
46.870197
121.420685
104.373756
28.774561
-3.632179
-15.433186
82.144669
145.734207
0.807349
-1.556652
-6.918314
-6.355677
3.787679
-3.361867
-40.023548
-5.957553
0.819638
17.493288
15.642294
5.995546
3.608642
-0.380326
3.301758
24.665150
0.452487
-0.894593
-33.945606
-17.556124
17.270164
-9.129875
-149.325745
3.040968
21.974953
63.915245
59.391918
14.432886
5.751666
-2.456890
49.545940
77.157867
-0.313836
-0.184881
-0.427115
-0.303389
-0.256922
0.004215
1.058950
0.302981
-0.047033
0.102322
-0.614537
-0.090727
-0.273687
0.257642
-0.335338
0.487860
-0.313836
-0.184881
-0.427115
-0.303389
-0.256922
0.004215
1.058950
0.302981
-0.047033
0.102322
-0.614537
-0.090727
-0.273687
0.257642
-0.335338
0.487860
-0.313836
-0.184881
-0.427115
-0.303389
-0.256922
0.004215
1.058950
0.302981
-0.047033
0.102322
-0.614537
-0.090727
-0.273687
0.257642
-0.335338
0.487860
-0.313836
-0.184881
-0.427115
-0.303389
-0.256922
0.004215
1.058950
0.302981
-0.047033
0.102322
-0.614537
-0.090727
-0.273687
0.257642
-0.335338
0.487860
-0.313836
-0.184881
-0.427115
-0.303389
-0.256922
0.004215
1.058950
0.302981
-0.047033
0.102322
-0.614537
-0.090727
-0.273687
0.257642
-0.335338
0.487860
-0.313836
-0.184881
-0.427115
-0.303389
-0.256922
0.004215
1.058950
0.302981
-0.047033
0.102322
-0.614537
-0.090727
-0.273687
0.257642
-0.335338
0.487860
-0.313836
-0.184881
-0.427115
-0.303389
-0.256922
0.004215
1.058950
0.302981
-0.047033
0.102322
-0.614537
-0.090727
-0.273687
0.257642
-0.335338
0.487860
-0.313836
-0.184881
-0.427115
-0.303389
-0.256922
0.004215
1.058950
0.302981
-0.047033
0.102322
-0.614537
-0.090727
-0.273687
0.257642
-0.335338
0.487860
-0.313836
-0.184881
-0.427115
-0.303389
-0.256922
0.004215
1.058950
0.302981
-0.047033
0.102322
-0.614537
-0.090727
-0.273687
0.257642
-0.335338
0.487860
-0.313836
-0.184881
-0.427115
-0.303389
-0.256922
0.004215
1.058950
0.302981
-0.047033
0.102322
-0.614537
-0.090727
-0.273687
0.257642
-0.335338
0.487860
-0.313836
-0.184881
-0.427115
-0.303389
-0.256922
0.004215
1.058950
0.302981
-0.047033
0.102322
-0.614537
-0.090727
-0.273687
0.257642
-0.335338
0.487860
-0.313836
-0.184881
-0.427115
-0.303389
-0.256922
0.004215
1.058950
0.302981
-0.047033
0.102322
-0.614537
-0.090727
-0.273687
0.257642
-0.335338
0.487860
-0.313836
-0.184881
-0.427115
-0.303389
-0.256922
0.004215
1.058950
0.302981
-0.047033
0.102322
-0.614537
-0.090727
-0.273687
0.257642
-0.335338
0.487860
-0.313836
-0.184881
-0.427115
-0.303389
-0.256922
0.004215
1.058950
0.302981
-0.047033
0.102322
-0.614537
-0.090727
-0.273687
0.257642
-0.335338
0.487860
-0.313836
-0.184881
-0.427115
-0.303389
-0.256922
0.004215
1.058950
0.302981
-0.047033
0.102322
-0.614537
-0.090727
-0.273687
0.257642
-0.335338
0.487860
