0.831160
0.512250
-11.616570
17.090120
11.964336
-15.805028
-4.891410
-5.416016
-5.630538
-5.514886
-8.400371
15.953088
0.501217
2.001297
-2.958969
8.258039
-1.194174
-1.883606
-6.120188
-7.863284
9.693423
1.886420
-4.599457
-6.304767
0.778499
4.776544
2.810645
-5.986604
5.254203
1.607984
0.149490
-10.922522
10.821070
-19.475908
45.381382
-20.911043
-30.073059
9.421401
4.511215
27.450190
-17.562759
-12.991618
25.277746
-21.023302
12.799210
15.293468
-18.590479
-13.105818
1.640113
-0.217343
-146.348663
26.627573
72.765495
-146.753738
-502.775635
15.999039
30.845076
292.498016
210.704590
36.500404
138.100113
-201.360031
252.470505
250.294296
-1.477839
-1.085880
67.486389
-9.454019
-36.960754
62.692265
230.843399
0.544351
-14.804445
-132.489197
-95.745453
-19.285723
-59.682064
98.058586
-108.895767
-117.252869
-0.896122
2.472206
13.374072
-4.961072
-2.728539
14.108817
35.600426
-4.767113
-5.785938
-23.936470
-15.887773
-2.953756
-5.057258
16.766260
-21.612955
-21.702129
1.448123
0.393758
26.623514
-1.231042
-14.411929
30.427433
107.031303
5.048142
1.935143
-64.411240
-48.028400
-14.190399
-38.640289
35.333820
-51.004032
-53.226337
-0.439123
0.383669
0.005761
0.022596
-0.493814
0.162717
-0.771081
-0.061983
-0.206304
-0.015368
0.199823
0.772446
-0.164773
0.236451
0.332425
0.006392
-0.439123
0.383669
0.005761
0.022596
-0.493814
0.162717
-0.771081
-0.061983
-0.206304
-0.015368
0.199823
0.772446
-0.164773
0.236451
0.332425
0.006392
-0.439123
0.383669
0.005761
0.022596
-0.493814
0.162717
-0.771081
-0.061983
-0.206304
-0.015368
0.199823
0.772446
-0.164773
0.236451
0.332425
0.006392
-0.439123
0.383669
0.005761
0.022596
-0.493814
0.162717
-0.771081
-0.061983
-0.206304
-0.015368
0.199823
0.772446
-0.164773
0.236451
0.332425
0.006392
-0.439123
0.383669
0.005761
0.022596
-0.493814
0.162717
-0.771081
-0.061983
-0.206304
-0.015368
0.199823
0.772446
-0.164773
0.236451
0.332425
0.006392
-0.439123
0.383669
0.005761
0.022596
-0.493814
0.162717
-0.771081
-0.061983
-0.206304
-0.015368
0.199823
0.772446
-0.164773
0.236451
0.332425
0.006392
-0.439123
0.383669
0.005761
0.022596
-0.493814
0.162717
-0.771081
-0.061983
-0.206304
-0.015368
0.199823
0.772446
-0.164773
0.236451
0.332425
0.006392
-0.439123
0.383669
0.005761
0.022596
-0.493814
0.162717
-0.771081
-0.061983
-0.206304
-0.015368
0.199823
0.772446
-0.164773
0.236451
0.332425
0.006392
-0.439123
0.383669
0.005761
0.022596
-0.493814
0.162717
-0.771081
-0.061983
-0.206304
-0.015368
0.199823
0.772446
-0.164773
0.236451
0.332425
0.006392
-0.439123
0.383669
0.005761
0.022596
-0.493814
0.162717
-0.771081
-0.061983
-0.206304
-0.015368
0.199823
0.772446
-0.164773
0.236451
0.332425
0.006392
-0.439123
0.383669
0.005761
0.022596
-0.493814
0.162717
-0.771081
-0.061983
-0.206304
-0.015368
0.199823
0.772446
-0.164773
0.236451
0.332425
0.006392
-0.439123
0.383669
0.005761
0.022596
-0.493814
0.162717
-0.771081
-0.061983
-0.206304
-0.015368
0.199823
0.772446
-0.164773
0.236451
0.332425
0.006392
-0.439123
0.383669
0.005761
0.022596
-0.493814
0.162717
-0.771081
-0.061983
-0.206304
-0.015368
0.199823
0.772446
-0.164773
0.236451
0.332425
0.006392
