0.167019
-4.546927
27.350142
38.908756
-21.798183
-26.650562
-22.926712
-1.039616
15.701549
-12.415915
28.966377
15.309238
-12.064405
23.350395
17.059620
-16.396559
-1.788918
-0.877903
-6.035453
5.079658
2.717883
-9.348753
-8.259428
4.426671
2.751229
0.292161
-1.391360
-2.293694
-0.575960
-6.395515
-12.874462
0.797009
0.639544
0.790356
-124.441895
-106.570778
151.724472
-44.546043
-352.411591
-360.423950
-178.215302
252.142578
99.756042
208.990723
230.449234
-39.086807
-63.412132
331.276428
1.626172
-4.625051
68.023598
59.414154
-83.150764
20.060476
181.714249
192.985962
91.896416
-137.017761
-54.458309
-111.797966
-125.202721
20.541485
42.287735
-169.478516
-1.139348
1.188197
5.701597
4.577627
-5.489185
6.054111
25.800589
18.928230
10.031431
-14.342633
-9.191997
-11.552152
-12.331843
2.263300
-2.391424
-22.815664
-0.708929
4.087054
21.466841
17.781658
-25.943537
7.161417
57.187618
66.880455
33.836109
-37.849258
-8.690723
-38.947971
-37.348381
5.225898
9.027034
-51.038456
-0.048477
0.268574
0.335554
0.565968
0.324188
-0.037025
0.089746
-0.851632
-0.746184
-0.480542
0.031685
0.360922
-0.547398
0.312572
-0.237636
-0.185817
-0.048477
0.268574
0.335554
0.565968
0.324188
-0.037025
0.089746
-0.851632
-0.746184
-0.480542
0.031685
0.360922
-0.547398
0.312572
-0.237636
-0.185817
-0.048477
0.268574
0.335554
0.565968
0.324188
-0.037025
0.089746
-0.851632
-0.746184
-0.480542
0.031685
0.360922
-0.547398
0.312572
-0.237636
-0.185817
-0.048477
0.268574
0.335554
0.565968
0.324188
-0.037025
0.089746
-0.851632
-0.746184
-0.480542
0.031685
0.360922
-0.547398
0.312572
-0.237636
-0.185817
-0.048477
0.268574
0.335554
0.565968
0.324188
-0.037025
0.089746
-0.851632
-0.746184
-0.480542
0.031685
0.360922
-0.547398
0.312572
-0.237636
-0.185817
-0.048477
0.268574
0.335554
0.565968
0.324188
-0.037025
0.089746
-0.851632
-0.746184
-0.480542
0.031685
0.360922
-0.547398
0.312572
-0.237636
-0.185817
-0.048477
0.268574
0.335554
0.565968
0.324188
-0.037025
0.089746
-0.851632
-0.746184
-0.480542
0.031685
0.360922
-0.547398
0.312572
-0.237636
-0.185817
-0.048477
0.268574
0.335554
0.565968
0.324188
-0.037025
0.089746
-0.851632
-0.746184
-0.480542
0.031685
0.360922
-0.547398
0.312572
-0.237636
-0.185817
-0.048477
0.268574
0.335554
0.565968
0.324188
-0.037025
0.089746
-0.851632
-0.746184
-0.480542
0.031685
0.360922
-0.547398
0.312572
-0.237636
-0.185817
-0.048477
0.268574
0.335554
0.565968
0.324188
-0.037025
0.089746
-0.851632
-0.746184
-0.480542
0.031685
0.360922
-0.547398
0.312572
-0.237636
-0.185817
-0.048477
0.268574
0.335554
0.565968
0.324188
-0.037025
0.089746
-0.851632
-0.746184
-0.480542
0.031685
0.360922
-0.547398
0.312572
-0.237636
-0.185817
-0.048477
0.268574
0.335554
0.565968
0.324188
-0.037025
0.089746
-0.851632
-0.746184
-0.480542
0.031685
0.360922
-0.547398
0.312572
-0.237636
-0.185817
-0.048477
0.268574
0.335554
0.565968
0.324188
-0.037025
0.089746
-0.851632
-0.746184
-0.480542
0.031685
0.360922
-0.547398
0.312572
-0.237636
-0.185817
-0.048477
0.268574
0.335554
0.565968
0.324188
-0.037025
0.089746
-0.851632
-0.746184
-0.480542
0.031685
0.360922
-0.547398
0.312572
-0.237636
-0.185817
