-1.217467
0.514823
9.699650
5.506754
-6.223894
-5.544931
0.290884
-3.169255
-2.025393
3.772322
12.318168
0.416461
5.309279
-1.959579
-0.224947
1.334891
6.124307
-1.524106
-37.769363
36.323563
35.374596
-33.530590
-12.789104
-26.098421
14.525793
8.774596
-7.675780
24.994617
-31.200035
4.895277
29.450315
14.337910
1.492426
1.356033
-140.157486
-60.644024
143.572342
-67.885635
-468.960602
-240.677643
-101.845642
253.735092
160.470612
121.230888
189.375000
-49.849606
62.854507
305.362732
-0.397628
-1.350728
85.349915
36.233566
-84.759529
36.854286
268.563873
141.220306
59.618755
-146.319763
-84.917442
-65.354103
-108.628120
28.419416
-28.365862
-173.454147
1.870395
1.109977
8.417516
1.574255
-7.220434
6.987901
36.630230
11.873158
3.923089
-17.497763
-13.886419
-9.032199
-14.495154
3.142280
-9.836601
-19.340622
-2.116927
1.777322
17.619263
11.712409
-21.891764
6.434155
65.318428
43.770943
23.146420
-33.025860
-21.016035
-20.398655
-29.605673
4.352803
-4.283039
-47.116360
0.452111
-0.166578
0.140934
-0.357180
0.576924
-0.054514
-0.172964
-0.335434
-0.158931
0.113994
-0.155998
0.525694
-0.051501
0.078619
-0.151847
0.086271
0.452111
-0.166578
0.140934
-0.357180
0.576924
-0.054514
-0.172964
-0.335434
-0.158931
0.113994
-0.155998
0.525694
-0.051501
0.078619
-0.151847
0.086271
0.452111
-0.166578
0.140934
-0.357180
0.576924
-0.054514
-0.172964
-0.335434
-0.158931
0.113994
-0.155998
0.525694
-0.051501
0.078619
-0.151847
0.086271
0.452111
-0.166578
0.140934
-0.357180
0.576924
-0.054514
-0.172964
-0.335434
-0.158931
0.113994
-0.155998
0.525694
-0.051501
0.078619
-0.151847
0.086271
0.452111
-0.166578
0.140934
-0.357180
0.576924
-0.054514
-0.172964
-0.335434
-0.158931
0.113994
-0.155998
0.525694
-0.051501
0.078619
-0.151847
0.086271
0.452111
-0.166578
0.140934
-0.357180
0.576924
-0.054514
-0.172964
-0.335434
-0.158931
0.113994
-0.155998
0.525694
-0.051501
0.078619
-0.151847
0.086271
0.452111
-0.166578
0.140934
-0.357180
0.576924
-0.054514
-0.172964
-0.335434
-0.158931
0.113994
-0.155998
0.525694
-0.051501
0.078619
-0.151847
0.086271
0.452111
-0.166578
0.140934
-0.357180
0.576924
-0.054514
-0.172964
-0.335434
-0.158931
0.113994
-0.155998
0.525694
-0.051501
0.078619
-0.151847
0.086271
0.452111
-0.166578
0.140934
-0.357180
0.576924
-0.054514
-0.172964
-0.335434
-0.158931
0.113994
-0.155998
0.525694
-0.051501
0.078619
-0.151847
0.086271
0.452111
-0.166578
0.140934
-0.357180
0.576924
-0.054514
-0.172964
-0.335434
-0.158931
0.113994
-0.155998
0.525694
-0.051501
0.078619
-0.151847
0.086271
0.452111
-0.166578
0.140934
-0.357180
0.576924
-0.054514
-0.172964
-0.335434
-0.158931
0.113994
-0.155998
0.525694
-0.051501
0.078619
-0.151847
0.086271
0.452111
-0.166578
0.140934
-0.357180
0.576924
-0.054514
-0.172964
-0.335434
-0.158931
0.113994
-0.155998
0.525694
-0.051501
0.078619
-0.151847
0.086271
0.452111
-0.166578
0.140934
-0.357180
0.576924
-0.054514
-0.172964
-0.335434
-0.158931
0.113994
-0.155998
0.525694
-0.051501
0.078619
-0.151847
0.086271
0.452111
-0.166578
0.140934
-0.357180
0.576924
-0.054514
-0.172964
-0.335434
-0.158931
0.113994
-0.155998
0.525694
-0.051501
0.078619
-0.151847
0.086271
