-15.872527
8.974804
-51.599533
-11.699821
36.097507
4.273751
8.373525
-18.804008
-1.060279
20.190075
-29.772207
7.592739
-2.663649
-22.191193
4.981542
25.818007
-0.346805
-0.711144
-6.543382
4.531991
7.481800
-3.184545
3.276473
2.720853
-4.423762
-3.939968
-4.699395
8.781685
-1.950672
6.122013
-1.738098
-1.021981
-3.462467
0.906987
-113.274284
106.950195
-21.183975
-114.948334
-286.414581
314.602905
152.585266
149.375000
145.646057
-93.071648
-15.830068
-159.070984
287.826080
32.688137
1.437008
-1.231158
0.754175
-10.251503
7.904669
7.089832
20.299274
-28.421516
-16.596785
-2.801441
-10.501122
13.205333
1.997718
7.699381
-23.846415
7.754916
0.925575
-0.810686
88.331329
-80.156952
10.929308
86.687355
199.793777
-225.617722
-106.405251
-112.596947
-103.140144
63.337879
11.918342
118.973137
-205.208542
-22.879297
-0.982825
0.866351
-0.236599
-0.392959
0.385455
0.378206
0.073820
0.739682
-0.338833
1.059116
0.181020
-0.249659
0.085786
-0.112976
-0.551134
-0.300864
-0.982825
0.866351
-0.236599
-0.392959
0.385455
0.378206
0.073820
0.739682
-0.338833
1.059116
0.181020
-0.249659
0.085786
-0.112976
-0.551134
-0.300864
-0.982825
0.866351
-0.236599
-0.392959
0.385455
0.378206
0.073820
0.739682
-0.338833
1.059116
0.181020
-0.249659
0.085786
-0.112976
-0.551134
-0.300864
-0.982825
0.866351
-0.236599
-0.392959
0.385455
0.378206
0.073820
0.739682
-0.338833
1.059116
0.181020
-0.249659
0.085786
-0.112976
-0.551134
-0.300864
-0.982825
0.866351
-0.236599
-0.392959
0.385455
0.378206
0.073820
0.739682
-0.338833
1.059116
0.181020
-0.249659
0.085786
-0.112976
-0.551134
-0.300864
-0.982825
0.866351
-0.236599
-0.392959
0.385455
0.378206
0.073820
0.739682
-0.338833
1.059116
0.181020
-0.249659
0.085786
-0.112976
-0.551134
-0.300864
-0.982825
0.866351
-0.236599
-0.392959
0.385455
0.378206
0.073820
0.739682
-0.338833
1.059116
0.181020
-0.249659
0.085786
-0.112976
-0.551134
-0.300864
-0.982825
0.866351
-0.236599
-0.392959
0.385455
0.378206
0.073820
0.739682
-0.338833
1.059116
0.181020
-0.249659
0.085786
-0.112976
-0.551134
-0.300864
-0.982825
0.866351
-0.236599
-0.392959
0.385455
0.378206
0.073820
0.739682
-0.338833
1.059116
0.181020
-0.249659
0.085786
-0.112976
-0.551134
-0.300864
-0.982825
0.866351
-0.236599
-0.392959
0.385455
0.378206
0.073820
0.739682
-0.338833
1.059116
0.181020
-0.249659
0.085786
-0.112976
-0.551134
-0.300864
-0.982825
0.866351
-0.236599
-0.392959
0.385455
0.378206
0.073820
0.739682
-0.338833
1.059116
0.181020
-0.249659
0.085786
-0.112976
-0.551134
-0.300864
-0.982825
0.866351
-0.236599
-0.392959
0.385455
0.378206
0.073820
0.739682
-0.338833
1.059116
0.181020
-0.249659
0.085786
-0.112976
-0.551134
-0.300864
-0.982825
0.866351
-0.236599
-0.392959
0.385455
0.378206
0.073820
0.739682
-0.338833
1.059116
0.181020
-0.249659
0.085786
-0.112976
-0.551134
-0.300864
-0.982825
0.866351
-0.236599
-0.392959
0.385455
0.378206
0.073820
0.739682
-0.338833
1.059116
0.181020
-0.249659
0.085786
-0.112976
-0.551134
-0.300864
-0.982825
0.866351
-0.236599
-0.392959
0.385455
0.378206
0.073820
0.739682
-0.338833
1.059116
0.181020
-0.249659
0.085786
-0.112976
-0.551134
-0.300864
