2.720573
-2.957471
12.102964
-23.680416
4.784593
42.581596
115.193153
18.081633
-2.112782
-115.322845
23.301743
-12.153734
-199.144348
-110.440994
172.909668
-123.242340
-2.662218
0.222647
-6.873521
-2.446131
4.638785
4.885672
1.608214
1.766354
-0.320520
-2.581173
-7.559252
-1.257244
-0.183012
1.523895
-0.883949
-0.522368
1.972843
-0.103496
-10.364331
23.159100
-0.078379
-37.408134
-102.664764
-14.190837
0.899792
98.255058
-22.667870
9.085087
171.713440
95.048195
-149.596008
105.856155
-0.033729
-0.306627
-0.184644
0.475237
0.043358
0.075681
-0.109834
0.405908
-0.153924
-0.097901
0.271668
-0.049476
0.017049
0.004538
0.297160
0.070871
-0.033729
-0.306627
-0.184644
0.475237
0.043358
0.075681
-0.109834
0.405908
-0.153924
-0.097901
0.271668
-0.049476
0.017049
0.004538
0.297160
0.070871
-0.033729
-0.306627
-0.184644
0.475237
0.043358
0.075681
-0.109834
0.405908
-0.153924
-0.097901
0.271668
-0.049476
0.017049
0.004538
0.297160
0.070871
-0.033729
-0.306627
-0.184644
0.475237
0.043358
0.075681
-0.109834
0.405908
-0.153924
-0.097901
0.271668
-0.049476
0.017049
0.004538
0.297160
0.070871
-0.033729
-0.306627
-0.184644
0.475237
0.043358
0.075681
-0.109834
0.405908
-0.153924
-0.097901
0.271668
-0.049476
0.017049
0.004538
0.297160
0.070871
-0.033729
-0.306627
-0.184644
0.475237
0.043358
0.075681
-0.109834
0.405908
-0.153924
-0.097901
0.271668
-0.049476
0.017049
0.004538
0.297160
0.070871
-0.033729
-0.306627
-0.184644
0.475237
0.043358
0.075681
-0.109834
0.405908
-0.153924
-0.097901
0.271668
-0.049476
0.017049
0.004538
0.297160
0.070871
-0.033729
-0.306627
-0.184644
0.475237
0.043358
0.075681
-0.109834
0.405908
-0.153924
-0.097901
0.271668
-0.049476
0.017049
0.004538
0.297160
0.070871
-0.033729
-0.306627
-0.184644
0.475237
0.043358
0.075681
-0.109834
0.405908
-0.153924
-0.097901
0.271668
-0.049476
0.017049
0.004538
0.297160
0.070871
-0.033729
-0.306627
-0.184644
0.475237
0.043358
0.075681
-0.109834
0.405908
-0.153924
-0.097901
0.271668
-0.049476
0.017049
0.004538
0.297160
0.070871
-0.033729
-0.306627
-0.184644
0.475237
0.043358
0.075681
-0.109834
0.405908
-0.153924
-0.097901
0.271668
-0.049476
0.017049
0.004538
0.297160
0.070871
-0.033729
-0.306627
-0.184644
0.475237
0.043358
0.075681
-0.109834
0.405908
-0.153924
-0.097901
0.271668
-0.049476
0.017049
0.004538
0.297160
0.070871
-0.033729
-0.306627
-0.184644
0.475237
0.043358
0.075681
-0.109834
0.405908
-0.153924
-0.097901
0.271668
-0.049476
0.017049
0.004538
0.297160
0.070871
-0.033729
-0.306627
-0.184644
0.475237
0.043358
0.075681
-0.109834
0.405908
-0.153924
-0.097901
0.271668
-0.049476
0.017049
0.004538
0.297160
0.070871
-0.033729
-0.306627
-0.184644
0.475237
0.043358
0.075681
-0.109834
0.405908
-0.153924
-0.097901
0.271668
-0.049476
0.017049
0.004538
0.297160
0.070871
-0.033729
-0.306627
-0.184644
0.475237
0.043358
0.075681
-0.109834
0.405908
-0.153924
-0.097901
0.271668
-0.049476
0.017049
0.004538
0.297160
0.070871
-0.033729
-0.306627
-0.184644
0.475237
0.043358
0.075681
-0.109834
0.405908
-0.153924
-0.097901
0.271668
-0.049476
0.017049
0.004538
0.297160
0.070871
