-4.396778
8.130418
-38.625347
-28.362041
26.959780
5.953427
12.158794
-17.370743
-1.569638
20.424551
-30.431583
2.019624
3.287540
-17.805492
-4.899913
17.984148
3.909648
4.677996
5.835229
-31.944016
-12.994092
21.117945
-27.116760
7.539713
25.248697
-18.185286
-4.067570
-34.607655
-19.089369
-5.360205
12.226513
-8.860280
0.572078
3.262969
-34.351028
9.216085
39.044724
-45.731247
-77.319199
-90.302742
-73.795227
79.306976
-38.241447
-20.662979
60.943420
234.081024
-217.420456
-30.122173
-0.782130
-3.739512
27.539125
-4.643450
-34.532558
44.385757
75.603226
89.355583
77.199913
-77.272507
38.719322
21.779345
-60.023613
-235.091248
216.298630
28.191526
0.650366
-1.000957
-0.500858
-0.171284
0.427866
-0.355730
-0.096273
0.773904
-0.346072
0.389231
-0.542571
-0.097524
-0.420577
0.168182
-0.001960
1.319182
0.650366
-1.000957
-0.500858
-0.171284
0.427866
-0.355730
-0.096273
0.773904
-0.346072
0.389231
-0.542571
-0.097524
-0.420577
0.168182
-0.001960
1.319182
0.650366
-1.000957
-0.500858
-0.171284
0.427866
-0.355730
-0.096273
0.773904
-0.346072
0.389231
-0.542571
-0.097524
-0.420577
0.168182
-0.001960
1.319182
0.650366
-1.000957
-0.500858
-0.171284
0.427866
-0.355730
-0.096273
0.773904
-0.346072
0.389231
-0.542571
-0.097524
-0.420577
0.168182
-0.001960
1.319182
0.650366
-1.000957
-0.500858
-0.171284
0.427866
-0.355730
-0.096273
0.773904
-0.346072
0.389231
-0.542571
-0.097524
-0.420577
0.168182
-0.001960
1.319182
0.650366
-1.000957
-0.500858
-0.171284
0.427866
-0.355730
-0.096273
0.773904
-0.346072
0.389231
-0.542571
-0.097524
-0.420577
0.168182
-0.001960
1.319182
0.650366
-1.000957
-0.500858
-0.171284
0.427866
-0.355730
-0.096273
0.773904
-0.346072
0.389231
-0.542571
-0.097524
-0.420577
0.168182
-0.001960
1.319182
0.650366
-1.000957
-0.500858
-0.171284
0.427866
-0.355730
-0.096273
0.773904
-0.346072
0.389231
-0.542571
-0.097524
-0.420577
0.168182
-0.001960
1.319182
0.650366
-1.000957
-0.500858
-0.171284
0.427866
-0.355730
-0.096273
0.773904
-0.346072
0.389231
-0.542571
-0.097524
-0.420577
0.168182
-0.001960
1.319182
0.650366
-1.000957
-0.500858
-0.171284
0.427866
-0.355730
-0.096273
0.773904
-0.346072
0.389231
-0.542571
-0.097524
-0.420577
0.168182
-0.001960
1.319182
0.650366
-1.000957
-0.500858
-0.171284
0.427866
-0.355730
-0.096273
0.773904
-0.346072
0.389231
-0.542571
-0.097524
-0.420577
0.168182
-0.001960
1.319182
0.650366
-1.000957
-0.500858
-0.171284
0.427866
-0.355730
-0.096273
0.773904
-0.346072
0.389231
-0.542571
-0.097524
-0.420577
0.168182
-0.001960
1.319182
0.650366
-1.000957
-0.500858
-0.171284
0.427866
-0.355730
-0.096273
0.773904
-0.346072
0.389231
-0.542571
-0.097524
-0.420577
0.168182
-0.001960
1.319182
0.650366
-1.000957
-0.500858
-0.171284
0.427866
-0.355730
-0.096273
0.773904
-0.346072
0.389231
-0.542571
-0.097524
-0.420577
0.168182
-0.001960
1.319182
0.650366
-1.000957
-0.500858
-0.171284
0.427866
-0.355730
-0.096273
0.773904
-0.346072
0.389231
-0.542571
-0.097524
-0.420577
0.168182
-0.001960
1.319182
0.650366
-1.000957
-0.500858
-0.171284
0.427866
-0.355730
-0.096273
0.773904
-0.346072
0.389231
-0.542571
-0.097524
-0.420577
0.168182
-0.001960
1.319182
