-0.409807
-13.410371
23.955397
-35.975697
-13.379526
33.182907
21.066441
16.585793
-10.080775
-2.340577
-2.342169
-20.627951
25.843002
3.870163
-16.792229
-8.050511
0.729213
-0.608502
-6.706115
4.459780
6.961061
-3.489747
3.448210
4.634867
-1.040310
-2.532330
-2.920545
4.306891
-1.060751
3.259351
-3.107070
-2.744929
-1.294547
-3.120850
759.904419
-8.501604
-386.363129
-84.458031
-95.486313
-1067.964600
-287.337219
-471.969391
283.765747
-27.134228
-1010.609314
746.751404
-326.197540
-467.129608
2.119771
-0.635146
-25.544531
-10.574902
9.672026
6.592534
-10.942975
42.622944
5.455821
22.695414
-11.627617
-3.222739
49.935997
-14.747814
4.277334
18.378029
2.736998
1.207889
-642.112122
12.515367
326.572418
69.684090
87.453094
898.845947
243.900589
395.948181
-237.055679
25.071287
847.561401
-635.424255
280.000366
397.072571
-2.205595
2.339760
-33.016277
8.884455
19.060030
-3.665907
18.889277
46.856857
16.548239
17.940729
-11.335198
4.453759
35.206936
-47.222984
17.489983
14.120522
-1.223206
-0.058070
0.042412
-0.370924
-0.099310
-0.136186
-0.114833
-0.191400
-0.674918
0.481230
0.192543
0.042968
0.128450
-0.035095
-0.187231
-0.401248
-1.223206
-0.058070
0.042412
-0.370924
-0.099310
-0.136186
-0.114833
-0.191400
-0.674918
0.481230
0.192543
0.042968
0.128450
-0.035095
-0.187231
-0.401248
-1.223206
-0.058070
0.042412
-0.370924
-0.099310
-0.136186
-0.114833
-0.191400
-0.674918
0.481230
0.192543
0.042968
0.128450
-0.035095
-0.187231
-0.401248
-1.223206
-0.058070
0.042412
-0.370924
-0.099310
-0.136186
-0.114833
-0.191400
-0.674918
0.481230
0.192543
0.042968
0.128450
-0.035095
-0.187231
-0.401248
-1.223206
-0.058070
0.042412
-0.370924
-0.099310
-0.136186
-0.114833
-0.191400
-0.674918
0.481230
0.192543
0.042968
0.128450
-0.035095
-0.187231
-0.401248
-1.223206
-0.058070
0.042412
-0.370924
-0.099310
-0.136186
-0.114833
-0.191400
-0.674918
0.481230
0.192543
0.042968
0.128450
-0.035095
-0.187231
-0.401248
-1.223206
-0.058070
0.042412
-0.370924
-0.099310
-0.136186
-0.114833
-0.191400
-0.674918
0.481230
0.192543
0.042968
0.128450
-0.035095
-0.187231
-0.401248
-1.223206
-0.058070
0.042412
-0.370924
-0.099310
-0.136186
-0.114833
-0.191400
-0.674918
0.481230
0.192543
0.042968
0.128450
-0.035095
-0.187231
-0.401248
-1.223206
-0.058070
0.042412
-0.370924
-0.099310
-0.136186
-0.114833
-0.191400
-0.674918
0.481230
0.192543
0.042968
0.128450
-0.035095
-0.187231
-0.401248
-1.223206
-0.058070
0.042412
-0.370924
-0.099310
-0.136186
-0.114833
-0.191400
-0.674918
0.481230
0.192543
0.042968
0.128450
-0.035095
-0.187231
-0.401248
-1.223206
-0.058070
0.042412
-0.370924
-0.099310
-0.136186
-0.114833
-0.191400
-0.674918
0.481230
0.192543
0.042968
0.128450
-0.035095
-0.187231
-0.401248
-1.223206
-0.058070
0.042412
-0.370924
-0.099310
-0.136186
-0.114833
-0.191400
-0.674918
0.481230
0.192543
0.042968
0.128450
-0.035095
-0.187231
-0.401248
-1.223206
-0.058070
0.042412
-0.370924
-0.099310
-0.136186
-0.114833
-0.191400
-0.674918
0.481230
0.192543
0.042968
0.128450
-0.035095
-0.187231
-0.401248
-1.223206
-0.058070
0.042412
-0.370924
-0.099310
-0.136186
-0.114833
-0.191400
-0.674918
0.481230
0.192543
0.042968
0.128450
-0.035095
-0.187231
-0.401248
