-0.937615
1.197664
6.856271
5.637020
-4.151863
-6.043255
-0.482624
-4.553167
-0.827716
4.151405
9.470095
2.504092
3.925390
-2.784378
1.947667
2.843581
-1.712690
-12.457417
-47.369083
13.058215
28.759827
-11.595880
1.159364
-20.794794
19.554213
2.387691
-24.655169
21.328325
-14.764583
-21.631720
14.302835
25.241320
0.277335
0.852184
-21.735096
22.899994
-15.940434
-77.271217
-133.523544
-51.795315
-16.700851
122.984138
-65.155121
11.554898
219.436386
185.082825
-225.532684
141.405884
-0.040584
-1.254376
-6.533658
-2.983330
4.092572
3.911018
0.042247
2.560773
1.197044
-3.562786
-8.310251
-2.947613
-3.485852
2.254112
-0.437764
-1.837795
-1.437978
2.456010
13.502774
-14.644706
3.642600
37.375988
60.265289
30.477064
12.521747
-60.389648
33.285873
-11.688872
-99.605820
-91.144310
104.635277
-66.374573
-1.560188
0.598186
8.009507
-2.986042
2.409024
14.956652
27.367197
9.912431
1.472267
-23.408770
14.336634
2.196149
-43.221443
-36.267361
46.878738
-25.200310
-0.015309
0.504378
-0.522219
0.281246
-0.038032
-0.451012
0.383816
0.312585
0.355038
0.082583
0.067959
-0.534744
-0.125974
0.394869
0.238768
-0.149332
-0.015309
0.504378
-0.522219
0.281246
-0.038032
-0.451012
0.383816
0.312585
0.355038
0.082583
0.067959
-0.534744
-0.125974
0.394869
0.238768
-0.149332
-0.015309
0.504378
-0.522219
0.281246
-0.038032
-0.451012
0.383816
0.312585
0.355038
0.082583
0.067959
-0.534744
-0.125974
0.394869
0.238768
-0.149332
-0.015309
0.504378
-0.522219
0.281246
-0.038032
-0.451012
0.383816
0.312585
0.355038
0.082583
0.067959
-0.534744
-0.125974
0.394869
0.238768
-0.149332
-0.015309
0.504378
-0.522219
0.281246
-0.038032
-0.451012
0.383816
0.312585
0.355038
0.082583
0.067959
-0.534744
-0.125974
0.394869
0.238768
-0.149332
-0.015309
0.504378
-0.522219
0.281246
-0.038032
-0.451012
0.383816
0.312585
0.355038
0.082583
0.067959
-0.534744
-0.125974
0.394869
0.238768
-0.149332
-0.015309
0.504378
-0.522219
0.281246
-0.038032
-0.451012
0.383816
0.312585
0.355038
0.082583
0.067959
-0.534744
-0.125974
0.394869
0.238768
-0.149332
-0.015309
0.504378
-0.522219
0.281246
-0.038032
-0.451012
0.383816
0.312585
0.355038
0.082583
0.067959
-0.534744
-0.125974
0.394869
0.238768
-0.149332
-0.015309
0.504378
-0.522219
0.281246
-0.038032
-0.451012
0.383816
0.312585
0.355038
0.082583
0.067959
-0.534744
-0.125974
0.394869
0.238768
-0.149332
-0.015309
0.504378
-0.522219
0.281246
-0.038032
-0.451012
0.383816
0.312585
0.355038
0.082583
0.067959
-0.534744
-0.125974
0.394869
0.238768
-0.149332
-0.015309
0.504378
-0.522219
0.281246
-0.038032
-0.451012
0.383816
0.312585
0.355038
0.082583
0.067959
-0.534744
-0.125974
0.394869
0.238768
-0.149332
-0.015309
0.504378
-0.522219
0.281246
-0.038032
-0.451012
0.383816
0.312585
0.355038
0.082583
0.067959
-0.534744
-0.125974
0.394869
0.238768
-0.149332
-0.015309
0.504378
-0.522219
0.281246
-0.038032
-0.451012
0.383816
0.312585
0.355038
0.082583
0.067959
-0.534744
-0.125974
0.394869
0.238768
-0.149332
-0.015309
0.504378
-0.522219
0.281246
-0.038032
-0.451012
0.383816
0.312585
0.355038
0.082583
0.067959
-0.534744
-0.125974
0.394869
0.238768
-0.149332
