4.066076
-1.065307
30.216608
33.651588
-45.633476
-91.059547
-513.170837
-176.938797
194.591660
431.046753
132.821289
-77.760719
-36.366077
-470.951935
10.714749
26.935665
2.974912
6.110588
20.880472
0.912374
-27.842104
-11.297702
-5.065110
13.284417
4.116093
9.907828
14.168144
-12.339372
2.688623
-6.491131
5.432044
8.736949
0.679591
-0.641196
-3.642673
7.258290
6.745547
-3.137955
1.658571
-4.455937
-4.375244
1.178988
-3.928502
8.137404
6.550880
1.371197
-3.192163
-0.905041
-3.764239
-1.777103
-32.493702
-33.114380
43.519508
81.344658
451.793945
155.410904
-172.240707
-375.267700
-114.400604
69.857750
36.265438
412.848358
-9.606817
-20.473164
0.220531
0.460978
0.143590
0.451961
-0.042751
0.121596
-0.459417
0.431854
-0.020908
0.058548
0.395823
0.594237
-0.098923
-0.298945
0.157580
0.268517
0.220531
0.460978
0.143590
0.451961
-0.042751
0.121596
-0.459417
0.431854
-0.020908
0.058548
0.395823
0.594237
-0.098923
-0.298945
0.157580
0.268517
0.220531
0.460978
0.143590
0.451961
-0.042751
0.121596
-0.459417
0.431854
-0.020908
0.058548
0.395823
0.594237
-0.098923
-0.298945
0.157580
0.268517
0.220531
0.460978
0.143590
0.451961
-0.042751
0.121596
-0.459417
0.431854
-0.020908
0.058548
0.395823
0.594237
-0.098923
-0.298945
0.157580
0.268517
0.220531
0.460978
0.143590
0.451961
-0.042751
0.121596
-0.459417
0.431854
-0.020908
0.058548
0.395823
0.594237
-0.098923
-0.298945
0.157580
0.268517
0.220531
0.460978
0.143590
0.451961
-0.042751
0.121596
-0.459417
0.431854
-0.020908
0.058548
0.395823
0.594237
-0.098923
-0.298945
0.157580
0.268517
0.220531
0.460978
0.143590
0.451961
-0.042751
0.121596
-0.459417
0.431854
-0.020908
0.058548
0.395823
0.594237
-0.098923
-0.298945
0.157580
0.268517
0.220531
0.460978
0.143590
0.451961
-0.042751
0.121596
-0.459417
0.431854
-0.020908
0.058548
0.395823
0.594237
-0.098923
-0.298945
0.157580
0.268517
0.220531
0.460978
0.143590
0.451961
-0.042751
0.121596
-0.459417
0.431854
-0.020908
0.058548
0.395823
0.594237
-0.098923
-0.298945
0.157580
0.268517
0.220531
0.460978
0.143590
0.451961
-0.042751
0.121596
-0.459417
0.431854
-0.020908
0.058548
0.395823
0.594237
-0.098923
-0.298945
0.157580
0.268517
0.220531
0.460978
0.143590
0.451961
-0.042751
0.121596
-0.459417
0.431854
-0.020908
0.058548
0.395823
0.594237
-0.098923
-0.298945
0.157580
0.268517
0.220531
0.460978
0.143590
0.451961
-0.042751
0.121596
-0.459417
0.431854
-0.020908
0.058548
0.395823
0.594237
-0.098923
-0.298945
0.157580
0.268517
0.220531
0.460978
0.143590
0.451961
-0.042751
0.121596
-0.459417
0.431854
-0.020908
0.058548
0.395823
0.594237
-0.098923
-0.298945
0.157580
0.268517
0.220531
0.460978
0.143590
0.451961
-0.042751
0.121596
-0.459417
0.431854
-0.020908
0.058548
0.395823
0.594237
-0.098923
-0.298945
0.157580
0.268517
0.220531
0.460978
0.143590
0.451961
-0.042751
0.121596
-0.459417
0.431854
-0.020908
0.058548
0.395823
0.594237
-0.098923
-0.298945
0.157580
0.268517
0.220531
0.460978
0.143590
0.451961
-0.042751
0.121596
-0.459417
0.431854
-0.020908
0.058548
0.395823
0.594237
-0.098923
-0.298945
0.157580
0.268517
