-0.355636
0.372897
6.444030
-3.060456
-6.389298
-0.309503
-4.765937
0.014149
4.291263
1.664491
8.013346
-2.464192
-2.013161
-5.520369
0.979289
1.908920
0.720266
0.702157
2.343375
11.119934
-7.564174
-8.538488
0.632815
8.656402
1.720838
-2.879482
-3.436471
3.317981
-4.043870
-2.709366
-1.739585
11.134192
-1.942309
-1.122559
40.749805
-48.673595
-90.286575
73.327591
-10.430559
544.401123
351.251556
-312.659424
-97.013580
-87.473022
-435.017365
178.625244
21.913780
-14.734632
2.099696
-0.457404
-34.607342
45.922760
79.206856
-66.352493
8.293739
-490.343506
-315.345428
280.335144
88.860062
80.312805
390.475677
-160.489029
-18.438845
10.747726
0.031461
0.791129
0.343264
0.251915
-0.014131
-0.165073
-0.091482
-0.050981
0.461345
-0.185239
0.149300
-0.013195
0.059140
0.625040
0.091468
-0.036113
0.031461
0.791129
0.343264
0.251915
-0.014131
-0.165073
-0.091482
-0.050981
0.461345
-0.185239
0.149300
-0.013195
0.059140
0.625040
0.091468
-0.036113
0.031461
0.791129
0.343264
0.251915
-0.014131
-0.165073
-0.091482
-0.050981
0.461345
-0.185239
0.149300
-0.013195
0.059140
0.625040
0.091468
-0.036113
0.031461
0.791129
0.343264
0.251915
-0.014131
-0.165073
-0.091482
-0.050981
0.461345
-0.185239
0.149300
-0.013195
0.059140
0.625040
0.091468
-0.036113
0.031461
0.791129
0.343264
0.251915
-0.014131
-0.165073
-0.091482
-0.050981
0.461345
-0.185239
0.149300
-0.013195
0.059140
0.625040
0.091468
-0.036113
0.031461
0.791129
0.343264
0.251915
-0.014131
-0.165073
-0.091482
-0.050981
0.461345
-0.185239
0.149300
-0.013195
0.059140
0.625040
0.091468
-0.036113
0.031461
0.791129
0.343264
0.251915
-0.014131
-0.165073
-0.091482
-0.050981
0.461345
-0.185239
0.149300
-0.013195
0.059140
0.625040
0.091468
-0.036113
0.031461
0.791129
0.343264
0.251915
-0.014131
-0.165073
-0.091482
-0.050981
0.461345
-0.185239
0.149300
-0.013195
0.059140
0.625040
0.091468
-0.036113
0.031461
0.791129
0.343264
0.251915
-0.014131
-0.165073
-0.091482
-0.050981
0.461345
-0.185239
0.149300
-0.013195
0.059140
0.625040
0.091468
-0.036113
0.031461
0.791129
0.343264
0.251915
-0.014131
-0.165073
-0.091482
-0.050981
0.461345
-0.185239
0.149300
-0.013195
0.059140
0.625040
0.091468
-0.036113
0.031461
0.791129
0.343264
0.251915
-0.014131
-0.165073
-0.091482
-0.050981
0.461345
-0.185239
0.149300
-0.013195
0.059140
0.625040
0.091468
-0.036113
0.031461
0.791129
0.343264
0.251915
-0.014131
-0.165073
-0.091482
-0.050981
0.461345
-0.185239
0.149300
-0.013195
0.059140
0.625040
0.091468
-0.036113
0.031461
0.791129
0.343264
0.251915
-0.014131
-0.165073
-0.091482
-0.050981
0.461345
-0.185239
0.149300
-0.013195
0.059140
0.625040
0.091468
-0.036113
0.031461
0.791129
0.343264
0.251915
-0.014131
-0.165073
-0.091482
-0.050981
0.461345
-0.185239
0.149300
-0.013195
0.059140
0.625040
0.091468
-0.036113
0.031461
0.791129
0.343264
0.251915
-0.014131
-0.165073
-0.091482
-0.050981
0.461345
-0.185239
0.149300
-0.013195
0.059140
0.625040
0.091468
-0.036113
0.031461
0.791129
0.343264
0.251915
-0.014131
-0.165073
-0.091482
-0.050981
0.461345
-0.185239
0.149300
-0.013195
0.059140
0.625040
0.091468
-0.036113
