3.425298
2.144065
105.043442
-30.008333
-111.922173
68.153183
119.891335
180.969193
18.714043
-105.107246
38.775200
9.224759
-97.735710
101.616898
76.202408
-10.161942
-0.467868
4.846162
-6.209254
19.543539
10.845720
-23.721176
1.072417
2.265375
-9.493447
-12.292256
-4.324630
43.065395
-5.509576
27.137184
-8.035416
-2.527610
1.540442
-0.242197
-11.066095
11.522469
20.670506
-8.171334
-3.566951
-5.106581
-5.379659
-6.723752
-9.723794
14.609170
-2.758467
2.662849
-3.631095
2.833215
14.852538
6.845223
-36.128159
24.394825
24.596626
-15.282083
8.799739
-21.953178
14.064935
6.153163
-22.766853
20.449877
-21.148052
-8.453544
23.302872
20.859888
-1.583180
-1.332336
-48.845531
9.224777
53.729767
-27.320175
-48.901413
-80.517616
-7.391767
44.048309
-18.058689
-5.729686
44.452087
-44.118587
-32.484268
5.632532
0.196806
-2.048380
-24.479548
7.766725
26.703543
-17.813227
-24.629082
-43.949898
-5.015455
24.472273
-7.358955
-0.352086
24.673317
-22.116529
-16.702650
0.910353
-0.090667
0.504029
-0.637575
-0.151618
0.806143
0.277265
0.123691
0.073479
-0.280273
0.538036
-0.041659
0.040190
-0.143665
0.001757
-0.113713
0.587337
-0.090667
0.504029
-0.637575
-0.151618
0.806143
0.277265
0.123691
0.073479
-0.280273
0.538036
-0.041659
0.040190
-0.143665
0.001757
-0.113713
0.587337
-0.090667
0.504029
-0.637575
-0.151618
0.806143
0.277265
0.123691
0.073479
-0.280273
0.538036
-0.041659
0.040190
-0.143665
0.001757
-0.113713
0.587337
-0.090667
0.504029
-0.637575
-0.151618
0.806143
0.277265
0.123691
0.073479
-0.280273
0.538036
-0.041659
0.040190
-0.143665
0.001757
-0.113713
0.587337
-0.090667
0.504029
-0.637575
-0.151618
0.806143
0.277265
0.123691
0.073479
-0.280273
0.538036
-0.041659
0.040190
-0.143665
0.001757
-0.113713
0.587337
-0.090667
0.504029
-0.637575
-0.151618
0.806143
0.277265
0.123691
0.073479
-0.280273
0.538036
-0.041659
0.040190
-0.143665
0.001757
-0.113713
0.587337
-0.090667
0.504029
-0.637575
-0.151618
0.806143
0.277265
0.123691
0.073479
-0.280273
0.538036
-0.041659
0.040190
-0.143665
0.001757
-0.113713
0.587337
-0.090667
0.504029
-0.637575
-0.151618
0.806143
0.277265
0.123691
0.073479
-0.280273
0.538036
-0.041659
0.040190
-0.143665
0.001757
-0.113713
0.587337
-0.090667
0.504029
-0.637575
-0.151618
0.806143
0.277265
0.123691
0.073479
-0.280273
0.538036
-0.041659
0.040190
-0.143665
0.001757
-0.113713
0.587337
-0.090667
0.504029
-0.637575
-0.151618
0.806143
0.277265
0.123691
0.073479
-0.280273
0.538036
-0.041659
0.040190
-0.143665
0.001757
-0.113713
0.587337
-0.090667
0.504029
-0.637575
-0.151618
0.806143
0.277265
0.123691
0.073479
-0.280273
0.538036
-0.041659
0.040190
-0.143665
0.001757
-0.113713
0.587337
-0.090667
0.504029
-0.637575
-0.151618
0.806143
0.277265
0.123691
0.073479
-0.280273
0.538036
-0.041659
0.040190
-0.143665
0.001757
-0.113713
0.587337
-0.090667
0.504029
-0.637575
-0.151618
0.806143
0.277265
0.123691
0.073479
-0.280273
0.538036
-0.041659
0.040190
-0.143665
0.001757
-0.113713
0.587337
-0.090667
0.504029
-0.637575
-0.151618
0.806143
0.277265
0.123691
0.073479
-0.280273
0.538036
-0.041659
0.040190
-0.143665
0.001757
-0.113713
0.587337
