-2.653679
-0.408031
-0.240729
-29.876270
-16.634203
23.642752
-9.078222
14.017411
20.208294
-10.163507
-15.175621
-27.536737
-19.525921
-7.541012
19.174063
-5.285130
0.855719
-0.734065
-18.264988
94.051079
-9.371315
-110.422150
-191.709320
25.872681
76.201813
22.931656
-44.114407
6.559733
-35.470295
-92.376083
-29.094202
62.651386
0.651713
-1.637504
9.278423
-36.020824
2.447559
43.724792
85.500549
-8.955395
-33.139469
-12.484690
19.221064
0.223063
10.386536
43.358330
16.676630
-27.142527
-1.400861
-0.466837
5.643193
-24.773611
-2.375740
28.965006
43.954613
1.736784
-15.421494
-3.968905
10.632407
-1.756471
8.899370
18.354006
6.589256
-17.393288
0.362617
-0.228663
0.140944
0.830570
-0.533979
-0.250859
-0.019847
-0.758711
0.417383
-0.715488
0.045135
0.669694
0.457864
0.249392
0.270906
-0.148488
0.362617
-0.228663
0.140944
0.830570
-0.533979
-0.250859
-0.019847
-0.758711
0.417383
-0.715488
0.045135
0.669694
0.457864
0.249392
0.270906
-0.148488
0.362617
-0.228663
0.140944
0.830570
-0.533979
-0.250859
-0.019847
-0.758711
0.417383
-0.715488
0.045135
0.669694
0.457864
0.249392
0.270906
-0.148488
0.362617
-0.228663
0.140944
0.830570
-0.533979
-0.250859
-0.019847
-0.758711
0.417383
-0.715488
0.045135
0.669694
0.457864
0.249392
0.270906
-0.148488
0.362617
-0.228663
0.140944
0.830570
-0.533979
-0.250859
-0.019847
-0.758711
0.417383
-0.715488
0.045135
0.669694
0.457864
0.249392
0.270906
-0.148488
0.362617
-0.228663
0.140944
0.830570
-0.533979
-0.250859
-0.019847
-0.758711
0.417383
-0.715488
0.045135
0.669694
0.457864
0.249392
0.270906
-0.148488
0.362617
-0.228663
0.140944
0.830570
-0.533979
-0.250859
-0.019847
-0.758711
0.417383
-0.715488
0.045135
0.669694
0.457864
0.249392
0.270906
-0.148488
0.362617
-0.228663
0.140944
0.830570
-0.533979
-0.250859
-0.019847
-0.758711
0.417383
-0.715488
0.045135
0.669694
0.457864
0.249392
0.270906
-0.148488
0.362617
-0.228663
0.140944
0.830570
-0.533979
-0.250859
-0.019847
-0.758711
0.417383
-0.715488
0.045135
0.669694
0.457864
0.249392
0.270906
-0.148488
0.362617
-0.228663
0.140944
0.830570
-0.533979
-0.250859
-0.019847
-0.758711
0.417383
-0.715488
0.045135
0.669694
0.457864
0.249392
0.270906
-0.148488
0.362617
-0.228663
0.140944
0.830570
-0.533979
-0.250859
-0.019847
-0.758711
0.417383
-0.715488
0.045135
0.669694
0.457864
0.249392
0.270906
-0.148488
0.362617
-0.228663
0.140944
0.830570
-0.533979
-0.250859
-0.019847
-0.758711
0.417383
-0.715488
0.045135
0.669694
0.457864
0.249392
0.270906
-0.148488
0.362617
-0.228663
0.140944
0.830570
-0.533979
-0.250859
-0.019847
-0.758711
0.417383
-0.715488
0.045135
0.669694
0.457864
0.249392
0.270906
-0.148488
0.362617
-0.228663
0.140944
0.830570
-0.533979
-0.250859
-0.019847
-0.758711
0.417383
-0.715488
0.045135
0.669694
0.457864
0.249392
0.270906
-0.148488
0.362617
-0.228663
0.140944
0.830570
-0.533979
-0.250859
-0.019847
-0.758711
0.417383
-0.715488
0.045135
0.669694
0.457864
0.249392
0.270906
-0.148488
0.362617
-0.228663
0.140944
0.830570
-0.533979
-0.250859
-0.019847
-0.758711
0.417383
-0.715488
0.045135
0.669694
0.457864
0.249392
0.270906
-0.148488
