-1.703106
2.670770
7.934443
-5.928615
-4.147617
10.790683
9.718023
-0.906690
-3.610804
0.622518
4.071896
2.933505
1.621966
2.399965
8.872375
0.264749
-0.030183
0.933245
-2.791317
-8.151304
-2.041883
6.841964
-2.006831
4.546041
4.314111
-4.783865
-3.026071
-7.957703
-4.969674
1.420357
3.461262
-0.187180
11.741724
-4.146996
-20.203270
-47.997368
21.108452
24.371315
14.372858
0.895900
-13.302312
19.904343
-14.184640
-24.866346
8.350023
-14.941553
-18.584467
22.798407
-1.998136
-2.222196
37.246647
90.698708
-72.001495
-92.451096
-143.900055
127.347588
82.257454
-12.045829
-28.134638
34.586449
-75.318665
-64.047791
17.911795
64.075790
-0.402432
2.406054
-22.469877
-53.858929
46.321262
56.044621
91.139465
-80.655731
-54.068874
8.675529
18.851147
-20.703556
48.725098
39.560768
-8.697057
-42.958145
-0.071736
0.128115
-0.270236
0.124753
0.365303
-0.005472
-0.331438
0.276682
-0.140783
-0.090122
0.256089
0.381842
-0.388025
-0.288082
-0.306318
-0.435014
-0.071736
0.128115
-0.270236
0.124753
0.365303
-0.005472
-0.331438
0.276682
-0.140783
-0.090122
0.256089
0.381842
-0.388025
-0.288082
-0.306318
-0.435014
-0.071736
0.128115
-0.270236
0.124753
0.365303
-0.005472
-0.331438
0.276682
-0.140783
-0.090122
0.256089
0.381842
-0.388025
-0.288082
-0.306318
-0.435014
-0.071736
0.128115
-0.270236
0.124753
0.365303
-0.005472
-0.331438
0.276682
-0.140783
-0.090122
0.256089
0.381842
-0.388025
-0.288082
-0.306318
-0.435014
-0.071736
0.128115
-0.270236
0.124753
0.365303
-0.005472
-0.331438
0.276682
-0.140783
-0.090122
0.256089
0.381842
-0.388025
-0.288082
-0.306318
-0.435014
-0.071736
0.128115
-0.270236
0.124753
0.365303
-0.005472
-0.331438
0.276682
-0.140783
-0.090122
0.256089
0.381842
-0.388025
-0.288082
-0.306318
-0.435014
-0.071736
0.128115
-0.270236
0.124753
0.365303
-0.005472
-0.331438
0.276682
-0.140783
-0.090122
0.256089
0.381842
-0.388025
-0.288082
-0.306318
-0.435014
-0.071736
0.128115
-0.270236
0.124753
0.365303
-0.005472
-0.331438
0.276682
-0.140783
-0.090122
0.256089
0.381842
-0.388025
-0.288082
-0.306318
-0.435014
-0.071736
0.128115
-0.270236
0.124753
0.365303
-0.005472
-0.331438
0.276682
-0.140783
-0.090122
0.256089
0.381842
-0.388025
-0.288082
-0.306318
-0.435014
-0.071736
0.128115
-0.270236
0.124753
0.365303
-0.005472
-0.331438
0.276682
-0.140783
-0.090122
0.256089
0.381842
-0.388025
-0.288082
-0.306318
-0.435014
-0.071736
0.128115
-0.270236
0.124753
0.365303
-0.005472
-0.331438
0.276682
-0.140783
-0.090122
0.256089
0.381842
-0.388025
-0.288082
-0.306318
-0.435014
-0.071736
0.128115
-0.270236
0.124753
0.365303
-0.005472
-0.331438
0.276682
-0.140783
-0.090122
0.256089
0.381842
-0.388025
-0.288082
-0.306318
-0.435014
-0.071736
0.128115
-0.270236
0.124753
0.365303
-0.005472
-0.331438
0.276682
-0.140783
-0.090122
0.256089
0.381842
-0.388025
-0.288082
-0.306318
-0.435014
-0.071736
0.128115
-0.270236
0.124753
0.365303
-0.005472
-0.331438
0.276682
-0.140783
-0.090122
0.256089
0.381842
-0.388025
-0.288082
-0.306318
-0.435014
-0.071736
0.128115
-0.270236
0.124753
0.365303
-0.005472
-0.331438
0.276682
-0.140783
-0.090122
0.256089
0.381842
-0.388025
-0.288082
-0.306318
-0.435014
