1.191086
-1.878930
7.996512
22.363197
-0.213399
-15.697204
-3.081006
0.093684
-11.756030
-0.507808
9.188805
15.001285
5.147024
0.247669
0.359889
1.195309
19.477783
12.831239
39.851849
-21.169731
-29.457632
17.074038
0.152990
28.483051
-3.566803
-5.118196
30.065405
-21.472965
17.750019
10.900739
-20.176821
-16.861040
-4.742604
2.986400
-42.731972
-91.897728
73.537712
89.619621
159.460373
-126.956444
-90.022301
14.854453
29.059790
-38.932404
88.453743
80.086311
-16.632090
-72.066925
2.429274
0.072371
20.910667
39.692879
-33.957211
-42.349495
-74.768265
58.347927
39.267590
-4.898586
-14.935586
20.332277
-40.492790
-37.394382
4.066593
33.155243
2.873805
3.049303
5.596244
18.357573
-12.188983
-17.870478
-34.343952
25.318007
18.280056
1.441806
-3.422908
6.786222
-20.456961
-18.358055
2.687811
15.610490
-0.528463
0.008012
0.284014
-0.838478
-0.103600
-0.109269
-0.014208
0.259140
-0.361367
0.039922
0.204219
0.275845
-0.325719
-0.724434
-1.028162
-0.187514
-0.528463
0.008012
0.284014
-0.838478
-0.103600
-0.109269
-0.014208
0.259140
-0.361367
0.039922
0.204219
0.275845
-0.325719
-0.724434
-1.028162
-0.187514
-0.528463
0.008012
0.284014
-0.838478
-0.103600
-0.109269
-0.014208
0.259140
-0.361367
0.039922
0.204219
0.275845
-0.325719
-0.724434
-1.028162
-0.187514
-0.528463
0.008012
0.284014
-0.838478
-0.103600
-0.109269
-0.014208
0.259140
-0.361367
0.039922
0.204219
0.275845
-0.325719
-0.724434
-1.028162
-0.187514
-0.528463
0.008012
0.284014
-0.838478
-0.103600
-0.109269
-0.014208
0.259140
-0.361367
0.039922
0.204219
0.275845
-0.325719
-0.724434
-1.028162
-0.187514
-0.528463
0.008012
0.284014
-0.838478
-0.103600
-0.109269
-0.014208
0.259140
-0.361367
0.039922
0.204219
0.275845
-0.325719
-0.724434
-1.028162
-0.187514
-0.528463
0.008012
0.284014
-0.838478
-0.103600
-0.109269
-0.014208
0.259140
-0.361367
0.039922
0.204219
0.275845
-0.325719
-0.724434
-1.028162
-0.187514
-0.528463
0.008012
0.284014
-0.838478
-0.103600
-0.109269
-0.014208
0.259140
-0.361367
0.039922
0.204219
0.275845
-0.325719
-0.724434
-1.028162
-0.187514
-0.528463
0.008012
0.284014
-0.838478
-0.103600
-0.109269
-0.014208
0.259140
-0.361367
0.039922
0.204219
0.275845
-0.325719
-0.724434
-1.028162
-0.187514
-0.528463
0.008012
0.284014
-0.838478
-0.103600
-0.109269
-0.014208
0.259140
-0.361367
0.039922
0.204219
0.275845
-0.325719
-0.724434
-1.028162
-0.187514
-0.528463
0.008012
0.284014
-0.838478
-0.103600
-0.109269
-0.014208
0.259140
-0.361367
0.039922
0.204219
0.275845
-0.325719
-0.724434
-1.028162
-0.187514
-0.528463
0.008012
0.284014
-0.838478
-0.103600
-0.109269
-0.014208
0.259140
-0.361367
0.039922
0.204219
0.275845
-0.325719
-0.724434
-1.028162
-0.187514
-0.528463
0.008012
0.284014
-0.838478
-0.103600
-0.109269
-0.014208
0.259140
-0.361367
0.039922
0.204219
0.275845
-0.325719
-0.724434
-1.028162
-0.187514
-0.528463
0.008012
0.284014
-0.838478
-0.103600
-0.109269
-0.014208
0.259140
-0.361367
0.039922
0.204219
0.275845
-0.325719
-0.724434
-1.028162
-0.187514
-0.528463
0.008012
0.284014
-0.838478
-0.103600
-0.109269
-0.014208
0.259140
-0.361367
0.039922
0.204219
0.275845
-0.325719
-0.724434
-1.028162
-0.187514
